T	w(AL)	w(MG)	w(SI)	fs	fw(@FCC_A1)	w(AL@FCC_A1)	w(MG@FCC_A1)	w(SI@FCC_A1)	w(AL@LIQUID)	w(MG@LIQUID)	w(SI@LIQUID)	dwdT_L(AL@LIQUID)	dwdT_L(MG@LIQUID)	dwdT_L(SI@LIQUID)	-T	fw(@FCC_A1)_1	-T//fw(@FCC_A1)	
K	%	%	%	mole/mole	kg/kg	%	%	%	%	%	%	SI	SI	SI				
869.5990263	88	4	8	0	0	98.41454636	0.7823864683	0.8030671729	88	4	8	0.001919493225	-0.0005930362038	-0.001326457021	-869.5990263	0	26.9885627261654	
869.5890263	88	4	8	0.0001842705366	0.0001843850093	98.41437418	0.7824313146	0.8031945028	87.99808109	4.0005929	8.001326012	0	0	0	-869.5890263	0.0001843850093	81.4801250262169	
869.5690263	88	4	8	0.0005523594003	0.0003684210841	98.41402988	0.7825209465	0.8034491715	87.99424273	4.001778782	8.003978489	0	0	0	-869.5690263	0.0003684210841	108.667233981801	
869.5290263	88	4	8	0.001288057186	0.0007365655172	98.41334149	0.78269998	0.8039585347	87.98656325	4.004151445	8.009285301	0	0	0	-869.5290263	0.0007365655172	108.74087886153	
869.4490263	88	4	8	0.00275633071	0.001471075194	98.4119653	0.7830574368	0.8049772623	87.97120622	4.00889631	8.019897466	0	0	0	-869.4490263	0.001471075194	109.044701548068	
869.2890263	88	4	8	0.005681411933	0.002934925305	98.40921606	0.7837692764	0.807014668	87.94048971	4.018387335	8.041122959	0	0	0	-869.2890263	0.002934925305	109.571432846314	
868.9690263	88	4	8	0.01148609593	0.005841144048	98.40372954	0.7851810663	0.8110893942	87.87904682	4.037374616	8.083578563	0	0	0	-868.9690263	0.005841144048	110.739840451336	
868.3290263	88	4	8	0.02290149961	0.01155639959	98.39280475	0.7879562602	0.8192389891	87.75612467	4.075365352	8.168509982	0	0	0	-868.3290263	0.01155639959	113.139063232674	
867.0490263	88	4	8	0.0450160978	0.02264951946	98.37114463	0.7933174988	0.8355378685	87.51012467	4.151425784	8.338449546	0	0	0	-867.0490263	0.02264951946	117.846754093284	
864.4890263	88	4	8	0.086574874	0.04355061666	98.32856584	0.8032993175	0.8681348471	87.01749852	4.303884842	8.678616641	0	0	0	-864.4890263	0.04355061666	-1741.63048456558	
861.9290263	88	4	8	0.1248623795	0.04194944185	98.28695136	0.8123088969	0.9007397415	86.52405147	4.456767852	9.01918068	0	0	0	-861.9290263	0.04194944185	-1661.04962029028	
859.3690263	88	4	8	0.1602413329	0.04046013954	98.2462664	0.820376679	0.9333569165	86.02977037	4.610100602	9.360129032	0	0	0	-859.3690263	0.04046013954	-1784.62483657766	
856.8090263	88	4	8	0.1930250054	0.03907321289	98.20647707	0.8275323061	0.9659906195	85.53464105	4.763907418	9.701451535	0	0	0	-856.8090263	0.03907321289	-1914.04563052069	
854.2490263	88	4	8	0.2234839166	0.03777880071	98.16755019	0.833804654	0.9986451595	85.03864685	4.9182114	10.04314175	0	0	0	-854.2490263	0.03777880071	-2048.52985110714	
851.6890263	88	4	8	0.2518528055	0.03656825066	98.12945326	0.8392218822	1.031324863	84.54176903	5.073034516	10.38519645	0	0	0	-851.6890263	0.03656825066	-2188.14279207824	
849.1290263	88	4	8	0.2783363079	0.03543396163	98.09215445	0.8438114874	1.06403406	84.04398682	5.228397774	10.72761541	0	0	0	-849.1290263	0.03543396163	-2332.97115210656	
846.5690263	88	4	8	0.3031135911	0.03436922853	98.05562257	0.8476003504	1.096777077	83.54527747	5.384321371	11.07040116	0	0	0	-846.5690263	0.03436922853	-2483.10654185469	
844.0090263	88	4	8	0.3263421626	0.03336811378	98.019827	0.8506147754	1.129558222	83.04561632	5.54082483	11.41355885	0	0	0	-844.0090263	0.03336811378	-2638.64561771263	
841.4490263	88	4	8	0.3481610192	0.03242534032	97.98473769	0.8528805244	1.162381781	82.54497683	5.697927111	11.75709606	0	0	0	-841.4490263	0.03242534032	-2799.69031196542	
838.8890263	88	4	8	0.3686932648	0.03153620208	97.95032514	0.8544228465	1.195252009	82.04333065	5.855646715	12.10102263	0	0	0	-838.8890263	0.03153620208	-2966.34794490016	
836.3290263	88	4	8	0.3880482986	0.03069648857	97.91656038	0.8552665039	1.228173121	81.54064765	6.01400177	12.44535058	0	0	0	-836.3290263	0.03069648857	-3138.73156298588	
833.7690263	88	4	8	0.4063236541	0.02990242125	97.88341492	0.8554357934	1.261149291	81.03689595	6.173010115	12.79009393	0	0	0	-833.7690263	0.02990242125	-3316.96003948605	
831.2090263	88	4	8	0.4236065502	0.02915059931	97.85086079	0.8549545663	1.294184641	80.53204202	6.332689365	13.13526862	0	0	0	-831.2090263	0.02915059931	-3501.15839881051	
828.6490263	88	4	8	0.4399752076	0.02843795359	97.81887051	0.8538462442	1.327283241	80.02605064	6.493056976	13.48089238	0	0	0	-828.6490263	0.02843795359	-3691.45825537072	
826.0890263	88	4	8	0.4554999696	0.02776170702	97.78741707	0.8521338347	1.3604491	79.51888502	6.6541303	13.82698468	0	0	0	-826.0890263	0.02776170702	-3887.99792285921	
823.5290263	88	4	8	0.4702442595	0.02711934059	97.75647389	0.849839943	1.393686162	79.01050676	6.815926635	14.1735666	0	0	0	-823.5290263	0.02711934059	-4090.92281702727	
820.9690263	88	4	8	0.4842654038	0.02650856401	97.72601491	0.8469867833	1.426998304	78.50087594	6.97846327	14.52066079	0	0	0	-820.9690263	0.02650856401	-4300.38599511785	
818.4090263	88	4	8	0.4976153404	0.02592729031	97.69601449	0.8435961886	1.460389326	77.98995113	7.141757526	14.86829135	0	0	0	-818.4090263	0.02592729031	-4516.54853059571	
815.8490263	88	4	8	0.5103412312	0.02537361373	97.66644743	0.8396896189	1.493862954	77.47768939	7.305826792	15.21648382	0	0	0	-815.8490263	0.02537361373	-4739.57990583419	
813.2890263	88	4	8	0.5224859935	0.02484579045	97.63728901	0.8352881682	1.527422825	76.96404634	7.470688558	15.5652651	0	0	0	-813.2890263	0.02484579045	-4969.65857059427	
810.7290263	88	4	8	0.5340887624	0.02434222174	97.60851494	0.8304125713	1.561072493	76.44897616	7.636360449	15.91466339	0	0	0	-810.7290263	0.02434222174	-5206.97253362156	
808.1690263	88	4	8	0.5451852943	0.02386143918	97.58010138	0.8250832089	1.594815413	75.93243162	7.80286025	16.26470813	0	0	0	-808.1690263	0.02386143918	-5451.72007124193	
805.6090263	88	4	8	0.5558083203	0.02340209167	97.55202494	0.8193201126	1.628654945	75.41436405	7.970205935	16.61543001	0	0	0	-805.6090263	0.02340209167	-5704.11015153181	
803.0490263	88	4	8	0.5659878565	0.02296293392	97.52426269	0.8131429688	1.662594339	74.89472345	8.138415687	16.96686086	0	0	0	-803.0490263	0.02296293392	-5964.36324114853	
800.4890263	88	4	8	0.5757514766	0.02254281633	97.49679214	0.8065711224	1.696636738	74.37345839	8.307507927	17.31903368	0	0	0	-800.4890263	0.02254281633	-6232.71235176635	
797.9290263	88	4	8	0.5851245532	0.022140676	97.46959126	0.7996235797	1.730785163	73.85051611	8.477501329	17.67198256	0	0	0	-797.9290263	0.022140676	-6509.4033054713	
795.3690263	88	4	8	0.5941304709	0.02175552868	97.44263848	0.7923190111	1.765042513	73.32584247	8.648414847	18.02574269	0	0	0	-795.3690263	0.02175552868	-6794.69603718621	
792.8090263	88	4	8	0.6027908151	0.0213864617	97.4159127	0.7846757531	1.79941155	72.79938198	8.820267726	18.38035029	0	0	0	-792.8090263	0.0213864617	-7088.86548629107	
790.2490263	88	4	8	0.61112554	0.02103262756	97.38939329	0.7767118105	1.833894898	72.27107782	8.993079527	18.73584266	0	0	0	-790.2490263	0.02103262756	-7392.20247436164	
787.6890263	88	4	8	0.6191531183	0.02069323826	97.36306011	0.7684448575	1.86849503	71.74087178	9.166870142	19.09225808	0	0	0	-787.6890263	0.02069323826	-7705.01479715844	
785.1290263	88	4	8	0.6268906749	0.02036756016	97.3368935	0.7598922393	1.90321426	71.20870432	9.341659808	19.44963587	0	0	0	-785.1290263	0.02036756016	-8027.62814788249	
782.5690263	88	4	8	0.634354106	0.02005490939	97.3108743	0.751070973	1.938054731	70.67451455	9.517469128	19.80801633	0	0	0	-782.5690263	0.02005490939	-8360.38754941774	
780.0090263	88	4	8	0.6415581863	0.01975464771	97.28498384	0.7419977487	1.973018409	70.1382402	9.694319082	20.16744072	0	0	0	-780.0090263	0.01975464771	-8703.65866994209	
777.4490263	88	4	8	0.6485166652	0.01946617878	97.25920401	0.7326889298	2.008107064	69.59981764	9.872231042	20.52795131	0	0	0	-777.4490263	0.01946617878	-9057.82865013422	
774.8890263	88	4	8	0.655242353	0.01918894475	97.23351718	0.7231605537	2.043322265	69.05918189	10.05122679	20.88959132	0	0	0	-774.8890263	0.01918894475	-9423.30734723422	
772.3290263	88	4	8	0.6617471992	0.0189224232	97.20790631	0.7134283326	2.078665362	68.51626655	10.23132852	21.25240493	0	0	0	-772.3290263	0.0189224232	-9800.52871077697	
769.7690263	88	4	8	0.6680423622	0.01866612434	97.18235487	0.7035076531	2.114137473	67.97100385	10.41255888	21.61643727	0	0	0	-769.7690263	0.01866612434	-10189.9525373813	
767.2090263	88	4	8	0.6741382734	0.0184195885	97.15684696	0.6934135771	2.149739467	67.42332461	10.59494094	21.98173445	0	0	0	-767.2090263	0.0184195885	-10592.064770147	
764.6490263	88	4	8	0.6800446945	0.01818238376	97.13136721	0.6831608417	2.185471951	66.87315825	10.77849824	22.34834351	0	0	0	-764.6490263	0.01818238376	-11007.3792613302	
762.0890263	88	4	8	0.6857707696	0.01795410388	97.10590089	0.6727638594	2.221335247	66.32043276	10.96325478	22.71631245	0	0	0	-762.0890263	0.01795410388	-11436.4383661495	
759.5290263	88	4	8	0.6913250729	0.0177343663	97.0804339	0.6622367181	2.257329379	65.76507472	11.14923505	23.08569023	0	0	0	-759.5290263	0.0177343663	-11879.8134501881	
756.9690263	88	4	8	0.6967156513	0.01752281038	97.05495277	0.6515931818	2.293454046	65.20700926	11.33646402	23.45652673	0	0	0	-756.9690263	0.01752281038	-12338.1069102101	
754.4090263	88	4	8	0.7019500639	0.01731909576	97.02944471	0.6408466899	2.329708604	64.64616006	11.52496714	23.8288728	0	0	0	-754.4090263	0.01731909576	-12811.949990494	
751.8490263	88	4	8	0.7070354181	0.01712290078	97.0038976	0.6300103581	2.366092041	64.08244937	11.71477039	24.20278024	0	0	0	-751.8490263	0.01712290078	-13302.0032006138	
749.2890263	88	4	8	0.7119784016	0.0169339211	96.97830007	0.6190969783	2.402602953	63.51579801	11.90590023	24.57830176	0	0	0	-749.2890263	0.0169339211	-13808.9567609503	
746.7290263	88	4	8	0.7167853126	0.01675186838	96.95264147	0.6081190188	2.439239513	62.94612534	12.09838363	24.95549103	0	0	0	-746.7290263	0.01675186838	-14333.5262474986	
744.1690263	88	4	8	0.7214620871	0.01657646901	96.92691193	0.5970886249	2.475999446	62.37334929	12.29224808	25.33440264	0	0	0	-744.1690263	0.01657646901	-14876.4520065858	
741.6090263	88	4	8	0.7260143238	0.01640746301	96.90110239	0.5860176192	2.512879994	61.79738637	12.48752156	25.71509206	0	0	0	-741.6090263	0.01640746301	-15438.49100874	
739.0490263	88	4	8	0.7304473071	0.01624460283	96.87520461	0.5749175019	2.549877885	61.21815172	12.68423258	26.0976157	0	0	0	-739.0490263	0.01624460283	-16020.4112743648	
736.4890263	88	4	8	0.734766028	0.01608765238	96.84921125	0.5637994517	2.586989295	60.63555908	12.88241011	26.48203081	0	0	0	-736.4890263	0.01608765238	-16622.9892634244	
733.9290263	88	4	8	0.7389752035	0.01593638607	96.82311587	0.5526743262	2.624209807	60.04952088	13.08208362	26.8683955	0	0	0	-733.9290263	0.01593638607	-17246.9914206519	
731.3690263	88	4	8	0.7430792944	0.01579058778	96.79691296	0.5415526632	2.661534375	59.45994827	13.28328303	27.2567687	0	0	0	-731.3690263	0.01579058778	-17893.1603406177	
728.8090263	88	4	8	0.7470825214	0.01565004999	96.77059804	0.5304446811	2.698957275	58.86675118	13.48603873	27.64721009	0	0	0	-728.8090263	0.01565004999	-18560.1932565911	
726.2490263	88	4	8	0.750988873	0.01551454512	96.74416767	0.5193602805	2.736472054	58.26983949	13.69038113	28.03977938	0	0	0	-726.2490263	0.01551454512	-19256.1223597468	
723.6890263	88	4	8	0.7548021514	0.01538397737	96.71761951	0.5083090628	2.774071432	57.66911824	13.89634234	28.43453943	0	0	0	-723.6890263	0.01538397737	-19974.2161911301	
721.1290263	88	4	8	0.7585259315	0.01525804703	96.69095224	0.4973002411	2.811747518	57.06449591	14.10395329	28.8315508	0	0	0	-721.1290263	0.01525804703	-20710.9714920207	
718.5690263	88	4	8	0.7621636094	0.01513660275	96.66416598	0.4863428245	2.849491193	56.45587905	14.31324564	29.23087532	0	0	0	-718.5690263	0.01513660275	-21476.7334584273	
716.0090263	88	4	8	0.7657184113	0.01501949211	96.63726196	0.4754454361	2.887292608	55.84317255	14.52425158	29.63257587	0	0	0	-716.0090263	0.01501949211	-22268.0152044144	
713.4490263	88	4	8	0.7691933937	0.0149065272	96.61024276	0.4646164067	2.925140836	55.22628141	14.73700331	30.03671528	0	0	0	-713.4490263	0.0149065272	-23082.3911605251	
710.8890263	88	4	8	0.7725914562	0.01479753578	96.58311239	0.4538637586	2.963023856	54.60511043	14.9515331	30.44335648	0	0	0	-710.8890263	0.01479753578	-23920.1868091809	
708.3290263	88	4	8	0.7759153493	0.01469234706	96.55587632	0.4431952073	3.000928473	53.97956448	15.16787319	30.85256233	0	0	0	-708.3290263	0.01469234706	-24784.5611015558	
705.7690263	88	4	8	0.7791677261	0.01459082549	96.52853989	0.4326179322	3.038842178	53.34954727	15.38605232	31.26440041	0	0	0	-705.7690263	0.01459082549	-25639.1545259134	
703.2090263	88	4	8	0.7823509762	0.01449254722	96.50111446	0.422139281	3.076746256	52.71497486	15.60610265	31.67892249	0	0	0	-703.2090263	0.01449254722	-26535.2542455441	
700.6490263	88	4	8	0.78546749	0.01439774921	96.47360943	0.4117660634	3.114624508	52.07574619	15.82805842	32.09619539	0	0	0	-700.6490263	0.01439774921	-27471.1137666427	
698.0890263	88	4	8	0.7885194925	0.01430606563	96.44603704	0.4015047927	3.15245817	51.4317701	16.05195043	32.51627947	0	0	0	-698.0890263	0.01430606563	-28391.4340304867	
695.5290263	88	4	8	0.791509092	0.01421731763	96.41841148	0.3913616879	3.190226833	50.78295767	16.27780867	32.93923366	0	0	0	-695.5290263	0.01421731763	-29314.4584555946	
692.9690263	88	4	8	0.7944382847	0.01413132116	96.39074898	0.381342677	3.227908338	50.12922281	16.50566208	33.36511511	0	0	0	-692.9690263	0.01413132116	-30232.4706957553	
690.4090263	88	4	8	0.7973089591	0.01404788588	96.36306794	0.3714533992	3.265478656	49.47048307	16.73553825	33.79397868	0	0	0	-690.4090263	0.01404788588	-31136.0134346485	
687.8490263	88	4	8	0.8001228996	0.01396681349	96.33538903	0.3616992083	3.302911763	48.80666042	16.96746317	34.22587642	0	0	0	-687.8490263	0.01396681349	-32013.7344946109	
685.2890263	88	4	8	0.80288179	0.01388789646	96.30773531	0.3520851757	3.340179513	48.1376822	17.20146082	34.66085698	0	0	0	-685.2890263	0.01388789646	-32852.3195517077	
682.7290263	88	4	8	0.8055872163	0.0138109164	96.2801324	0.3426160929	3.377251505	47.46348226	17.43755282	35.09896491	0	0	0	-682.7290263	0.0138109164	-33636.4418763989	
680.1690263	88	4	8	0.8082406694	0.01373564237	96.25260858	0.3332964748	3.414094945	46.78400212	17.67575795	35.54023993	0	0	0	-680.1690263	0.01373564237	-34348.9107382957	
677.6090263	88	4	8	0.8108435472	0.01366182919	96.22519494	0.3241305625	3.4506745	46.09919234	17.91609167	35.98471599	0	0	0	-677.6090263	0.01366182919	-34970.9851252856	
675.0490263	88	4	8	0.8133971562	0.01358921563	96.19792551	0.3151223258	3.486952163	45.40901411	18.15856551	36.43242038	0	0	0	-675.0490263	0.01358921563	-35482.8724766536	
672.4890263	88	4	8	0.8159027132	0.01351752248	96.17083744	0.3062754656	3.522887097	44.7134409	18.4031865	36.8833726	0	0	0	-672.4890263	0.01351752248	-35864.5080685718	
669.9290263	88	4	8	0.8183613462	0.0134464507	96.14397108	0.2975934162	3.558435503	44.01246044	18.64995642	37.33758313	0	0	0	-669.9290263	0.0134464507	-36096.566272324	
667.3690263	88	4	8	0.8207740953	0.01337567946	96.11737018	0.2890793471	3.593550474	43.30607681	18.89887104	37.79505215	0	0	0	-667.3690263	0.01337567946	-36161.6747547643	
664.8090263	88	4	8	0.8231419134	0.01330486431	96.09108197	0.2807361642	3.628181868	42.59431276	19.14991925	38.25576799	0	0	0	-664.8090263	0.01330486431	-36045.7455016649	
662.2490263	88	4	8	0.8254656663	0.01323363532	96.0651573	0.2725665108	3.662276188	41.8772123	19.40308214	38.71970557	0	0	0	-662.2490263	0.01323363532	-35739.3022147333	
659.6890263	88	4	8	0.827746133	0.01316159548	96.03965076	0.264572768	3.695776477	41.15484348	19.65833195	39.18682458	0	0	0	-659.6890263	0.01316159548	-35238.6585940038	
657.1290263	88	4	8	0.8299840057	0.01308831931	96.01462071	0.2567570536	3.728622238	40.42730141	19.91563099	39.6570676	0	0	0	-657.1290263	0.01308831931	-34546.719158827	
654.5690263	88	4	8	0.8321798896	0.01301335179	95.9901294	0.2491212215	3.760749383	39.69471147	20.17493046	40.13035807	0	0	0	-654.5690263	0.01301335179	-33673.3148569955	
652.0090263	88	4	8	0.8343343034	0.01293620786	95.96624293	0.2416668586	3.792090216	38.95723277	20.43616915	40.60659808	0	0	0	-652.0090263	0.01293620786	-32635.0063062692	
649.4490263	88	4	8	0.836447679	0.0128563728	95.94303124	0.2343952817	3.822573475	38.21506167	20.6992722	41.08566613	0	0	0	-649.4490263	0.0128563728	-31453.9645345873	
646.8890263	88	4	8	0.8385203622	0.01277330178	95.92056807	0.2273075332	3.852124396	37.46843557	20.96414967	41.56741476	0	0	0	-646.8890263	0.01277330178	-30156.8504116141	
644.3290263	88	4	8	0.8405526127	0.01268642328	95.89893076	0.2204043756	3.880664868	36.71763662	21.23069524	42.05166814	0	0	0	-644.3290263	0.01268642328	-28773.4149989007	
641.7690263	88	4	8	0.8425446062	0.0125951423	95.87820005	0.2136862849	3.908113666	35.9629954	21.49878483	42.53821977	0	0	0	-641.7690263	0.0125951423	-27334.2344342194	
639.2090263	88	4	8	0.8444964359	0.01249884419	95.85845979	0.2071534412	3.934386766	35.20489457	21.76827527	43.02683016	0	0	0	-639.2090263	0.01249884419	-25868.8694654058	
636.6490263	88	4	8	0.8464081153	0.01239689962	95.83979654	0.2008057217	3.959397743	34.4437721	22.03900317	43.51722473	0	0	0	-636.6490263	0.01239689962	-24404.8363339173	
634.0890263	88	4	8	0.8482795819	0.0122886747	95.82229901	0.194642689	3.983058298	33.68012423	22.31078381	44.00909197	0	0	0	-634.0890263	0.0122886747	-22966.5475141657	
631.5290263	88	4	8	0.8501107023	0.01217353951	95.80605752	0.1886635808	4.005278894	32.91450777	22.58341031	44.50208192	0	0	0	-631.5290263	0.01217353951	-21569.5990863744	
628.9690263	88	4	8	0.8519012696	0.01205082045	95.79116374	0.1828673437	4.02596892	32.1475396	22.85665537	44.99580503	0	0	0	-628.9690263	0.01205082045	-20244.2203581548	
626.4090263	88	4	8	0.8536510488	0.01192012636	95.77770752	0.177252431	4.045040045	31.37990423	23.13026252	45.48983326	0	0	0	-626.4090263	0.01192012636	-18993.9693808784	
623.8490263	88	4	8	0.8553597242	0.01178069681	95.76577976	0.1718171081	4.062403135	30.61234513	23.40395821	45.98369666	0	0	0	-623.8490263	0.01178069681	-17815.3754402971	
621.2890263	88	4	8	0.8570269592	0.01163215849	95.75546825	0.1665591953	4.077972554	29.84566486	23.67744589	46.47688924	0	0	0	-621.2890263	0.01163215849	-16731.6727466214	
618.7290263	88	4	8	0.8586523912	0.01147409965	95.74685767	0.1614761516	4.091666174	29.08072324	23.95040821	46.96886855	0	0	0	-618.7290263	0.01147409965	-15737.159998705	
616.1690263	88	4	8	0.8602356478	0.01130622296	95.74002816	0.1565650596	4.103406783	28.31843122	24.2225092	47.45905957	0	0	0	-616.1690263	0.01130622296	-14832.9814398547	
613.6090263	88	4	8	0.8617763623	0.01112834479	95.73505402	0.1518226266	4.113123351	27.55974386	24.49339694	47.9468592	0	0	0	-613.6090263	0.01112834479	-14017.4918186395	
611.0490263	88	4	8	0.8632741896	0.01094041282	95.73200251	0.1472451902	4.120752297	26.80565161	24.76270672	48.43164167	0	0	0	-611.0490263	0.01094041282	-13287.9236354249	
608.4890263	88	4	8	0.8647288234	0.01074251838	95.73093257	0.1428287293	4.126238705	26.05716999	25.03006488	48.91276513	0	0	0	-608.4890263	0.01074251838	-12640.6701987272	
605.9290263	88	4	8	0.8661400121	0.01053490544	95.73189369	0.1385688816	4.129537428	25.31532784	25.29509306	49.38957911	0	0	0	-605.9290263	0.01053490544	-12071.6366157342	
603.3690263	88	4	8	0.8675075757	0.01031797488	95.73492498	0.1344609677	4.130614048	24.58115447	25.55741296	49.86143257	0	0	0	-603.3690263	0.01031797488	-11576.5075208288	
600.8090263	88	4	8	0.8688314198	0.01009228378	95.74005434	0.1305000215	4.129445641	23.85566615	25.81665126	50.32768259	0	0	0	-600.8090263	0.01009228378	-11150.897264287	
598.2490263	88	4	8	0.8701115486	0.009858536568	95.74729788	0.1266808275	4.126021292	23.13985222	26.07244473	50.78770305	0	0	0	-598.2490263	0.009858536568	-10790.546319316	
595.6890263	88	4	8	0.8713480761	0.009617575146	95.75665966	0.1229979634	4.120342377	22.43466291	26.32444436	51.24089273	0	0	0	-595.6890263	0.009617575146	-10491.5069607546	
593.1290263	88	4	8	0.8725412333	0.009370362725	95.76813157	0.1194458448	4.112422586	21.74099118	26.57232305	51.68668577	0	0	0	-593.1290263	0.009370362725	-10249.7860098481	
590.5690263	88	4	8	0.8736913719	0.009117944033	95.7816937	0.1160187825	4.102287519	21.05966928	26.8157754	52.12455532	0	0	0	-590.5690263	0.009117944033	-10061.989513811	
588.0090263	88	4	8	0.8747989676	0.008861451827	95.79731467	0.1127110258	4.0899743	20.39145337	27.05452415	52.55402248	0	0	0	-588.0090263	0.008861451827	-9925.14465225444	
585.4490263	88	4	8	0.8758646168	0.008602049708	95.81495247	0.10951682	4.075530709	19.73701687	27.28832245	52.97466068	0	0	0	-585.4490263	0.008602049708	-9836.25689824153	
582.8890263	88	4	8	0.8768890323	0.008340917113	95.83455533	0.1064304559	4.059014219	19.09694473	27.51695594	53.38609934	0	0	0	-582.8890263	0.008340917113	-9792.88095642733	
580.3290263	88	4	8	0.8778730357	0.008079219708	95.85606282	0.1034463178	4.040490863	18.47172984	27.74024397	53.78802619	0	0	0	-580.3290263	0.008079219708	-9792.8308620314	
577.7690263	88	4	8	0.8788175473	0.00781808445	95.87940707	0.1005589271	4.020034	17.86177176	27.95804012	54.18018812	0	0	0	-577.7690263	0.00781808445	-9834.20924046971	
575.2090263	88	4	8	0.879723575	0.007558577927	95.90451399	0.09776298115	3.997723024	17.26737747	28.17023181	54.56239072	0	0	0	-575.2090263	0.007558577927	-9915.38511736471	
572.6490263	88	4	8	0.8805922014	0.007301688668	95.93130455	0.0950533855	3.97364206	16.688764	28.37673939	54.93449661	0	0	0	-572.6490263	0.007301688668	-10034.9708414254	
570.0890263	88	4	8	0.8814245706	0.007048313787	95.95969602	0.09242528065	3.9478787	16.12606262	28.57751454	55.29642283	0	0	0	-570.0890263	0.007048313787	-10191.7987926415	
567.5290263	88	4	8	0.8822218746	0.006799249987	95.98960313	0.08987406205	3.920522805	15.5793244	28.77253827	55.64813733	0	0	0	-567.5290263	0.006799249987	-10384.8986891272	
564.9690263	88	4	8	0.8829853401	0.006555188714	96.02093921	0.08739539409	3.891665398	15.04852654	28.96181851	55.98965494	0	0	0	-564.9690263	0.006555188714	-10613.4761567042	
562.4090263	88	4	8	0.8837162163	0.006316715031	96.05361711	0.08498521843	3.861397673	14.53357951	29.1453876	56.32103289	0	0	0	-562.4090263	0.006316715031	-10876.8923746274	
559.8490263	88	4	8	0.8844157627	0.006084309647	96.08755012	0.08263975702	3.829810126	14.03433435	29.32329951	56.64236614	0	0	0	-559.8490263	0.006084309647	-11174.6456781383	
557.2890263	88	4	8	0.8850852392	0.005858353507	96.12265267	0.08035551068	3.796991819	13.55059024	29.49562714	56.95378262	0	0	0	-557.2890263	0.005858353507	-11506.3546176947	
554.7290263	88	4	8	0.8857258961	0.005639134281	96.15884099	0.07812925382	3.763029759	13.08210177	29.66245963	57.2554386	0	0	0	-554.7290263	0.005639134281	-11871.7427372902	
552.1690263	88	4	8	0.8863389668	0.00542685419	96.19603356	0.07595802594	3.728008412	12.62858602	29.82389976	57.54751422	0	0	0	-552.1690263	0.00542685419	-12270.6248972558	
549.6090263	88	4	8	0.8869256604	0.005221638607	96.23415156	0.07383912074	3.692009315	12.1897292	29.98006156	57.83020924	0	0	0	-549.6090263	0.005221638607	-12702.8953079919	
547.0490263	88	4	8	0.8874871566	0.005023545017	96.27311913	0.0717700734	3.655110801	11.76519279	30.13106804	58.10373917	0	0	0	-547.0490263	0.005023545017	-13168.517009827	
544.4890263	88	4	8	0.8880246006	0.004832571942	96.31286355	0.06974864646	3.617387803	11.3546191	30.27704918	58.36833172	0	0	0	-544.4890263	0.004832571942	-13667.5122100351	
541.9290263	88	4	8	0.8885391007	0.004648667567	96.35331544	0.06777281504	3.57891174	10.95763627	30.41814008	58.62422364	0	0	0	-541.9290263	0.004648667567	-14199.9546231898	
539.3690263	88	4	8	0.8890317247	0.004471737878	96.39440878	0.06584075157	3.53975047	10.57386275	30.55447936	58.87165788	0	0	0	-539.3690263	0.004471737878	-14765.9623646991	
536.8090263	88	4	8	0.8895034991	0.004301654154	96.4360809	0.06395081049	3.499968289	10.20291111	30.68620775	59.11088114	0	0	0	-536.8090263	0.004301654154	-15365.6917239338	
534.2490263	88	4	8	0.8899554076	0.004138259759	96.47827251	0.06210151322	3.459625979	9.84439139	30.81346688	59.34214173	0	0	0	-534.2490263	0.004138259759	-15999.3325467176	
531.6890263	88	4	8	0.890388391	0.0039813762	96.52092758	0.06029153349	3.41878089	9.497913978	30.93639822	59.5656878	0	0	0	-531.6890263	0.0039813762	-16667.1036494206	
529.1290263	88	4	8	0.8908033471	0.003830808439	96.56399327	0.05851968327	3.377487046	9.163091964	31.05514224	59.78176579	0	0	0	-529.1290263	0.003830808439	-17369.249211943	
526.5690263	88	4	8	0.8912011314	0.003686349506	96.60741983	0.05678489943	3.33579527	8.839543143	31.16983769	59.99061917	0	0	0	-526.5690263	0.003686349506	-18106.0361317169	
524.0090263	88	4	8	0.891582558	0.003547784445	96.65116044	0.0550862311	3.293753326	8.526891629	31.28062097	60.1924874	0	0	0	-524.0090263	0.003547784445	-18877.751346737	
521.4490263	88	4	8	0.8919484002	0.003414893647	96.69517111	0.05342282791	3.251406064	8.224769158	31.38762572	60.38760512	0	0	0	-521.4490263	0.003414893647	-19684.7001267306	
518.8890263	88	4	8	0.8922993923	0.003287455637	96.7394105	0.05179392895	3.208795575	7.932816102	31.49098239	60.5762015	0	0	0	-518.8890263	0.003287455637	-20527.2046463797	
516.3290263	88	4	8	0.892636231	0.003165249366	96.78383981	0.05019885269	3.165961341	7.650682255	31.59081802	60.75849973	0	0	0	-516.3290263	0.003165249366	-21405.6029936559	
513.7690263	88	4	8	0.8929595764	0.003048056076	96.82842262	0.04863698753	3.122940394	7.378027394	31.68725596	60.93471665	0	0	0	-513.7690263	0.003048056076	-22320.2485266321	
511.2090263	88	4	8	0.8932700542	0.002935660787	96.87312476	0.04710778329	3.07976746	7.114521675	31.78041581	61.10506252	0	0	0	-511.2090263	0.002935660787	-23271.5091352165	
508.6490263	88	4	8	0.8935682567	0.002827853461	96.91791415	0.04561074335	3.036475107	6.859845877	31.87041327	61.26974085	0	0	0	-508.6490263	0.002827853461	-24259.7680200046	
506.0890263	88	4	8	0.8938547451	0.0027244299	96.9627607	0.04414541746	2.993093885	6.613691519	31.95736013	61.42894835	0	0	0	-506.0890263	0.0027244299	-25285.4233334653	
503.5290263	88	4	8	0.8941300502	0.002625192399	97.00763614	0.04271139533	2.94965246	6.375760879	32.04136426	61.58287486	0	0	0	-503.5290263	0.002625192399	-26348.8888509264	
500.9690263	88	4	8	0.8943946749	0.002529950218	97.05251396	0.04130830068	2.90617774	6.145766923	32.12252963	61.73170345	0	0	0	-500.9690263	0.002529950218	-27450.5946797625	
498.4090263	88	4	8	0.8946490949	0.002438519882	97.09736922	0.03993578602	2.862694995	5.923433171	32.20095636	61.87561047	0	0	0	-498.4090263	0.002438519882	-28590.9876354982	
495.8490263	88	4	8	0.8948937607	0.002350725355	97.1421785	0.03859352783	2.819227974	5.708493505	32.27674079	62.0147657	0	0	0	-495.8490263	0.002350725355	-29770.5337817821	
493.2890263	88	4	8	0.8951290989	0.00226639811	97.18691977	0.03728122228	2.775799006	5.500691934	32.34997559	62.14933247	0	0	0	-493.2890263	0.00226639811	-30989.7182114644	
490.7290263	88	4	8	0.8953555132	0.0021853771	97.23157232	0.0359985814	2.732429103	5.299782332	32.42074983	62.27946784	0	0	0	-490.7290263	0.0021853771	-32249.0475379181	
488.1690263	88	4	8	0.8955733862	0.002107508677	97.27611662	0.0347453297	2.689138053	5.105528145	32.48914907	62.40532278	0	0	0	-488.1690263	0.002107508677	-33549.0514168387	
485.6090263	88	4	8	0.8957830805	0.002032646442	97.32053429	0.03352120104	2.645944506	4.917702081	32.55525554	62.52704238	0	0	0	-485.6090263	0.002032646442	-34890.2833925455	
483.0490263	88	4	8	0.8959849395	0.001960651063	97.36480801	0.032325936	2.602866053	4.736085797	32.61914817	62.64476603	0	0	0	-483.0490263	0.001960651063	-36273.3251210063	
480.4890263	88	4	8	0.8961792889	0.001891390064	97.40892142	0.03115927943	2.559919305	4.560469566	32.68090279	62.75862765	0	0	0	-480.4890263	0.001891390064	-37698.7865374078	
477.9290263	88	4	8	0.8963664378	0.001824737582	97.45285906	0.03002097842	2.517119958	4.390651954	32.74059218	62.86875586	0	0	0	-477.9290263	0.001824737582	-39167.3086245938	
475.3690263	88	4	8	0.8965466793	0.00176057412	97.49660636	0.02891078037	2.474482862	4.226439491	32.79828626	62.97527425	0	0	0	-475.3690263	0.00176057412	-40679.567729905	
472.8090263	88	4	8	0.8967202916	0.001698786287	97.54014949	0.02782843143	2.432022075	4.067646343	32.85405213	63.07830152	0	0	0	-472.8090263	0.001698786287	-42236.2759427153	
470.2490263	88	4	8	0.8968875392	0.001639266529	97.5834754	0.0267736751	2.389750924	3.914093998	32.90795426	63.17795174	0	0	0	-470.2490263	0.001639266529	-43838.1851544063	
467.6890263	88	4	8	0.8970486732	0.001581912867	97.6265717	0.02574625103	2.347682053	3.765610947	32.96005455	63.2743345	0	0	0	-467.6890263	0.001581912867	-45486.0909178067	
465.1290263	88	4	8	0.8972039322	0.001526628632	97.66942664	0.024745894	2.30582747	3.622032384	33.01041247	63.36755514	0	0	0	-465.1290263	0.001526628632	-47180.8352400676	
462.5690263	88	4	8	0.8973535436	0.001473322207	97.71202908	0.02377233304	2.264198591	3.483199907	33.05908517	63.45771492	0	0	0	-462.5690263	0.001473322207	-48923.3092207251	
460.0090263	88	4	8	0.8974977233	0.001421906771	97.75436843	0.02282529074	2.222806283	3.348961236	33.10612756	63.54491121	0	0	0	-460.0090263	0.001421906771	-50714.4581192774	
457.4490263	88	4	8	0.8976366773	0.001372300057	97.79643462	0.02190448265	2.181660894	3.21916993	33.15159242	63.62923765	0	0	0	-457.4490263	0.001372300057	-52555.2845919172	
454.8890263	88	4	8	0.8977706015	0.001324424111	97.83821809	0.02100961684	2.140772296	3.093685126	33.19553053	63.71078434	0	0	0	-454.8890263	0.001324424111	-54446.8550685163	
452.3290263	88	4	8	0.8978996829	0.00127820507	97.8797097	0.02014039351	2.10014991	2.972371283	33.23799071	63.78963801	0	0	0	-452.3290263	0.00127820507	-56390.3024407782	
449.7690263	88	4	8	0.8980240997	0.001233572937	97.92090076	0.01929650476	2.059802739	2.855097935	33.27901994	63.86588213	0	0	0	-449.7690263	0.001233572937	-58386.829037738	
447.2090263	88	4	8	0.898144022	0.001190461374	97.96178298	0.01847763442	2.01973939	2.741739459	33.31866344	63.9395971	0	0	0	-447.2090263	0.001190461374	-60437.7167516758	
444.6490263	88	4	8	0.8982596123	0.001148807505	98.00234844	0.01768345796	1.979968107	2.632174847	33.35696475	64.0108604	0	0	0	-444.6490263	0.001148807505	-62544.3292164413	
442.0890263	88	4	8	0.8983710256	0.001108551723	98.04258957	0.01691364249	1.940496783	2.526287494	33.39396582	64.07974668	0	0	0	-442.0890263	0.001108551723	-64708.117913103	
439.5290263	88	4	8	0.8984784103	0.001069637512	98.08249916	0.01616784676	1.901332992	2.423964993	33.42970706	64.14632795	0	0	0	-439.5290263	0.001069637512	-66930.629692696	
436.9690263	88	4	8	0.8985819083	0.001032011275	98.12207028	0.01544572136	1.862483998	2.325098939	33.46422743	64.21067363	0	0	0	-436.9690263	0.001032011275	-69213.513296185	
434.4090263	88	4	8	0.8986816554	0.0009956221734	98.16129631	0.0147469088	1.823956781	2.229584745	33.4975645	64.27285076	0	0	0	-434.4090263	0.0009956221734	-71558.5253004573	
431.8490263	88	4	8	0.8987777815	0.0009604219717	98.20017091	0.01407104377	1.785758048	2.137321459	33.52975451	64.33292403	0	0	0	-431.8490263	0.0009604219717	-73967.5382769283	
429.2890263	88	4	8	0.8988704113	0.0009263648942	98.238688	0.0134177534	1.747894249	2.048211605	33.56083247	64.39095593	0	0	0	-429.2890263	0.0009263648942	-76442.5500073677	
426.7290263	88	4	8	0.898959664	0.0008934074874	98.27684175	0.0127866575	1.710371594	1.962161012	33.59083213	64.44700685	0	0	0	-426.7290263	0.0008934074874	-78985.6908039814	
424.1690263	88	4	8	0.8990456544	0.0008615084907	98.31462657	0.01217736896	1.67319606	1.87907867	33.61978615	64.50113518	0	0	0	-424.1690263	0.0008615084907	-81599.2338123907	
421.6090263	88	4	8	0.8991284923	0.0008306287146	98.3520371	0.01158949406	1.636373406	1.798876578	33.64772606	64.55339736	0	0	0	-421.6090263	0.0008306287146	-84285.6044744757	
419.0490263	88	4	8	0.8992082833	0.0008007309251	98.38906818	0.01102263286	1.599909184	1.721469612	33.67468235	64.60384804	0	0	0	-419.0490263	0.0008007309251	-87047.3914807288	
416.4890263	88	4	8	0.8992851289	0.0007717797354	98.42571488	0.01047637964	1.563808745	1.64677539	33.70068451	64.6525401	0	0	0	-416.4890263	0.0007717797354	-89887.3579992346	
413.9290263	88	4	8	0.8993591266	0.0007437415029	98.46197243	0.009950323295	1.528077251	1.574714149	33.72576109	64.69952476	0	0	0	-413.9290263	0.0007437415029	-92808.453813815	
411.3690263	88	4	8	0.8994303703	0.0007165842327	98.49783627	0.00944404778	1.492719683	1.505208624	33.74993971	64.74485166	0	0	0	-411.3690263	0.0007165842327	-95813.8298194366	
408.8090263	88	4	8	0.8994989504	0.0006902774867	98.53330202	0.008957132598	1.457740844	1.438183942	33.77324715	64.7885689	0	0	0	-408.8090263	0.0006902774867	-98906.850408882	
406.2490263	88	4	8	0.8995649537	0.0006647922967	98.56836548	0.008489153255	1.42314537	1.373567508	33.79570934	64.83072315	0	0	0	-406.2490263	0.0006647922967	-102091.110000915	
403.6890263	88	4	8	0.8996284643	0.0006401010841	98.60302259	0.008039681746	1.388937733	1.311288909	33.81735141	64.87135968	0	0	0	-403.6890263	0.0006401010841	-105370.449092392	
401.1290263	88	4	8	0.8996895629	0.0006161775824	98.63726947	0.007608287047	1.355122247	1.251279816	33.83819774	64.91052244	0	0	0	-401.1290263	0.0006161775824	-108748.972103463	
398.5690263	88	4	8	0.8997483274	0.0005929967656	98.67110239	0.007194535616	1.321703074	1.193473893	33.85827199	64.94825411	0	0	0	-398.5690263	0.0005929967656	-112231.067279589	
396.0090263	88	4	8	0.8998048333	0.0005705347795	98.70451778	0.006797991888	1.288684225	1.137806709	33.87759713	64.98459616	0	0	0	-396.0090263	0.0005705347795	-115821.426280166	
393.4490263	88	4	8	0.8998591532	0.0005487688773	98.73751222	0.006418218783	1.256069565	1.08421566	33.89619544	65.0195889	0	0	0	-393.4490263	0.0005487688773	-119525.066998059	
390.8890263	88	4	8	0.8999113574	0.0005276773585	98.7700824	0.006054778209	1.223862817	1.032639886	33.91408859	65.05327152	0	0	0	-390.8890263	0.0005276773585	-123347.358241036	
388.3290263	88	4	8	0.8999615138	0.0005072395115	98.80222521	0.005707231567	1.192067562	0.9830202033	33.93129763	65.08568216	0	0	0	-388.3290263	0.0005072395115	-127294.047123794	
385.7690263	88	4	8	0.9000096881	0.0004874355593	98.83393762	0.005375140247	1.160687244	0.9352990284	33.94784303	65.11685794	0	0	0	-385.7690263	0.0004874355593	-131371.285679793	
383.2090263	88	4	8	0.900055944	0.0004682466075	98.86521676	0.005058066129	1.12972517	0.8894203161	33.9637447	65.14683498	0	0	0	-383.2090263	0.0004682466075	-135585.660797505	
380.6490263	88	4	8	0.9001003431	0.0004496545954	98.89605992	0.004755572075	1.099184511	0.845329495	33.97902201	65.1756485	0	0	0	-380.6490263	0.0004496545954	-139944.226225943	
378.0890263	88	4	8	0.9001429449	0.0004316422491	98.92646447	0.00446722241	1.069068305	0.8029734088	33.99369381	65.20333278	0	0	0	-378.0890263	0.0004316422491	-144454.538471682	
375.5290263	88	4	8	0.9001838075	0.0004141930376	98.95642796	0.004192583402	1.039379456	0.7623002603	34.00777847	65.22992127	0	0	0	-375.5290263	0.0004141930376	-149124.716075306	
372.9690263	88	4	8	0.9002229869	0.0003972911351	98.98594804	0.003931223731	1.010120733	0.7232595573	34.02129387	65.25544658	0	0	0	-372.9690263	0.0003972911351	-153963.482250117	
370.4090263	88	4	8	0.9002605375	0.0003809213807	99.01502251	0.003682714949	0.9812947729	0.6858020631	34.03425744	65.2799405	0	0	0	-370.4090263	0.0003809213807	-158980.177599902	
367.8490263	88	4	8	0.9002965121	0.0003650692368	99.04364929	0.003446631924	0.9529040794	0.6498797486	34.04668617	65.30343408	0	0	0	-367.8490263	0.0003650692368	-164184.820144023	
365.2890263	88	4	8	0.9003309621	0.0003497207551	99.07182643	0.00322255328	0.9249510211	0.6154457477	34.05859662	65.32595763	0	0	0	-365.2890263	0.0003497207551	-169588.182930862	
362.7290263	88	4	8	0.9003639374	0.0003348625435	99.09955211	0.003010061819	0.8974378315	0.5824543154	34.07000497	65.34754072	0	0	0	-362.7290263	0.0003348625435	-175202.489506061	
360.1690263	88	4	8	0.9003954863	0.000320481834	99.12682465	0.002808744948	0.8703666053	0.5508607881	34.08092697	65.36821224	0	0	0	-360.1690263	0.000320481834	-181033.346736302	
357.6090263	88	4	8	0.900425656	0.000306565241	99.15364247	0.002618194886	0.8437393319	0.5206216058	34.09137796	65.38800043	0	0	0	-357.6090263	0.000306565241	-187323.641268019	
355.0490263	88	4	8	0.9004544924	0.0002931323546	99.18000422	0.002438009633	0.8175577705	0.491694031	34.10137306	65.40693291	0	0	0	-355.0490263	0.0002931323546	-193645.761752034	
352.4890263	88	4	8	0.90048204	0.0002801123257	99.20590856	0.002267792559	0.7918236446	0.4640364849	34.11092688	65.42503663	0	0	0	-352.4890263	0.0002801123257	-200039.392612189	
349.9290263	88	4	8	0.9005083422	0.0002675229182	99.23135436	0.002107153189	0.7665384836	0.437608279	34.12005374	65.44233798	0	0	0	-349.9290263	0.0002675229182	-206914.377805887	
347.3690263	88	4	8	0.9005334413	0.0002553535434	99.25634061	0.001955707482	0.7417036796	0.4123696338	34.12876763	65.45886274	0	0	0	-347.3690263	0.0002553535434	-214091.654516694	
344.8090263	88	4	8	0.9005573785	0.0002435938998	99.28086644	0.001813078122	0.7173204779	0.3882816575	34.1370822	65.47463614	0	0	0	-344.8090263	0.0002435938998	-221590.378612679	
342.2490263	88	4	8	0.9005801937	0.000232234026	99.30493113	0.001678894819	0.6933899737	0.3653063198	34.14501083	65.48968285	0	0	0	-342.2490263	0.000232234026	-229434.720891942	
339.6890263	88	4	8	0.9006019262	0.000221264538	99.32853412	0.001552794679	0.6699130841	0.3434064034	34.15256655	65.50402704	0	0	0	-339.6890263	0.000221264538	-237638.499017937	
337.1290263	88	4	8	0.9006226139	0.000210675287	99.35167493	0.001434422072	0.6468906474	0.3225455858	34.15976213	65.51769229	0	0	0	-337.1290263	0.000210675287	-246234.37036151	
334.5690263	88	4	8	0.9006422941	0.0002004580419	99.3743533	0.001323429467	0.6243232683	0.3026882574	34.16661001	65.53070173	0	0	0	-334.5690263	0.0002004580419	-255253.884451647	
332.0090263	88	4	8	0.9006610028	0.0001906037072	99.39656911	0.001219477258	0.6022114152	0.2837996134	34.17312241	65.54307798	0	0	0	-332.0090263	0.0001906037072	-264717.783335937	
329.4490263	88	4	8	0.9006787755	0.0001811037186	99.41832237	0.00112223406	0.5805553921	0.265845608	34.17931122	65.55484317	0	0	0	-329.4490263	0.0001811037186	-274661.349347397	
326.8890263	88	4	8	0.9006956465	0.000171949738	99.43961329	0.001031376897	0.5593553353	0.2487929374	34.18518809	65.56601897	0	0	0	-326.8890263	0.000171949738	-254992.9601995	
325.6090263	88	4	8	0.9007037548	8.263917277E-05	99.45008548	0.0009882445455	0.5489262708	0.2405943972	34.18801326	65.57139234	0	0	0	-325.6090263	8.263917277E-05	-14915.2638806285	
324.9690263	88	4	8	0.9007077289	4.050732976E-05	99.45527828	0.0009672354516	0.5437544883	0.236575319	34.18939814	65.57402654	0	0	0	-324.9690263	4.050732976E-05	-15522.7356448005	
324.6490263	88	4	8	0.9007096962	2.010394488E-05	99.45786387	0.0009568681396	0.5411792651	0.2345856072	34.19008374	65.57533065	0	0	0	-324.6490263	2.010394488E-05	-15784.4019104147	
324.4890263	88	4	8	0.900710675	9.999290789E-06	99.45915396	0.0009517185237	0.5398943235	0.2335956815	34.19042484	65.57597948	0	0	0	-324.4890263	9.999290789E-06	-15917.7664938685	
324.4090263	88	4	8	0.9007111631	4.986501676E-06	99.45979833	0.0009491521934	0.5392525202	0.2331019478	34.19059496	65.57630309	0	0	0	-324.4090263	4.986501676E-06	-3932439.28190061	
324.3290263	88	4	8	0.9007116504	4.966239637E-06	99.46044224	0.000946591496	0.5386111641	0.2326090327	34.1907648	65.57662617	0	0	0	-324.3290263	4.966239637E-06	-3916409.44828431	
324.2890263	88	4	8	0.9007118938	2.485812451E-06	99.46076405	0.0009453132977	0.5382906408	0.2323628814	34.19084961	65.5767875	0	0	0	-324.2890263	2.485812451E-06	-16096.0543240952	
324.2690263	88	4	8	0.9007120154	1.24210187E-06	99.46092489	0.0009446746917	0.5381304316	0.2322398824	34.19089199	65.57686812	0	0	0	-324.2690263	1.24210187E-06	-15410.4891108676	
324.2590263	88	4	8	0.9007120761	5.777547761E-07	99.46100531	0.0009443555172	0.5380503386	0.2321784019	34.19091317	65.57690843	0	0	0	-324.2590263	5.777547761E-07	241962.658042413	
324.2490263	88	4	8	0.9007121369	6.222487928E-07	99.46108571	0.0009440364415	0.537970249	0.2321169343	34.19093435	65.57694872	0	0	0	-324.2490263	6.222487928E-07	224749.320058374	
324.2390263	88	4	8	0.9007121977	6.191261783E-07	99.46116612	0.0009437174535	0.5378901664	0.2320554795	34.19095552	65.576989	0	0	0	-324.2390263	6.191261783E-07	-5263.18556264957	
324.2290263	88	4	8	0.9007122584	6.191976305E-07	99.46124651	0.0009433985534	0.5378100908	0.2319940374	34.19097669	65.57702927	0	0	0	-324.2290263	6.191976305E-07	0	
324.2190263	88	4	8	0.9007123191	6.190547695E-07	99.4613269	0.000943079741	0.5377300221	0.2319326081	34.19099786	65.57706953	0	0	0	-324.2190263	6.190547695E-07	0	
324.2090263	88	4	8	0.9007123799	6.189263162E-07	99.46140728	0.0009427610163	0.5376499603	0.2318711915	34.19101902	65.57710979	0	0	0	-324.2090263	6.189263162E-07	0	
324.1990263	88	4	8	0.9007124406	6.187969143E-07	99.46148765	0.0009424423795	0.5375699056	0.2318097877	34.19104018	65.57715003	0	0	0	-324.1990263	6.187969143E-07	0	
324.1890263	88	4	8	0.9007125013	6.186675975E-07	99.46156802	0.0009421238304	0.5374898577	0.2317483966	34.19106133	65.57719027	0	0	0	-324.1890263	6.186675975E-07	0	
324.1790263	88	4	8	0.9007125619	6.185382956E-07	99.46164838	0.0009418053689	0.5374098169	0.2316870183	34.19108248	65.5772305	0	0	0	-324.1790263	6.185382956E-07	0	
324.1690263	88	4	8	0.9007126226	6.184090134E-07	99.46172873	0.0009414869952	0.537329783	0.2316256527	34.19110362	65.57727072	0	0	0	-324.1690263	6.184090134E-07	0	
324.1590263	88	4	8	0.9007126833	6.182797506E-07	99.46180908	0.0009411687092	0.537249756	0.2315642998	34.19112476	65.57731094	0	0	0	-324.1590263	6.182797506E-07	0	
324.1490263	88	4	8	0.9007127439	6.181505071E-07	99.46188941	0.0009408505108	0.537169736	0.2315029597	34.1911459	65.57735114	0	0	0	-324.1490263	6.181505071E-07	0	
324.1390263	88	4	8	0.9007128045	6.180212831E-07	99.46196974	0.0009405324001	0.5370897229	0.2314416323	34.19116703	65.57739134	0	0	0	-324.1390263	6.180212831E-07	0	
324.1290263	88	4	8	0.9007128652	6.178920784E-07	99.46205007	0.000940214377	0.5370097168	0.2313803176	34.19118815	65.57743153	0	0	0	-324.1290263	6.178920784E-07	0	
324.1190263	88	4	8	0.9007129258	6.177628932E-07	99.46213039	0.0009398964415	0.5369297177	0.2313190157	34.19120928	65.57747171	0	0	0	-324.1190263	6.177628932E-07	0	
324.1090263	88	4	8	0.9007129863	6.176337273E-07	99.4622107	0.0009395785937	0.5368497255	0.2312577265	34.19123039	65.57751188	0	0	0	-324.1090263	6.176337273E-07	-5.95408989510462	
324.0890263	88	4	8	0.9007131075	1.276388573E-06	99.4623713	0.0009389431714	0.5366897585	0.2311351865	34.19127262	65.57759219	0	0	0	-324.0890263	1.276388573E-06	30732.0253066449	
324.0490263	88	4	8	0.9007133497	2.548260485E-06	99.46269242	0.0009376733755	0.5363699085	0.2308902591	34.19135703	65.57775271	0	0	0	-324.0490263	2.548260485E-06	32217.1237277941	
323.9690263	88	4	8	0.9007138334	4.92556686E-06	99.46333429	0.0009351379029	0.5357305672	0.2304010141	34.1915256	65.57807339	0	0	0	-323.9690263	4.92556686E-06	33323.6970598532	
323.8090263	88	4	8	0.9007147983	9.826345699E-06	99.46461672	0.0009300837846	0.5344531977	0.2294249618	34.19186189	65.57871315	0	0	0	-323.8090263	9.826345699E-06	32729.7890081106	
323.4890263	88	4	8	0.9007167183	1.955503531E-05	99.46717616	0.0009200423196	0.5319037989	0.2274825813	34.1925311	65.57998632	0	0	0	-323.4890263	1.955503531E-05	33060.5759545954	
322.8490263	88	4	8	0.9007205198	3.872136779E-05	99.47227342	0.0009002244358	0.5268263596	0.2236365026	34.19385614	65.58250736	0	0	0	-322.8490263	3.872136779E-05	33728.8740993093	
321.5690263	88	4	8	0.9007279698	7.594861981E-05	99.4823815	0.0008616327093	0.516756868	0.2160973686	34.19645325	65.58744938	0	0	0	-321.5690263	7.594861981E-05	35168.1042410928	
319.0090263	88	4	8	0.9007422725	0.0001458160929	99.50225214	0.000788497173	0.4969593595	0.2016177432	34.20144025	65.59694201	0	0	0	-319.0090263	0.0001458160929	-374775.654305281	
316.4490263	88	4	8	0.9007558054	0.0001380337319	99.52166291	0.0007205206726	0.4776165645	0.1879110302	34.20616015	65.60592882	0	0	0	-316.4490263	0.0001380337319	-334827.151221192	
313.8890263	88	4	8	0.9007685987	0.0001305155042	99.54061486	0.0006574250006	0.4587277184	0.1749474905	34.21062329	65.61442922	0	0	0	-313.8890263	0.0001305155042	-347702.464547609	
311.3290263	88	4	8	0.900780682	0.0001232963637	99.55910919	0.000598941045	0.4402918651	0.162698055	34.2148398	65.62246215	0	0	0	-311.3290263	0.0001232963637	-362246.477957524	
308.7690263	88	4	8	0.9007920843	0.0001163694158	99.57714733	0.0005448088224	0.4223078565	0.1511343162	34.21881956	65.63004612	0	0	0	-308.7690263	0.0001163694158	-377672.033781128	
306.2090263	88	4	8	0.9008028335	0.0001097276458	99.59473087	0.0004947775015	0.4047743485	0.1402285203	34.22257223	65.63719925	0	0	0	-306.2090263	0.0001097276458	-394047.452732007	
303.6490263	88	4	8	0.9008129571	0.0001033641535	99.6118616	0.0004486054066	0.3876897982	0.1299535615	34.22610723	65.64393921	0	0	0	-303.6490263	0.0001033641535	-411454.19955642	
301.0890263	88	4	8	0.9008224818	9.727214722E-05	99.62854148	0.0004060600035	0.3710524598	0.1202829756	34.22943375	65.65028328	0	0	0	-301.0890263	9.727214722E-05	-381899.086027964	
300	88	4	8	0.9008263587	3.956464468E-05	99.63550096	0.0003890056306	0.3641100307	0.1163459831	34.23078791	65.65286611	0	0	0	-300	3.956464468E-05	344156.114938715	
