T	w(AL)	w(MG)	w(SI)	fs	fw(@FCC_A1)	w(AL@FCC_A1)	w(MG@FCC_A1)	w(SI@FCC_A1)	w(AL@LIQUID)	w(MG@LIQUID)	w(SI@LIQUID)	dwdT_L(AL@LIQUID)	dwdT_L(MG@LIQUID)	dwdT_L(SI@LIQUID)	-T	fw(@FCC_A1)_1	-T//fw(@FCC_A1)	
K	%	%	%	mole/mole	kg/kg	%	%	%	%	%	%	SI	SI	SI				
859.6068944	85	7	8	0	0	97.98018204	1.348976863	0.6708410945	85	7	8	0.00222156282	-0.0009671740966	-0.001254388723	-859.6068944	0	29.1449768829882	
859.5968944	85	7	8	0.0001706588924	0.0001712078233	97.98002642	1.349047662	0.6709259218	84.99777945	7.0009668	8.001253745	0	0	0	-859.5968944	0.0001712078233	87.6721148508205	
859.5768944	85	7	8	0.0005117364931	0.0003422767458	97.97971517	1.349189294	0.6710955323	84.99333511	7.002901674	8.003763221	0	0	0	-859.5768944	0.0003422767458	116.963717252797	
859.5368944	85	7	8	0.001193133156	0.0006839610431	97.97909301	1.349472229	0.6714347619	84.98444781	7.006770835	8.008781353	0	0	0	-859.5368944	0.0006839610431	117.115903405032	
859.4568944	85	7	8	0.002553572032	0.001366477279	97.97784958	1.350037274	0.6721131442	84.96667048	7.01451037	8.018819152	0	0	0	-859.4568944	0.001366477279	117.337568571382	
859.2968944	85	7	8	0.005265066504	0.002727192025	97.97536754	1.351163053	0.6734694107	84.93110481	7.029994293	8.038900892	0	0	0	-859.2968944	0.002727192025	117.834961018313	
858.9768944	85	7	8	0.01065079689	0.005431465884	97.97042168	1.353398216	0.676180104	84.85992951	7.060981601	8.079088894	0	0	0	-858.9768944	0.005431465884	118.914630575784	
858.3368944	85	7	8	0.02126234197	0.01076192858	97.96060378	1.357801389	0.6815948305	84.71740673	7.123026721	8.159566553	0	0	0	-858.3368944	0.01076192858	121.129339517145	
857.0568944	85	7	8	0.04189358563	0.02115115936	97.94125859	1.36634523	0.6923961754	84.43165986	7.247419546	8.320920591	0	0	0	-857.0568944	0.02115115936	125.454615655142	
854.4968944	85	7	8	0.08093002708	0.04088467548	97.90371374	1.382400335	0.7138859283	83.85735585	7.497440368	8.645203781	0	0	0	-854.4968944	0.04088467548	-2179.85373785397	
851.9368944	85	7	8	0.1172174427	0.0396251027	97.86766636	1.397107618	0.7352260194	83.27928997	7.749140304	8.971569724	0	0	0	-851.9368944	0.0396251027	-2100.13665988091	
849.3768944	85	7	8	0.1510266317	0.03844196065	97.83308119	1.410500814	0.7564179959	82.69744653	8.002551654	9.300001817	0	0	0	-849.3768944	0.03844196065	-2234.79105838212	
846.8168944	85	7	8	0.1825956658	0.03732968876	97.79992331	1.422613562	0.7774631288	82.11181433	8.257703422	9.630482246	0	0	0	-846.8168944	0.03732968876	-2374.67841745031	
844.2568944	85	7	8	0.2121334267	0.03628201837	97.76815805	1.433479387	0.7983625605	81.52238492	8.514621544	9.962993538	0	0	0	-844.2568944	0.03628201837	-2518.53930077269	
841.6968944	85	7	8	0.2398238777	0.03529334831	97.73775103	1.443131713	0.8191172556	80.92915325	8.773328734	10.29751802	0	0	0	-841.6968944	0.03529334831	-2666.23909633866	
839.1368944	85	7	8	0.2658296316	0.03435868039	97.70866813	1.451603893	0.8397279753	80.33211793	9.033844509	10.63403756	0	0	0	-839.1368944	0.03435868039	-2817.65345016458	
836.5768944	85	7	8	0.2902949269	0.03347353961	97.68087552	1.458929225	0.8601952523	79.73128151	9.296185202	10.97253329	0	0	0	-836.5768944	0.03347353961	-2972.64153155711	
834.0168944	85	7	8	0.313348123	0.03263390678	97.65433966	1.465140972	0.8805193667	79.12665065	9.560363948	11.3129854	0	0	0	-834.0168944	0.03263390678	-3131.04562977566	
831.4568944	85	7	8	0.3351038021	0.03183616141	97.62902731	1.470272368	0.9007003224	78.51823645	9.826390675	11.65537288	0	0	0	-831.4568944	0.03183616141	-3292.69077489689	
828.8968944	85	7	8	0.355664549	0.03107703298	97.60490555	1.474356625	0.9207378247	77.90605463	10.09427207	11.99967331	0	0	0	-828.8968944	0.03107703298	-3457.38469937565	
826.3368944	85	7	8	0.3751224635	0.03035355935	97.58194181	1.477426931	0.9406312574	77.2901258	10.36401154	12.34586266	0	0	0	-826.3368944	0.03035355935	-3624.91821950136	
823.7768944	85	7	8	0.3935604512	0.02966305106	97.56010389	1.479516444	0.9603796622	76.67047571	10.63560918	12.69391511	0	0	0	-823.7768944	0.02966305106	-3795.06559540041	
821.2168944	85	7	8	0.4110533307	0.02900306052	97.53935999	1.480658289	0.9799817168	76.04713544	10.90906173	13.04380283	0	0	0	-821.2168944	0.02900306052	-3967.585361661	
818.6568944	85	7	8	0.4276687847	0.02837135544	97.51967874	1.480885542	0.9994357157	75.42014163	11.18436252	13.39549585	0	0	0	-818.6568944	0.02837135544	-4142.22176975921	
816.0968944	85	7	8	0.4434681822	0.02776589583	97.50102924	1.480231214	1.01873955	74.78953671	11.46150143	13.74896186	0	0	0	-816.0968944	0.02776589583	-4318.70600201022	
813.5368944	85	7	8	0.4585072897	0.02718481388	97.48338107	1.478728236	1.037890689	74.15536906	11.74046482	14.10416612	0	0	0	-813.5368944	0.02718481388	-4496.75818347853	
810.9768944	85	7	8	0.4728368906	0.02662639656	97.4667044	1.476409436	1.056886164	73.5176932	12.02123554	14.46107126	0	0	0	-810.9768944	0.02662639656	-4676.0898169633	
808.4168944	85	7	8	0.4865033234	0.02608907033	97.45096994	1.473307515	1.07572255	72.87656996	12.30379284	14.8196372	0	0	0	-808.4168944	0.02608907033	-4856.40594155715	
805.8568944	85	7	8	0.4995489541	0.02557138771	97.43614903	1.46945502	1.09439595	72.23206661	12.58811233	15.17982106	0	0	0	-805.8568944	0.02557138771	-5037.40836615069	
803.2968944	85	7	8	0.512012589	0.02507201558	97.4222137	1.464884318	1.112901985	71.58425697	12.87416602	15.54157701	0	0	0	-803.2968944	0.02507201558	-5218.79859644789	
800.7368944	85	7	8	0.5239298387	0.02458972474	97.40913666	1.459627564	1.131235779	70.93322152	13.16192222	15.90485626	0	0	0	-800.7368944	0.02458972474	-5400.28109269968	
798.1768944	85	7	8	0.535333438	0.02412338079	97.39689138	1.453716669	1.149391947	70.27904745	13.45134559	16.26960696	0	0	0	-798.1768944	0.02412338079	-5581.56696127801	
795.6168944	85	7	8	0.5462535295	0.023671936	97.38545214	1.447183267	1.167364592	69.62182875	13.74239711	16.63577415	0	0	0	-795.6168944	0.023671936	-5762.37708205324	
793.0568944	85	7	8	0.5567179146	0.02323442207	97.37479402	1.440058682	1.185147293	68.96166615	14.03503408	17.00329977	0	0	0	-793.0568944	0.02323442207	-5942.44581978904	
790.4968944	85	7	8	0.5667522758	0.02280994373	97.36489301	1.432373889	1.202733105	68.29866718	14.32921019	17.37212263	0	0	0	-790.4968944	0.02280994373	-6121.52454371005	
787.9368944	85	7	8	0.5763803752	0.02239767299	97.35572597	1.424159481	1.220114554	67.63294609	14.62487551	17.7421784	0	0	0	-787.9368944	0.02239767299	-6299.38446176046	
785.3768944	85	7	8	0.5856242313	0.02199684396	97.34727073	1.41544563	1.237283641	66.96462375	14.92197657	18.11339968	0	0	0	-785.3768944	0.02199684396	-6475.81988234822	
782.8168944	85	7	8	0.5945042768	0.02160674825	97.3395061	1.406262053	1.254231846	66.2938276	15.22045639	18.48571602	0	0	0	-782.8168944	0.02160674825	-6650.65067473652	
780.2568944	85	7	8	0.6030395001	0.02122673074	97.3324119	1.396637974	1.27095013	65.62069145	15.5202546	18.85905395	0	0	0	-780.2568944	0.02122673074	-6823.7245724676	
777.6968944	85	7	8	0.6112475721	0.02085618582	97.32596896	1.386602088	1.287428953	64.94535536	15.8213075	19.23333714	0	0	0	-777.6968944	0.02085618582	-6994.92299658891	
775.1368944	85	7	8	0.6191449603	0.0204945543	97.32015919	1.376182528	1.303658278	64.26796539	16.12354818	19.60848643	0	0	0	-775.1368944	0.0204945543	-7164.1174011539	
772.5768944	85	7	8	0.6267470298	0.02014131594	97.31496558	1.365406818	1.319627598	63.58867349	16.42690661	19.9844199	0	0	0	-772.5768944	0.02014131594	-7331.36682710153	
770.0168944	85	7	8	0.6340681412	0.01979600529	97.31037219	1.354301876	1.335325934	62.90763676	16.73130995	20.3610533	0	0	0	-770.0168944	0.01979600529	-7496.49593032396	
767.4568944	85	7	8	0.6411217238	0.01945816674	97.30636418	1.342893925	1.350741894	62.22501808	17.0366823	20.73829962	0	0	0	-767.4568944	0.01945816674	-7659.52135399942	
764.8968944	85	7	8	0.6479203614	0.01912740636	97.30292782	1.331208516	1.365863665	61.54098487	17.3429453	21.11606983	0	0	0	-764.8968944	0.01912740636	-7820.61100494782	
762.3368944	85	7	8	0.6544758548	0.01880334921	97.30005047	1.319270475	1.380679056	60.85570919	17.65001805	21.49427276	0	0	0	-762.3368944	0.01880334921	-7979.71581746022	
759.7768944	85	7	8	0.6607992853	0.0184856534	97.29772058	1.307103882	1.395175533	60.16936732	17.95781737	21.8728153	0	0	0	-759.7768944	0.0184856534	-8136.95941344543	
757.2168944	85	7	8	0.6669010705	0.01817400532	97.2959277	1.294732047	1.40934025	59.48213933	18.26625798	22.25160269	0	0	0	-757.2168944	0.01817400532	-8297.03244440007	
754.6568944	85	7	8	0.6727911498	0.01786844521	97.29466181	1.282177317	1.423160877	58.7942009	18.57525444	22.63054466	0	0	0	-754.6568944	0.01786844521	-8447.11301672928	
752.0968944	85	7	8	0.6784785395	0.01756780134	97.29391578	1.269461436	1.436622785	58.10575614	18.88471172	23.00953214	0	0	0	-752.0968944	0.01756780134	-8595.3380286424	
749.5368944	85	7	8	0.6839720404	0.01727267141	97.29368162	1.25660545	1.449712931	57.41698414	19.19454395	23.38847191	0	0	0	-749.5368944	0.01727267141	-8750.13573520344	
746.9768944	85	7	8	0.6892798819	0.01698258078	97.29395294	1.243629414	1.462417643	56.72807598	19.50465952	23.7672645	0	0	0	-746.9768944	0.01698258078	-8900.31518801496	
744.4168944	85	7	8	0.6944098427	0.01669732948	97.29472431	1.230552537	1.474723154	56.03922443	19.81496581	24.14580975	0	0	0	-744.4168944	0.01669732948	-9049.65687730208	
741.8568944	85	7	8	0.699369283	0.01641673677	97.29599117	1.217393176	1.486615656	55.35062348	20.12536938	24.52400714	0	0	0	-741.8568944	0.01641673677	-9198.40196569149	
739.2968944	85	7	8	0.7041651739	0.01614063849	97.29774982	1.204168831	1.498081352	54.66246787	20.4357762	24.90175594	0	0	0	-739.2968944	0.01614063849	-9346.78474536712	
736.7368944	85	7	8	0.7088041242	0.01586888588	97.29999734	1.190896148	1.50910651	53.97495267	20.74609186	25.27895547	0	0	0	-736.7368944	0.01586888588	-9495.04812180182	
734.1768944	85	7	8	0.7132924049	0.01560134429	97.30273157	1.177590915	1.519677515	53.28827286	21.05622183	25.65550531	0	0	0	-734.1768944	0.01560134429	-9643.43912770838	
731.6168944	85	7	8	0.7176359716	0.01533789198	97.305951	1.164268073	1.529780926	52.60262284	21.36607164	26.03130552	0	0	0	-731.6168944	0.01533789198	-9792.20666577207	
729.0568944	85	7	8	0.721840485	0.01507841895	97.30965476	1.150941717	1.539403526	51.91819609	21.6755471	26.40625681	0	0	0	-729.0568944	0.01507841895	-9941.59972987592	
726.4968944	85	7	8	0.7259113301	0.01482282587	97.31384251	1.13762511	1.548532382	51.23518471	21.9845545	26.78026079	0	0	0	-726.4968944	0.01482282587	-10091.8647808751	
723.9368944	85	7	8	0.7298536334	0.01457102299	97.3185144	1.124330696	1.557154899	50.55377907	22.29300081	27.15322012	0	0	0	-723.9368944	0.01457102299	-10243.2448209846	
721.3768944	85	7	8	0.7336722791	0.01432292922	97.32367102	1.11107011	1.565258867	49.87416742	22.60079388	27.5250387	0	0	0	-721.3768944	0.01432292922	-10395.9785814302	
718.8168944	85	7	8	0.7373719234	0.01407847119	97.32931328	1.097854197	1.57283252	49.19653555	22.9078426	27.89562185	0	0	0	-718.8168944	0.01407847119	-10550.2980429729	
716.2568944	85	7	8	0.7409570085	0.01383758238	97.33544239	1.084693031	1.579864582	48.52106649	23.21405707	28.26487645	0	0	0	-716.2568944	0.01383758238	-10706.4278884578	
713.6968944	85	7	8	0.744431775	0.01360020232	97.34205975	1.071595932	1.586344319	47.84794014	23.51934876	28.63271109	0	0	0	-713.6968944	0.01360020232	-10864.5857355159	
711.1368944	85	7	8	0.7478002733	0.01336627588	97.34916693	1.058571491	1.592261583	47.17733309	23.82363068	28.99903623	0	0	0	-711.1368944	0.01336627588	-11024.9805434156	
708.5768944	85	7	8	0.7510663747	0.01313575254	97.35676555	1.045627591	1.597606858	46.50941824	24.12681748	29.36376428	0	0	0	-708.5768944	0.01313575254	-11187.8124640438	
706.0168944	85	7	8	0.7542337808	0.0129085858	97.36485727	1.032771429	1.6023713	45.84436468	24.42882559	29.72680972	0	0	0	-706.0168944	0.0129085858	-11353.2719481365	
703.4568944	85	7	8	0.7573060333	0.01268473254	97.37344368	1.020009543	1.60654678	45.18233742	24.72957334	30.08808924	0	0	0	-703.4568944	0.01268473254	-11521.5403120209	
700.8968944	85	7	8	0.7602865219	0.01246415256	97.38252625	1.007347837	1.610125912	44.52349719	25.02898104	30.44752176	0	0	0	-700.8968944	0.01246415256	-11692.7900176336	
698.3368944	85	7	8	0.7631784929	0.01224680806	97.3921063	0.9947916076	1.613102094	43.86800034	25.3269711	30.80502856	0	0	0	-698.3368944	0.01224680806	-11867.185607198	
695.7768944	85	7	8	0.765985056	0.0120326633	97.4021849	0.9823455686	1.615469533	43.21599863	25.62346808	31.1605333	0	0	0	-695.7768944	0.0120326633	-12044.87730403	
693.2168944	85	7	8	0.7687091918	0.01182168395	97.41276285	0.9700138787	1.61722327	42.56763917	25.91839875	31.51396208	0	0	0	-693.2168944	0.01182168395	-12226.0122038895	
690.6568944	85	7	8	0.7713537575	0.01161383721	97.42384062	0.9578001684	1.618359207	41.92306428	26.2116922	31.86524352	0	0	0	-690.6568944	0.01161383721	-12410.7284591499	
688.0968944	85	7	8	0.7739214939	0.01140909106	97.43541831	0.9457075664	1.618874121	41.28241146	26.50327983	32.21430871	0	0	0	-688.0968944	0.01140909106	-12599.1508720166	
685.5368944	85	7	8	0.7764150302	0.01120741426	97.44749559	0.9337387259	1.61876568	40.64581327	26.7930954	32.56109133	0	0	0	-685.5368944	0.01120741426	-12791.401826449	
682.9768944	85	7	8	0.7788368896	0.01100877606	97.46007169	0.9218958512	1.618032457	40.01339736	27.08107508	32.90552756	0	0	0	-682.9768944	0.01100877606	-12987.5944347227	
680.4168944	85	7	8	0.7811894945	0.01081314601	97.47314534	0.9101807235	1.616673938	39.38528639	27.36715745	33.24755616	0	0	0	-680.4168944	0.01081314601	-13187.8345205429	
677.8568944	85	7	8	0.7834751709	0.01062049379	97.48671475	0.8985947257	1.614690521	38.76159806	27.6512835	33.58711844	0	0	0	-677.8568944	0.01062049379	-13392.2218414289	
675.2968944	85	7	8	0.785696153	0.0104307891	97.50077761	0.8871388681	1.612083526	38.14244511	27.93339666	33.92415823	0	0	0	-675.2968944	0.0104307891	-13600.8511960131	
672.7368944	85	7	8	0.7878545873	0.01024400156	97.51533101	0.8758138118	1.608855182	37.52793532	28.21344279	34.25862189	0	0	0	-672.7368944	0.01024400156	-13813.8116480932	
670.1768944	85	7	8	0.7899525364	0.01006010061	97.53037148	0.8646198926	1.60500863	36.91817157	28.49137015	34.59045828	0	0	0	-670.1768944	0.01006010061	-14031.1870196066	
667.6168944	85	7	8	0.791991983	0.009879055453	97.54589495	0.8535571436	1.600547909	36.31325189	28.76712939	34.91961871	0	0	0	-667.6168944	0.009879055453	-14253.0571615514	
665.0568944	85	7	8	0.7939748332	0.009700835015	97.56189674	0.8426253174	1.595477946	35.71326947	29.04067357	35.24605696	0	0	0	-665.0568944	0.009700835015	-14479.4986927023	
662.4968944	85	7	8	0.79590292	0.009525407926	97.57837155	0.8318239071	1.589804539	35.11831276	29.31195807	35.56972917	0	0	0	-662.4968944	0.009525407926	-14710.5850239522	
659.9368944	85	7	8	0.7977780064	0.009352742497	97.59531349	0.8211521669	1.583534339	34.52846553	29.5809406	35.89059386	0	0	0	-659.9368944	0.009352742497	-14946.3869654001	
657.3768944	85	7	8	0.7996017884	0.009182806728	97.61271604	0.8106091315	1.576674833	33.94380694	29.84758117	36.20861189	0	0	0	-657.3768944	0.009182806728	-15186.9732709305	
654.8168944	85	7	8	0.8013758978	0.009015568309	97.63057205	0.8001936351	1.569234316	33.36441161	30.11184204	36.52374635	0	0	0	-654.8168944	0.009015568309	-15432.4108266021	
652.2568944	85	7	8	0.8031019053	0.008850994639	97.6488738	0.7899043293	1.561221868	32.79034974	30.37368767	36.83596259	0	0	0	-652.2568944	0.008850994639	-15682.7659811859	
649.6968944	85	7	8	0.8047813225	0.008689052861	97.66761297	0.7797396997	1.552647326	32.22168716	30.63308471	37.14522813	0	0	0	-649.6968944	0.008689052861	-15938.104338669	
647.1368944	85	7	8	0.8064156048	0.008529709879	97.68678066	0.7696980831	1.543521255	31.65848544	30.89000192	37.45151264	0	0	0	-647.1368944	0.008529709879	-16198.4911155517	
644.5768944	85	7	8	0.8080061537	0.0083729324	97.7063674	0.7597776822	1.533854915	31.10080198	31.14441018	37.75478785	0	0	0	-644.5768944	0.0083729324	-16463.9920436325	
642.0168944	85	7	8	0.8095543189	0.008218686969	97.72636319	0.7499765807	1.523660229	30.54869011	31.39628236	38.05502752	0	0	0	-642.0168944	0.008218686969	-16734.6736191481	
639.4568944	85	7	8	0.8110614008	0.008066940012	97.74675749	0.7402927571	1.512949749	30.00219919	31.64559338	38.35220743	0	0	0	-639.4568944	0.008066940012	-17010.6033461648	
636.8968944	85	7	8	0.812528652	0.007917657872	97.76753928	0.7307240981	1.501736621	29.46137468	31.89232005	38.64630527	0	0	0	-636.8968944	0.007917657872	-17291.8501412579	
634.3368944	85	7	8	0.8139572797	0.007770806854	97.78869704	0.7212684107	1.490034546	28.92625827	32.13644112	38.93730061	0	0	0	-634.3368944	0.007770806854	-17578.4848096657	
631.7768944	85	7	8	0.8153484474	0.007626353264	97.81021882	0.7119234344	1.477857743	28.39688797	32.37793716	39.22517487	0	0	0	-631.7768944	0.007626353264	-17870.5802761653	
629.2168944	85	7	8	0.8167032769	0.007484263451	97.83209223	0.702686852	1.465220913	27.87329817	32.61679057	39.50991126	0	0	0	-629.2168944	0.007484263451	-18168.211734468	
626.6568944	85	7	8	0.8180228496	0.007344503842	97.8543045	0.6935563005	1.452139199	27.35551981	32.85298547	39.79149472	0	0	0	-626.6568944	0.007344503842	-18471.4571191663	
624.0968944	85	7	8	0.8193082085	0.007207040984	97.87684247	0.6845293802	1.438628145	26.84358038	33.08650771	40.0699119	0	0	0	-624.0968944	0.007207040984	-18780.3972245213	
621.5368944	85	7	8	0.8205603597	0.007071841574	97.89969267	0.6756036648	1.42470366	26.33750411	33.3173448	40.34515109	0	0	0	-621.5368944	0.007071841574	-19095.1158268475	
618.9768944	85	7	8	0.8217802737	0.006938872495	97.92284131	0.6667767097	1.410381976	25.83731198	33.54548584	40.61720218	0	0	0	-618.9768944	0.006938872495	-19415.7001627839	
616.4168944	85	7	8	0.8229688871	0.006808100846	97.94627433	0.6580460601	1.39567961	25.34302187	33.77092151	40.88605662	0	0	0	-616.4168944	0.006808100846	-19742.24066116	
613.8568944	85	7	8	0.824127104	0.006679493967	97.96997742	0.6494092587	1.380613324	24.8546486	33.99364401	41.15170739	0	0	0	-613.8568944	0.006679493967	-20074.8314639163	
611.2968944	85	7	8	0.8252557967	0.006553019469	97.99393606	0.6408638531	1.36520009	24.37220407	34.213647	41.41414893	0	0	0	-611.2968944	0.006553019469	-20413.5702016795	
608.7368944	85	7	8	0.8263558079	0.00642864525	98.01813555	0.6324074022	1.349457046	23.89569731	34.43092558	41.67337711	0	0	0	-608.7368944	0.00642864525	-20758.5583042924	
606.1768944	85	7	8	0.8274279512	0.006306339522	98.04256105	0.6240374827	1.333401463	23.42513456	34.64547622	41.92938921	0	0	0	-606.1768944	0.006306339522	-21109.9009168294	
603.6168944	85	7	8	0.8284730124	0.006186070821	98.0671976	0.6157516947	1.317050708	22.9605194	34.85729676	42.18218385	0	0	0	-603.6168944	0.006186070821	-21467.7069206033	
601.0568944	85	7	8	0.8294917509	0.006067808028	98.09203013	0.6075476673	1.300422206	22.50185276	35.06638629	42.43176095	0	0	0	-601.0568944	0.006067808028	-21832.0893175218	
598.4968944	85	7	8	0.8304849003	0.005951520379	98.11704353	0.5994230637	1.283533407	22.04913307	35.27274519	42.67812174	0	0	0	-598.4968944	0.005951520379	-22203.1643997239	
595.9368944	85	7	8	0.8314531697	0.005837177472	98.14222266	0.5913755857	1.266401753	21.6023563	35.47637506	42.92126864	0	0	0	-595.9368944	0.005837177472	-22581.0526036191	
593.3768944	85	7	8	0.8323972448	0.005724749282	98.16755238	0.5834029783	1.249044642	21.16151604	35.67727864	43.16120532	0	0	0	-593.3768944	0.005724749282	-22965.8780476582	
590.8168944	85	7	8	0.8333177882	0.00561420616	98.19301757	0.5755030334	1.231479398	20.72660361	35.87545982	43.39793658	0	0	0	-590.8168944	0.00561420616	-23357.7682125912	
588.2568944	85	7	8	0.834215441	0.005505518841	98.21860316	0.567673594	1.213723245	20.29760806	36.07092359	43.63146835	0	0	0	-588.2568944	0.005505518841	-23756.8544743528	
585.6968944	85	7	8	0.8350908233	0.005398658446	98.24429417	0.559912557	1.19579327	19.87451634	36.26367598	43.86180768	0	0	0	-585.6968944	0.005398658446	-24163.2718915849	
583.1368944	85	7	8	0.835944535	0.005293596485	98.27007572	0.552217877	1.177706403	19.4573133	36.45372404	44.08896266	0	0	0	-583.1368944	0.005293596485	-24577.1584913013	
580.5768944	85	7	8	0.8367771566	0.005190304851	98.29593305	0.5445875685	1.159479384	19.0459818	36.64107581	44.31294239	0	0	0	-580.5768944	0.005190304851	-24998.6645566604	
578.0168944	85	7	8	0.83758925	0.005088755895	98.32185154	0.5370197094	1.141128746	18.64050275	36.82574025	44.533757	0	0	0	-578.0168944	0.005088755895	-25427.91682243	
575.4568944	85	7	8	0.8383813592	0.004988922138	98.34781677	0.5295124422	1.122670784	18.24085522	37.00772724	44.75141754	0	0	0	-575.4568944	0.004988922138	-25865.0629079239	
572.8968944	85	7	8	0.8391540109	0.004890776685	98.37381449	0.5220639768	1.104121538	17.84701648	37.18704751	44.96593601	0	0	0	-572.8968944	0.004890776685	-26310.2723130176	
570.3368944	85	7	8	0.8399077151	0.004794292966	98.39983064	0.5146725926	1.08549677	17.45896206	37.36371264	45.17732529	0	0	0	-570.3368944	0.004794292966	-26763.6912032601	
567.7768944	85	7	8	0.8406429659	0.00469944477	98.42585141	0.5073366397	1.066811946	17.07666586	37.53773501	45.38559913	0	0	0	-567.7768944	0.00469944477	-27225.4747558419	
565.2168944	85	7	8	0.841360242	0.004606206253	98.45186324	0.5000545405	1.048082221	16.70010016	37.70912774	45.5907721	0	0	0	-565.2168944	0.004606206253	-27695.7824207705	
562.6568944	85	7	8	0.8420600073	0.004514551932	98.47785279	0.4928247911	1.029322417	16.32923572	37.8779047	45.79285958	0	0	0	-562.6568944	0.004514551932	-28174.7759492464	
560.0968944	85	7	8	0.8427427112	0.004424456678	98.50380702	0.4856459625	1.010547014	15.96404184	38.04408046	45.9918777	0	0	0	-560.0968944	0.004424456678	-28662.6194875836	
557.5368944	85	7	8	0.8434087896	0.004335895711	98.52971317	0.478516701	0.9917701332	15.60448641	38.20767025	46.18784334	0	0	0	-557.5368944	0.004335895711	-29159.4796590129	
554.9768944	85	7	8	0.844058665	0.004248844594	98.55555874	0.4714357293	0.9730055276	15.250536	38.36868992	46.38077408	0	0	0	-554.9768944	0.004248844594	-29665.525876771	
552.4168944	85	7	8	0.844692747	0.00416327923	98.58133158	0.4644018471	0.9542665696	14.90215589	38.52715593	46.57068818	0	0	0	-552.4168944	0.00416327923	-30180.9293854647	
549.8568944	85	7	8	0.8453114332	0.004079175851	98.60701983	0.4574139312	0.9355662429	14.55931014	38.68308532	46.75760453	0	0	0	-549.8568944	0.004079175851	-30705.86337764	
547.2968944	85	7	8	0.845915109	0.003996511016	98.63261193	0.4504709358	0.9169171343	14.22196167	38.83649566	46.94154267	0	0	0	-547.2968944	0.003996511016	-31240.5039102566	
544.7368944	85	7	8	0.8465041483	0.003915261606	98.65809668	0.4435718925	0.8983314267	13.89007227	38.98740504	47.12252269	0	0	0	-544.7368944	0.003915261606	-31785.028737688	
542.1768944	85	7	8	0.8470789141	0.003835404816	98.6834632	0.4367159106	0.8798208943	13.56360271	39.13583202	47.30056527	0	0	0	-542.1768944	0.003835404816	-32339.6177940221	
539.6168944	85	7	8	0.8476397586	0.003756918153	98.70870093	0.4299021764	0.8613968975	13.24251278	39.28179562	47.4756916	0	0	0	-539.6168944	0.003756918153	-32904.4534421879	
537.0568944	85	7	8	0.8481870238	0.00367977943	98.73379967	0.4231299529	0.8430703805	12.92676132	39.42531529	47.64792339	0	0	0	-537.0568944	0.00367977943	-33479.7198005479	
534.4968944	85	7	8	0.8487210415	0.003603966761	98.75874955	0.4163985794	0.8248518684	12.61630631	39.56641088	47.81728281	0	0	0	-534.4968944	0.003603966761	-34065.6039610329	
531.9368944	85	7	8	0.8492421341	0.003529458561	98.78354106	0.4097074711	0.8067514663	12.3111049	39.70510261	47.98379249	0	0	0	-531.9368944	0.003529458561	-34662.2947433192	
529.3768944	85	7	8	0.8497506146	0.003456233536	98.80816502	0.4030561179	0.7887788595	12.01111346	39.84141105	48.14747549	0	0	0	-529.3768944	0.003456233536	-35269.9836919727	
526.8168944	85	7	8	0.850246787	0.003384270687	98.8326126	0.3964440835	0.7709433134	11.71628765	39.9753571	48.30835525	0	0	0	-526.8168944	0.003384270687	-35888.8648399262	
524.2568944	85	7	8	0.8507309467	0.0033135493	98.85687532	0.3898710051	0.7532536756	11.42658246	40.10696195	48.4664556	0	0	0	-524.2568944	0.0033135493	-36519.1349247479	
521.6968944	85	7	8	0.8512033806	0.00324404895	98.88094503	0.3833365914	0.7357183781	11.14195224	40.23624706	48.6218007	0	0	0	-521.6968944	0.00324404895	-37160.9934060789	
519.1368944	85	7	8	0.8516643675	0.003175749492	98.90481394	0.3768406219	0.7183454402	10.86235077	40.36323416	48.77441506	0	0	0	-519.1368944	0.003175749492	-37814.6432979769	
516.5768944	85	7	8	0.8521141785	0.003108631067	98.92847458	0.3703829455	0.7011424726	10.58773131	40.48794521	48.92432347	0	0	0	-516.5768944	0.003108631067	-38480.2913126213	
514.0168944	85	7	8	0.852553077	0.003042674094	98.95191984	0.3639634792	0.6841166813	10.31804662	40.61040237	49.07155101	0	0	0	-514.0168944	0.003042674094	-39158.1461423964	
511.4568944	85	7	8	0.8529813189	0.002977859269	98.97514292	0.3575822062	0.6672748732	10.053249	40.730628	49.216123	0	0	0	-511.4568944	0.002977859269	-39848.4216800531	
508.8968944	85	7	8	0.8533991534	0.002914167568	98.99813736	0.3512391748	0.650623461	9.793290373	40.84864462	49.35806501	0	0	0	-508.8968944	0.002914167568	-40551.3360205376	
506.3368944	85	7	8	0.8538068224	0.002851580242	99.02089703	0.3449344964	0.6341684699	9.538122282	40.9644749	49.49740282	0	0	0	-506.3368944	0.002851580242	-41267.1115144591	
503.7768944	85	7	8	0.8542045614	0.002790078819	99.04341611	0.3386683436	0.6179155434	9.287695946	41.07814166	49.6341624	0	0	0	-503.7768944	0.002790078819	-41995.9762287903	
501.2168944	85	7	8	0.8545925994	0.002729645103	99.0656891	0.332440949	0.6018699507	9.041962295	41.18966781	49.76836989	0	0	0	-501.2168944	0.002729645103	-42738.1618817436	
498.6568944	85	7	8	0.8549711593	0.002670261169	99.0877108	0.3262526024	0.586036594	8.800872006	41.2990764	49.9000516	0	0	0	-498.6568944	0.002670261169	-43493.9078121642	
496.0968944	85	7	8	0.8553404577	0.002611909372	99.10947633	0.3201036497	0.5704200155	8.564375537	41.40639051	50.02923396	0	0	0	-496.0968944	0.002611909372	-44263.4593642807	
493.5368944	85	7	8	0.8557007057	0.002554572337	99.1309811	0.3139944901	0.5550244058	8.332423159	41.51163332	50.15594352	0	0	0	-493.5368944	0.002554572337	-45047.0675793608	
490.9768944	85	7	8	0.8560521084	0.002498232965	99.15222081	0.3079255744	0.5398536119	8.104964986	41.61482806	50.28020695	0	0	0	-490.9768944	0.002498232965	-45844.9932889182	
488.4168944	85	7	8	0.8563948657	0.002442874433	99.17319145	0.3018974029	0.5249111454	7.88195101	41.715998	50.40205099	0	0	0	-488.4168944	0.002442874433	-46657.504337735	
485.8568944	85	7	8	0.8567291721	0.002388480191	99.19388929	0.2959105229	0.5102001911	7.663331125	41.81516641	50.52150246	0	0	0	-485.8568944	0.002388480191	-47484.8765612224	
483.2968944	85	7	8	0.857055217	0.002335033963	99.21431086	0.2899655263	0.4957236156	7.449055155	41.91235662	50.63858823	0	0	0	-483.2968944	0.002335033963	-48327.3965796004	
480.7368944	85	7	8	0.8573731848	0.002282519749	99.23445298	0.284063048	0.481483976	7.239072881	42.00759191	50.7533352	0	0	0	-480.7368944	0.002282519749	-49185.360816191	
478.1768944	85	7	8	0.8576832551	0.002230921822	99.25431271	0.2782037626	0.4674835288	7.033334064	42.1008956	50.86577034	0	0	0	-478.1768944	0.002230921822	-50059.0769226504	
475.6168944	85	7	8	0.8579856028	0.002180224731	99.27388738	0.2723883828	0.453724239	6.831788471	42.19229094	50.97592059	0	0	0	-475.6168944	0.002180224731	-50948.8650212849	
473.0568944	85	7	8	0.8582803985	0.002130413299	99.29317456	0.2666176564	0.4402077886	6.634385892	42.2818012	51.08381291	0	0	0	-473.0568944	0.002130413299	-51855.0584150213	
470.4968944	85	7	8	0.858567808	0.002081472625	99.31217205	0.260892364	0.4269355859	6.441076166	42.36944956	51.18947427	0	0	0	-470.4968944	0.002081472625	-52778.0034059928	
467.9368944	85	7	8	0.8588479934	0.00203338808	99.33087791	0.2552133167	0.4139087743	6.251809195	42.45525919	51.29293161	0	0	0	-467.9368944	0.00203338808	-53718.0622479519	
465.3768944	85	7	8	0.8591211124	0.001986145312	99.34929041	0.2495813533	0.4011282413	6.066534967	42.5392532	51.39421183	0	0	0	-465.3768944	0.001986145312	-54675.6135686832	
462.8168944	85	7	8	0.8593873186	0.001939730241	99.36740803	0.243997338	0.3885946274	5.885203569	42.62145462	51.49334181	0	0	0	-462.8168944	0.001939730241	-55651.0516360028	
460.2568944	85	7	8	0.8596467621	0.00189412906	99.38522951	0.2384621574	0.3763083346	5.707765205	42.70188641	51.59034839	0	0	0	-460.2568944	0.00189412906	-56644.7923665617	
457.6968944	85	7	8	0.859899589	0.001849328238	99.40275375	0.2329767186	0.3642695355	5.534170207	42.78057147	51.68525832	0	0	0	-457.6968944	0.001849328238	-57657.2699061174	
455.1368944	85	7	8	0.8601459419	0.001805314513	99.41997987	0.227541946	0.3524781816	5.364369056	42.85753262	51.77809833	0	0	0	-455.1368944	0.001805314513	-58688.9390512745	
452.5768944	85	7	8	0.86038596	0.001762074896	99.43690721	0.2221587789	0.3409340123	5.198312384	42.93279256	51.86889505	0	0	0	-452.5768944	0.001762074896	-59740.2798672805	
450.0168944	85	7	8	0.860619779	0.001719596669	99.45353527	0.2168281692	0.3296365627	5.035950995	43.00637394	51.95767506	0	0	0	-450.0168944	0.001719596669	-60811.7949865059	
447.4568944	85	7	8	0.8608475313	0.001677867382	99.46986375	0.2115510784	0.3185851722	4.877235867	43.07829928	52.04446485	0	0	0	-447.4568944	0.001677867382	-61904.014290496	
444.8968944	85	7	8	0.8610693462	0.001636874855	99.48589253	0.2063284751	0.307778993	4.722118169	43.14859102	52.12929081	0	0	0	-444.8968944	0.001636874855	-63017.4952370358	
442.3368944	85	7	8	0.8612853499	0.001596607173	99.50162167	0.2011613325	0.2972169972	4.570549263	43.21727149	52.21217925	0	0	0	-442.3368944	0.001596607173	-64152.8269763009	
439.7768944	85	7	8	0.8614956657	0.00155705269	99.51705139	0.1960506259	0.2868979857	4.422480715	43.28436291	52.29315638	0	0	0	-439.7768944	0.00155705269	-65310.6289499162	
437.2168944	85	7	8	0.861700414	0.00151820002	99.53218207	0.1909973301	0.2768205951	4.277864303	43.34988738	52.37224831	0	0	0	-437.2168944	0.00151820002	-66491.5537671653	
434.6568944	85	7	8	0.8618997124	0.001480038041	99.54701428	0.1860024166	0.2669833056	4.136652016	43.41386692	52.44948106	0	0	0	-434.6568944	0.001480038041	-67696.2933817961	
432.0968944	85	7	8	0.8620936758	0.001442555891	99.5615487	0.1810668513	0.2573844485	3.998796069	43.47632341	52.52488052	0	0	0	-432.0968944	0.001442555891	-68925.5761440161	
429.5368944	85	7	8	0.8622824164	0.001405742965	99.57578619	0.1761915922	0.2480222131	3.864248899	43.53727862	52.59847248	0	0	0	-429.5368944	0.001405742965	-70180.1741052056	
426.9768944	85	7	8	0.862466044	0.001369588916	99.58972776	0.1713775867	0.2388946539	3.732963173	43.5967542	52.67028262	0	0	0	-426.9768944	0.001369588916	-71460.9020602453	
424.4168944	85	7	8	0.8626446661	0.001334083648	99.60337453	0.1666257689	0.2299996974	3.604891788	43.6547717	52.74033651	0	0	0	-424.4168944	0.001334083648	-72768.6221551082	
421.8568944	85	7	8	0.8628183875	0.001299217318	99.61672779	0.1619370578	0.2213351491	3.479987879	43.71135254	52.80865958	0	0	0	-421.8568944	0.001299217318	-74104.2466572652	
419.2968944	85	7	8	0.8629873111	0.001264980329	99.62978895	0.1573123545	0.2128986997	3.358204813	43.76651801	52.87527717	0	0	0	-419.2968944	0.001264980329	-75468.741145126	
416.7368944	85	7	8	0.8631515372	0.001231363331	99.64255953	0.1527525402	0.2046879315	3.239496196	43.82028931	52.9402145	0	0	0	-416.7368944	0.001231363331	-76863.1288575751	
414.1768944	85	7	8	0.8633111643	0.001198357215	99.6550412	0.1482584736	0.1967003247	3.123815873	43.87268749	53.00349664	0	0	0	-414.1768944	0.001198357215	-78288.4930506323	
411.6168944	85	7	8	0.8634662886	0.001165953112	99.66723575	0.1438309887	0.1889332634	3.011117926	43.9237335	53.06514857	0	0	0	-411.6168944	0.001165953112	-79745.9807648922	
409.0568944	85	7	8	0.8636170045	0.001134142387	99.67914507	0.1394708931	0.1813840414	2.901356676	43.97344818	53.12519514	0	0	0	-409.0568944	0.001134142387	-81236.8117818992	
406.4968944	85	7	8	0.8637634045	0.001102916641	99.69077117	0.1351789654	0.1740498679	2.794486679	44.02185223	53.18366109	0	0	0	-406.4968944	0.001102916641	-82762.2751855536	
403.9368944	85	7	8	0.8639055789	0.001072267699	99.70211617	0.1309559531	0.166927873	2.690462733	44.06896626	53.24057101	0	0	0	-403.9368944	0.001072267699	-84323.7395673651	
401.3768944	85	7	8	0.8640436165	0.001042187615	99.71318232	0.1268025711	0.1600151132	2.589239866	44.11481073	53.2959494	0	0	0	-401.3768944	0.001042187615	-85922.6585706946	
398.8168944	85	7	8	0.8641776044	0.001012668661	99.72397192	0.1227194993	0.1533085763	2.490773343	44.15940603	53.34982063	0	0	0	-398.8168944	0.001012668661	-87560.5730848429	
396.2568944	85	7	8	0.8643076279	0.0009837033282	99.73448743	0.1187073811	0.1468051866	2.395018662	44.2027724	53.40220894	0	0	0	-396.2568944	0.0009837033282	-89239.1197520051	
393.6968944	85	7	8	0.8644337706	0.0009552843184	99.74473137	0.1147668212	0.1405018099	2.30193155	44.24492999	53.45313847	0	0	0	-393.6968944	0.0009552843184	-90960.035498604	
391.1368944	85	7	8	0.8645561148	0.000927404543	99.75470636	0.1108983843	0.1343952579	2.211467961	44.28589882	53.50263322	0	0	0	-391.1368944	0.000927404543	-92725.1680719696	
388.5768944	85	7	8	0.8646747409	0.0009000571169	99.76441511	0.1071025932	0.1284822932	2.123584078	44.32569882	53.5507171	0	0	0	-388.5768944	0.0009000571169	-94536.4786087989	
386.0168944	85	7	8	0.8647897283	0.0008732353539	99.77386044	0.1033799274	0.1227596333	2.038236305	44.36434981	53.59741388	0	0	0	-386.0168944	0.0008732353539	-96396.05264594	
383.4568944	85	7	8	0.8649011546	0.0008469327623	99.78304522	0.09973082142	0.1172239552	1.955381269	44.40187149	53.64274724	0	0	0	-383.4568944	0.0008469327623	-98306.1076144452	
380.8968944	85	7	8	0.8650090963	0.0008211430394	99.79197244	0.09615566375	0.1118718993	1.874975815	44.43828348	53.68674071	0	0	0	-380.8968944	0.0008211430394	-100269.002357595	
378.3368944	85	7	8	0.8651136284	0.0007958600669	99.80064513	0.09265479525	0.1067000739	1.796977003	44.47360526	53.72941773	0	0	0	-378.3368944	0.0007958600669	-102287.56024954	
375.7768944	85	7	8	0.8652148249	0.0007710780525	99.80906643	0.08922850872	0.1017050576	1.721342112	44.50785627	53.77080162	0	0	0	-375.7768944	0.0007710780525	-104360.621488284	
373.2168944	85	7	8	0.865312758	0.0007467894928	99.81723955	0.08587703973	0.09688341251	1.648028722	44.54105567	53.81091561	0	0	0	-373.2168944	0.0007467894928	-106500.767102097	
370.6568944	85	7	8	0.8654074996	0.0007229932032	99.82516775	0.0826005921	0.09223165894	1.576994319	44.57322286	53.84978282	0	0	0	-370.6568944	0.0007229932032	-108704.719930343	
368.0968944	85	7	8	0.8654991198	0.0006996795346	99.83285438	0.07939929935	0.08774631957	1.508196916	44.60437685	53.88742623	0	0	0	-368.0968944	0.0006996795346	-110969.813373761	
365.5368944	85	7	8	0.8655876877	0.0006768445982	99.84030286	0.07627324863	0.08342389611	1.441594617	44.63453665	53.92386873	0	0	0	-365.5368944	0.0006768445982	-113308.557101643	
362.9768944	85	7	8	0.8656732716	0.0006544832613	99.84751665	0.07322247382	0.07926087937	1.377145731	44.66372117	53.9591331	0	0	0	-362.9768944	0.0006544832613	-115721.546202459	
360.4168944	85	7	8	0.8657559384	0.0006325905374	99.85449929	0.07024695493	0.07525375239	1.314808768	44.69194922	53.99324201	0	0	0	-360.4168944	0.0006325905374	-118212.710087879	
357.8568944	85	7	8	0.8658357543	0.0006111615776	99.86125439	0.06734661753	0.07139899358	1.254542435	44.71923954	54.02621803	0	0	0	-357.8568944	0.0006111615776	-120786.238387224	
355.2968944	85	7	8	0.8659127845	0.0005901916636	99.86778559	0.06452133245	0.06769307969	1.19630564	44.74561074	54.05808362	0	0	0	-355.2968944	0.0005901916636	-123446.607358405	
352.7368944	85	7	8	0.8659870931	0.0005696762013	99.8740966	0.06177091542	0.06413248868	1.140057486	44.77108137	54.08886114	0	0	0	-352.7368944	0.0005696762013	-126198.602990329	
350.1768944	85	7	8	0.8660587435	0.0005496107138	99.88019117	0.05909512694	0.06071370254	1.085757273	44.79566988	54.11857285	0	0	0	-350.1768944	0.0005496107138	-129047.344979208	
347.6168944	85	7	8	0.8661277982	0.0005299908345	99.88607312	0.0564936722	0.05743321002	1.0333645	44.81939461	54.14724089	0	0	0	-347.6168944	0.0005299908345	-131998.313673011	
345.0568944	85	7	8	0.8661943187	0.0005108122999	99.89174629	0.05396620113	0.05428750922	0.982838858	44.84227385	54.1748873	0	0	0	-345.0568944	0.0005108122999	-135057.377460936	
342.4968944	85	7	8	0.8662583659	0.0004920709419	99.89721458	0.05151230859	0.05127311015	0.9341402385	44.86432575	54.20153401	0	0	0	-342.4968944	0.0004920709419	-138230.826756853	
339.9368944	85	7	8	0.8663199998	0.0004737626809	99.90248193	0.04913153459	0.04838653723	0.8872287296	44.8855684	54.22720287	0	0	0	-339.9368944	0.0004737626809	-141525.40750042	
337.3768944	85	7	8	0.8663792796	0.0004558835175	99.9075523	0.04682336473	0.04562433161	0.8420646188	44.90601979	54.25191559	0	0	0	-337.3768944	0.0004558835175	-144948.359697152	
334.8168944	85	7	8	0.8664362638	0.0004384295253	99.91242972	0.04458723071	0.04298305358	0.7986083948	44.92569783	54.27569378	0	0	0	-334.8168944	0.0004384295253	-148507.459661569	
332.2568944	85	7	8	0.8664910103	0.0004213968425	99.9171182	0.04242251088	0.04045928477	0.7568207497	44.9446203	54.29855895	0	0	0	-332.2568944	0.0004213968425	-152211.065544549	
329.6968944	85	7	8	0.866543576	0.0004047816642	99.92162184	0.04032853105	0.03804963035	0.7166625821	44.96280494	54.32053248	0	0	0	-329.6968944	0.0004047816642	-156069.130623573	
327.1368944	85	7	8	0.8665940175	0.0003885804264	99.92594471	0.03830456383	0.03575072246	0.6780949812	44.98026934	54.34163567	0	0	0	-327.1368944	0.0003885804264	-160088.230267908	
324.5768944	85	7	8	0.8666423902	0.0003727888129	99.93009095	0.03634983538	0.03355921709	0.6410793094	44.99703103	54.36188966	0	0	0	-324.5768944	0.0003727888129	-164281.269146011	
322.0168944	85	7	8	0.8666887494	0.0003574037638	99.93406468	0.03446351789	0.03147180377	0.6055770855	45.01310741	54.3813155	0	0	0	-322.0168944	0.0003574037638	-168661.08838572	
319.4568944	85	7	8	0.8667331494	0.0003424214	99.93787006	0.03264473641	0.02948520249	0.5715500733	45.02851582	54.39993411	0	0	0	-319.4568944	0.0003424214	-173236.814175793	
316.8968944	85	7	8	0.8667756439	0.0003278380754	99.94151126	0.03089256871	0.0275961668	0.5389602654	45.04327344	54.41776629	0	0	0	-316.8968944	0.0003278380754	-178022.649273145	
314.3368944	85	7	8	0.8668162861	0.0003136501489	99.94499247	0.0292060467	0.02580148568	0.5077698902	45.0573974	54.43483271	0	0	0	-314.3368944	0.0003136501489	-183260.600645671	
311.7768944	85	7	8	0.8668551286	0.0002998868219	99.94831786	0.02758415755	0.02409798514	0.4779414222	45.07090467	54.45115391	0	0	0	-311.7768944	0.0002998868219	-188509.091500964	
309.2168944	85	7	8	0.8668922232	0.0002864802861	99.95149162	0.02602584658	0.02248253067	0.4494375739	45.08381215	54.46675028	0	0	0	-309.2168944	0.0002864802861	-193811.761394049	
306.6568944	85	7	8	0.8669276212	0.0002734582509	99.95451796	0.02453001711	0.02095202781	0.422221329	45.09613659	54.48164208	0	0	0	-306.6568944	0.0002734582509	-199595.530090696	
304.0968944	85	7	8	0.8669613733	0.0002608171053	99.95740104	0.02309553339	0.01950342459	0.3962559339	45.10789463	54.49584943	0	0	0	-304.0968944	0.0002608171053	-205674.515876209	
301.5368944	85	7	8	0.8669935295	0.0002485531282	99.96014506	0.02172122218	0.01813371293	0.3715049121	45.1191028	54.50939229	0	0	0	-301.5368944	0.0002485531282	-188453.14092105	
300	85	7	8	0.8670120885	0.000143477416	99.96172737	0.02092455981	0.01734806969	0.3572139383	45.12557429	54.51721177	0	0	0	-300	0.000143477416	159200.055354051	
