T	w(AL)	w(MG)	w(SI)	fs	fw(@FCC_A1)	w(AL@FCC_A1)	w(MG@FCC_A1)	w(SI@FCC_A1)	w(AL@LIQUID)	w(MG@LIQUID)	w(SI@LIQUID)	dwdT_L(AL@LIQUID)	dwdT_L(MG@LIQUID)	dwdT_L(SI@LIQUID)	-T	fw(@FCC_A1)_1	-T//fw(@FCC_A1)	
K	%	%	%	mole/mole	kg/kg	%	%	%	%	%	%	SI	SI	SI				
866.9475555	86	10	4	0	0	97.25599954	2.495646868	0.248353588	86	10	4	0.002334838026	-0.00155661665	-0.0007782213762	-866.9475555	0	23.9932228645517	
866.9375555	86	10	4	0.0002061492048	0.0002075281966	97.25570027	2.495920487	0.248379244	85.99766513	10.00155673	4.000778143	0	0	0	-866.9375555	0.0002075281966	72.3792235193524	
866.9175555	86	10	4	0.0006179859233	0.0004147129731	97.2551018	2.496467643	0.2484305619	85.99299524	10.00467003	4.002334725	0	0	0	-866.9175555	0.0004147129731	96.5498665457869	
866.8775555	86	10	4	0.001440828965	0.0008288550887	97.25390481	2.497562029	0.2485331589	85.98365448	10.01089712	4.005448402	0	0	0	-866.8775555	0.0008288550887	96.6390807484617	
866.7975555	86	10	4	0.003083236096	0.001655757038	97.2515126	2.499749272	0.2487381272	85.96496928	10.02335284	4.011677874	0	0	0	-866.7975555	0.001655757038	96.8611209725174	
866.6375555	86	10	4	0.006354987981	0.003303725454	97.24673376	2.50411902	0.2491472243	85.92758417	10.04827055	4.024145278	0	0	0	-866.6375555	0.003303725454	97.3194658256876	
866.3175555	86	10	4	0.01284666971	0.006576489423	97.23719834	2.512839595	0.2499620599	85.8527551	10.09813102	4.049113884	0	0	0	-866.3175555	0.006576489423	98.3152435364866	
865.6775555	86	10	4	0.02560908595	0.0130167382	97.21822039	2.530200313	0.2515792969	85.70286215	10.19794031	4.09919754	0	0	0	-865.6775555	0.0130167382	100.361429972683	
864.3975555	86	10	4	0.05031690451	0.02553162327	97.18062626	2.564611678	0.2547620646	85.40213413	10.39794032	4.199925547	0	0	0	-864.3975555	0.02553162327	104.375938982616	
861.8375555	86	10	4	0.09668079248	0.04916164097	97.10687072	2.632208979	0.2609202969	84.79692832	10.79947383	4.403597853	0	0	0	-861.8375555	0.04916164097	-1654.86493990175	
859.2775555	86	10	4	0.1392681702	0.04748845685	97.03489414	2.698331639	0.2667742208	84.18679182	11.20336469	4.609843492	0	0	0	-859.2775555	0.04748845685	-1582.96479653812	
856.7175555	86	10	4	0.1784963887	0.0459203926	96.96466495	2.763009702	0.2723253526	83.57178558	11.60960373	4.818610682	0	0	0	-856.7175555	0.0459203926	-1687.5515698484	
854.1575555	86	10	4	0.2147259521	0.04444840838	96.89615108	2.826273512	0.2775754041	82.95198985	12.01816882	5.029841323	0	0	0	-854.1575555	0.04444840838	-1794.89521949816	
851.5975555	86	10	4	0.2482680741	0.04306265873	96.82932039	2.888153164	0.2825264423	82.32750308	12.42902407	5.243472851	0	0	0	-851.5975555	0.04306265873	-1903.70930229922	
849.0375555	86	10	4	0.2793927003	0.0417544608	96.76414065	2.948678483	0.2871808669	81.69844304	12.84211933	5.459437631	0	0	0	-849.0375555	0.0417544608	-2013.62941301781	
846.4775555	86	10	4	0.3083350482	0.04051615286	96.70057957	3.007879039	0.2915413942	81.0649474	13.25739007	5.677662527	0	0	0	-846.4775555	0.04051615286	-2124.29812034004	
843.9175555	86	10	4	0.3353009556	0.03934095474	96.6386048	3.065784156	0.2956110445	80.42717428	13.67475718	5.898068543	0	0	0	-843.9175555	0.03934095474	-2235.35964057603	
841.3575555	86	10	4	0.3604712835	0.03822285244	96.57818396	3.122422913	0.2993931299	79.78530248	14.09412698	6.120570539	0	0	0	-841.3575555	0.03822285244	-2346.4689548256	
838.7975555	86	10	4	0.3840055612	0.03715650199	96.51928463	3.177824132	0.3028912434	79.13953168	14.51539131	6.345077018	0	0	0	-838.7975555	0.03715650199	-2457.30143702871	
836.2375555	86	10	4	0.40604502	0.03613714905	96.46187439	3.232016359	0.3061092497	78.49008237	14.93842762	6.571490008	0	0	0	-836.2375555	0.03613714905	-2567.56277860083	
833.6775555	86	10	4	0.426715133	0.03516056127	96.40592088	3.28502785	0.3090512746	77.83719559	15.36309938	6.79970503	0	0	0	-833.6775555	0.03516056127	-2676.99847970481	
831.1175555	86	10	4	0.4461277493	0.03422297092	96.35139177	3.336886532	0.3117216958	77.18113238	15.78925646	7.029611158	0	0	0	-831.1175555	0.03422297092	-2785.40251112304	
828.5575555	86	10	4	0.4643828979	0.03332102592	96.29825488	3.387619982	0.3141251335	76.52217307	16.21673574	7.261091188	0	0	0	-828.5575555	0.03332102592	-2892.62489403592	
825.9975555	86	10	4	0.4815703169	0.03245174773	96.24647818	3.437255385	0.3162664391	75.86061624	16.64536187	7.494021891	0	0	0	-825.9975555	0.03245174773	-2998.57740601452	
823.4375555	86	10	4	0.4977707565	0.0316124946	96.19602981	3.485819503	0.3181506854	75.1967775	17.07494811	7.728274381	0	0	0	-823.4375555	0.0316124946	-3103.23745561171	
820.8775555	86	10	4	0.5130570923	0.03080092936	96.14687821	3.533338637	0.3197831542	74.53098801	17.50529742	7.963714567	0	0	0	-820.8775555	0.03080092936	-3206.64987274761	
818.3175555	86	10	4	0.5274952805	0.03001499067	96.09899208	3.579838591	0.3211693238	73.86359273	17.93620357	8.200203706	0	0	0	-818.3175555	0.03001499067	-3308.92629808823	
815.7575555	86	10	4	0.5411451795	0.02925286708	96.05234051	3.625344637	0.3223148557	73.19494849	18.36745248	8.43759903	0	0	0	-815.7575555	0.02925286708	-3410.2427758993	
813.1975555	86	10	4	0.5540612585	0.02851297342	96.00689294	3.66988148	0.3232255799	72.52542195	18.79882359	8.67575446	0	0	0	-813.1975555	0.02851297342	-3510.83534921687	
810.6375555	86	10	4	0.5662932109	0.02779392892	95.96261929	3.713473233	0.3239074795	71.85538727	19.23009137	8.914521368	0	0	0	-810.6375555	0.02779392892	-3610.99416026949	
808.0775555	86	10	4	0.5778864864	0.02709453688	95.91948994	3.756143387	0.3243666741	71.18522379	19.66102681	9.1537494	0	0	0	-808.0775555	0.02709453688	-3711.05683508657	
805.5175555	86	10	4	0.5888827526	0.02641376566	95.87747581	3.797914788	0.3246094034	70.51531359	20.09139908	9.39328733	0	0	0	-805.5175555	0.02641376566	-3811.40266719527	
802.9575555	86	10	4	0.5993202983	0.02575073128	95.83654838	3.838809611	0.3246420104	69.84603898	20.52097708	9.632983939	0	0	0	-802.9575555	0.02575073128	-3912.43750214036	
800.3975555	86	10	4	0.6092343841	0.02510467808	95.79667971	3.878849365	0.3244709204	69.17778009	20.94953104	9.872688873	0	0	0	-800.3975555	0.02510467808	-4014.58364797019	
797.8375555	86	10	4	0.6186575488	0.02447496271	95.75784249	3.91805489	0.324102622	68.5109125	21.376834	10.1122535	0	0	0	-797.8375555	0.02447496271	-4118.29416224723	
795.2775555	86	10	4	0.6276198798	0.02386104367	95.72001003	3.956446321	0.323543653	67.84580489	21.80266336	10.35153176	0	0	0	-795.2775555	0.02386104367	-4224.02983452226	
792.7175555	86	10	4	0.6361492488	0.0232624621	95.68315631	3.994043108	0.3228005796	67.18281683	22.22680222	10.59038095	0	0	0	-792.7175555	0.0232624621	-4332.24154414198	
790.1575555	86	10	4	0.644271519	0.02267882945	95.647256	4.030864017	0.3218799788	66.52229685	22.64904066	10.82866248	0	0	0	-790.1575555	0.02267882945	-4443.38090998395	
787.5975555	86	10	4	0.6520107282	0.02210981561	95.61228444	4.066927143	0.3207884199	65.86458062	23.0691769	11.06624249	0	0	0	-787.5975555	0.02210981561	-4557.89267443404	
785.0375555	86	10	4	0.6593892504	0.02155513758	95.57821763	4.102249919	0.3195324489	65.20998928	23.48701824	11.30299248	0	0	0	-785.0375555	0.02155513758	-4676.20950778745	
782.4775555	86	10	4	0.6664279389	0.02101454927	95.54503229	4.136849134	0.3181185719	64.55882818	23.902382	11.53878982	0	0	0	-782.4775555	0.02101454927	-4798.74914585097	
779.9175555	86	10	4	0.6731462532	0.02048783237	95.51270581	4.170740947	0.3165532404	63.91138563	24.31509617	11.7735182	0	0	0	-779.9175555	0.02048783237	-4925.91263568401	
777.3575555	86	10	4	0.6795623725	0.01997478843	95.48121625	4.203940907	0.314842838	63.2679321	24.72499998	12.00706792	0	0	0	-777.3575555	0.01997478843	-5058.08268659005	
774.7975555	86	10	4	0.6856932965	0.01947523188	95.45054235	4.23646398	0.3129936672	62.6287195	25.1319443	12.23933621	0	0	0	-774.7975555	0.01947523188	-5195.6232544114	
772.2375555	86	10	4	0.691554936	0.01898898432	95.4206635	4.268324563	0.3110119384	61.99398075	25.53579189	12.47022736	0	0	0	-772.2375555	0.01898898432	-5338.87925088959	
769.6775555	86	10	4	0.6971621946	0.01851586962	95.39155973	4.299536515	0.3089037602	61.36392959	25.93641756	12.69965285	0	0	0	-769.6775555	0.01851586962	-5488.17635792549	
767.1175555	86	10	4	0.7025290422	0.01805571009	95.3632117	4.330113172	0.30667513	60.73876054	26.33370809	12.92753137	0	0	0	-767.1175555	0.01805571009	-5643.82186886312	
764.5575555	86	10	4	0.7076685817	0.01760832348	95.3356007	4.360067378	0.3043319271	60.11864907	26.72756217	13.15378876	0	0	0	-764.5575555	0.01760832348	-5806.10511901373	
761.9975555	86	10	4	0.7125931096	0.01717352076	95.30870859	4.389411502	0.3018799062	59.50375191	27.11789016	13.37835793	0	0	0	-761.9975555	0.01717352076	-5978.32568567724	
759.4375555	86	10	4	0.7173143015	0.01675151427	95.28251636	4.418158944	0.2993246997	58.89419992	27.50461916	13.60118092	0	0	0	-759.4375555	0.01675151427	-6152.66830440755	
756.8775555	86	10	4	0.7218428022	0.01634104193	95.25700978	4.446318471	0.2966717491	58.29012985	27.88767122	13.82219894	0	0	0	-756.8775555	0.01634104193	-6333.61850544903	
754.3175555	86	10	4	0.7261888689	0.01594276208	95.23217114	4.473902411	0.2939264529	57.69163711	28.26699488	14.04136801	0	0	0	-754.3175555	0.01594276208	-6526.70451718279	
751.7575555	86	10	4	0.7303620825	0.01555622142	95.20798451	4.500921457	0.2910940278	57.09880921	28.64254348	14.25864731	0	0	0	-751.7575555	0.01555622142	-6725.9505770475	
749.1975555	86	10	4	0.7343714525	0.01518118397	95.18443452	4.527385929	0.2881795506	56.51171827	29.01427982	14.47400191	0	0	0	-749.1975555	0.01518118397	-6933.23695915512	
746.6375555	86	10	4	0.7382254537	0.01481740648	95.16150625	4.553305789	0.285187958	55.93042184	29.3821757	14.68740247	0	0	0	-746.6375555	0.01481740648	-7148.76211500212	
744.0775555	86	10	4	0.7419320606	0.01446463786	95.13918529	4.578690666	0.282124047	55.35496377	29.74621132	14.89882492	0	0	0	-744.0775555	0.01446463786	-7372.70357203335	
741.5175555	86	10	4	0.7454987788	0.01412262031	95.11745766	4.603549861	0.2789924755	54.78537517	30.1063747	15.10825013	0	0	0	-741.5175555	0.01412262031	-7605.23060661423	
738.9575555	86	10	4	0.7489326747	0.01379109046	95.09630987	4.62789237	0.2757977639	54.22167528	30.46266112	15.3156636	0	0	0	-738.9575555	0.01379109046	-7846.50318931575	
736.3975555	86	10	4	0.7522404031	0.01346978045	95.07572881	4.651726891	0.2725442967	53.66387236	30.81507256	15.52105508	0	0	0	-736.3975555	0.01346978045	-8096.67339506183	
733.8375555	86	10	4	0.7554282325	0.01315841918	95.05570184	4.675061837	0.2692363247	53.11196458	31.16361711	15.72441831	0	0	0	-733.8375555	0.01315841918	-8355.8855284746	
731.2775555	86	10	4	0.7585020697	0.01285673336	95.03621668	4.69790535	0.2658779674	52.56594088	31.50830846	15.92575066	0	0	0	-731.2775555	0.01285673336	-8624.27632073148	
728.7175555	86	10	4	0.7614674817	0.01256444866	95.01726148	4.720265307	0.2624732159	52.02578177	31.84916539	16.12505284	0	0	0	-728.7175555	0.01256444866	-8901.97662096905	
726.1575555	86	10	4	0.7643297172	0.01228129076	94.99882473	4.742149335	0.2590259354	51.49146011	32.18621127	16.32232861	0	0	0	-726.1575555	0.01228129076	-9189.11057767151	
723.5975555	86	10	4	0.7670937259	0.01200698628	94.98089532	4.763564814	0.2555398682	50.96294191	32.51947357	16.51758451	0	0	0	-723.5975555	0.01200698628	-9485.79687769211	
721.0375555	86	10	4	0.7697641772	0.01174126373	94.96346247	4.784518889	0.2520186372	50.44018698	32.84898344	16.71082958	0	0	0	-721.0375555	0.01174126373	-9792.14862605977	
718.4775555	86	10	4	0.7723454773	0.01148385426	94.94651577	4.805018478	0.2484657485	49.92314963	33.17477528	16.90207509	0	0	0	-718.4775555	0.01148385426	-10108.2743079075	
715.9175555	86	10	4	0.7748417853	0.01123449246	94.93004513	4.825070275	0.2448845947	49.41177927	33.49688638	17.09133436	0	0	0	-715.9175555	0.01123449246	-10434.2774364275	
713.3575555	86	10	4	0.7772570287	0.01099291692	94.91404078	4.844680762	0.241278458	48.90602102	33.81535649	17.27862248	0	0	0	-713.3575555	0.01099291692	-10770.2571530419	
710.7975555	86	10	4	0.779594917	0.01075887086	94.89849328	4.863856211	0.2376505134	48.40581626	34.13022758	17.46395616	0	0	0	-710.7975555	0.01075887086	-11116.3088963551	
708.2375555	86	10	4	0.7818589557	0.01053210256	94.88339347	4.882602695	0.2340038316	47.91110307	34.44154344	17.64735349	0	0	0	-708.2375555	0.01053210256	-11472.5234312175	
705.6775555	86	10	4	0.7840524581	0.01031236577	94.86873253	4.900926087	0.2303413822	47.42181677	34.74934945	17.82883378	0	0	0	-705.6775555	0.01031236577	-11838.9885584691	
703.1175555	86	10	4	0.7861785572	0.01009942006	94.85450189	4.918832069	0.2266660363	46.93789029	35.0536923	18.00841741	0	0	0	-703.1175555	0.01009942006	-12215.7879724559	
700.5575555	86	10	4	0.7882402167	0.009893031043	94.84069329	4.936326139	0.2229805695	46.45925459	35.35461974	18.18612568	0	0	0	-700.5575555	0.009893031043	-12603.0017668179	
697.9975555	86	10	4	0.7902402413	0.009692970608	94.82729873	4.95341361	0.2192876647	45.985839	35.65218037	18.36198063	0	0	0	-697.9975555	0.009692970608	-13000.7094208982	
695.4375555	86	10	4	0.7921812859	0.009499017119	94.81431047	4.97009962	0.2155899147	45.51757155	35.94642346	18.53600498	0	0	0	-695.4375555	0.009499017119	-13408.9819616351	
692.8775555	86	10	4	0.794065865	0.00931095531	94.80172104	4.986389132	0.2118898246	45.05437928	36.23739875	18.70822197	0	0	0	-692.8775555	0.00931095531	-13827.8925329603	
690.3175555	86	10	4	0.7958963608	0.00912857667	94.78952324	5.002286943	0.2081898143	44.59618846	36.52515628	18.87865526	0	0	0	-690.3175555	0.00912857667	-14257.5110639872	
687.7575555	86	10	4	0.7976750312	0.008951679147	94.7777101	5.017797681	0.2044922212	44.14292489	36.80974627	19.04732884	0	0	0	-687.7575555	0.008951679147	-14697.9006823608	
685.1975555	86	10	4	0.7994040171	0.008780067308	94.76627488	5.032925817	0.2007993019	43.69451406	37.09121897	19.21426697	0	0	0	-685.1975555	0.008780067308	-15149.1259840262	
682.6375555	86	10	4	0.8010853493	0.008613552236	94.7552111	5.047675662	0.1971132347	43.2508814	37.36962455	19.37949405	0	0	0	-682.6375555	0.008613552236	-15611.2471683815	
680.0775555	86	10	4	0.8027209553	0.008451951463	94.74451251	5.062051371	0.1934361215	42.81195239	37.645013	19.54303461	0	0	0	-680.0775555	0.008451951463	-16084.3223707154	
677.5175555	86	10	4	0.8043126647	0.008295088881	94.73417306	5.076056951	0.18976999	42.37765278	37.91743404	19.70491318	0	0	0	-677.5175555	0.008295088881	-16568.4072921568	
674.9575555	86	10	4	0.8058622153	0.008142794625	94.72418695	5.08969626	0.1861167951	41.94790867	38.18693703	19.86515431	0	0	0	-674.9575555	0.008142794625	-17063.5550882374	
672.3975555	86	10	4	0.8073712585	0.007994904947	94.71454857	5.10297301	0.1824784212	41.52264667	38.45357089	20.02378245	0	0	0	-672.3975555	0.007994904947	-17569.8168491869	
669.8375555	86	10	4	0.8088413639	0.00785126208	94.70525254	5.115890774	0.1788566837	41.10179398	38.71738406	20.18082195	0	0	0	-669.8375555	0.00785126208	-18087.2411671275	
667.2775555	86	10	4	0.8102740244	0.007711714082	94.69629369	5.128452984	0.1752533306	40.68527851	38.97842446	20.33629703	0	0	0	-667.2775555	0.007711714082	-18615.8745637622	
664.7175555	86	10	4	0.8116706603	0.007576114688	94.68766702	5.140662934	0.1716700439	40.27302893	39.23673938	20.49023168	0	0	0	-664.7175555	0.007576114688	-19155.7613828486	
662.1575555	86	10	4	0.8130326233	0.00744432314	94.67936777	5.152523788	0.1681084414	39.86497477	39.49237551	20.64264972	0	0	0	-662.1575555	0.00744432314	-19706.943606049	
659.5975555	86	10	4	0.8143612006	0.007316204025	94.67139134	5.164038577	0.164570078	39.46104643	39.74537888	20.79357469	0	0	0	-659.5975555	0.007316204025	-20269.4612456453	
657.0375555	86	10	4	0.8156576186	0.007191627105	94.66373335	5.175210203	0.161056447	39.06117532	39.99579479	20.94302989	0	0	0	-657.0375555	0.007191627105	-20843.3523444887	
654.4775555	86	10	4	0.8169230457	0.00707046715	94.65638958	5.186041441	0.1575689811	38.6652938	40.24366789	21.09103832	0	0	0	-654.4775555	0.00707046715	-21428.6527250839	
651.9175555	86	10	4	0.8181585963	0.006952603764	94.649356	5.196534944	0.1541090544	38.27333528	40.48904204	21.23762268	0	0	0	-651.9175555	0.006952603764	-22025.3958499785	
649.3575555	86	10	4	0.8193653329	0.006837921217	94.64262878	5.20669324	0.1506779827	37.88523425	40.73196038	21.38280537	0	0	0	-649.3575555	0.006837921217	-22633.6134783838	
646.7975555	86	10	4	0.8205442698	0.006726308281	94.63620423	5.216518741	0.1472770254	37.50092626	40.9724653	21.52660845	0	0	0	-646.7975555	0.006726308281	-23253.3351953336	
644.2375555	86	10	4	0.821696375	0.006617658061	94.63007888	5.226013736	0.1439073861	37.12034797	41.2105984	21.66905363	0	0	0	-644.2375555	0.006617658061	-23884.5885560412	
641.6775555	86	10	4	0.822822573	0.006511867837	94.62424938	5.235180403	0.1405702136	36.74343716	41.44640054	21.8101623	0	0	0	-641.6775555	0.006511867837	-24527.3990826512	
639.1175555	86	10	4	0.823923747	0.006408838902	94.61871259	5.244020803	0.1372666034	36.37013274	41.67991178	21.94995548	0	0	0	-639.1175555	0.006408838902	-25181.7899642062	
636.5575555	86	10	4	0.8250007413	0.006308476408	94.61346552	5.252536883	0.1339975984	36.00037473	41.91117143	22.08845384	0	0	0	-636.5575555	0.006308476408	-25847.782504898	
633.9975555	86	10	4	0.8260543631	0.006210689216	94.60850533	5.260730484	0.1307641894	35.6341043	42.14021801	22.22567769	0	0	0	-633.9975555	0.006210689216	-26525.3961397026	
631.4375555	86	10	4	0.8270853845	0.00611538975	94.60382935	5.268603334	0.127567317	35.27126373	42.36708928	22.36164699	0	0	0	-631.4375555	0.00611538975	-27214.6479350472	
628.8775555	86	10	4	0.8280945444	0.006022493852	94.59943507	5.276157054	0.1244078716	34.91179645	42.59182224	22.49638132	0	0	0	-628.8775555	0.006022493852	-27915.5527312573	
626.3175555	86	10	4	0.8290825502	0.005931920646	94.59532015	5.28339316	0.1212866947	34.55564698	42.81445312	22.6298999	0	0	0	-626.3175555	0.005931920646	-28628.1233542076	
623.7575555	86	10	4	0.8300500793	0.005843592404	94.59148236	5.290313062	0.1182045795	34.20276098	43.03501743	22.76222159	0	0	0	-623.7575555	0.005843592404	-29352.3704751549	
621.1975555	86	10	4	0.8309977805	0.005757434418	94.58791966	5.296918068	0.115162272	33.85308518	43.25354991	22.89336491	0	0	0	-621.1975555	0.005757434418	-30088.3025356927	
618.6375555	86	10	4	0.831926276	0.005673374875	94.58463015	5.303209383	0.1121604717	33.50656743	43.47008458	23.02334799	0	0	0	-618.6375555	0.005673374875	-30835.9255222134	
616.0775555	86	10	4	0.832836162	0.005591344737	94.58161206	5.30918811	0.1091998323	33.16315663	43.68465474	23.15218863	0	0	0	-616.0775555	0.005591344737	-31595.24347585	
613.5175555	86	10	4	0.8337280106	0.005511277628	94.57886378	5.314855255	0.1062809625	32.82280275	43.89729299	23.27990426	0	0	0	-613.5175555	0.005511277628	-32366.2576538601	
610.9575555	86	10	4	0.8346023703	0.005433109719	94.57638385	5.320211723	0.1034044268	32.48545682	44.10803121	23.40651197	0	0	0	-610.9575555	0.005433109719	-33148.9674593108	
608.3975555	86	10	4	0.8354597681	0.005356779628	94.57417093	5.325258322	0.1005707463	32.15107088	44.3169006	23.53202852	0	0	0	-608.3975555	0.005356779628	-33943.3696914156	
605.8375555	86	10	4	0.8363007096	0.005282228311	94.57222384	5.329995764	0.09778039942	31.81959801	44.52393169	23.6564703	0	0	0	-605.8375555	0.005282228311	-34749.458158891	
603.2775555	86	10	4	0.8371256806	0.005209398968	94.57054151	5.334424666	0.09503382258	31.49099226	44.72915435	23.77985339	0	0	0	-603.2775555	0.005209398968	-35567.224502819	
600.7175555	86	10	4	0.8379351479	0.005138236947	94.56912304	5.338545547	0.09233141099	31.16520869	44.93259778	23.90219353	0	0	0	-600.7175555	0.005138236947	-36396.6575951906	
598.1575555	86	10	4	0.83872956	0.005068689655	94.56796765	5.342358835	0.08967351934	30.8422033	45.13429055	24.02350614	0	0	0	-598.1575555	0.005068689655	-37237.7443028877	
595.5975555	86	10	4	0.8395093483	0.005000706473	94.56707467	5.345864864	0.0870604626	30.52193306	45.33426062	24.14380632	0	0	0	-595.5975555	0.005000706473	-38090.4673752208	
593.0375555	86	10	4	0.8402749277	0.004934238667	94.56644361	5.349063875	0.08449251665	30.20435584	45.53253531	24.26310885	0	0	0	-593.0375555	0.004934238667	-38954.8079861725	
590.4775555	86	10	4	0.8410266973	0.004869239319	94.56607406	5.351956019	0.08196991907	29.88943044	45.72914136	24.38142821	0	0	0	-590.4775555	0.004869239319	-39830.7435869116	
587.9175555	86	10	4	0.8417650414	0.004805663239	94.56596578	5.354541353	0.07949286985	29.57711654	45.92410489	24.49877856	0	0	0	-587.9175555	0.004805663239	-40718.2487331227	
585.3575555	86	10	4	0.8424903298	0.004743466904	94.56611862	5.356819845	0.07706153208	29.26737472	46.11745149	24.61517379	0	0	0	-585.3575555	0.004743466904	-41617.2948777768	
582.7975555	86	10	4	0.8432029188	0.004682608378	94.56653259	5.358791374	0.07467603272	28.96016638	46.30920615	24.73062746	0	0	0	-582.7975555	0.004682608378	-42527.8501754347	
580.2375555	86	10	4	0.8439031514	0.004623047255	94.56720781	5.360455728	0.07233646328	28.65545379	46.49939332	24.84515289	0	0	0	-580.2375555	0.004623047255	-43449.8802933782	
577.6775555	86	10	4	0.8445913584	0.004564744589	94.56814451	5.361812605	0.07004288061	28.35320002	46.68803691	24.95876307	0	0	0	-577.6775555	0.004564744589	-44383.3455403784	
575.1175555	86	10	4	0.8452678587	0.004507662834	94.56934307	5.362861619	0.06779530756	28.05336896	46.87516029	25.07147075	0	0	0	-575.1175555	0.004507662834	-45328.2036560016	
572.5575555	86	10	4	0.8459329595	0.004451765788	94.57080398	5.36360229	0.06559373378	27.75592526	47.06078634	25.1832884	0	0	0	-572.5575555	0.004451765788	-46284.4097900417	
569.9975555	86	10	4	0.8465869573	0.004397018538	94.57252783	5.364034054	0.06343811641	27.46083438	47.24493741	25.29422821	0	0	0	-569.9975555	0.004397018538	-47251.9134940937	
567.4375555	86	10	4	0.8472301384	0.004343387402	94.57451536	5.364156258	0.06132838085	27.16806251	47.42763536	25.40430213	0	0	0	-567.4375555	0.004343387402	-48230.6608732988	
564.8775555	86	10	4	0.8478627786	0.004290839884	94.57676741	5.363968164	0.05926442153	26.87757656	47.60890159	25.51352185	0	0	0	-564.8775555	0.004290839884	-49220.5938740634	
562.3175555	86	10	4	0.8484851445	0.00423934462	94.57928495	5.363468944	0.05724610261	26.5893442	47.78875699	25.62189881	0	0	0	-562.3175555	0.00423934462	-50221.6503978531	
559.7575555	86	10	4	0.8490974935	0.004188871337	94.58206906	5.362657686	0.05527325878	26.30333377	47.96722203	25.7294442	0	0	0	-559.7575555	0.004188871337	-51233.7641847484	
557.1975555	86	10	4	0.8497000742	0.004139390804	94.58512091	5.36153339	0.05334569602	26.01951432	48.1443167	25.83616898	0	0	0	-557.1975555	0.004139390804	-52256.8629254132	
554.6375555	86	10	4	0.8502931267	0.004090874791	94.58844184	5.360094972	0.05146319234	25.73785556	48.32006055	25.94208388	0	0	0	-554.6375555	0.004090874791	-53290.8699435146	
552.0775555	86	10	4	0.8508768831	0.004043296028	94.59203324	5.358341259	0.04962549862	25.45832789	48.49447273	26.04719939	0	0	0	-552.0775555	0.004043296028	-54335.7050228083	
549.5175555	86	10	4	0.8514515679	0.003996628169	94.59589667	5.356270994	0.04783233931	25.18090231	48.66757192	26.15152577	0	0	0	-549.5175555	0.003996628169	-55391.2822005938	
546.9575555	86	10	4	0.8520173979	0.003950845751	94.60003375	5.353882836	0.04608341329	24.90555049	48.83937644	26.25507307	0	0	0	-546.9575555	0.003950845751	-56457.5069786849	
544.3975555	86	10	4	0.8525745829	0.003905924157	94.60444625	5.351175355	0.04437839459	24.63224469	49.00990417	26.35785114	0	0	0	-544.3975555	0.003905924157	-57534.2833286881	
541.8375555	86	10	4	0.8531233261	0.00386183959	94.60913603	5.348147038	0.04271693327	24.3609578	49.17917262	26.45986959	0	0	0	-541.8375555	0.00386183959	-58621.5082379511	
539.2775555	86	10	4	0.8536638237	0.003818569031	94.61410506	5.344796287	0.04109865614	24.09166327	49.34719889	26.56113784	0	0	0	-539.2775555	0.003818569031	-59719.0700802642	
536.7175555	86	10	4	0.8541962658	0.003776090213	94.61935541	5.341121418	0.03952316763	23.82433517	49.51399973	26.6616651	0	0	0	-536.7175555	0.003776090213	-60826.8547919025	
534.1575555	86	10	4	0.8547208366	0.003734381592	94.62488929	5.337120661	0.03799005057	23.55894809	49.67959151	26.7614604	0	0	0	-534.1575555	0.003734381592	-61944.7383776385	
531.5975555	86	10	4	0.8552377142	0.003693422313	94.63070897	5.332792163	0.03649886699	23.2954772	49.84399025	26.86053255	0	0	0	-531.5975555	0.003693422313	-63072.5916000992	
529.0375555	86	10	4	0.8557470712	0.00365319219	94.63681686	5.328133985	0.03504915898	23.03389822	50.00721159	26.95889019	0	0	0	-529.0375555	0.00365319219	-64210.2781290175	
526.4775555	86	10	4	0.8562490748	0.003613671673	94.64321545	5.323144105	0.0336404495	22.77418738	50.16927086	27.05654176	0	0	0	-526.4775555	0.003613671673	-65357.6522934504	
523.9175555	86	10	4	0.8567438871	0.003574841827	94.64990734	5.317820413	0.03227224319	22.51632144	50.33018304	27.15349553	0	0	0	-523.9175555	0.003574841827	-66514.5629904972	
521.3575555	86	10	4	0.857231665	0.003536684307	94.65689526	5.312160718	0.0309440272	22.26027766	50.48996276	27.24975957	0	0	0	-521.3575555	0.003536684307	-67680.8503729419	
518.7975555	86	10	4	0.8577125608	0.003499181335	94.66418199	5.306162742	0.02965527204	22.00603382	50.64862437	27.34534181	0	0	0	-518.7975555	0.003499181335	-68856.3453654038	
516.2375555	86	10	4	0.858186722	0.003462315677	94.67177044	5.299824125	0.0284054324	21.75356817	50.80618186	27.44024996	0	0	0	-516.2375555	0.003462315677	-70040.8693737412	
513.6775555	86	10	4	0.8586542918	0.003426070622	94.67966363	5.293142422	0.02719394797	21.50285945	50.96264894	27.53449161	0	0	0	-513.6775555	0.003426070622	-71234.2380583923	
511.1175555	86	10	4	0.859115409	0.003390429965	94.68786465	5.286115102	0.02602024433	21.25388686	51.11803899	27.62807415	0	0	0	-511.1175555	0.003390429965	-72436.2542484903	
508.5575555	86	10	4	0.8595702082	0.003355377981	94.69637671	5.278739554	0.02488373369	21.00663007	51.27236512	27.72100482	0	0	0	-508.5575555	0.003355377981	-73646.7124652961	
505.9975555	86	10	4	0.8600188201	0.003320899414	94.7052031	5.27101308	0.02378381582	20.76106918	51.42564013	27.81329069	0	0	0	-505.9975555	0.003320899414	-74865.3960224823	
503.4375555	86	10	4	0.8604613715	0.003286979451	94.71434722	5.262932901	0.02271987883	20.51718478	51.57787654	27.90493869	0	0	0	-503.4375555	0.003286979451	-76092.0770897175	
500.8775555	86	10	4	0.8608979856	0.003253603712	94.72381254	5.254496155	0.0216913	20.27495784	51.72908658	27.99595558	0	0	0	-500.8775555	0.003253603712	-77326.5217799835	
498.3175555	86	10	4	0.8613287818	0.003220758231	94.73360266	5.245699896	0.02069744664	20.03436979	51.87928222	28.08634799	0	0	0	-498.3175555	0.003220758231	-78568.4772016868	
495.7575555	86	10	4	0.8617538762	0.003188429436	94.74372123	5.236541096	0.01973767688	19.79540248	52.02847515	28.17612236	0	0	0	-495.7575555	0.003188429436	-79817.6823739981	
493.1975555	86	10	4	0.8621733813	0.003156604141	94.75417201	5.227016646	0.01881134051	19.55803816	52.1766768	28.26528503	0	0	0	-493.1975555	0.003156604141	-81073.8658929357	
490.6375555	86	10	4	0.8625874068	0.003125269526	94.76495887	5.217123355	0.0179177798	19.3222595	52.32389833	28.35384217	0	0	0	-490.6375555	0.003125269526	-82336.7397801627	
488.0775555	86	10	4	0.8629960589	0.003094413125	94.77608572	5.206857951	0.0170563303	19.08804954	52.47015065	28.44179981	0	0	0	-488.0775555	0.003094413125	-83606.0032439878	
485.5175555	86	10	4	0.863399441	0.003064022811	94.7875566	5.196217083	0.01622632167	18.85539174	52.61544441	28.52916385	0	0	0	-485.5175555	0.003064022811	-84881.3439698993	
482.9575555	86	10	4	0.8637976533	0.003034086786	94.7993756	5.185197319	0.01542707843	18.62426994	52.75979003	28.61594004	0	0	0	-482.9575555	0.003034086786	-86162.4345906151	
480.3975555	86	10	4	0.8641907936	0.003004593565	94.81154693	5.173795149	0.01465792081	18.39466835	52.90319766	28.702134	0	0	0	-480.3975555	0.003004593565	-87448.9280869696	
477.8375555	86	10	4	0.8645789565	0.002975531964	94.82407485	5.162006984	0.01391816547	18.16657156	53.04567723	28.78775121	0	0	0	-477.8375555	0.002975531964	-88740.4706031498	
475.2775555	86	10	4	0.8649622343	0.002946891094	94.83696371	5.149829161	0.01320712635	17.93996454	53.18723842	28.87279704	0	0	0	-475.2775555	0.002946891094	-90036.6888780246	
472.7175555	86	10	4	0.8653407165	0.002918660342	94.85021795	5.137257936	0.01252411535	17.71483261	53.3278907	28.9572767	0	0	0	-472.7175555	0.002918660342	-91337.1856823731	
470.1575555	86	10	4	0.8657144905	0.002890829363	94.86384206	5.124289496	0.01186844316	17.49116144	53.46764327	29.04119529	0	0	0	-470.1575555	0.002890829363	-92641.5581948384	
467.5975555	86	10	4	0.8660836407	0.002863388074	94.87784063	5.110919949	0.01123941993	17.26893707	53.60650514	29.12455778	0	0	0	-467.5975555	0.002863388074	-93949.3834740755	
465.0375555	86	10	4	0.8664482498	0.002836326638	94.89221831	5.097145336	0.01063635607	17.04814589	53.74448508	29.20736902	0	0	0	-465.0375555	0.002836326638	-95260.2117526731	
462.4775555	86	10	4	0.8668083978	0.002809635455	94.90697981	5.082961623	0.01005856291	16.82877463	53.88159164	29.28963373	0	0	0	-462.4775555	0.002809635455	-96573.5813941692	
459.9175555	86	10	4	0.8671641626	0.002783305156	94.92212994	5.068364709	0.009505353416	16.61081036	54.01783315	29.37135649	0	0	0	-459.9175555	0.002783305156	-97889.015882904	
457.3575555	86	10	4	0.8675156202	0.002757326593	94.93767353	5.053350426	0.008976042905	16.39424049	54.15321772	29.45254179	0	0	0	-457.3575555	0.002757326593	-99206.0092598862	
454.7975555	86	10	4	0.8678628443	0.002731690826	94.95361551	5.037914541	0.008469949687	16.17905275	54.28775326	29.53319399	0	0	0	-454.7975555	0.002731690826	-100524.037554174	
452.2375555	86	10	4	0.8682059067	0.00270638912	94.96996085	5.022052758	0.007986395731	15.96523523	54.42144745	29.61331732	0	0	0	-452.2375555	0.00270638912	-101842.560523116	
449.6775555	86	10	4	0.8685448772	0.002681412934	94.98671457	5.005760718	0.007524707305	15.75277633	54.55430778	29.69291589	0	0	0	-449.6775555	0.002681412934	-103161.012970427	
447.1175555	86	10	4	0.8688798238	0.002656753914	95.00388178	4.989034008	0.007084215601	15.54166478	54.68634151	29.77199371	0	0	0	-447.1175555	0.002656753914	-104478.804389212	
444.5575555	86	10	4	0.8692108127	0.002632403883	95.02146759	4.971868156	0.006664257331	15.33188962	54.8175557	29.85055467	0	0	0	-444.5575555	0.002632403883	-105795.324027395	
441.9975555	86	10	4	0.8695379081	0.002608354837	95.03947718	4.95425864	0.00626417532	15.12344024	54.94795723	29.92860254	0	0	0	-441.9975555	0.002608354837	-107109.938990495	
439.4375555	86	10	4	0.8698611726	0.002584598935	95.05791579	4.936200887	0.005883319065	14.91630631	55.07755273	30.00614096	0	0	0	-439.4375555	0.002584598935	-108421.991211516	
436.8775555	86	10	4	0.8701806673	0.002561128494	95.07678867	4.91769028	0.005521045285	14.71047785	55.20634867	30.08317348	0	0	0	-436.8775555	0.002561128494	-109730.795231661	
434.3175555	86	10	4	0.8704964515	0.002537935979	95.09610112	4.898722159	0.005176718441	14.50594517	55.33435129	30.15970354	0	0	0	-434.3175555	0.002537935979	-111035.641939673	
431.7575555	86	10	4	0.8708085827	0.002515014	95.11585846	4.879291826	0.004849711242	14.30269892	55.46156665	30.23573443	0	0	0	-431.7575555	0.002515014	-112335.796554168	
429.1975555	86	10	4	0.8711171172	0.002492355302	95.13606604	4.85939455	0.004539405125	14.10073005	55.58800059	30.31126937	0	0	0	-429.1975555	0.002492355302	-113630.498133352	
426.6375555	86	10	4	0.8714221096	0.002469952762	95.15672924	4.839025571	0.004245190714	13.90002981	55.71365876	30.38631143	0	0	0	-426.6375555	0.002469952762	-114918.962744607	
424.0775555	86	10	4	0.871723613	0.002447799381	95.17785343	4.818180103	0.003966468254	13.70058978	55.83854662	30.46086361	0	0	0	-424.0775555	0.002447799381	-116200.367105448	
421.5175555	86	10	4	0.8720216793	0.002425888275	95.19944401	4.796853343	0.003702648028	13.50240184	55.9626694	30.53492875	0	0	0	-421.5175555	0.002425888275	-117473.873728608	
418.9575555	86	10	4	0.8723163586	0.002404212677	95.22150638	4.775040474	0.003453150742	13.3054582	56.08603218	30.60850962	0	0	0	-418.9575555	0.002404212677	-118738.610351137	
416.3975555	86	10	4	0.8726077001	0.002382765921	95.24404592	4.752736673	0.003217407889	13.10975136	56.20863979	30.68160885	0	0	0	-416.3975555	0.002382765921	-119993.676133423	
413.8375555	86	10	4	0.8728957512	0.002361541446	95.26706802	4.729937114	0.002994862094	12.91527414	56.33049689	30.75422897	0	0	0	-413.8375555	0.002361541446	-121238.135362288	
411.2775555	86	10	4	0.8731805583	0.002340532779	95.29057805	4.70663698	0.002784967427	12.72201967	56.45160793	30.82637239	0	0	0	-411.2775555	0.002340532779	-122471.045507743	
408.7175555	86	10	4	0.8734621665	0.002319733548	95.31458135	4.682831463	0.002587189693	12.52998141	56.57197717	30.89804142	0	0	0	-408.7175555	0.002319733548	-123691.415483743	
406.1575555	86	10	4	0.8737406195	0.002299137452	95.33908321	4.658515781	0.002401006701	12.3391531	56.69160865	30.96923825	0	0	0	-406.1575555	0.002299137452	-124898.21764464	
403.5975555	86	10	4	0.87401596	0.002278738277	95.36408891	4.633685178	0.0022259085	12.14952884	56.81050622	31.03996494	0	0	0	-403.5975555	0.002278738277	-126090.418943758	
401.0375555	86	10	4	0.8742882293	0.002258529878	95.38960367	4.608334935	0.002061397601	11.96110302	56.92867352	31.11022347	0	0	0	-401.0375555	0.002258529878	-127266.932320886	
398.4775555	86	10	4	0.8745574675	0.002238506178	95.41563263	4.582460384	0.001906989162	11.77387035	57.04611398	31.18001567	0	0	0	-398.4775555	0.002238506178	-128426.657948676	
395.9175555	86	10	4	0.8748237139	0.002218661164	95.44218032	4.55605747	0.001762211267	11.58782588	57.16283084	31.24934328	0	0	0	-395.9175555	0.002218661164	-129568.56181641	
393.3575555	86	10	4	0.8750870063	0.002198988909	95.46925283	4.529120566	0.00162660462	11.40296498	57.27882711	31.31820791	0	0	0	-393.3575555	0.002198988909	-130691.304252403	
390.7975555	86	10	4	0.8753473816	0.002179483457	95.49685455	4.501645725	0.001499723327	11.21928333	57.39410561	31.38661106	0	0	0	-390.7975555	0.002179483457	-131793.687657422	
388.2375555	86	10	4	0.8756048755	0.002160138977	95.5249903	4.47362857	0.001381134543	11.03677697	57.50866893	31.4545541	0	0	0	-388.2375555	0.002160138977	-132874.671809768	
385.6775555	86	10	4	0.8758595228	0.002140949657	95.55366476	4.44506482	0.001270418647	10.85544226	57.62251944	31.5220383	0	0	0	-385.6775555	0.002140949657	-133932.928828915	
383.1175555	86	10	4	0.876111357	0.00212190972	95.58288252	4.415950312	0.001167169282	10.67527591	57.73565931	31.58906478	0	0	0	-383.1175555	0.00212190972	-134967.183895559	
380.5575555	86	10	4	0.8763604109	0.002103013422	95.612648	4.38628101	0.001070993377	10.49627495	57.84809048	31.65563458	0	0	0	-380.5575555	0.002103013422	-135976.155246759	
377.9975555	86	10	4	0.8766067161	0.002084255049	95.64296547	4.356053015	0.0009815111341	10.31843678	57.95981465	31.72174857	0	0	0	-377.9975555	0.002084255049	-136958.527122778	
375.4375555	86	10	4	0.8768503031	0.002065628907	95.67383905	4.325262589	0.0008983560044	10.14175915	58.07083332	31.78740752	0	0	0	-375.4375555	0.002065628907	-137912.954944797	
372.8775555	86	10	4	0.8770912017	0.00204712932	95.70527266	4.293906162	0.0008211746337	9.966240173	58.18114774	31.85261208	0	0	0	-372.8775555	0.00204712932	-138838.077127574	
370.3175555	86	10	4	0.8773294405	0.002028750623	95.73727002	4.261980351	0.0007496267884	9.791878311	58.29075893	31.91736276	0	0	0	-370.3175555	0.002028750623	-139732.53326904	
367.7575555	86	10	4	0.8775650472	0.002010487164	95.76983464	4.229481977	0.0006833852607	9.618672407	58.39966767	31.98165993	0	0	0	-367.7575555	0.002010487164	-140594.935417495	
365.1975555	86	10	4	0.8777980486	0.001992333289	95.80296978	4.196408083	0.0006221357523	9.446621678	58.50787448	32.04550384	0	0	0	-365.1975555	0.001992333289	-141423.863589501	
362.6375555	86	10	4	0.8780284706	0.001974283342	95.83667848	4.162755948	0.000565576738	9.275725727	58.61537966	32.10889461	0	0	0	-362.6375555	0.001974283342	-142217.90597492	
360.0775555	86	10	4	0.8782563381	0.00195633166	95.87096347	4.128523111	0.0005134193105	9.105984545	58.72218325	32.17183221	0	0	0	-360.0775555	0.00195633166	-142975.647474471	
357.5175555	86	10	4	0.8784816751	0.001938472569	95.90582722	4.093707389	0.0004653870064	8.937398521	58.828285	32.23431648	0	0	0	-357.5175555	0.001938472569	-143695.656905597	
354.9575555	86	10	4	0.8787045048	0.001920700375	95.94127189	4.058306894	0.0004212156148	8.769968452	58.93368444	32.29634711	0	0	0	-354.9575555	0.001920700375	-144376.502842459	
352.3975555	86	10	4	0.8789248493	0.001903009363	95.97729929	4.022320058	0.0003806529689	8.60369555	59.0383808	32.35792365	0	0	0	-352.3975555	0.001903009363	-145016.761145869	
349.8375555	86	10	4	0.8791427299	0.001885393789	96.01391089	3.985745652	0.0003434587225	8.438581447	59.14237305	32.4190455	0	0	0	-349.8375555	0.001885393789	-145615.01583221	
347.2775555	86	10	4	0.8793581672	0.001867847878	96.05110779	3.94858281	0.0003094041106	8.274628213	59.24565986	32.47971192	0	0	0	-347.2775555	0.001867847878	-146169.859052632	
344.7175555	86	10	4	0.8795711806	0.001850365815	96.08889068	3.910831051	0.0002782716972	8.111838355	59.34823964	32.53992201	0	0	0	-344.7175555	0.001850365815	-146679.892098638	
342.1575555	86	10	4	0.8797817889	0.001832941742	96.12725984	3.872490302	0.0002498551098	7.950214838	59.45011047	32.59967469	0	0	0	-342.1575555	0.001832941742	-147143.751237811	
339.5975555	86	10	4	0.8799900099	0.001815569754	96.16621512	3.833560923	0.000223958762	7.789761086	59.55127015	32.65896876	0	0	0	-339.5975555	0.001815569754	-147560.092277929	
337.0375555	86	10	4	0.8801958604	0.001798243891	96.20575587	3.794043733	0.0002003975658	7.630481	59.65171616	32.71780284	0	0	0	-337.0375555	0.001798243891	-147927.596256265	
334.4775555	86	10	4	0.8803993567	0.001780958134	96.24588097	3.753940031	0.0001789966339	7.472378966	59.75144567	32.77617536	0	0	0	-334.4775555	0.001780958134	-148244.98795236	
331.9175555	86	10	4	0.8806005139	0.0017637064	96.28658878	3.713251627	0.0001595909742	7.315459868	59.85045552	32.83408461	0	0	0	-331.9175555	0.0017637064	-148511.042213121	
329.3575555	86	10	4	0.8807993462	0.001746482538	96.32787711	3.671980865	0.0001420251754	7.159729102	59.94874221	32.89152869	0	0	0	-329.3575555	0.001746482538	-148724.577318173	
326.7975555	86	10	4	0.8809958674	0.001729280321	96.3697432	3.63013065	0.0001261530882	7.005192585	60.04630189	32.94850553	0	0	0	-326.7975555	0.001729280321	-148884.474441375	
324.2375555	86	10	4	0.8811900898	0.001712093445	96.41218369	3.587704475	0.0001118374998	6.851856773	60.14313037	33.00501286	0	0	0	-324.2375555	0.001712093445	-148989.675382788	
321.6775555	86	10	4	0.8813820253	0.001694915519	96.4551946	3.54470645	9.894980506E-05	6.699728672	60.2392231	33.06104823	0	0	0	-321.6775555	0.001694915519	-149039.189271628	
319.1175555	86	10	4	0.8815716848	0.001677740064	96.49877131	3.501141325	8.736967443E-05	6.548815853	60.33457515	33.116609	0	0	0	-319.1175555	0.001677740064	-149032.129369331	
316.5575555	86	10	4	0.8817590782	0.00166056051	96.54290849	3.457014522	7.698471998E-05	6.399126466	60.4291812	33.17169234	0	0	0	-316.5575555	0.00166056051	-148967.671864376	
313.9975555	86	10	4	0.8819442146	0.001643370184	96.58760015	3.412332159	6.769016056E-05	6.250669259	60.52303555	33.22629519	0	0	0	-313.9975555	0.001643370184	-148845.096767449	
311.4375555	86	10	4	0.8821271023	0.001626162315	96.63283953	3.367101081	5.938848726E-05	6.103453587	60.61613209	33.28041432	0	0	0	-311.4375555	0.001626162315	-148663.798335118	
308.8775555	86	10	4	0.8823077487	0.001608930023	96.67861913	3.321328883	5.198912986E-05	5.957489433	60.70846431	33.33404625	0	0	0	-308.8775555	0.001608930023	-148423.273205121	
306.3175555	86	10	4	0.8824861602	0.00159166632	96.72493065	3.27502394	4.540812568E-05	5.812787424	60.80002526	33.38718732	0	0	0	-306.3175555	0.00159166632	-148123.147315977	
303.7575555	86	10	4	0.8826623423	0.001574364104	96.771765	3.228195431	3.956779135E-05	5.669358845	60.89080755	33.43983361	0	0	0	-303.7575555	0.001574364104	-147763.171664228	
301.1975555	86	10	4	0.8828362997	0.001557016158	96.81911224	3.180853368	3.439639875E-05	5.527215655	60.98080336	33.49198099	0	0	0	-301.1975555	0.001557016158	-144590.758867542	
300	86	10	4	0.882916929	0.0007228448647	96.84143648	3.158531334	3.218806739E-05	5.461163927	61.02262873	33.51620734	0	0	0	-300	0.0007228448647	141719.512854598	
