T	w(AL)	w(MG)	w(SI)	fs	fw(@FCC_A1)	w(AL@FCC_A1)	w(MG@FCC_A1)	w(SI@FCC_A1)	w(AL@LIQUID)	w(MG@LIQUID)	w(SI@LIQUID)	dwdT_L(AL@LIQUID)	dwdT_L(MG@LIQUID)	dwdT_L(SI@LIQUID)	-T	fw(@FCC_A1)_1	-T//fw(@FCC_A1)	
K	%	%	%	mole/mole	kg/kg	%	%	%	%	%	%	SI	SI	SI				
860.3514398	86	5	9	0	0	98.22014688	0.9092559598	0.8705971635	86	5	9	0.0019883323	-0.0006656048435	-0.001322727456	-860.3514398	0	30.5553194484256	
860.3414398	86	5	9	0.0001626023578	0.0001627952578	98.21999087	0.909292751	0.8707163746	85.99801235	5.000665424	9.001322227	0	0	0	-860.3414398	0.0001627952578	92.2983820061496	
860.3214398	86	5	9	0.0004873788163	0.0003252561966	98.21967892	0.9093662788	0.8709548019	85.9940364	5.001996401	9.0039672	0	0	0	-860.3214398	0.0003252561966	123.084676523077	
860.2814398	86	5	9	0.00113662048	0.0006503511463	98.2190552	0.9095131336	0.8714316668	85.98608114	5.004659541	9.009259318	0	0	0	-860.2814398	0.0006503511463	123.134733704857	
860.2014398	86	5	9	0.002432634125	0.001299060345	98.21780837	0.9098062267	0.8723853987	85.9701726	5.009985349	9.019842048	0	0	0	-860.2014398	0.001299060345	123.446756603937	
860.0414398	86	5	9	0.005015800929	0.002592555418	98.21531786	0.9103893768	0.8742927583	85.93835137	5.020639121	9.041009505	0	0	0	-860.0414398	0.002592555418	123.96273136864	
859.7214398	86	5	9	0.01014695317	0.005162980361	98.21034885	0.9115439693	0.8781071794	85.8746923	5.041955323	9.083352378	0	0	0	-859.7214398	0.005162980361	125.113227247513	
859.0814398	86	5	9	0.02025863015	0.01022885559	98.2004591	0.913805632	0.885735265	85.74731048	5.084618074	9.168071445	0	0	0	-859.0814398	0.01022885559	127.471919410136	
857.8014398	86	5	9	0.03992396281	0.02009884982	98.18086959	0.9181427754	0.9009876348	85.49228186	5.170077897	9.337640242	0	0	0	-857.8014398	0.02009884982	132.085898413546	
855.2414398	86	5	9	0.07715646886	0.03883402262	98.14243515	0.9260870945	0.9314777554	84.98115776	5.341554173	9.677288072	0	0	0	-855.2414398	0.03883402262	-2206.19788048123	
852.6814398	86	5	9	0.1117922994	0.03758526685	98.1049722	0.9330678916	0.9619599052	84.46863231	5.513719167	10.01764853	0	0	0	-852.6814398	0.03758526685	-2120.61672051042	
850.1214398	86	5	9	0.1440879037	0.03641459568	98.06844715	0.9391146922	0.9924381621	83.9546854	5.686596803	10.3587178	0	0	0	-850.1214398	0.03641459568	-2261.10538183194	
847.5614398	86	5	9	0.174268674	0.03531627793	98.03282707	0.9442564698	1.022916461	83.43929623	5.860209978	10.70049379	0	0	0	-847.5614398	0.03531627793	-2407.79329251999	
845.0014398	86	5	9	0.2025324081	0.03428406866	97.99807961	0.9485216618	1.053398727	82.92244206	6.034580773	11.04297717	0	0	0	-845.0014398	0.03428406866	-2559.72323596279	
842.4414398	86	5	9	0.2290533543	0.03331240619	97.96417296	0.9519381943	1.083888845	82.40409856	6.209730482	11.38617096	0	0	0	-842.4414398	0.03331240619	-2716.9589310797	
839.8814398	86	5	9	0.2539855831	0.03239633721	97.93107584	0.9545335126	1.114390646	81.88423986	6.385679722	11.73008042	0	0	0	-839.8814398	0.03239633721	-2879.58659965747	
837.3214398	86	5	9	0.2774657994	0.03153143554	97.8987575	0.9563346058	1.144907894	81.36283862	6.562448539	12.07471285	0	0	0	-837.3214398	0.03153143554	-3047.6959814573	
834.7614398	86	5	9	0.2996156998	0.03071373364	97.86718769	0.9573680289	1.175444285	80.83986601	6.740056489	12.4200775	0	0	0	-834.7614398	0.03071373364	-3221.38028969991	
832.2014398	86	5	9	0.3205439576	0.02993966446	97.83633665	0.9576599206	1.206003429	80.31529182	6.918522718	12.76618546	0	0	0	-832.2014398	0.02993966446	-3400.73619572443	
829.6414398	86	5	9	0.3403479036	0.02920601198	97.80617513	0.9572360186	1.236588847	79.78908446	7.097866029	13.11304951	0	0	0	-829.6414398	0.02920601198	-3585.86389003565	
827.0814398	86	5	9	0.3591149539	0.02850986889	97.77667437	0.9561216728	1.267203961	79.26121104	7.278104941	13.46068402	0	0	0	-827.0814398	0.02850986889	-3776.86696563296	
824.5214398	86	5	9	0.3769238287	0.02784860023	97.74780606	0.9543418553	1.297852085	78.73163738	7.459257741	13.80910488	0	0	0	-824.5214398	0.02784860023	-3973.85247679177	
821.9614398	86	5	9	0.3938455971	0.0272198121	97.71954241	0.9519211702	1.328536418	78.20032804	7.641342531	14.15832943	0	0	0	-821.9614398	0.0272198121	-4176.93083132167	
819.4014398	86	5	9	0.409944575	0.02662132453	97.69185611	0.9488838598	1.359260035	77.66724642	7.824377271	14.50837631	0	0	0	-819.4014398	0.02662132453	-4386.21576167676	
816.8414398	86	5	9	0.425279101	0.02605114799	97.66472031	0.9452538114	1.390025877	77.13235473	8.00837981	14.85926546	0	0	0	-816.8414398	0.02605114799	-4601.8243307393	
814.2814398	86	5	9	0.4399022073	0.0255074629	97.63810869	0.9410545616	1.420836744	76.59561409	8.193367922	15.21101799	0	0	0	-814.2814398	0.0255074629	-4823.87679305077	
811.7214398	86	5	9	0.4538622039	0.02498860174	97.61199541	0.9363093	1.451695288	76.05698452	8.379359333	15.56365615	0	0	0	-811.7214398	0.02498860174	-5052.49635885503	
809.1614398	86	5	9	0.4672031869	0.02449303334	97.58635513	0.9310408718	1.482603998	75.51642499	8.566371746	15.91720326	0	0	0	-809.1614398	0.02449303334	-5287.80919170768	
806.6014398	86	5	9	0.4799654832	0.02401934913	97.56116302	0.9252717802	1.513565196	74.97389349	8.754422857	16.27168365	0	0	0	-806.6014398	0.02401934913	-5529.94434959593	
804.0414398	86	5	9	0.4921860407	0.02356625099	97.53639479	0.9190241871	1.544581023	74.42934701	8.943530383	16.62712261	0	0	0	-804.0414398	0.02356625099	-5779.03319823378	
801.4814398	86	5	9	0.5038987704	0.02313254048	97.51202666	0.9123199143	1.57565343	73.88274163	9.133712069	16.9835463	0	0	0	-801.4814398	0.02313254048	-6035.20933677852	
798.9214398	86	5	9	0.5151348493	0.02271710936	97.48803539	0.9051804433	1.606784166	73.33403251	9.324985704	17.34098178	0	0	0	-798.9214398	0.02271710936	-6298.60846458312	
796.3614398	86	5	9	0.5259229865	0.02231893114	97.46439832	0.8976269155	1.637974767	72.78317397	9.517369136	17.69945689	0	0	0	-796.3614398	0.02231893114	-6569.3674033161	
793.8014398	86	5	9	0.5362896604	0.02193705351	97.44109333	0.8896801308	1.669226543	72.2301195	9.710880275	18.05900022	0	0	0	-793.8014398	0.02193705351	-6847.62396600236	
791.2414398	86	5	9	0.5462593281	0.02157059167	97.41809889	0.8813605474	1.700540563	71.67482179	9.905537102	18.41964111	0	0	0	-791.2414398	0.02157059167	-7133.51628139034	
788.6814398	86	5	9	0.5558546125	0.02121872228	97.39539408	0.87268828	1.731917644	71.11723279	10.10135767	18.78140953	0	0	0	-788.6814398	0.02121872228	-7427.18190126939	
786.1214398	86	5	9	0.5650964686	0.02088067809	97.37295857	0.8636830988	1.763358334	70.55730375	10.29836013	19.14433613	0	0	0	-786.1214398	0.02088067809	-7728.75680520358	
783.5614398	86	5	9	0.5740043324	0.02055574306	97.35077267	0.8543644273	1.794862898	69.99498522	10.49656268	19.50845211	0	0	0	-783.5614398	0.02055574306	-8038.37443477937	
781.0014398	86	5	9	0.5825962544	0.02024324802	97.32881736	0.8447513411	1.826431299	69.43022715	10.69598361	19.87378924	0	0	0	-781.0014398	0.02024324802	-8356.16436999423	
778.4414398	86	5	9	0.5908890187	0.0199425667	97.30707425	0.8348625655	1.858063182	68.86297889	10.89664131	20.24037981	0	0	0	-778.4414398	0.0199425667	-8682.25063199727	
775.8814398	86	5	9	0.5988982505	0.01965311217	97.28552567	0.8247164735	1.889757855	68.29318926	11.09855419	20.60825655	0	0	0	-775.8814398	0.01965311217	-9016.7499635664	
773.3214398	86	5	9	0.606638513	0.01937433359	97.26415464	0.8143310842	1.921514271	67.72080658	11.30174077	20.97745265	0	0	0	-773.3214398	0.01937433359	-9359.76890994573	
770.7614398	86	5	9	0.6141233944	0.01910571323	97.24294494	0.8037240602	1.953331002	67.14577877	11.50621958	21.34800166	0	0	0	-770.7614398	0.01910571323	-9711.40257007311	
768.2014398	86	5	9	0.6213655867	0.01884676385	97.22188107	0.7929127059	1.985206224	66.56805332	11.71200921	21.71993747	0	0	0	-768.2014398	0.01884676385	-10071.7309184362	
765.6414398	86	5	9	0.6283769569	0.01859702618	97.20094835	0.7819139651	2.017137689	65.98757746	11.91912828	22.09329427	0	0	0	-765.6414398	0.01859702618	-10440.8146355265	
763.0814398	86	5	9	0.6351686114	0.01835606669	97.18013288	0.7707444193	2.0491227	65.40429812	12.12759539	22.46810649	0	0	0	-763.0814398	0.01835606669	-10818.6917666074	
760.5214398	86	5	9	0.6417509549	0.01812347551	97.15942163	0.7594202853	2.081158089	64.81816211	12.33742915	22.84440874	0	0	0	-760.5214398	0.01812347551	-11205.3730395589	
757.9614398	86	5	9	0.6481337435	0.01789886454	97.1388024	0.7479574139	2.113240185	64.2291161	12.54864812	23.22223579	0	0	0	-757.9614398	0.01789886454	-11600.8359010056	
755.4014398	86	5	9	0.6543261328	0.01768186566	97.11826392	0.7363712875	2.14536479	63.63710678	12.76127078	23.60162244	0	0	0	-755.4014398	0.01768186566	-12005.0185131662	
752.8414398	86	5	9	0.6603367223	0.01747212912	97.09779584	0.724677019	2.177527143	63.04208094	12.97531552	23.98260354	0	0	0	-752.8414398	0.01747212912	-12417.8142039036	
750.2814398	86	5	9	0.6661735957	0.01726932205	97.07738876	0.7128893496	2.209721894	62.44398556	13.19080059	24.36521386	0	0	0	-750.2814398	0.01726932205	-12839.0588315772	
747.7214398	86	5	9	0.6718443572	0.01707312692	97.05703429	0.7010226479	2.241943064	61.84276793	13.40774406	24.74948802	0	0	0	-747.7214398	0.01707312692	-13268.5262643185	
745.1614398	86	5	9	0.6773561657	0.01688324038	97.03672508	0.6890909086	2.274184015	61.2383758	13.62616377	25.13546043	0	0	0	-745.1614398	0.01688324038	-13705.9172767353	
742.6014398	86	5	9	0.6827157649	0.01669937189	97.01645484	0.6771077509	2.306437412	60.63075751	13.84607729	25.52316519	0	0	0	-742.6014398	0.01669937189	-14149.8579910707	
740.0414398	86	5	9	0.6879295042	0.01652121887	96.99621838	0.6650864002	2.338695221	60.01986306	14.06750153	25.91263541	0	0	0	-740.0414398	0.01652121887	-14603.7339773005	
737.4814398	86	5	9	0.6930034004	0.01634860192	96.97601176	0.6530397879	2.370948448	59.40564001	14.29045419	26.30390579	0	0	0	-737.4814398	0.01634860192	-15062.4216137617	
734.9214398	86	5	9	0.6979430951	0.01618114362	96.95583207	0.6409803162	2.403187615	58.78804152	14.51495091	26.69700757	0	0	0	-734.9214398	0.01618114362	-15524.5905864038	
732.3614398	86	5	9	0.7027539333	0.01601865301	96.93567778	0.6289201469	2.435402075	58.16701984	14.74100755	27.09197261	0	0	0	-732.3614398	0.01601865301	-15994.14808697	
729.8014398	86	5	9	0.7074409646	0.01586088716	96.91554859	0.6168710022	2.467580408	57.54252882	14.96863933	27.48883185	0	0	0	-729.8014398	0.01586088716	-16467.2600692252	
727.2414398	86	5	9	0.7120089589	0.01570760387	96.89544555	0.6048442369	2.499710211	56.91452435	15.19786066	27.88761499	0	0	0	-727.2414398	0.01570760387	-16948.5027120972	
724.6814398	86	5	9	0.7164624937	0.01555867039	96.87536976	0.5928505768	2.531779664	56.28296087	15.42868318	28.28835595	0	0	0	-724.6814398	0.01555867039	-17411.9703089867	
722.1214398	86	5	9	0.7208057061	0.0154134591	96.85532729	0.580900864	2.563771843	55.64781122	15.66111806	28.69107072	0	0	0	-722.1214398	0.0154134591	-17883.8011582021	
719.5614398	86	5	9	0.7250426927	0.01527226511	96.8353226	0.5690053365	2.595672068	55.00903001	15.89517989	29.0957901	0	0	0	-719.5614398	0.01527226511	-18370.3269144882	
717.0014398	86	5	9	0.7291772709	0.01513465656	96.81536256	0.557173841	2.627463596	54.36658362	16.13087889	29.5025375	0	0	0	-717.0014398	0.01513465656	-18839.8029797231	
714.4414398	86	5	9	0.7332130528	0.01500041659	96.79545569	0.5454158488	2.659128461	53.72044204	16.36822382	29.91133414	0	0	0	-714.4414398	0.01500041659	-19302.4272178246	
711.8814398	86	5	9	0.7371534568	0.01486933	96.77561212	0.5337404567	2.690647424	53.07057933	16.60722185	30.32219883	0	0	0	-711.8814398	0.01486933	-19755.5350997526	
709.3214398	86	5	9	0.7410017175	0.0147411821	96.7558437	0.5221563885	2.72199991	52.41697407	16.84787835	30.73514758	0	0	0	-709.3214398	0.0147411821	-20196.1672327962	
706.7614398	86	5	9	0.7447608957	0.01461575804	96.73616405	0.5106719962	2.753163957	51.75960996	17.09019668	31.15019336	0	0	0	-706.7614398	0.01461575804	-20621.0938541672	
704.2014398	86	5	9	0.7484338868	0.014492842	96.71658858	0.4992952612	2.784116157	51.0984764	17.33417796	31.56734564	0	0	0	-704.2014398	0.014492842	-21026.823602651	
701.6414398	86	5	9	0.752023429	0.01437221646	96.6971346	0.4880337962	2.8148316	50.43356915	17.57982079	31.98661006	0	0	0	-701.6414398	0.01437221646	-21409.6296534291	
699.0814398	86	5	9	0.755532111	0.01425366143	96.67782133	0.4768948466	2.845283819	49.76489101	17.82712103	32.40798796	0	0	0	-699.0814398	0.01425366143	-21765.5907726984	
696.5214398	86	5	9	0.7589623785	0.01413695377	96.65866996	0.4658852923	2.875444743	49.09245261	18.07607145	32.83147594	0	0	0	-696.5214398	0.01413695377	-22090.6333302907	
693.9614398	86	5	9	0.7623165409	0.01402186634	96.63970371	0.4550116494	2.905284642	48.41627323	18.32666143	33.25706534	0	0	0	-693.9614398	0.01402186634	-22380.6351792792	
691.4014398	86	5	9	0.765596777	0.01390816771	96.62094784	0.4442800717	2.934772087	47.73638168	18.57887663	33.68474169	0	0	0	-691.4014398	0.01390816771	-22631.4818508001	
688.8414398	86	5	9	0.7688051404	0.01379562108	96.60242974	0.4336963528	2.963873909	47.05281722	18.83269861	34.11448417	0	0	0	-688.8414398	0.01379562108	-22839.1745333189	
686.2814398	86	5	9	0.7719435649	0.0136839841	96.58417891	0.4232659273	2.992555167	46.36563062	19.08810442	34.54626496	0	0	0	-686.2814398	0.0136839841	-22999.9733388545	
683.7214398	86	5	9	0.7750138688	0.0135730082	96.566227	0.4129938725	3.020779126	45.67488519	19.34506624	34.98004858	0	0	0	-683.7214398	0.0135730082	-23110.5008063607	
681.1614398	86	5	9	0.7780177593	0.0134624383	96.54860785	0.4028849098	3.048507238	44.98065793	19.60355087	35.41579121	0	0	0	-681.1614398	0.0134624383	-23167.8881393131	
678.6014398	86	5	9	0.7809568371	0.01335201247	96.53135745	0.3929434059	3.075699147	44.28304071	19.86351932	35.85343997	0	0	0	-678.6014398	0.01335201247	-23169.9014628376	
676.0414398	86	5	9	0.7838325998	0.01324146182	96.51451393	0.3831733741	3.102312693	43.58214151	20.12492633	36.29293216	0	0	0	-676.0414398	0.01324146182	-23115.0729459992	
673.4814398	86	5	9	0.7866464458	0.01313051053	96.49811758	0.3735784748	3.128303946	42.8780857	20.38771985	36.73419445	0	0	0	-673.4814398	0.01313051053	-23002.8002938835	
670.9214398	86	5	9	0.7893996778	0.01301887603	96.48221073	0.364162016	3.153627251	42.17101735	20.65184056	37.17714209	0	0	0	-670.9214398	0.01301887603	-22833.4254597958	
668.3614398	86	5	9	0.7920935066	0.01290626943	96.46683775	0.3549269542	3.178235293	41.46110054	20.91722134	37.62167812	0	0	0	-668.3614398	0.01290626943	-22608.2858679054	
665.8014398	86	5	9	0.7947290543	0.01279239622	96.45204491	0.3458758942	3.202079191	40.74852073	21.18378677	38.06769251	0	0	0	-665.8014398	0.01279239622	-22329.7162698571	
663.2414398	86	5	9	0.7973073576	0.01267695718	96.4378803	0.3370110887	3.225108616	40.03348602	21.45145261	38.51506136	0	0	0	-663.2414398	0.01267695718	-22001.0208033759	
660.6814398	86	5	9	0.7998293721	0.01255964975	96.42439363	0.3283344382	3.247271934	39.31622848	21.72012537	38.96364615	0	0	0	-660.6814398	0.01255964975	-21626.3927108035	
658.1214398	86	5	9	0.8022959749	0.01244016955	96.41163612	0.3198474902	3.268516386	38.59700528	21.98970177	39.41329296	0	0	0	-658.1214398	0.01244016955	-21210.8015329185	
655.5614398	86	5	9	0.8047079693	0.01231821249	96.39966026	0.3115514387	3.288788302	37.8760998	22.26006838	39.86383181	0	0	0	-655.5614398	0.01231821249	-20759.8546375999	
653.0014398	86	5	9	0.8070660886	0.01219347712	96.38851954	0.3034471229	3.308033341	37.15382262	22.53110129	40.31507609	0	0	0	-653.0014398	0.01219347712	-20279.6247410135	
650.4414398	86	5	9	0.8093710002	0.0120656675	96.37826819	0.2955350266	3.32619678	36.43051222	22.80266573	40.76682205	0	0	0	-650.4414398	0.0120656675	-19776.4753033572	
647.8814398	86	5	9	0.8116233105	0.01193449642	96.36896089	0.2878152777	3.343223833	35.70653555	23.07461599	41.21884846	0	0	0	-647.8814398	0.01193449642	-19256.8796751409	
645.3214398	86	5	9	0.8138235698	0.01179968909	96.36065235	0.2802876472	3.359060008	34.98228831	23.34679524	41.67091646	0	0	0	-645.3214398	0.01179968909	-18727.2553075198	
642.7614398	86	5	9	0.8159722775	0.01166098722	96.35339695	0.2729515499	3.373651499	34.25819487	23.61903559	42.12276954	0	0	0	-642.7614398	0.01166098722	-18193.8379793184	
640.2014398	86	5	9	0.8180698886	0.0115181539	96.34724833	0.2658060442	3.386945628	33.53470785	23.8911583	42.57413384	0	0	0	-640.2014398	0.0115181539	-17662.3831762837	
637.6414398	86	5	9	0.8201168187	0.01137097544	96.34225889	0.258849835	3.39889127	32.81230742	24.16297405	43.02471853	0	0	0	-637.6414398	0.01137097544	-17138.3059338889	
635.0814398	86	5	9	0.8221134512	0.01121927087	96.33847937	0.2520812764	3.409439355	32.09149984	24.43428351	43.47421665	0	0	0	-635.0814398	0.01121927087	-16626.5958572003	
632.5214398	86	5	9	0.8240601439	0.01106289335	96.33595826	0.2454983756	3.418543364	31.37281585	24.70487801	43.92230614	0	0	0	-632.5214398	0.01106289335	-16131.5136288104	
629.9614398	86	5	9	0.8259572367	0.01090173582	96.33474137	0.2390987995	3.426159834	30.65680837	24.97454043	44.3686512	0	0	0	-629.9614398	0.01090173582	-15656.7944813969	
627.4014398	86	5	9	0.8278050585	0.01073573543	96.33487125	0.2328798822	3.432248868	29.94404977	25.24304627	44.81290396	0	0	0	-627.4014398	0.01073573543	-15205.5915856262	
624.8414398	86	5	9	0.8296039353	0.01056487752	96.33638673	0.2268386359	3.43677463	29.23512861	25.51016494	45.25470644	0	0	0	-624.8414398	0.01056487752	-14780.5006782317	
622.2814398	86	5	9	0.8313541973	0.010389199	96.33932242	0.2209717638	3.439705817	28.53064597	25.77566119	45.69369283	0	0	0	-622.2814398	0.010389199	-14383.5984000287	
619.7214398	86	5	9	0.8330561867	0.01020879091	96.34370822	0.2152756753	3.441016108	27.83121121	26.03929676	46.12949203	0	0	0	-619.7214398	0.01020879091	-14016.4866738191	
617.1614398	86	5	9	0.8347102649	0.01002379994	96.34956895	0.2097465043	3.440684546	27.1374375	26.30083212	46.56173038	0	0	0	-617.1614398	0.01002379994	-13680.3458204222	
614.6014398	86	5	9	0.8363168192	0.009834428884	96.35692399	0.2043801306	3.438695884	26.44993693	26.56002839	46.99003468	0	0	0	-614.6014398	0.009834428884	-13375.9914058249	
612.0414398	86	5	9	0.8378762697	0.009640935828	96.36578695	0.1991722033	3.435040842	25.76931552	26.81664924	47.41403524	0	0	0	-612.0414398	0.009640935828	-13103.9281603344	
609.4814398	86	5	9	0.8393890743	0.00944363204	96.37616553	0.194118167	3.429716306	25.09616804	27.07046294	47.83336901	0	0	0	-609.4814398	0.00944363204	-12864.4039591097	
606.9214398	86	5	9	0.8408557338	0.009242878589	96.38806129	0.1892132906	3.422725424	24.43107291	27.3212443	48.24768279	0	0	0	-606.9214398	0.009242878589	-12657.4598751261	
604.3614398	86	5	9	0.8422767957	0.00903908171	96.40146967	0.1844526972	3.414077629	23.77458716	27.56877662	48.65663622	0	0	0	-604.3614398	0.00903908171	-12482.9748727506	
601.8014398	86	5	9	0.8436528574	0.008832687046	96.41638004	0.1798313966	3.403788561	23.12724175	27.81285351	49.05990474	0	0	0	-601.8014398	0.008832687046	-12340.706203873	
599.2414398	86	5	9	0.8449845674	0.008624172942	96.43277578	0.1753443175	3.391879904	22.48953713	28.05328057	49.4571823	0	0	0	-599.2414398	0.008624172942	-12230.3242827532	
596.6814398	86	5	9	0.8462726266	0.008414042991	96.45063452	0.1709863408	3.378379143	21.86193937	28.28987689	49.84818374	0	0	0	-596.6814398	0.008414042991	-12151.4425346578	
594.1214398	86	5	9	0.8475177874	0.0082028181	96.46992843	0.1667523331	3.363319236	21.24487676	28.52247637	50.23264687	0	0	0	-594.1214398	0.0082028181	-12103.6421463722	
591.5614398	86	5	9	0.8487208524	0.007991028315	96.4906246	0.1626371782	3.346738221	20.63873707	28.75092871	50.61033423	0	0	0	-591.5614398	0.007991028315	-12086.4924241919	
589.0014398	86	5	9	0.8498826722	0.007779204707	96.51268542	0.1586358086	3.328678772	20.04386544	28.97510023	50.98103433	0	0	0	-589.0014398	0.007779204707	-12099.5672122581	
586.4414398	86	5	9	0.8510041418	0.007567871547	96.53606907	0.1547432341	3.3091877	19.46056299	29.19487443	51.34456258	0	0	0	-586.4414398	0.007567871547	-12142.4572824687	
583.8814398	86	5	9	0.8520861966	0.007357539014	96.56073	0.1509545692	3.28831543	18.889086	29.41015222	51.70076178	0	0	0	-583.8814398	0.007357539014	-12214.7802232383	
581.3214398	86	5	9	0.853129808	0.007148696636	96.58661948	0.1472650568	3.266115459	18.32964589	29.62085193	52.04950218	0	0	0	-581.3214398	0.007148696636	-12316.1871658941	
578.7614398	86	5	9	0.854135978	0.006941807587	96.6136861	0.1436700899	3.242643805	17.78240968	29.82690914	52.39068118	0	0	0	-578.7614398	0.006941807587	-12446.3675090633	
576.2014398	86	5	9	0.8551057342	0.006737303971	96.6418763	0.1401652295	3.217958468	17.24750107	30.02827622	52.72422272	0	0	0	-576.2014398	0.006737303971	-12605.0519603262	
573.6414398	86	5	9	0.8560401238	0.006535583117	96.67113488	0.1367462201	3.192118901	16.72500197	30.22492169	53.05007634	0	0	0	-573.6414398	0.006535583117	-12792.0137548355	
571.0814398	86	5	9	0.8569402085	0.006337004904	96.70140549	0.1334090013	3.165185512	16.2149545	30.41682951	53.368216	0	0	0	-571.0814398	0.006337004904	-13007.0690038692	
568.5214398	86	5	9	0.8578070587	0.006141890077	96.73263109	0.1301497169	3.137219193	15.71736325	30.60399811	53.67863864	0	0	0	-568.5214398	0.006141890077	-13250.0762044984	
565.9614398	86	5	9	0.8586417483	0.005950519491	96.76475439	0.1269647209	3.108280893	15.23219787	30.78643943	53.9813627	0	0	0	-565.9614398	0.005950519491	-13520.9346717863	
563.4014398	86	5	9	0.8594453498	0.005763134174	96.79771819	0.1238505807	3.078431231	14.75939574	30.96417785	54.27642641	0	0	0	-563.4014398	0.005763134174	-13819.5828764876	
560.8414398	86	5	9	0.8602189298	0.005579936127	96.83146578	0.1208040777	3.047730145	14.29886487	31.13724908	54.56388605	0	0	0	-560.8414398	0.005579936127	-14145.9965214156	
558.2814398	86	5	9	0.8609635442	0.005401089719	96.8659412	0.1178222062	3.016236598	13.85048677	31.30569902	54.84381421	0	0	0	-558.2814398	0.005401089719	-14500.1859797806	
555.7214398	86	5	9	0.8616802352	0.005226723568	96.90108951	0.1149021698	2.984008318	13.41411931	31.46958266	55.11629803	0	0	0	-555.7214398	0.005226723568	-14882.1939275381	
553.1614398	86	5	9	0.8623700272	0.00505693279	96.93685704	0.1120413762	2.951101582	12.98959956	31.62896299	55.38143745	0	0	0	-553.1614398	0.00505693279	-15292.0930634864	
550.6014398	86	5	9	0.8630339245	0.004891781511	96.97319152	0.1092374313	2.917571045	12.57674652	31.78390993	55.63934356	0	0	0	-550.6014398	0.004891781511	-15729.9835629374	
548.0414398	86	5	9	0.8636729082	0.004731305534	97.01004227	0.1064881308	2.8834696	12.17536369	31.93449932	55.89013699	0	0	0	-548.0414398	0.004731305534	-16195.9909980483	
545.4814398	86	5	9	0.864287935	0.004575515093	97.04736027	0.1037914525	2.848848275	11.78524156	32.08081201	56.13394643	0	0	0	-545.4814398	0.004575515093	-16690.2641418487	
542.9214398	86	5	9	0.8648799345	0.004424397601	97.08509829	0.1011455468	2.813756161	11.40615989	32.2229329	56.37090721	0	0	0	-542.9214398	0.004424397601	-17212.9727804101	
540.3614398	86	5	9	0.8654498088	0.00427792035	97.12321091	0.09854872754	2.778240362	11.03788979	32.36095021	56.60116	0	0	0	-540.3614398	0.00427792035	-17764.3061426617	
537.8014398	86	5	9	0.8659984313	0.00413603311	97.16165456	0.09599946154	2.742345979	10.6801957	32.49495469	56.82484962	0	0	0	-537.8014398	0.00413603311	-18344.4711611497	
535.2414398	86	5	9	0.8665266459	0.003998670592	97.20038754	0.09349635928	2.706116101	10.33283709	32.62503893	57.04212398	0	0	0	-535.2414398	0.003998670592	-18953.6910949629	
532.6814398	86	5	9	0.8670352667	0.003865754754	97.23937001	0.09103816471	2.669591825	9.995570103	32.75129679	57.2531331	0	0	0	-532.6814398	0.003865754754	-19592.2041667361	
530.1214398	86	5	9	0.8675250781	0.003737196929	97.27856397	0.08862374543	2.632812285	9.668148913	32.87382285	57.45802824	0	0	0	-530.1214398	0.003737196929	-20260.262538363	
527.5614398	86	5	9	0.8679968348	0.003612899774	97.31793323	0.08625208321	2.59581469	9.350326989	32.99271189	57.65696112	0	0	0	-527.5614398	0.003612899774	-20958.1314384882	
525.0014398	86	5	9	0.8684512618	0.003492759031	97.35744336	0.08392226458	2.558634378	9.04185819	33.10805854	57.85008327	0	0	0	-525.0014398	0.003492759031	-21686.0885167412	
522.4414398	86	5	9	0.8688890554	0.003376665109	97.39706166	0.0816334719	2.521304872	8.742497717	33.21995685	58.03754544	0	0	0	-522.4414398	0.003376665109	-22444.4233400747	
519.8814398	86	5	9	0.869310883	0.003264504487	97.43675708	0.07938497478	2.483857946	8.452002928	33.32850001	58.21949706	0	0	0	-519.8814398	0.003264504487	-23233.4369365104	
517.3214398	86	5	9	0.8697173846	0.003156160951	97.47650019	0.07717612185	2.446323688	8.170134045	33.43378009	58.39608586	0	0	0	-517.3214398	0.003156160951	-24053.4415963011	
514.7614398	86	5	9	0.8701091729	0.003051516673	97.51626309	0.07500633301	2.408730573	7.896654742	33.53588779	58.56745747	0	0	0	-514.7614398	0.003051516673	-24904.7608550415	
512.2014398	86	5	9	0.8704868343	0.002950453146	97.55601937	0.07287509213	2.371105534	7.631332638	33.63491226	58.7337551	0	0	0	-512.2014398	0.002950453146	-25787.7299084076	
509.6414398	86	5	9	0.8708509298	0.002852851987	97.59574403	0.07078194008	2.333474033	7.373939701	33.73094095	58.89511935	0	0	0	-509.6414398	0.002852851987	-26702.6956506533	
507.0814398	86	5	9	0.8712019959	0.002758595616	97.6354134	0.06872646835	2.295860131	7.124252571	33.82405949	59.05168794	0	0	0	-507.0814398	0.002758595616	-27650.0169370218	
504.5214398	86	5	9	0.8715405454	0.002667567828	97.67500513	0.06670831296	2.25828656	6.882052822	33.91435159	59.20359559	0	0	0	-504.5214398	0.002667567828	-28630.0653875633	
501.9614398	86	5	9	0.8718670682	0.002579654268	97.71449806	0.06472714887	2.220774791	6.647127146	34.00189896	59.3509739	0	0	0	-501.9614398	0.002579654268	-29643.2262001502	
499.4014398	86	5	9	0.8721820327	0.00249474282	97.75387221	0.06278268473	2.183345103	6.4192675	34.08678127	59.49395123	0	0	0	-499.4014398	0.00249474282	-30689.8987060483	
496.8414398	86	5	9	0.8724858861	0.002412723918	97.7931087	0.0608746581	2.146016643	6.198271195	34.16907611	59.63265269	0	0	0	-496.8414398	0.002412723918	-31770.497471369	
494.2814398	86	5	9	0.8727790557	0.002333490793	97.83218968	0.05900283092	2.108807491	5.98394095	34.24885899	59.76720006	0	0	0	-494.2814398	0.002333490793	-32885.4538925968	
491.7214398	86	5	9	0.8730619497	0.002256939662	97.87109829	0.05716698547	2.071734722	5.776084907	34.32620328	59.89771182	0	0	0	-491.7214398	0.002256939662	-34035.2164052161	
489.1614398	86	5	9	0.8733349579	0.002182969862	97.90981862	0.05536692053	2.034814457	5.574516617	34.40118028	60.0243031	0	0	0	-489.1614398	0.002182969862	-35220.252867997	
486.6014398	86	5	9	0.8735984528	0.00211148395	97.94833563	0.05360244796	1.998061923	5.379055006	34.47385921	60.14708578	0	0	0	-486.6014398	0.00211148395	-36441.0512954316	
484.0414398	86	5	9	0.87385279	0.002042387755	97.98663511	0.05187338951	1.9614915	5.189524308	34.54430723	60.26616846	0	0	0	-484.0414398	0.002042387755	-37698.121754207	
481.4814398	86	5	9	0.8740983097	0.00197559041	98.02470365	0.05017957396	1.925116775	5.005753993	34.61258948	60.38165653	0	0	0	-481.4814398	0.00197559041	-38991.9996671472	
478.9214398	86	5	9	0.8743353366	0.001911004353	98.06252858	0.04852083446	1.888950582	4.827578674	34.6787691	60.49365222	0	0	0	-478.9214398	0.001911004353	-40323.2447195102	
476.3614398	86	5	9	0.8745641813	0.0018485453	98.10009795	0.0468970062	1.853005048	4.654837997	34.7429073	60.6022547	0	0	0	-476.3614398	0.0018485453	-41692.4454345463	
473.8014398	86	5	9	0.8747851405	0.001788132214	98.13740044	0.0453079242	1.817291637	4.487376536	34.80506337	60.70756009	0	0	0	-473.8014398	0.001788132214	-43100.2209334301	
471.2414398	86	5	9	0.8749984981	0.001729687245	98.17442539	0.04375342143	1.781821184	4.325043663	34.86529477	60.80966157	0	0	0	-471.2414398	0.001729687245	-44547.2223266308	
468.6814398	86	5	9	0.8752045257	0.001673135668	98.21116274	0.04223332707	1.746603933	4.167693429	34.92365713	60.90864944	0	0	0	-468.6814398	0.001673135668	-46034.1358811857	
466.1214398	86	5	9	0.8754034829	0.001618405805	98.24760296	0.04074746492	1.711649572	4.015184424	34.98020434	61.00461123	0	0	0	-466.1214398	0.001618405805	-47561.6863955216	
463.5614398	86	5	9	0.8755956183	0.001565428947	98.28373709	0.0392956521	1.676967262	3.867379654	35.03498859	61.09763176	0	0	0	-463.5614398	0.001565428947	-49130.6401817635	
461.0014398	86	5	9	0.8757811699	0.001514139264	98.31955663	0.03787769776	1.642565671	3.724146398	35.08806041	61.18779319	0	0	0	-461.0014398	0.001514139264	-50741.805722709	
458.4414398	86	5	9	0.8759603656	0.001464473712	98.3550536	0.03649340211	1.608452995	3.585356074	35.13946874	61.27517518	0	0	0	-458.4414398	0.001464473712	-52396.0410668966	
455.8814398	86	5	9	0.8761334238	0.001416371945	98.39022045	0.0351425554	1.574636993	3.450884105	35.18926098	61.35985491	0	0	0	-455.8814398	0.001416371945	-54094.2533246809	
453.3214398	86	5	9	0.8763005537	0.001369776211	98.42505006	0.03382493725	1.541125004	3.320609785	35.23748304	61.44190718	0	0	0	-453.3214398	0.001369776211	-55837.4054881936	
450.7614398	86	5	9	0.8764619559	0.001324631266	98.45953571	0.03254031586	1.507923972	3.194416145	35.28417937	61.52140449	0	0	0	-450.7614398	0.001324631266	-57626.5188545936	
448.2014398	86	5	9	0.8766178227	0.001280884269	98.49367108	0.03128844757	1.475040469	3.07218982	35.32939305	61.59841713	0	0	0	-448.2014398	0.001280884269	-59462.675836771	
445.6414398	86	5	9	0.8767683388	0.001238484693	98.52745021	0.03006907634	1.44248071	2.953820926	35.37316582	61.67301326	0	0	0	-445.6414398	0.001238484693	-61347.0293747512	
443.0814398	86	5	9	0.8769136813	0.001197384231	98.56086749	0.0288819334	1.410250577	2.83920293	35.41553811	61.74525896	0	0	0	-443.0814398	0.001197384231	-63280.803531249	
440.5214398	86	5	9	0.8770540204	0.001157536703	98.59391763	0.02772673704	1.378355632	2.728232527	35.45654913	61.81521834	0	0	0	-440.5214398	0.001157536703	-65265.2984144808	
437.9614398	86	5	9	0.8771895194	0.001118897966	98.62659567	0.0266031924	1.346801134	2.620809526	35.49623688	61.88295359	0	0	0	-437.9614398	0.001118897966	-67301.8966026201	
435.4014398	86	5	9	0.8773203355	0.001081425827	98.65889696	0.02551099136	1.315592052	2.516836725	35.5346382	61.94852507	0	0	0	-435.4014398	0.001081425827	-69392.0729725911	
432.8414398	86	5	9	0.8774466198	0.001045079962	98.6908171	0.02444981253	1.284733084	2.416219808	35.57178884	62.01199135	0	0	0	-432.8414398	0.001045079962	-71537.3930309744	
430.2814398	86	5	9	0.8775685173	0.001009821826	98.72235202	0.02341932129	1.254228662	2.318867227	35.60772346	62.07340931	0	0	0	-430.2814398	0.001009821826	-73739.5263023408	
427.7214398	86	5	9	0.8776861681	0.0009756145833	98.75349786	0.02241916989	1.22408297	2.224690104	35.64247571	62.13283418	0	0	0	-427.7214398	0.0009756145833	-76000.250288461	
425.1614398	86	5	9	0.8777997066	0.0009424230217	98.78425105	0.02144899762	1.194299952	2.133602122	35.67607825	62.19031963	0	0	0	-425.1614398	0.0009424230217	-78321.4566407434	
422.6014398	86	5	9	0.8779092625	0.0009102134853	98.81460825	0.02050843099	1.164883319	2.045519433	35.70856278	62.24591778	0	0	0	-422.6014398	0.0009102134853	-80705.1645672251	
420.0414398	86	5	9	0.8780149608	0.0008789538005	98.84456635	0.01959708404	1.135836567	1.960360556	35.73996011	62.29967934	0	0	0	-420.0414398	0.0008789538005	-83153.5234622182	
417.4814398	86	5	9	0.8781169218	0.0008486132083	98.87412247	0.0187145586	1.107162975	1.878046292	35.77030014	62.35165357	0	0	0	-417.4814398	0.0008486132083	-85668.8256942343	
414.9214398	86	5	9	0.8782152619	0.0008191622991	98.90327393	0.01786044466	1.078865621	1.798499631	35.79961196	62.40188841	0	0	0	-414.9214398	0.0008191622991	-88253.515915464	
412.3614398	86	5	9	0.8783100931	0.0007905729498	98.9320183	0.01703432075	1.050947384	1.721645671	35.82792383	62.4504305	0	0	0	-412.3614398	0.0007905729498	-90910.2008758633	
409.8014398	86	5	9	0.8784015237	0.0007628182633	98.96035329	0.01623575438	1.023410953	1.647411534	35.85526324	62.49732523	0	0	0	-409.8014398	0.0007628182633	-93641.6615555563	
407.2414398	86	5	9	0.8784896582	0.0007358725112	98.98827686	0.01546430247	0.996258834	1.575726289	35.88165691	62.5426168	0	0	0	-407.2414398	0.0007358725112	-96450.8652020239	
404.6814398	86	5	9	0.8785745977	0.0007097110782	99.01578714	0.01471951182	0.9694933513	1.506520874	35.90713088	62.58634824	0	0	0	-404.6814398	0.0007097110782	-99340.9784492764	
402.1214398	86	5	9	0.87865644	0.0006843104095	99.04288242	0.01400091967	0.9431166571	1.43972803	35.93171046	62.62856151	0	0	0	-402.1214398	0.0006843104095	-102315.38254133	
399.5614398	86	5	9	0.8787352795	0.0006596479604	99.06956121	0.01330805416	0.9171307333	1.375282226	35.95542032	62.66929746	0	0	0	-399.5614398	0.0006596479604	-105377.686946096	
397.0014398	86	5	9	0.8788112077	0.0006357021473	99.09582217	0.01264043494	0.8915373968	1.313119598	35.97828446	62.70859595	0	0	0	-397.0014398	0.0006357021473	-108531.747056471	
394.4414398	86	5	9	0.8788843131	0.0006124523021	99.12166412	0.01199757372	0.8663383025	1.253177881	36.00032629	62.74649583	0	0	0	-394.4414398	0.0006124523021	-111781.681997486	
391.8814398	86	5	9	0.8789546817	0.0005898786274	99.14708608	0.01137897486	0.8415349471	1.195396351	36.02156862	62.78303503	0	0	0	-391.8814398	0.0005898786274	-115131.893176776	
389.3214398	86	5	9	0.8790223964	0.0005679621544	99.17208719	0.01078413596	0.8171286717	1.139715769	36.04203369	62.81825054	0	0	0	-389.3214398	0.0005679621544	-118587.087197105	
386.7614398	86	5	9	0.879087538	0.0005466847027	99.19666679	0.01021254849	0.7931206646	1.08607832	36.06174319	62.85217849	0	0	0	-386.7614398	0.0005466847027	-122152.295875566	
384.2014398	86	5	9	0.8791501846	0.0005260288408	99.22082434	0.009663698417	0.7695119637	1.034427568	36.08071828	62.88485415	0	0	0	-384.2014398	0.0005260288408	-125832.902346667	
381.6414398	86	5	9	0.8792104122	0.0005059778498	99.24455948	0.009137066809	0.7463034581	0.9847083976	36.09897961	62.91631199	0	0	0	-381.6414398	0.0005059778498	-129634.663550981	
379.0814398	86	5	9	0.8792682943	0.0004865156861	99.26787198	0.008632130512	0.7234958902	0.9368669727	36.11654734	62.94658569	0	0	0	-379.0814398	0.0004865156861	-133563.733539813	
376.5214398	86	5	9	0.8793239027	0.0004676269467	99.29076178	0.008148362773	0.7010898572	0.8908506873	36.13344116	62.97570815	0	0	0	-376.5214398	0.0004676269467	-137626.715436116	
373.9614398	86	5	9	0.8793773069	0.0004492968409	99.31322895	0.007685233887	0.6790858119	0.8466081228	36.14968029	63.00371158	0	0	0	-373.9614398	0.0004492968409	-141830.707677298	
371.4014398	86	5	9	0.8794285745	0.0004315111609	99.33527372	0.007242211852	0.6574840643	0.8040890064	36.16528354	63.03062745	0	0	0	-371.4014398	0.0004315111609	-146183.302594874	
368.8414398	86	5	9	0.8794777712	0.0004142562455	99.35689646	0.006818763014	0.6362847817	0.7632441716	36.18026926	63.05648657	0	0	0	-368.8414398	0.0004142562455	-150692.620023432	
366.2814398	86	5	9	0.8795249611	0.000397518952	99.37809766	0.006414352709	0.61548799	0.7240255211	36.19465541	63.08131907	0	0	0	-366.2814398	0.000397518952	-155367.378465724	
363.7214398	86	5	9	0.8795702065	0.0003812866299	99.39887798	0.006028445913	0.5950935734	0.6863859919	36.20845955	63.10515446	0	0	0	-363.7214398	0.0003812866299	-160216.948502699	
361.1614398	86	5	9	0.879613568	0.0003655470957	99.41923822	0.00566050787	0.5751012755	0.650279521	36.22169884	63.12802163	0	0	0	-361.1614398	0.0003655470957	-165251.399232811	
358.6014398	86	5	9	0.8796551047	0.000350288607	99.4391793	0.005310004732	0.5555106984	0.6156610142	36.2343901	63.14994888	0	0	0	-358.6014398	0.000350288607	-170476.698077949	
356.0414398	86	5	9	0.8796948741	0.0003354990338	99.45870228	0.004976404032	0.5363213138	0.5824863856	36.24654973	63.17096388	0	0	0	-356.0414398	0.0003354990338	-175919.627436055	
353.4814398	86	5	9	0.8797329326	0.0003211698524	99.4778084	0.004659175864	0.5175324225	0.5507122428	36.25819389	63.19109387	0	0	0	-353.4814398	0.0003211698524	-181581.47904266	
350.9214398	86	5	9	0.8797693347	0.0003072881343	99.496499	0.004357792669	0.4991432113	0.5202963032	36.2693383	63.2103654	0	0	0	-350.9214398	0.0003072881343	-187682.138023041	
348.3614398	86	5	9	0.8798041338	0.0002938736921	99.51477556	0.004071730318	0.4811527113	0.4911970699	36.2799984	63.22880453	0	0	0	-348.3614398	0.0002938736921	-193815.316160816	
345.8014398	86	5	9	0.8798373821	0.0002808591352	99.5326397	0.003800468683	0.4635598285	0.4633738643	36.29018929	63.24643684	0	0	0	-345.8014398	0.0002808591352	-200024.650189406	
343.2414398	86	5	9	0.8798691304	0.0002682631674	99.5500932	0.003543492012	0.4463633097	0.4367868381	36.29992576	63.2632874	0	0	0	-343.2414398	0.0002682631674	-206709.80588977	
340.6814398	86	5	9	0.8798994282	0.0002560765899	99.56713795	0.00330028963	0.4295617629	0.4113969304	36.30922229	63.27938078	0	0	0	-340.6814398	0.0002560765899	-213694.850210536	
338.1214398	86	5	9	0.879928324	0.0002442903987	99.58377599	0.003070356423	0.4131536517	0.3871658541	36.31809308	63.29474107	0	0	0	-338.1214398	0.0002442903987	-220999.131427918	
335.5614398	86	5	9	0.8799558652	0.0002328958482	99.60000951	0.002853193358	0.3971372953	0.3640560782	36.32655203	63.30939189	0	0	0	-335.5614398	0.0002328958482	-228644.171299535	
333.0014398	86	5	9	0.879982098	0.0002218844265	99.61584083	0.002648307975	0.3815108667	0.3420308114	36.33461279	63.3233564	0	0	0	-333.0014398	0.0002218844265	-236653.278158283	
330.4414398	86	5	9	0.8800070675	0.0002112478445	99.63127239	0.002455214872	0.3662723929	0.3210539867	36.34228868	63.33665733	0	0	0	-330.4414398	0.0002112478445	-245054.14615932	
327.8814398	86	5	9	0.8800308178	0.0002009782076	99.64630683	0.002273436303	0.3514197387	0.3010902294	36.3495928	63.34931697	0	0	0	-327.8814398	0.0002009782076	-253866.618576387	
325.3214398	86	5	9	0.8800533921	0.0001910670424	99.66094683	0.002102502039	0.3369506647	0.28210492	36.35653794	63.36135714	0	0	0	-325.3214398	0.0001910670424	-263126.843583508	
322.7614398	86	5	9	0.8800748324	0.0001815072351	99.67519531	0.001941950646	0.3228627401	0.2640640652	36.36313668	63.37279926	0	0	0	-322.7614398	0.0001815072351	-272871.034004332	
320.2014398	86	5	9	0.8800951799	0.0001722910282	99.68905527	0.001791329306	0.3091533985	0.2469343684	36.36940129	63.38366434	0	0	0	-320.2014398	0.0001722910282	-283127.493490593	
317.6414398	86	5	9	0.8801144749	0.0001634110213	99.70252988	0.001650194326	0.2958199239	0.230683199	36.37534383	63.39397297	0	0	0	-317.6414398	0.0001634110213	-293937.58193345	
315.0814398	86	5	9	0.8801327566	0.0001548599538	99.71562244	0.001518111487	0.2828594494	0.2152785844	36.38097609	63.40374532	0	0	0	-315.0814398	0.0001548599538	-305343.643001189	
312.5214398	86	5	9	0.8801500635	0.0001466306903	99.72833639	0.001394656363	0.2702689573	0.2006892019	36.38630962	63.41300118	0	0	0	-312.5214398	0.0001466306903	-317392.182252861	
309.9614398	86	5	9	0.8801664331	0.0001387162197	99.74067531	0.001279414617	0.2580452782	0.1868843725	36.39135573	63.4217599	0	0	0	-309.9614398	0.0001387162197	-330134.103105728	
307.4014398	86	5	9	0.880181902	0.0001311096314	99.75264293	0.001171982272	0.2461850912	0.1738340552	36.39612548	63.43004046	0	0	0	-307.4014398	0.0001311096314	-343625.271227656	
304.8414398	86	5	9	0.8801965061	0.0001238041156	99.76424311	0.001071965958	0.2346849232	0.1615088418	36.40062971	63.43786145	0	0	0	-304.8414398	0.0001238041156	-357927.317224395	
302.2814398	86	5	9	0.8802102803	0.0001167929525	99.77547987	0.0009789831278	0.223541149	0.1498799529	36.40487899	63.44524106	0	0	0	-302.2814398	0.0001167929525	-298635.55960135	
300	86	5	9	0.8802218842	9.834520825E-05	99.78519103	0.000901743151	0.213907226	0.1400803485	36.40845949	63.45146016	0	0	0	-300	9.834520825E-05	51294.7715806152	
