T	w(AL)	w(MG)	w(SI)	fs	fw(@FCC_A1)	w(AL@FCC_A1)	w(MG@FCC_A1)	w(SI@FCC_A1)	w(AL@LIQUID)	w(MG@LIQUID)	w(SI@LIQUID)	dwdT_L(AL@LIQUID)	dwdT_L(MG@LIQUID)	dwdT_L(SI@LIQUID)	-T	fw(@FCC_A1)_1	-T//fw(@FCC_A1)	
K	%	%	%	mole/mole	kg/kg	%	%	%	%	%	%	SI	SI	SI				
884.1312458	90	6	4	0	0	98.17513492	1.49807205	0.3267930354	90	6	4	0.002191112681	-0.001206598281	-0.0009845143992	-884.1312458	0	18.5738003288836	
884.1212458	90	6	4	0.0002671774843	0.000268102168	98.17486853	1.498276988	0.3268544819	89.99780885	6.001206687	4.000984466	0	0	0	-884.1212458	0.000268102168	56.0246266408745	
884.1012458	90	6	4	0.0008009299033	0.0005357693454	98.17433586	1.498686761	0.3269773811	89.99342642	6.00361993	4.002953651	0	0	0	-884.1012458	0.0005357693454	74.7432998544033	
884.0612458	90	6	4	0.001867021489	0.001070596355	98.17327068	1.499506163	0.3272231548	89.98466057	6.00844677	4.006892655	0	0	0	-884.0612458	0.001070596355	74.8471605568679	
883.9812458	90	6	4	0.003993602035	0.002137830098	98.17114226	1.501143236	0.3277145055	89.96712518	6.018101604	4.014773218	0	0	0	-883.9812458	0.002137830098	75.078493816199	
883.8212458	90	6	4	0.008224475852	0.004262267085	98.16689217	1.504411327	0.3286965024	89.93203954	6.037415901	4.030544554	0	0	0	-883.8212458	0.004262267085	75.5524654153742	
883.5012458	90	6	4	0.01659805424	0.008471420156	98.158419	1.510923328	0.3306576731	89.86180887	6.07606314	4.062127992	0	0	0	-883.5012458	0.008471420156	76.5900803152481	
882.8612458	90	6	4	0.03297132042	0.01670861768	98.14158403	1.523845913	0.3345700561	89.72111356	6.153417316	4.125469122	0	0	0	-882.8612458	0.01670861768	78.7292109885729	
881.5812458	90	6	4	0.06435158509	0.03256636303	98.10834942	1.549298675	0.3423519052	89.43877048	6.308407345	4.252822176	0	0	0	-881.5812458	0.03256636303	82.9408759189391	
879.0212458	90	6	4	0.1221227592	0.06197027617	98.04360182	1.59865725	0.3577409311	88.87024977	6.619577538	4.510172692	0	0	0	-879.0212458	0.06197027617	-1043.73080732657	
876.4612458	90	6	4	0.1739321448	0.05924359434	97.98104014	1.646099106	0.3728607567	88.29650313	6.932779413	4.770717461	0	0	0	-876.4612458	0.05924359434	-984.978676521311	
873.9012458	90	6	4	0.2206237188	0.05675120151	97.92062997	1.691660575	0.3877094525	87.71746115	7.24811481	5.034424038	0	0	0	-873.9012458	0.05675120151	-1076.10666587347	
871.3412458	90	6	4	0.2628950127	0.05446749908	97.8623376	1.735377265	0.4022851312	87.13306458	7.565676585	5.301258834	0	0	0	-871.3412458	0.05446749908	-1171.96375408499	
868.7812458	90	6	4	0.3013241931	0.05236715495	97.80612977	1.777283955	0.4165862791	86.54326023	7.885549006	5.571190762	0	0	0	-868.7812458	0.05236715495	-1271.7414865628	
866.2212458	90	6	4	0.336394196	0.05042858502	97.75197364	1.817414707	0.4306116514	85.94800276	8.207807434	5.84418981	0	0	0	-866.2212458	0.05042858502	-1375.30255507112	
863.6612458	90	6	4	0.3685113324	0.04863334926	97.69983673	1.855803064	0.4443602105	85.34725542	8.532518435	6.120226147	0	0	0	-863.6612458	0.04863334926	-1482.50278838798	
861.1012458	90	6	4	0.3980197275	0.04696559304	97.64968671	1.892482221	0.4578310727	84.74099092	8.859739792	6.399269287	0	0	0	-861.1012458	0.04696559304	-1593.16900609199	
858.5412458	90	6	4	0.4252126361	0.04541160395	97.60149138	1.927485162	0.4710234609	84.12919226	9.189520438	6.681287302	0	0	0	-858.5412458	0.04541160395	-1707.09710417639	
855.9812458	90	6	4	0.4503413938	0.04395945696	97.55521854	1.960844792	0.4839366639	83.51185361	9.521900312	6.966246079	0	0	0	-855.9812458	0.04395945696	-1824.05064875351	
853.4212458	90	6	4	0.4736225556	0.04259872842	97.51083596	1.992594038	0.4965699993	82.88898123	9.856910161	7.254108609	0	0	0	-853.4212458	0.04259872842	-1943.76025954792	
850.8612458	90	6	4	0.4952436364	0.04132026388	97.46831128	2.022765939	0.508922782	82.26059439	10.1945713	7.544834309	0	0	0	-850.8612458	0.04132026388	-2065.92379284339	
848.3012458	90	6	4	0.5153677596	0.04011598836	97.42761198	2.051393728	0.5209942953	81.62672628	10.53489533	7.838378385	0	0	0	-848.3012458	0.04011598836	-2190.20767735997	
845.7412458	90	6	4	0.5341374486	0.03897875057	97.38870534	2.078510889	0.5327837659	80.98742489	10.87788389	8.134691222	0	0	0	-845.7412458	0.03897875057	-2316.24943106983	
843.1812458	90	6	4	0.5516777393	0.03790219418	97.35155845	2.104151213	0.5442903422	80.34275391	11.22352827	8.433717818	0	0	0	-843.1812458	0.03790219418	-2443.66159543613	
840.6212458	90	6	4	0.5680987497	0.03688065113	97.31613809	2.128348832	0.5555130756	79.69279351	11.57180923	8.735397257	0	0	0	-840.6212458	0.03688065113	-2572.03703153171	
838.0612458	90	6	4	0.5834978152	0.03590905263	97.28241084	2.151138256	0.5664509042	79.03764114	11.92269662	9.039662234	0	0	0	-838.0612458	0.03590905263	-2700.95568599021	
835.5012458	90	6	4	0.5979612713	0.03498285482	97.25034298	2.172554383	0.5771026404	78.37741217	12.2761492	9.346438628	0	0	0	-835.5012458	0.03498285482	-2829.99268978833	
832.9412458	90	6	4	0.6115659498	0.03409797628	97.21990053	2.192632508	0.587466961	77.71224046	12.6321144	9.65564514	0	0	0	-832.9412458	0.03409797628	-2958.7276278824	
830.3812458	90	6	4	0.6243804416	0.03325074545	97.19104928	2.211408321	0.5975424	77.04227884	12.99052816	9.967192994	0	0	0	-830.3812458	0.03325074545	-3086.75466291058	
827.8212458	90	6	4	0.6364661658	0.03243785609	97.16375476	2.228917896	0.6073273449	76.36769941	13.35131487	10.28098572	0	0	0	-827.8212458	0.03243785609	-3213.69316108819	
825.2612458	90	6	4	0.6478782802	0.0316563295	97.1379823	2.245197661	0.616820036	75.68869368	13.71438731	10.59691901	0	0	0	-825.2612458	0.0316563295	-3339.19840775694	
822.7012458	90	6	4	0.6586664588	0.03090348224	97.11369706	2.260284371	0.6260185693	75.00547258	14.07964676	10.91488067	0	0	0	-822.7012458	0.03090348224	-3462.97188660942	
820.1412458	90	6	4	0.6688755593	0.03017689845	97.09086404	2.274215059	0.6349209017	74.31826622	14.44698314	11.23475064	0	0	0	-820.1412458	0.03017689845	-3584.77059892422	
817.5812458	90	6	4	0.6785461969	0.02947440588	97.06944815	2.287026994	0.6435248601	73.62732354	14.81627528	11.55640118	0	0	0	-817.5812458	0.02947440588	-3704.41520857724	
815.0212458	90	6	4	0.6877152409	0.02879405509	97.04941423	2.298757612	0.651828154	72.93291165	15.1873913	11.87969705	0	0	0	-815.0212458	0.02879405509	-3821.79587904987	
812.4612458	90	6	4	0.6964162443	0.02813410092	97.03072716	2.309444454	0.6598283903	72.23531504	15.56018908	12.20449588	0	0	0	-812.4612458	0.02813410092	-3936.87705563371	
809.9012458	90	6	4	0.7046798173	0.02749298639	97.01335182	2.319125089	0.6675230921	71.53483452	15.93451686	12.53064862	0	0	0	-809.9012458	0.02749298639	-4049.69790821296	
807.3412458	90	6	4	0.7125339528	0.02686932736	96.99725324	2.327837037	0.6749097195	70.83178603	16.31021392	12.85800005	0	0	0	-807.3412458	0.02686932736	-4160.37308035327	
804.7812458	90	6	4	0.7200043105	0.0262618996	96.98239663	2.335617681	0.6819856933	70.12649916	16.6871114	13.18638944	0	0	0	-804.7812458	0.0262618996	-4269.08990382294	
802.2212458	90	6	4	0.727114466	0.02566962574	96.9687474	2.342504183	0.6887484215	69.41931556	17.06503321	13.51565123	0	0	0	-802.2212458	0.02566962574	-4376.10234501904	
799.6612458	90	6	4	0.7338861285	0.02509156358	96.95627128	2.348533391	0.6951953266	68.71058719	17.44379697	13.84561584	0	0	0	-799.6612458	0.02509156358	-4481.72147494822	
797.1012458	90	6	4	0.7403393326	0.02452689372	96.94493439	2.353741732	0.701323881	68.00067441	17.8232151	14.17611049	0	0	0	-797.1012458	0.02452689372	-4586.33427828924	
794.5412458	90	6	4	0.746492608	0.02397491516	96.93470319	2.358165202	0.7071316085	67.28994383	18.20309596	14.5069602	0	0	0	-794.5412458	0.02397491516	-4690.32898411818	
791.9812458	90	6	4	0.7523631254	0.02343501851	96.92554471	2.361839117	0.712616173	66.57876653	18.5832449	14.83798856	0	0	0	-791.9812458	0.02343501851	-4794.15847943948	
789.4212458	90	6	4	0.7579668301	0.02290669793	96.91742646	2.364798189	0.7177753523	65.86751561	18.96346556	15.16901883	0	0	0	-789.4212458	0.02290669793	-4898.31877621207	
786.8612458	90	6	4	0.7633185567	0.02238952425	96.91031654	2.367076363	0.7226070969	65.15656421	19.34356097	15.49987482	0	0	0	-786.8612458	0.02238952425	-5003.28427610138	
784.3012458	90	6	4	0.7684321314	0.02188314256	96.90418369	2.368706757	0.7271095544	64.44628336	19.72333477	15.83038187	0	0	0	-784.3012458	0.02188314256	-5109.56331420025	
781.7412458	90	6	4	0.7733204625	0.02138726166	96.89899731	2.369721597	0.7312810979	63.7370399	20.10259231	16.16036779	0	0	0	-781.7412458	0.02138726166	-5217.66071695622	
779.1812458	90	6	4	0.7779956208	0.02090164523	96.8947275	2.370152149	0.7351203525	63.02919455	20.48114179	16.48966366	0	0	0	-779.1812458	0.02090164523	-5328.07734151457	
776.6212458	90	6	4	0.7824689106	0.02042610347	96.89134511	2.370028671	0.7386262201	62.3231	20.85879525	16.81810475	0	0	0	-776.6212458	0.02042610347	-5441.30451223801	
774.0612458	90	6	4	0.7867509333	0.01996048516	96.88882173	2.369380365	0.741797901	61.61909924	21.23536955	17.14553122	0	0	0	-774.0612458	0.01996048516	-5557.81945414831	
771.5012458	90	6	4	0.7908516431	0.01950467029	96.88712975	2.368235338	0.7446349134	60.91752394	21.61068722	17.47178884	0	0	0	-771.5012458	0.01950467029	-5678.08202863403	
768.9412458	90	6	4	0.7947803978	0.01905856327	96.88624231	2.366620579	0.74713711	60.21869314	21.98457729	17.79672957	0	0	0	-768.9412458	0.01905856327	-5802.5320242994	
766.3812458	90	6	4	0.7985460034	0.01862208673	96.88613337	2.364561936	0.749304691	59.52291199	22.35687589	18.12021212	0	0	0	-766.3812458	0.01862208673	-5931.58757982799	
763.8212458	90	6	4	0.8021567543	0.01819517601	96.88677768	2.362084105	0.751138215	58.83047079	22.72742689	18.44210232	0	0	0	-763.8212458	0.01819517601	-6068.97140309915	
761.2612458	90	6	4	0.8056205665	0.01777821652	96.88815017	2.359210973	0.7526388526	58.14163476	23.09608689	18.76227835	0	0	0	-761.2612458	0.01777821652	-6206.19001974741	
758.7012458	90	6	4	0.8089446654	0.01737000764	96.89022847	2.355964086	0.7538074457	57.45668153	23.4627066	19.08061187	0	0	0	-758.7012458	0.01737000764	-6348.19548819961	
756.1412458	90	6	4	0.8121360647	0.0169714569	96.89298893	2.352365206	0.7546458606	56.77584269	23.82716074	19.39699657	0	0	0	-756.1412458	0.0169714569	-6501.31716948134	
753.5812458	90	6	4	0.8152013414	0.01658225314	96.89640953	2.348434345	0.7551561231	56.09934281	24.18932766	19.71132954	0	0	0	-753.5812458	0.01658225314	-6658.86842066839	
751.0212458	90	6	4	0.8181467101	0.01620233339	96.90046834	2.344190983	0.7553406788	55.42738934	24.54909475	20.0235159	0	0	0	-751.0212458	0.01620233339	-6823.04975772679	
748.4612458	90	6	4	0.8209780454	0.01583162931	96.90514534	2.339652447	0.7552022121	54.76017275	24.90635845	20.3334688	0	0	0	-748.4612458	0.01583162931	-6994.1313756349	
745.9012458	90	6	4	0.823700903	0.01547006307	96.91042006	2.334836045	0.7547438939	54.09786662	25.26102414	20.64110924	0	0	0	-745.9012458	0.01547006307	-7172.3547372113	
743.3412458	90	6	4	0.826320538	0.01511754787	96.91627324	2.329757598	0.7539691637	53.44062801	25.61300603	20.94636596	0	0	0	-743.3412458	0.01511754787	-7357.95040093496	
740.7812458	90	6	4	0.8288419229	0.01477398679	96.92268614	2.324432048	0.7528818078	52.78859789	25.9622269	21.2491752	0	0	0	-740.7812458	0.01477398679	-7551.12605392529	
738.2212458	90	6	4	0.8312697636	0.01443927256	96.92964066	2.318873407	0.7514859304	52.14190161	26.30861791	21.54948048	0	0	0	-738.2212458	0.01443927256	-7752.07528705862	
735.6612458	90	6	4	0.8336085145	0.01411328785	96.93711926	2.313094798	0.7497859403	51.5006495	26.65211824	21.84723226	0	0	0	-735.6612458	0.01411328785	-7960.97855019334	
733.1012458	90	6	4	0.8358623927	0.01379590554	96.94510497	2.307108497	0.7477865353	50.86493751	26.9926748	22.14238769	0	0	0	-733.1012458	0.01379590554	-8178.00223392732	
730.5412458	90	6	4	0.8380353913	0.01348698924	96.95358134	2.300925973	0.7454926879	50.23484787	27.33024187	22.43491026	0	0	0	-730.5412458	0.01348698924	-8403.30059021282	
727.9812458	90	6	4	0.8401312919	0.01318639398	96.96253244	2.29455793	0.7429096288	49.61044985	27.66478072	22.72476943	0	0	0	-727.9812458	0.01318639398	-8637.01601110889	
725.4212458	90	6	4	0.8421536761	0.01289396694	96.97194282	2.288014352	0.7400428311	48.99180047	27.99625919	23.01194033	0	0	0	-725.4212458	0.01289396694	-8879.28018274771	
722.8612458	90	6	4	0.8441059366	0.01260954834	96.98179747	2.281304536	0.7368979942	48.37894524	28.32465138	23.29640339	0	0	0	-722.8612458	0.01260954834	-9130.21491050997	
720.3012458	90	6	4	0.8459912874	0.0123329723	96.99208183	2.274437139	0.7334810277	47.77191891	28.64993715	23.57814394	0	0	0	-720.3012458	0.0123329723	-9389.93255932407	
717.7412458	90	6	4	0.8478127742	0.01206406777	97.00278175	2.267420213	0.729798035	47.17074623	28.97210182	23.85715195	0	0	0	-717.7412458	0.01206406777	-9658.5367791999	
715.1812458	90	6	4	0.8495732827	0.01180265942	97.01388346	2.260261241	0.7258552979	46.57544268	29.29113571	24.13342161	0	0	0	-715.1812458	0.01180265942	-9936.12336207021	
712.6212458	90	6	4	0.8512755483	0.01154856856	97.02537356	2.252967174	0.7216592611	45.98601516	29.60703382	24.40695102	0	0	0	-712.6212458	0.01154856856	-10222.7800946187	
710.0612458	90	6	4	0.8529221636	0.01130161395	97.03723902	2.245544466	0.7172165166	45.40246268	29.91979543	24.6777419	0	0	0	-710.0612458	0.01130161395	-10518.5867112623	
707.5012458	90	6	4	0.8545155868	0.01106161262	97.04946711	2.237999104	0.7125337897	44.82477704	30.22942372	24.94579924	0	0	0	-707.5012458	0.01106161262	-10823.6173976693	
704.9412458	90	6	4	0.8560581487	0.01082838069	97.06204544	2.230336639	0.7076179242	44.25294348	30.5359255	25.21113102	0	0	0	-704.9412458	0.01082838069	-11137.9389854777	
702.3812458	90	6	4	0.85755206	0.01060173399	97.07496192	2.222562216	0.702475869	43.68694122	30.83931084	25.47374794	0	0	0	-702.3812458	0.01060173399	-11461.6112404944	
699.8212458	90	6	4	0.8589994175	0.01038148876	97.08820473	2.214680602	0.6971146649	43.12674411	31.13959276	25.73366313	0	0	0	-699.8212458	0.01038148876	-11794.6904263016	
697.2612458	90	6	4	0.8604022108	0.01016746229	97.10176236	2.20669621	0.6915414318	42.57232111	31.43678696	25.99089193	0	0	0	-697.2612458	0.01016746229	-12137.2223094859	
694.7012458	90	6	4	0.861762328	0.009959473238	97.11562352	2.198613125	0.6857633564	42.02363685	31.73091152	26.24545162	0	0	0	-694.7012458	0.009959473238	-12489.2510820599	
692.1412458	90	6	4	0.8630815612	0.009757342439	97.1297772	2.190435123	0.6797876811	41.48065206	32.02198669	26.49736125	0	0	0	-692.1412458	0.009757342439	-12850.8152547004	
689.5812458	90	6	4	0.864361612	0.009560893004	97.14421261	2.182165698	0.6736216923	40.94332402	32.3100346	26.74664138	0	0	0	-689.5812458	0.009560893004	-13221.9444169027	
687.0212458	90	6	4	0.8656040964	0.009369950857	97.15891921	2.173808078	0.6672727104	40.41160703	32.59507906	26.99331392	0	0	0	-687.0212458	0.009369950857	-13602.6662950868	
684.4612458	90	6	4	0.8668105493	0.009184344992	97.17388668	2.165365241	0.6607480793	39.8854527	32.87714535	27.23740195	0	0	0	-684.4612458	0.009184344992	-13993.0019575279	
681.9012458	90	6	4	0.8679824293	0.009003907739	97.1891049	2.156839941	0.654055157	39.36481039	33.15626004	27.47892957	0	0	0	-681.9012458	0.009003907739	-14392.9674220915	
679.3412458	90	6	4	0.8691211227	0.008828474982	97.20456398	2.148234713	0.6472013066	38.8496275	33.43245079	27.71792171	0	0	0	-679.3412458	0.008828474982	-14802.5738029326	
676.7812458	90	6	4	0.8702279474	0.008657886341	97.22025422	2.139551897	0.6401938875	38.33984975	33.70574619	27.95440405	0	0	0	-676.7812458	0.008657886341	-15221.8269894173	
674.2212458	90	6	4	0.8713041568	0.008491985304	97.23616611	2.130793645	0.633040247	37.83542151	33.97617565	28.18840284	0	0	0	-674.2212458	0.008491985304	-15650.728027736	
671.6612458	90	6	4	0.8723509433	0.008330619345	97.25229035	2.121961941	0.625747713	37.33628601	34.24376919	28.41994481	0	0	0	-671.6612458	0.008330619345	-16089.2729116968	
669.1012458	90	6	4	0.8733694413	0.008173639989	97.26861781	2.113058604	0.6183235859	36.84238557	34.50855737	28.64905706	0	0	0	-669.1012458	0.008173639989	-16537.4526655747	
666.5412458	90	6	4	0.8743607311	0.008020902872	97.28513956	2.104085308	0.6107751324	36.35366186	34.77057116	28.87576698	0	0	0	-666.5412458	0.008020902872	-16995.2533306901	
663.9812458	90	6	4	0.8753258409	0.007872267757	97.30184684	2.095043585	0.6031095778	35.87005603	35.02984184	29.10010213	0	0	0	-663.9812458	0.007872267757	-17462.6560345577	
661.4212458	90	6	4	0.8762657502	0.007727598548	97.31873106	2.08593484	0.5953341005	35.39150891	35.28640089	29.3220902	0	0	0	-661.4212458	0.007727598548	-17939.6370429245	
658.8612458	90	6	4	0.8771813925	0.007586763269	97.33578382	2.076760356	0.5874558256	34.9179612	35.5402799	29.54175891	0	0	0	-658.8612458	0.007586763269	-18426.1675175189	
656.3012458	90	6	4	0.8780736572	0.007449634038	97.35299688	2.067521303	0.5794818191	34.44935354	35.79151052	29.75913594	0	0	0	-656.3012458	0.007449634038	-18922.213521588	
653.7412458	90	6	4	0.8789433926	0.007316087018	97.37036217	2.058218747	0.5714190826	33.98562669	36.04012439	29.97424892	0	0	0	-653.7412458	0.007316087018	-19427.7364868607	
651.1812458	90	6	4	0.8797914076	0.007186002371	97.3878718	2.048853657	0.5632745482	33.52672165	36.28615302	30.18712533	0	0	0	-651.1812458	0.007186002371	-19942.6926712868	
648.6212458	90	6	4	0.880618474	0.007059264181	97.40551802	2.039426907	0.5550550734	33.07257972	36.52962782	30.39779246	0	0	0	-648.6212458	0.007059264181	-20467.0329552165	
646.0612458	90	6	4	0.8814253285	0.006935760386	97.42329327	2.029939289	0.5467674363	32.62314262	36.77057996	30.60627742	0	0	0	-646.0612458	0.006935760386	-21000.703586272	
643.5012458	90	6	4	0.8822126745	0.006815382697	97.44119015	2.020391514	0.5384183316	32.17835257	37.00904041	30.81260702	0	0	0	-643.5012458	0.006815382697	-21543.6457059261	
640.9412458	90	6	4	0.8829811837	0.006698026511	97.45920142	2.010784217	0.530014366	31.73815236	37.24503983	31.0168078	0	0	0	-640.9412458	0.006698026511	-22095.7952088795	
638.3812458	90	6	4	0.8837314978	0.006583590819	97.47731998	2.001117964	0.5215620545	31.3024854	37.47860859	31.21890602	0	0	0	-638.3812458	0.006583590819	-22657.0826522309	
635.8212458	90	6	4	0.8844642304	0.006471978111	97.49553893	1.991393256	0.5130678163	30.87129577	37.70977668	31.41892754	0	0	0	-635.8212458	0.006471978111	-23227.4334778189	
633.2612458	90	6	4	0.8851799678	0.006363094281	97.5138515	1.981610532	0.5045379713	30.44452832	37.93857376	31.61689792	0	0	0	-633.2612458	0.006363094281	-23806.7683285243	
630.7012458	90	6	4	0.8858792709	0.006256848531	97.53225109	1.971770173	0.4959787367	30.02212864	38.16502905	31.81284231	0	0	0	-630.7012458	0.006256848531	-24395.0022052908	
628.1412458	90	6	4	0.8865626763	0.006153153266	97.55073127	1.961872506	0.4873962237	29.60404315	38.38917137	32.00678548	0	0	0	-628.1412458	0.006153153266	-24992.0445809736	
625.5812458	90	6	4	0.8872306977	0.006051923998	97.56928576	1.95191781	0.4787964347	29.19021909	38.61102912	32.19875179	0	0	0	-625.5812458	0.006051923998	-25597.8000105676	
623.0212458	90	6	4	0.8878838266	0.005953079247	97.58790843	1.941906313	0.4701852597	28.78060457	38.83063024	32.38876519	0	0	0	-623.0212458	0.005953079247	-26212.167841538	
620.4612458	90	6	4	0.888522534	0.005856540443	97.60659332	1.931838202	0.4615684744	28.3751486	39.04800219	32.57684921	0	0	0	-620.4612458	0.005856540443	-26835.0416623027	
617.9012458	90	6	4	0.889147271	0.005762231825	97.62533464	1.92171362	0.4529517371	27.97380106	39.26317199	32.76302695	0	0	0	-617.9012458	0.005762231825	-27466.3096302766	
615.3412458	90	6	4	0.8897584699	0.005670080348	97.64412674	1.911532671	0.4443405862	27.57651277	39.47616616	32.94732107	0	0	0	-615.3412458	0.005670080348	-28105.85466825	
612.7812458	90	6	4	0.8903565452	0.005580015587	97.66296414	1.901295425	0.4357404382	27.18323547	39.68701074	33.12975379	0	0	0	-612.7812458	0.005580015587	-28753.5541378392	
610.2212458	90	6	4	0.8909418943	0.005491969645	97.6818415	1.891001916	0.4271565852	26.79392182	39.89573127	33.31034691	0	0	0	-610.2212458	0.005491969645	-29409.2801294893	
607.6612458	90	6	4	0.8915148985	0.005405877063	97.70075366	1.880652145	0.4185941935	26.40852542	40.10235282	33.48912176	0	0	0	-607.6612458	0.005405877063	-30072.8985290738	
605.1012458	90	6	4	0.8920759237	0.005321674727	97.71969561	1.870246086	0.4100583008	26.02700081	40.30689993	33.66609925	0	0	0	-605.1012458	0.005321674727	-30744.2705677826	
602.5412458	90	6	4	0.892625321	0.005239301791	97.7386625	1.859783681	0.4015538153	25.64930347	40.50939668	33.84129984	0	0	0	-602.5412458	0.005239301791	-31423.2512358521	
599.9812458	90	6	4	0.8931634277	0.005158699581	97.75764964	1.849264851	0.3930855136	25.27538981	40.70986663	34.01474356	0	0	0	-599.9812458	0.005158699581	-32109.6901580698	
597.4212458	90	6	4	0.8936905677	0.005079811526	97.77665247	1.83868949	0.3846580396	24.90521717	40.90833285	34.18644998	0	0	0	-597.4212458	0.005079811526	-32803.4318630514	
594.8612458	90	6	4	0.8942070521	0.00500258307	97.79566663	1.828057468	0.3762759027	24.53874382	41.10481792	34.35643826	0	0	0	-594.8612458	0.00500258307	-33504.3142429138	
592.3012458	90	6	4	0.8947131802	0.004926961599	97.81468788	1.817368638	0.367943477	24.17592896	41.29934391	34.52472713	0	0	0	-592.3012458	0.004926961599	-34212.5072301676	
589.7412458	90	6	4	0.8952092395	0.004852897782	97.83371217	1.806622835	0.3596649994	23.81673268	41.49193245	34.69133487	0	0	0	-589.7412458	0.004852897782	-34918.9316725391	
587.1812458	90	6	4	0.895695503	0.00478030669	97.85273562	1.795819788	0.3514445903	23.46111826	41.6826034	34.85627834	0	0	0	-587.1812458	0.00478030669	-35648.7046114169	
584.6212458	90	6	4	0.8961722436	0.004709241632	97.87175438	1.784959449	0.3432861746	23.10904289	41.87137994	35.01957716	0	0	0	-584.6212458	0.004709241632	-36383.9693284341	
582.0612458	90	6	4	0.8966397138	0.004639558251	97.89076488	1.774041532	0.3351935919	22.76047181	42.05828093	35.18124726	0	0	0	-582.0612458	0.004639558251	-37109.7863698886	
579.5012458	90	6	4	0.8970981599	0.004571245414	97.90976366	1.76306581	0.3271705254	22.41536868	42.24332605	35.34130527	0	0	0	-579.5012458	0.004571245414	-37849.8084453987	
576.9412458	90	6	4	0.8975478192	0.004504260689	97.92874744	1.752032041	0.319220518	22.07369803	42.42653454	35.49976743	0	0	0	-576.9412458	0.004504260689	-38592.6032698929	
574.3812458	90	6	4	0.8979889191	0.004438552929	97.9477131	1.740939916	0.311346986	21.73542508	42.60792501	35.65664991	0	0	0	-574.3812458	0.004438552929	-39353.5109712831	
571.8212458	90	6	4	0.8984216834	0.004374132472	97.96665744	1.729789421	0.303553138	21.40051502	42.78751684	35.81196813	0	0	0	-571.8212458	0.004374132472	-40106.7173231246	
569.2612458	90	6	4	0.8988463195	0.004310872425	97.98557784	1.71858	0.2958421587	21.06893757	42.96532621	35.96573622	0	0	0	-569.2612458	0.004310872425	-40860.1833163714	
566.7012458	90	6	4	0.8992630335	0.004248804437	98.00447151	1.707311488	0.2882170056	20.7406591	43.14137135	36.11796956	0	0	0	-566.7012458	0.004248804437	-41633.249585698	
564.1412458	90	6	4	0.8996720225	0.0041878728	98.02333587	1.695983605	0.2806805199	20.41564824	43.31566924	36.26868252	0	0	0	-564.1412458	0.0041878728	-42405.2241859069	
561.5812458	90	6	4	0.9000734764	0.004128044439	98.04216852	1.684596078	0.2732354007	20.09387448	43.48823648	36.41788904	0	0	0	-561.5812458	0.004128044439	-43181.9375723475	
559.0212458	90	6	4	0.9004675785	0.004069285423	98.06096717	1.673148627	0.2658842081	19.77530802	43.65908922	36.56560276	0	0	0	-559.0212458	0.004069285423	-43962.713513138	
556.4612458	90	6	4	0.9008545057	0.004011563639	98.07972967	1.661640971	0.2586293631	19.45991988	43.8282432	36.71183692	0	0	0	-556.4612458	0.004011563639	-44747.544358702	
553.9012458	90	6	4	0.9012344284	0.003954848044	98.09845402	1.650072832	0.251473148	19.14768179	43.99571375	36.85660446	0	0	0	-553.9012458	0.003954848044	-45536.1821335233	
551.3412458	90	6	4	0.9016075115	0.003899108632	98.11713836	1.638443933	0.2444177073	18.83856622	44.16151582	36.99991796	0	0	0	-551.3412458	0.003899108632	-46328.3752731711	
548.7812458	90	6	4	0.9019739138	0.003844316389	98.13578095	1.626754003	0.2374650482	18.53254639	44.32566394	37.14178968	0	0	0	-548.7812458	0.003844316389	-47123.8652019604	
546.2212458	90	6	4	0.9023337889	0.003790443254	98.15438018	1.615002776	0.2306170421	18.2295962	44.48817226	37.28223154	0	0	0	-546.2212458	0.003790443254	-47922.3900023574	
543.6612458	90	6	4	0.9026872852	0.003737462086	98.17293458	1.603189992	0.2238754251	17.92969028	44.64905455	37.42125516	0	0	0	-543.6612458	0.003737462086	-48723.6846128181	
541.1012458	90	6	4	0.903034546	0.003685346628	98.1914428	1.591315401	0.2172417999	17.63280393	44.80832423	37.55887184	0	0	0	-541.1012458	0.003685346628	-49527.4779009415	
538.5412458	90	6	4	0.9033757096	0.00363407147	98.2099036	1.579378762	0.2107176364	17.3389131	44.96599432	37.69509258	0	0	0	-538.5412458	0.00363407147	-50333.4962523681	
535.9812458	90	6	4	0.90371091	0.003583612023	98.22831588	1.567379846	0.2043042735	17.04799446	45.12207749	37.82992805	0	0	0	-535.9812458	0.003583612023	-51141.4612067949	
533.4212458	90	6	4	0.9040402764	0.00353394448	98.24667864	1.555318438	0.1980029208	16.76002526	45.27658606	37.96338867	0	0	0	-533.4212458	0.00353394448	-51951.0901794613	
530.8612458	90	6	4	0.9043639341	0.003485045793	98.264991	1.543194338	0.1918146597	16.47498345	45.42953201	38.09548455	0	0	0	-530.8612458	0.003485045793	-52762.1002855216	
528.3012458	90	6	4	0.904682004	0.003436893644	98.28325219	1.53100736	0.1857404454	16.19284755	45.58092695	38.2262255	0	0	0	-528.3012458	0.003436893644	-53574.2027204457	
525.7412458	90	6	4	0.9049946032	0.003389466413	98.30146155	1.518757339	0.1797811091	15.91359673	45.73078218	38.35562108	0	0	0	-525.7412458	0.003389466413	-54387.1066737789	
523.1812458	90	6	4	0.9053018448	0.003342743158	98.31961851	1.506444128	0.1739373592	15.63721075	45.87910867	38.48368057	0	0	0	-523.1812458	0.003342743158	-55200.51919662	
520.6212458	90	6	4	0.9056038385	0.003296703585	98.33772261	1.494067603	0.1682097837	15.36366996	46.02591705	38.61041299	0	0	0	-520.6212458	0.003296703585	-56014.1446058791	
518.0612458	90	6	4	0.9059006902	0.003251328028	98.35577349	1.481627662	0.1625988524	15.09295528	46.17121765	38.73582707	0	0	0	-518.0612458	0.003251328028	-56827.68758242	
515.5012458	90	6	4	0.9061925028	0.003206597426	98.37377085	1.469124227	0.157104919	14.8250482	46.31502047	38.85993133	0	0	0	-515.5012458	0.003206597426	-57640.8493210669	
512.9412458	90	6	4	0.9064793754	0.003162493298	98.39171453	1.456557249	0.1517282232	14.55993078	46.45733522	38.982734	0	0	0	-512.9412458	0.003162493298	-58453.3291300492	
510.3812458	90	6	4	0.9067614045	0.003118997724	98.4096044	1.443926707	0.1464688933	14.29758561	46.59817131	39.10424308	0	0	0	-510.3812458	0.003118997724	-59264.8288522356	
507.8212458	90	6	4	0.9070386831	0.003076093328	98.42744044	1.43123261	0.1413269486	14.03799582	46.73753783	39.22446635	0	0	0	-507.8212458	0.003076093328	-60075.048784381	
505.2612458	90	6	4	0.9073113017	0.003033763254	98.4452227	1.418474999	0.1363023019	13.78114505	46.87544362	39.34341132	0	0	0	-505.2612458	0.003033763254	-60883.6884426715	
502.7012458	90	6	4	0.9075793476	0.002991991151	98.46295129	1.405653951	0.131394762	13.52701748	47.01189722	39.4610853	0	0	0	-502.7012458	0.002991991151	-61690.4491123937	
500.1412458	90	6	4	0.9078429056	0.002950761154	98.48062639	1.392769576	0.1266040365	13.27559778	47.14690687	39.57749535	0	0	0	-500.1412458	0.002950761154	-62495.0349998773	
497.5812458	90	6	4	0.9081020579	0.002910057871	98.49824824	1.379822026	0.1219297343	13.0268711	47.28048057	39.69264833	0	0	0	-497.5812458	0.002910057871	-63297.1509127186	
495.0212458	90	6	4	0.908356884	0.002869866362	98.51581714	1.366811491	0.1173713688	12.78082309	47.41262604	39.80655087	0	0	0	-495.0212458	0.002869866362	-64096.5017803902	
492.4612458	90	6	4	0.9086074612	0.002830172126	98.53333344	1.353738204	0.1129283605	12.53743987	47.54335073	39.91920941	0	0	0	-492.4612458	0.002830172126	-64892.799859071	
489.9012458	90	6	4	0.9088538642	0.00279096109	98.55079752	1.340602442	0.1086000396	12.296708	47.67266185	40.03063015	0	0	0	-489.9012458	0.00279096109	-65685.7594632674	
487.3412458	90	6	4	0.9090961656	0.00275221959	98.56820982	1.327404529	0.1043856495	12.05861454	47.80056634	40.14081912	0	0	0	-487.3412458	0.00275221959	-66475.0992259809	
484.7812458	90	6	4	0.9093344358	0.002713934363	98.58557081	1.314144838	0.1002843496	11.82314694	47.92707092	40.24978214	0	0	0	-484.7812458	0.002713934363	-67260.5429542188	
482.2212458	90	6	4	0.9095687429	0.00267609253	98.60288099	1.30082379	0.09629521814	11.59029312	48.05218204	40.35752484	0	0	0	-482.2212458	0.00267609253	-68041.8186717983	
479.6612458	90	6	4	0.9097991532	0.002638681587	98.62014088	1.287441864	0.09241725556	11.36004141	48.17590593	40.46405266	0	0	0	-479.6612458	0.002638681587	-68818.6643170426	
477.1012458	90	6	4	0.9100257309	0.002601689395	98.63735102	1.273999589	0.08864938742	11.13238055	48.2982486	40.56937085	0	0	0	-477.1012458	0.002601689395	-69590.8229909283	
474.5412458	90	6	4	0.9102485382	0.002565104166	98.65451198	1.260497554	0.08499046761	10.9072997	48.4192158	40.6734845	0	0	0	-474.5412458	0.002565104166	-70358.047497955	
471.9812458	90	6	4	0.9104676356	0.002528914458	98.67162431	1.246936409	0.08143928156	10.6847884	48.53881309	40.77639851	0	0	0	-471.9812458	0.002528914458	-71120.0978245705	
469.4212458	90	6	4	0.9106830818	0.002493109159	98.68868859	1.233316861	0.07799454933	10.46483657	48.65704581	40.87811762	0	0	0	-469.4212458	0.002493109159	-71876.7432401358	
466.8612458	90	6	4	0.9108949337	0.002457677484	98.70570538	1.219639686	0.07465492889	10.24743453	48.77391909	40.97864638	0	0	0	-466.8612458	0.002457677484	-72627.7677662639	
464.3012458	90	6	4	0.9111032466	0.002422608965	98.72267526	1.205905725	0.07141901931	10.03257294	48.88943784	41.07798922	0	0	0	-464.3012458	0.002422608965	-73372.9632273271	
461.7412458	90	6	4	0.9113080741	0.002387893441	98.73959875	1.192115885	0.06828536396	9.820242824	49.00360679	41.17615038	0	0	0	-461.7412458	0.002387893441	-74112.1352595001	
459.1812458	90	6	4	0.9115094684	0.002353521054	98.7564764	1.178271147	0.06525245378	9.610435564	49.11643047	41.27313396	0	0	0	-459.1812458	0.002353521054	-74845.1019445086	
456.6212458	90	6	4	0.91170748	0.002319482238	98.7733087	1.164372565	0.06231873045	9.403142865	49.22791322	41.36894392	0	0	0	-456.6212458	0.002319482238	-75571.698477436	
454.0612458	90	6	4	0.911902158	0.002285767719	98.79009614	1.150421266	0.05948258963	9.198356762	49.33805919	41.46358405	0	0	0	-454.0612458	0.002285767719	-76291.771081148	
451.5012458	90	6	4	0.9120935502	0.002252368499	98.80683916	1.136418458	0.05674238416	8.996069604	49.44687237	41.55705803	0	0	0	-451.5012458	0.002252368499	-77005.1784362226	
448.9412458	90	6	4	0.912281703	0.002219275857	98.82353815	1.122365425	0.05409642728	8.796274049	49.55435655	41.6493694	0	0	0	-448.9412458	0.002219275857	-77711.8169766232	
446.3812458	90	6	4	0.9124666613	0.002186481355	98.84019347	1.108263536	0.05154299574	8.598963047	49.66051539	41.74052156	0	0	0	-446.3812458	0.002186481355	-78411.5932198135	
443.8212458	90	6	4	0.912648469	0.002153976815	98.85680542	1.094114243	0.049080333	8.404129836	49.76535236	41.8305178	0	0	0	-443.8212458	0.002153976815	-79104.4167885425	
441.2612458	90	6	4	0.9128271686	0.002121754319	98.87337426	1.079919084	0.04670665232	8.211767923	49.86887079	41.91936129	0	0	0	-441.2612458	0.002121754319	-79790.2308514471	
438.7012458	90	6	4	0.9130028013	0.002089806212	98.88990017	1.065679688	0.04442013988	8.02187108	49.97107385	42.00705507	0	0	0	-438.7012458	0.002089806212	-80469.0016590871	
436.1412458	90	6	4	0.9131754075	0.002058125093	98.90638327	1.05139777	0.04221895776	7.834433331	50.07196458	42.09360209	0	0	0	-436.1412458	0.002058125093	-81140.7127293978	
433.5812458	90	6	4	0.9133450262	0.002026703813	98.92282361	1.037075143	0.04010124702	7.649448937	50.17154588	42.17900518	0	0	0	-433.5812458	0.002026703813	-81805.3734621838	
431.0212458	90	6	4	0.9135116954	0.001995535473	98.93922116	1.022713709	0.03806513066	7.466912389	50.26982052	42.26326709	0	0	0	-431.0212458	0.001995535473	-82463.0194303731	
428.4612458	90	6	4	0.913675452	0.001964613422	98.95557581	1.00831547	0.03610871647	7.286818394	50.36679114	42.34639047	0	0	0	-428.4612458	0.001964613422	-83113.7139773016	
425.9012458	90	6	4	0.913836332	0.001933931256	98.97188738	0.9938825247	0.03423009998	7.109161859	50.46246027	42.42837787	0	0	0	-425.9012458	0.001933931256	-83757.5442712686	
423.3412458	90	6	4	0.9139943705	0.001903482813	98.98815556	0.9794170721	0.03242736722	6.933937885	50.55683034	42.50923178	0	0	0	-423.3412458	0.001903482813	-84394.6270189877	
420.7812458	90	6	4	0.9141496015	0.001873262176	99.00437999	0.9649214122	0.0306985975	6.761141748	50.64990366	42.5889546	0	0	0	-420.7812458	0.001873262176	-85025.1083908321	
418.2212458	90	6	4	0.9143020581	0.001843263668	99.02056019	0.9503979481	0.02904186606	6.590768889	50.74168245	42.66754866	0	0	0	-418.2212458	0.001843263668	-85649.1645638534	
415.6612458	90	6	4	0.9144517728	0.001813481855	99.03669557	0.9358491873	0.02745524676	6.422814898	50.83216886	42.74501625	0	0	0	-415.6612458	0.001813481855	-86267.0059708356	
413.1012458	90	6	4	0.9145987768	0.001783911544	99.05278544	0.9212777428	0.02593681455	6.257275503	50.92136493	42.82135956	0	0	0	-413.1012458	0.001783911544	-86878.8734510661	
410.5412458	90	6	4	0.914743101	0.001754547783	99.06882902	0.9066863344	0.02448464806	6.094146549	51.00927267	42.89658078	0	0	0	-410.5412458	0.001754547783	-87485.0427920962	
407.9812458	90	6	4	0.9148847752	0.001725385862	99.08482538	0.8920777895	0.0230968319	5.933423991	51.09589398	42.97068203	0	0	0	-407.9812458	0.001725385862	-88085.8235088201	
405.4212458	90	6	4	0.9150238286	0.001696421312	99.1007735	0.8774550444	0.0217714591	5.775103872	51.18123075	43.04366538	0	0	0	-405.4212458	0.001696421312	-88681.5638240512	
402.8612458	90	6	4	0.9151602897	0.001667649909	99.11667222	0.8628211443	0.02050663327	5.61918231	51.26528479	43.1155329	0	0	0	-402.8612458	0.001667649909	-89272.6494048804	
400.3012458	90	6	4	0.9152941861	0.001639067672	99.13252028	0.8481792444	0.01930047087	5.46565548	51.3480579	43.18628662	0	0	0	-400.3012458	0.001639067672	-89859.5008222432	
397.7412458	90	6	4	0.9154255451	0.001610670865	99.14831629	0.8335326101	0.0181511032	5.314519599	51.42955183	43.25592857	0	0	0	-397.7412458	0.001610670865	-90442.5832999827	
395.1812458	90	6	4	0.9155543931	0.001582456001	99.1640587	0.8188846169	0.01705667851	5.165770908	51.50976833	43.32446076	0	0	0	-395.1812458	0.001582456001	-91022.404188577	
392.6212458	90	6	4	0.9156807561	0.001554419842	99.17974589	0.8042387504	0.01601536385	5.01940565	51.58870914	43.39188521	0	0	0	-392.6212458	0.001554419842	-91599.50548595	
390.0612458	90	6	4	0.9158046595	0.001526559398	99.19537605	0.7895986062	0.01502534692	4.875420058	51.66637599	43.45820396	0	0	0	-390.0612458	0.001526559398	-92174.4774962132	
387.5012458	90	6	4	0.9159261279	0.001498871935	99.21094727	0.7749678892	0.01408483781	4.733810331	51.74277063	43.52341904	0	0	0	-387.5012458	0.001498871935	-92747.9578134988	
384.9412458	90	6	4	0.9160451859	0.001471354973	99.22645752	0.7603504128	0.01319207068	4.594572618	51.81789485	43.58753253	0	0	0	-384.9412458	0.001471354973	-93320.6310379893	
382.3812458	90	6	4	0.9161618571	0.001444006293	99.2419046	0.7457500979	0.01234530529	4.457702995	51.89175046	43.65054655	0	0	0	-382.3812458	0.001444006293	-93893.2241860718	
379.8212458	90	6	4	0.9162761649	0.001416823932	99.2572862	0.7311709716	0.01154282846	4.323197443	51.9643393	43.71246325	0	0	0	-379.8212458	0.001416823932	-94466.5150523637	
377.2612458	90	6	4	0.9163881324	0.001389806194	99.27259988	0.7166171659	0.0107829555	4.191051833	52.03566331	43.77328485	0	0	0	-377.2612458	0.001389806194	-95041.3364660215	
374.7012458	90	6	4	0.9164977822	0.001362951647	99.28784305	0.7020929151	0.01006403144	4.061261899	52.10572447	43.83301363	0	0	0	-374.7012458	0.001362951647	-95618.5677651508	
372.1412458	90	6	4	0.9166051363	0.001336259128	99.30301301	0.6876025543	0.009384432213	3.933823215	52.17452484	43.89165194	0	0	0	-372.1412458	0.001336259128	-96199.1466975432	
369.5812458	90	6	4	0.9167102166	0.001309727746	99.31810692	0.6731505169	0.00874256582	3.808731177	52.2420666	43.94920222	0	0	0	-369.5812458	0.001309727746	-96784.0679266315	
367.0212458	90	6	4	0.9168130448	0.001283356885	99.3331218	0.6587413311	0.008136873269	3.685980977	52.30835201	44.00566701	0	0	0	-367.0212458	0.001283356885	-97374.383308143	
364.4612458	90	6	4	0.9169136421	0.001257146206	99.34805455	0.6443796177	0.007565829516	3.565567577	52.37338348	44.06104895	0	0	0	-364.4612458	0.001257146206	-97971.1985559872	
361.9012458	90	6	4	0.9170120294	0.001231095647	99.36290197	0.6300700859	0.007027944283	3.447485688	52.43716352	44.11535079	0	0	0	-361.9012458	0.001231095647	-98575.6890561928	
359.3412458	90	6	4	0.9171082276	0.001205205432	99.37766071	0.6158175297	0.006521762788	3.331729745	52.49969482	44.16857543	0	0	0	-359.3412458	0.001205205432	-99189.0951066303	
356.7812458	90	6	4	0.9172022573	0.001179476067	99.39232731	0.6016268238	0.006045866388	3.218293881	52.56098022	44.2207259	0	0	0	-356.7812458	0.001179476067	-99812.721948076	
354.2212458	90	6	4	0.9172941387	0.001153908347	99.40689821	0.5875029188	0.005598873131	3.1071719	52.62102273	44.27180537	0	0	0	-354.2212458	0.001153908347	-100447.948789991	
351.6612458	90	6	4	0.9173838922	0.001128503355	99.42136973	0.5734508365	0.005179438223	2.998357254	52.67982556	44.32181719	0	0	0	-351.6612458	0.001128503355	-101096.221484931	
349.1012458	90	6	4	0.9174715379	0.001103262463	99.43573808	0.5594756645	0.004786254414	2.891843015	52.73739212	44.37076486	0	0	0	-349.1012458	0.001103262463	-101759.066866876	
346.5412458	90	6	4	0.9175570958	0.001078187336	99.4499994	0.5455825504	0.00441805229	2.787621848	52.79372606	44.4186521	0	0	0	-346.5412458	0.001078187336	-102438.098028049	
343.9812458	90	6	4	0.9176405859	0.001053279933	99.4641497	0.5317766959	0.004073600497	2.685685985	52.84883122	44.4654828	0	0	0	-343.9812458	0.001053279933	-103135.007958846	
341.4212458	90	6	4	0.9177220281	0.001028542505	99.47818494	0.5180633502	0.003751705873	2.586027201	52.90271173	44.51126107	0	0	0	-341.4212458	0.001028542505	-103851.575729142	
338.8612458	90	6	4	0.9178014423	0.001003977596	99.49210098	0.5044478032	0.003451213513	2.48863678	52.95537198	44.55599124	0	0	0	-338.8612458	0.001003977596	-104589.679176712	
336.3012458	90	6	4	0.9178788484	0.0009795880438	99.50589362	0.4909353781	0.003171006754	2.393505494	53.00681662	44.59967789	0	0	0	-336.3012458	0.0009795880438	-105351.299483657	
333.7412458	90	6	4	0.9179542663	0.0009553769794	99.51955857	0.4775314243	0.00291000709	2.300623574	53.05705061	44.64232581	0	0	0	-333.7412458	0.0009553769794	-106138.51982066	
331.1812458	90	6	4	0.9180277161	0.0009313478232	99.53309152	0.4642413086	0.002667174012	2.209980682	53.10607922	44.6839401	0	0	0	-331.1812458	0.0009313478232	-106953.534473657	
328.6212458	90	6	4	0.9180992179	0.0009075042843	99.54648809	0.4510704078	0.002441504792	2.121565885	53.15390804	44.72452608	0	0	0	-328.6212458	0.0009075042843	-107798.660063119	
326.0612458	90	6	4	0.9181687918	0.0008838503572	99.55974387	0.438024099	0.002232034192	2.035367629	53.20054299	44.76408938	0	0	0	-326.0612458	0.0008838503572	-108676.340782175	
323.5012458	90	6	4	0.9182364583	0.0008603903183	99.57285441	0.4251077515	0.002037834116	1.951373711	53.24599038	44.80263591	0	0	0	-323.5012458	0.0008603903183	-109589.157108295	
320.9412458	90	6	4	0.9183022378	0.000837128721	99.58581527	0.4123267166	0.001858013207	1.869571255	53.29025684	44.84017191	0	0	0	-320.9412458	0.000837128721	-110539.83574206	
318.3812458	90	6	4	0.9183661511	0.0008140703906	99.59862197	0.3996863184	0.001691716384	1.789946685	53.33334941	44.8767039	0	0	0	-318.3812458	0.0008140703906	-111531.260469821	
315.8212458	90	6	4	0.918428219	0.0007912204177	99.61127003	0.3871918436	0.001538124328	1.712485702	53.37527553	44.91223876	0	0	0	-315.8212458	0.0007912204177	-112566.48374702	
313.2612458	90	6	4	0.9184884628	0.0007685841511	99.62375502	0.3748485312	0.001396452921	1.637173259	53.41604305	44.94678369	0	0	0	-313.2612458	0.0007685841511	-113648.739891254	
310.7012458	90	6	4	0.9185469038	0.0007461671893	99.63607249	0.362661562	0.001265952639	1.563993538	53.45566021	44.98034625	0	0	0	-310.7012458	0.0007461671893	-114781.459186498	
308.1412458	90	6	4	0.9186035637	0.0007239753712	99.64821804	0.3506360479	0.001145907901	1.492929927	53.49413573	45.01293434	0	0	0	-308.1412458	0.0007239753712	-115968.282825739	
305.5812458	90	6	4	0.9186584645	0.0007020147651	99.66018734	0.3387770206	0.001035636376	1.423965003	53.53147876	45.04455624	0	0	0	-305.5812458	0.0007020147651	-117213.08273401	
303.0212458	90	6	4	0.9187116285	0.000680291658	99.67197609	0.3270894209	0.0009344882655	1.357080508	53.56769888	45.07522061	0	0	0	-303.0212458	0.000680291658	-118519.978767444	
300.4612458	90	6	4	0.9187630783	0.0006588125415	99.68358007	0.3155780871	0.0008418455359	1.29225733	53.60280618	45.10493649	0	0	0	-300.4612458	0.0006588125415	-114677.440169742	
300	90	6	4	0.9187721683	0.0001164764951	99.68565086	0.3135231246	0.0008260122255	1.280795439	53.60901388	45.11019068	0	0	0	-300	0.0001164764951	112976.48076252	
