T	w(AL)	w(MG)	w(SI)	fs	fw(@FCC_A1)	w(AL@FCC_A1)	w(MG@FCC_A1)	w(SI@FCC_A1)	w(AL@LIQUID)	w(MG@LIQUID)	w(SI@LIQUID)	dwdT_L(AL@LIQUID)	dwdT_L(MG@LIQUID)	dwdT_L(SI@LIQUID)	-T	fw(@FCC_A1)_1	-T//fw(@FCC_A1)	
K	%	%	%	mole/mole	kg/kg	%	%	%	%	%	%	SI	SI	SI				
872.9615622	89	3	8	0	0	98.55788653	0.591638076	0.8504753935	89	3	8	0.001809553726	-0.0004559666602	-0.001353587066	-872.9615622	0	26.2986062944447	
872.9515622	89	3	8	0.000189461456	0.0001894157149	98.5577065	0.5916736846	0.8506198155	88.99819083	3.000455903	8.001353263	0	0	0	-872.9515622	0.0001894157149	79.2892537758806	
872.9315622	89	3	8	0.0005679979577	0.00037854966	98.5573465	0.5917448125	0.8509086899	88.99457133	3.001367941	8.004060726	0	0	0	-872.9315622	0.00037854966	105.779625750887	
872.8915622	89	3	8	0.001324202129	0.0007564483231	98.55662662	0.5918869474	0.8514864362	88.98733318	3.003191851	8.009474971	0	0	0	-872.8915622	0.0007564483231	105.910118100335	
872.8115622	89	3	8	0.002833513912	0.001510929175	98.55518734	0.5921706783	0.8526419854	88.97285704	3.006839773	8.020303188	0	0	0	-872.8115622	0.001510929175	106.171679853145	
872.6515622	89	3	8	0.005839805483	0.003014015976	98.55231112	0.5927356751	0.8549532087	88.94390544	3.014136035	8.041958525	0	0	0	-872.6515622	0.003014015976	106.726258899384	
872.3315622	89	3	8	0.011803497	0.005996885912	98.54656768	0.5938560841	0.8595762395	88.88600495	3.028730273	8.085264776	0	0	0	-872.3315622	0.005996885912	107.928360125387	
871.6915622	89	3	8	0.0235228673	0.01185749135	98.53511702	0.5960579606	0.86882502	88.77021731	3.057921902	8.171860784	0	0	0	-871.6915622	0.01185749135	110.397939724063	
870.4115622	89	3	8	0.04619420217	0.0232138678	98.51235759	0.600309585	0.887332824	88.53868678	3.116329164	8.344984057	0	0	0	-870.4115622	0.0232138678	115.254150115487	
867.8515622	89	3	8	0.08868514893	0.04454213325	98.46739143	0.6082184726	0.9243900968	88.07580158	3.233259168	8.690939249	0	0	0	-867.8515622	0.04454213325	-1608.20284045559	
865.2915622	89	3	8	0.1276925584	0.04279681281	98.42314053	0.6153465026	0.9615129631	87.61316931	3.350306741	9.036523954	0	0	0	-865.2915622	0.04279681281	-1526.80856816716	
862.7315622	89	3	8	0.1636189031	0.04117906806	98.37957325	0.6217206099	0.9987061408	87.15077801	3.467492988	9.381728997	0	0	0	-862.7315622	0.04117906806	-1645.86757708448	
860.1715622	89	3	8	0.1968093604	0.03967736936	98.33665896	0.6273667929	1.035974246	86.68861427	3.584837645	9.726548084	0	0	0	-860.1715622	0.03967736936	-1770.7039926328	
857.6115622	89	3	8	0.2275601361	0.03828005533	98.29436786	0.6323101662	1.073321973	86.22666184	3.70235929	10.07097887	0	0	0	-857.6115622	0.03828005533	-1900.63133608688	
855.0515622	89	3	8	0.2561267659	0.03697696083	98.25267092	0.6365750241	1.110754054	85.76490212	3.820075456	10.41502242	0	0	0	-855.0515622	0.03697696083	-2035.7216705209	
852.4915622	89	3	8	0.2827308095	0.03575920534	98.21153985	0.6401849039	1.148275245	85.30331425	3.9380028	10.75868295	0	0	0	-852.4915622	0.03575920534	-2176.06588355163	
849.9315622	89	3	8	0.3075652721	0.03461899591	98.17094703	0.643162641	1.185890326	84.84187519	4.056157242	11.10196757	0	0	0	-849.9315622	0.03461899591	-2321.76022593118	
847.3715622	89	3	8	0.3307990239	0.03354946522	98.1308655	0.6455304169	1.223604086	84.3805598	4.174554097	11.44488611	0	0	0	-847.3715622	0.03354946522	-2472.90660187514	
844.8115622	89	3	8	0.3525804284	0.03254453793	98.09126887	0.6473098014	1.261421326	83.91934097	4.293208172	11.78745086	0	0	0	-844.8115622	0.03254453793	-2629.61274883391	
842.2515622	89	3	8	0.3730403382	0.0315988194	98.05213136	0.6485217896	1.299346851	83.45818965	4.412133868	12.12967648	0	0	0	-842.2515622	0.0315988194	-2791.99258416936	
839.6915622	89	3	8	0.3922945833	0.03070750287	98.0134277	0.6491868341	1.33738547	82.99707496	4.531345257	12.47157978	0	0	0	-839.6915622	0.03070750287	-2960.16650212005	
837.1315622	89	3	8	0.4104460488	0.0298662913	97.97513313	0.649324875	1.375541992	82.53596426	4.650856154	12.81317959	0	0	0	-837.1315622	0.0298662913	-3134.26174022783	
834.5715622	89	3	8	0.4275864194	0.02907133151	97.93722341	0.648955365	1.413821226	82.07482317	4.77068018	13.15449665	0	0	0	-834.5715622	0.02907133151	-3314.41292680383	
832.0115622	89	3	8	0.44379765	0.02831915826	97.89967473	0.648097293	1.45222798	81.6136157	4.890830821	13.49555348	0	0	0	-832.0115622	0.02831915826	-3500.76237884351	
829.4515622	89	3	8	0.4591532123	0.02760664656	97.86246374	0.6467692047	1.490767058	81.15230424	5.011321471	13.83637429	0	0	0	-829.4515622	0.02760664656	-3693.46077692343	
826.8915622	89	3	8	0.4737191554	0.02693097096	97.82556751	0.6449892216	1.529443266	80.69084966	5.132165484	14.17698486	0	0	0	-826.8915622	0.02693097096	-3892.66771570087	
824.3315622	89	3	8	0.487555012	0.02628957048	97.78896354	0.6427750576	1.568261405	80.22921132	5.253376206	14.51741247	0	0	0	-824.3315622	0.02628957048	-4098.5525216355	
821.7715622	89	3	8	0.5007145759	0.02568011849	97.75262969	0.6401440346	1.607226274	79.76734714	5.374967021	14.85768584	0	0	0	-821.7715622	0.02568011849	-4311.29483058427	
819.2115622	89	3	8	0.5132465713	0.02510049649	97.71654423	0.6371130959	1.646342675	79.30521361	5.496951373	15.19783502	0	0	0	-819.2115622	0.02510049649	-4531.08559191845	
816.6515622	89	3	8	0.5251952308	0.02454877151	97.68068578	0.6336988198	1.685615404	78.84276582	5.619342807	15.53789137	0	0	0	-816.6515622	0.02454877151	-4758.12793317599	
814.0915622	89	3	8	0.5366007976	0.02402317626	97.64503331	0.62991743	1.725049262	78.37995751	5.742154991	15.8778875	0	0	0	-814.0915622	0.02402317626	-4992.6384000691	
811.5315622	89	3	8	0.5474999608	0.02352209195	97.60956615	0.6257848069	1.764649047	77.91674108	5.865401741	16.21785718	0	0	0	-811.5315622	0.02352209195	-5234.84805780489	
808.9715622	89	3	8	0.5579262364	0.02304403307	97.57426394	0.6213164971	1.804419563	77.45306757	5.989097053	16.55783538	0	0	0	-808.9715622	0.02304403307	-5485.0038004263	
806.4115622	89	3	8	0.5679102998	0.02258763414	97.53910667	0.616527722	1.844365613	76.98888672	6.11325512	16.89785816	0	0	0	-806.4115622	0.02258763414	-5743.36994267638	
803.8515622	89	3	8	0.5774802785	0.02215163794	97.50407461	0.6114333859	1.884492004	76.52414697	6.237890357	17.23796268	0	0	0	-803.8515622	0.02215163794	-6010.22988127845	
801.2915622	89	3	8	0.5866620089	0.02173488518	97.46914837	0.6060480837	1.924803548	76.05879541	6.363017424	17.57818717	0	0	0	-801.2915622	0.02173488518	-6285.88790425294	
798.7315622	89	3	8	0.5954792627	0.02133630528	97.43430883	0.6003861074	1.965305063	75.59277784	6.488651246	17.91857091	0	0	0	-798.7315622	0.02133630528	-6570.67164967157	
796.1715622	89	3	8	0.6039539481	0.02095490828	97.39953718	0.5944614527	2.006001369	75.12603873	6.614807035	18.25915424	0	0	0	-796.1715622	0.02095490828	-6864.93419164857	
793.6115622	89	3	8	0.6121062872	0.02058977752	97.36481488	0.5882878242	2.046897296	74.6585212	6.74150031	18.59997849	0	0	0	-793.6115622	0.02058977752	-7169.05635280236	
791.0515622	89	3	8	0.6199549739	0.02024006318	97.33012368	0.5818786414	2.087997678	74.19016702	6.868746921	18.94108606	0	0	0	-791.0515622	0.02024006318	-7483.45067050496	
788.4915622	89	3	8	0.6275173147	0.01990497654	97.2954456	0.5752470431	2.129307358	73.72091657	6.996563065	19.28252036	0	0	0	-788.4915622	0.01990497654	-7808.56420429864	
785.9315622	89	3	8	0.6348093545	0.01958378475	97.26076292	0.5684058922	2.170831186	73.25070885	7.124965313	19.62432584	0	0	0	-785.9315622	0.01958378475	-8144.88217274276	
783.3715622	89	3	8	0.6418459882	0.0192758062	97.2260582	0.5613677794	2.212574021	72.77948138	7.253970628	19.966548	0	0	0	-783.3715622	0.0192758062	-8492.93289636088	
780.8115622	89	3	8	0.6486410618	0.01898040635	97.19131425	0.5541450278	2.254540727	72.30717021	7.383596389	20.3092334	0	0	0	-780.8115622	0.01898040635	-8853.29231480212	
778.2515622	89	3	8	0.6552074625	0.01869699395	97.15651413	0.5467496955	2.296736179	71.8337099	7.513860416	20.65242968	0	0	0	-778.2515622	0.01869699395	-9226.5895240534	
775.6915622	89	3	8	0.6615572001	0.01842501765	97.12164116	0.5391935796	2.339165259	71.3590334	7.644780989	20.99618561	0	0	0	-775.6915622	0.01842501765	-9613.51386851062	
773.1315622	89	3	8	0.6677014798	0.01816396296	97.08667892	0.5314882189	2.381832857	70.88307206	7.776376878	21.34055106	0	0	0	-773.1315622	0.01816396296	-10014.8215536109	
770.5715622	89	3	8	0.6736507686	0.01791334944	97.05161123	0.5236448966	2.424743871	70.40575554	7.908667365	21.68557709	0	0	0	-770.5715622	0.01791334944	-10431.3442855941	
768.0115622	89	3	8	0.679414855	0.01767272822	97.01642215	0.5156746431	2.467903204	69.92701176	8.041672276	22.03131596	0	0	0	-768.0115622	0.01767272822	-10863.9987947221	
765.4515622	89	3	8	0.6850029027	0.01744167969	96.981096	0.5075882383	2.511315767	69.44676681	8.175412001	22.37782118	0	0	0	-765.4515622	0.01744167969	-11313.7988961602	
762.8915622	89	3	8	0.6904235001	0.01721981149	96.94561731	0.4993962137	2.554986473	68.96494492	8.309907533	22.72514755	0	0	0	-762.8915622	0.01721981149	-11781.8666221667	
760.3315622	89	3	8	0.6956847045	0.01700675654	96.9099709	0.4911088546	2.598920241	68.4814683	8.445180493	23.07335121	0	0	0	-760.3315622	0.01700675654	-12269.4484573391	
757.7715622	89	3	8	0.7007940829	0.01680217142	96.87414181	0.482736202	2.643121991	67.99625713	8.581253163	23.4224897	0	0	0	-757.7715622	0.01680217142	-12777.9332904516	
755.2115622	89	3	8	0.7057587488	0.01660573476	96.8381153	0.4742880543	2.687596644	67.50922944	8.718148523	23.77262204	0	0	0	-755.2115622	0.01660573476	-13308.8716724556	
752.6515622	89	3	8	0.7105853958	0.01641714585	96.80187691	0.4657739693	2.73234912	67.02030097	8.855890286	24.12380875	0	0	0	-752.6515622	0.01641714585	-13864.0005715247	
750.0915622	89	3	8	0.7152803286	0.01623612333	96.7654124	0.4572032654	2.777384331	66.5293851	8.994502936	24.47611196	0	0	0	-750.0915622	0.01623612333	-14445.2699599668	
747.5315622	89	3	8	0.7198494909	0.01606240399	96.72870779	0.4485850232	2.822707187	66.03639275	9.134011769	24.82959549	0	0	0	-747.5315622	0.01606240399	-15054.8797493353	
744.9715622	89	3	8	0.7242984915	0.01589574176	96.69174933	0.4399280872	2.868322584	65.54123217	9.274442935	25.18432489	0	0	0	-744.9715622	0.01589574176	-15695.317530307	
742.4115622	89	3	8	0.7286326275	0.01573590666	96.65452353	0.4312410669	2.914235404	65.04380892	9.415823485	25.54036759	0	0	0	-742.4115622	0.01573590666	-16369.4062692522	
739.8515622	89	3	8	0.7328569067	0.01558268395	96.61701715	0.4225323381	2.960450513	64.54402564	9.558181417	25.89779294	0	0	0	-739.8515622	0.01558268395	-17080.3628082372	
737.2915622	89	3	8	0.7369760668	0.01543587328	96.5792172	0.4138100447	3.006972753	64.04178192	9.701545728	26.25667236	0	0	0	-737.2915622	0.01543587328	-17831.8665944496	
734.7315622	89	3	8	0.7409945944	0.01529528796	96.54111096	0.4050820991	3.053806937	63.53697415	9.845946467	26.61707939	0	0	0	-734.7315622	0.01529528796	-18628.1476849053	
732.1715622	89	3	8	0.7449167417	0.0151607543	96.50268597	0.3963561843	3.100957843	63.02949533	9.991414793	26.97908987	0	0	0	-732.1715622	0.0151607543	-19474.0891650563	
729.6115622	89	3	8	0.7487465419	0.01503211097	96.46393004	0.3876397545	3.148430209	62.51923491	10.13798304	27.34278205	0	0	0	-729.6115622	0.01503211097	-20375.3561253262	
727.0515622	89	3	8	0.7524878241	0.01490920845	96.42483124	0.3789400368	3.196228724	62.00607856	10.28568476	27.70823668	0	0	0	-727.0515622	0.01490920845	-21338.5550309511	
724.4915622	89	3	8	0.7561442265	0.01479190849	96.38537795	0.3702640322	3.244358017	61.48990797	10.43455483	28.07553721	0	0	0	-724.4915622	0.01479190849	-22371.4399430859	
721.9315622	89	3	8	0.7597192084	0.0146800837	96.34555883	0.361618517	3.29282265	60.97060063	10.58462948	28.44476989	0	0	0	-721.9315622	0.0146800837	-23483.166906732	
719.3715622	89	3	8	0.7632160622	0.01457361709	96.30536285	0.3530100438	3.341627107	60.44802959	10.73594642	28.81602399	0	0	0	-719.3715622	0.01457361709	-24684.6208939257	
716.8115622	89	3	8	0.7666379236	0.01447240172	96.26477928	0.3444449434	3.390775779	59.92206321	10.88854487	29.18939192	0	0	0	-716.8115622	0.01447240172	-25988.8381383329	
714.2515622	89	3	8	0.7699877817	0.01437634032	96.22379772	0.3359293255	3.440272953	59.39256488	11.04246568	29.56496944	0	0	0	-714.2515622	0.01437634032	-27411.5649047847	
711.6915622	89	3	8	0.7732684879	0.01428534503	96.18240813	0.3274690808	3.490122792	58.85939273	11.19775142	29.94285585	0	0	0	-711.6915622	0.01428534503	-28971.9886149052	
709.1315622	89	3	8	0.7764827649	0.01419933707	96.1406008	0.319069882	3.540329322	58.32239934	11.35444645	30.3231542	0	0	0	-709.1315622	0.01419933707	-30693.7291947625	
706.5715622	89	3	8	0.7796332139	0.01411824654	96.09836641	0.3107371857	3.590896405	57.78143142	11.51259707	30.70597151	0	0	0	-706.5715622	0.01411824654	-32606.1863125564	
704.0115622	89	3	8	0.7827223228	0.01404201215	96.05569604	0.3024762337	3.641827723	57.2363294	11.6722516	31.091419	0	0	0	-704.0115622	0.01404201215	-34746.4112870752	
701.4515622	89	3	8	0.7857524723	0.01397058104	96.0125812	0.2942920551	3.693126747	56.68692717	11.83346049	31.47961234	0	0	0	-701.4515622	0.01397058104	-37161.7551471107	
698.8915622	89	3	8	0.7887259429	0.01390390855	95.96901382	0.2861894678	3.744796711	56.1330516	11.99627647	31.87067193	0	0	0	-698.8915622	0.01390390855	-39913.7127758486	
696.3315622	89	3	8	0.7916449207	0.01384195808	95.92498635	0.2781730808	3.796840573	55.57452218	12.16075466	32.26472316	0	0	0	-696.3315622	0.01384195808	-43083.6081356348	
693.7715622	89	3	8	0.7945115027	0.01378470087	95.88049172	0.2702472959	3.849260982	55.01115054	12.32695274	32.66189672	0	0	0	-693.7715622	0.01378470087	-46781.2831167122	
691.2115622	89	3	8	0.7973277023	0.01373211585	95.83552346	0.26241631	3.902060233	54.44274005	12.49493106	33.0623289	0	0	0	-691.2115622	0.01373211585	-51158.8052713055	
688.6515622	89	3	8	0.8000954542	0.01368418943	95.79007567	0.2546841174	3.955240218	53.86908528	12.66475279	33.46616193	0	0	0	-688.6515622	0.01368418943	-56432.940787464	
686.0915622	89	3	8	0.8028166186	0.01364091529	95.74414312	0.2470545122	4.008802365	53.28997152	12.83648414	33.87354434	0	0	0	-686.0915622	0.01364091529	-62923.8083394117	
683.5315622	89	3	8	0.8054929855	0.01360229415	95.69772133	0.239531091	4.062747581	52.70517426	13.01019446	34.28463128	0	0	0	-683.5315622	0.01360229415	-71125.1673328457	
680.9715622	89	3	8	0.8081262787	0.01356833348	95.65080657	0.2321172556	4.117076172	52.11445857	13.18595647	34.69958495	0	0	0	-680.9715622	0.01356833348	-81841.6050509966	
678.4115622	89	3	8	0.8107181591	0.01353904712	95.60339602	0.2248162158	4.171787762	51.51757862	13.36384643	35.11857496	0	0	0	-678.4115622	0.01353904712	-96482.2060537269	
675.8515622	89	3	8	0.8132702282	0.01351445491	95.55548782	0.2176309928	4.226881192	50.91427699	13.54394429	35.54177872	0	0	0	-675.8515622	0.01351445491	-117770.576972872	
673.2915622	89	3	8	0.8157840309	0.01349458211	95.50708116	0.2105644223	4.282354414	50.30428414	13.72633396	35.9693819	0	0	0	-673.2915622	0.01349458211	-151791.72713527	
670.7315622	89	3	8	0.8182610583	0.0134794587	95.45817649	0.203619158	4.338204356	49.68731774	13.91110344	36.40157883	0	0	0	-670.7315622	0.0134794587	-215781.117979226	
668.1715622	89	3	8	0.8207027497	0.01346911856	95.40877555	0.1967976759	4.394426777	49.0630821	14.09834503	36.83857287	0	0	0	-668.1715622	0.01346911856	-388507.914561644	
665.6115622	89	3	8	0.8231104951	0.01346359829	95.35888162	0.1901022778	4.451016098	48.43126756	14.28815557	37.28057687	0	0	0	-665.6115622	0.01346359829	-3500415.55424535	
663.0515622	89	3	8	0.8254856361	0.0134629359	95.30849971	0.183535096	4.507965197	47.79154991	14.48063654	37.72781355	0	0	0	-663.0515622	0.0134629359	-4693938.92324809	
660.4915622	89	3	8	0.827829468	0.01346716894	95.25763672	0.1770980976	4.565265187	47.14358992	14.6758943	38.18051579	0	0	0	-660.4915622	0.01346716894	501947.588683054	
657.9315622	89	3	8	0.8301432399	0.0134763323	95.20630177	0.1707930901	4.622905144	46.48703286	14.87404016	38.63892698	0	0	0	-657.9315622	0.0134763323	240766.769476217	
655.3715622	89	3	8	0.8324281549	0.01349045534	95.15450647	0.1646217262	4.680871802	45.82150825	15.07519055	39.1033012	0	0	0	-655.3715622	0.01349045534	161178.403549859	
652.8115622	89	3	8	0.8346853705	0.01350955836	95.1022653	0.15858551	4.739149192	45.14662967	15.27946701	39.57390332	0	0	0	-652.8115622	0.01350955836	121741.331270306	
650.2515622	89	3	8	0.8369159967	0.01353364799	95.04959598	0.152685803	4.79771822	44.46199487	15.4869962	40.05100893	0	0	0	-650.2515622	0.01353364799	98027.1842409112	
647.6915622	89	3	8	0.8391210947	0.0135627116	94.99651998	0.1469238307	4.856556189	43.76718618	15.69790977	40.53490405	0	0	0	-647.6915622	0.0135627116	82190.2428345931	
645.1315622	89	3	8	0.8413016741	0.01359671016	94.94306309	0.14130069	4.91563622	43.06177128	15.91234412	41.0258846	0	0	0	-645.1315622	0.01359671016	70902.2866349848	
642.5715622	89	3	8	0.8434586886	0.01363556932	94.88925604	0.1358173568	4.974926603	42.34530456	16.13043994	41.52425549	0	0	0	-642.5715622	0.01363556932	62503.7383759632	
640.0115622	89	3	8	0.8455930314	0.01367916839	94.83513529	0.1304746942	5.03439002	41.61732921	16.35234164	42.03032915	0	0	0	-640.0115622	0.01367916839	56075.603300465	
637.4515622	89	3	8	0.8477055277	0.01372732656	94.78074389	0.1252734612	5.093982653	40.8773801	16.57819633	42.54442356	0	0	0	-637.4515622	0.01372732656	51071.5379856294	
634.8915622	89	3	8	0.8497969266	0.0137797872	94.72613265	0.1202143286	5.153653023	40.12498791	16.80815262	43.06685947	0	0	0	-634.8915622	0.0137797872	47154.9743234009	
632.3315622	89	3	8	0.851867889	0.01383618982	94.67136088	0.1152978637	5.213341258	39.35968503	17.0423587	43.59795627	0	0	0	-632.3315622	0.01383618982	44112.7647172136	
629.7715622	89	3	8	0.8539189754	0.01389606002	94.61649838	0.1105245763	5.272977047	38.58101251	17.28096015	44.13802734	0	0	0	-629.7715622	0.01389606002	41815.8425083432	
627.2115622	89	3	8	0.8559506282	0.01395876225	94.56162662	0.1058949053	5.332478474	37.78853031	17.52409675	44.68737295	0	0	0	-627.2115622	0.01395876225	40204.7744783785	
624.6515622	89	3	8	0.8579631514	0.01402347128	94.50684064	0.1014092349	5.391750127	36.98182992	17.7718984	45.24627168	0	0	0	-624.6515622	0.01402347128	39278.633106855	
622.0915622	89	3	8	0.8599566864	0.01408912676	94.45225102	0.09706790287	5.450681079	36.16055072	18.02448003	45.81496926	0	0	0	-622.0915622	0.01408912676	39129.0804778656	
619.5315622	89	3	8	0.8619312164	0.01415432347	94.39798222	0.09287110348	5.509146675	35.32441044	18.28192428	46.39366528	0	0	0	-619.5315622	0.01415432347	39940.9634204735	
616.9715622	89	3	8	0.8638864119	0.0142173869	94.34418843	0.08881923526	5.566992336	34.47320654	18.5443052	46.98248826	0	0	0	-616.9715622	0.0142173869	42032.3538424474	
614.4115622	89	3	8	0.8658217518	0.01427640253	94.29103958	0.08491252788	5.624047887	33.60685804	18.81164978	47.58149218	0	0	0	-614.4115622	0.01427640253	46348.5206317941	
611.8515622	89	3	8	0.8677363887	0.01432866976	94.23873232	0.08115118073	5.680116496	32.72545552	19.08393094	48.19061353	0	0	0	-611.8515622	0.01432866976	55249.3965041777	
609.2915622	89	3	8	0.8696291228	0.01437109657	94.18749087	0.07753534402	5.734973789	31.82929764	19.36105586	48.80964651	0	0	0	-609.2915622	0.01437109657	77097.6928159566	
606.7315622	89	3	8	0.871498355	0.01440001629	94.13756894	0.0740650955	5.788365965	30.91894211	19.6428497	49.4382082	0	0	0	-606.7315622	0.01440001629	190282.630957664	
604.1715622	89	3	8	0.8733420436	0.01441116959	94.08925087	0.07074040322	5.840008725	29.99526163	19.92903788	50.07570049	0	0	0	-604.1715622	0.01441116959	17956149.470504	
601.6115622	89	3	8	0.8751576688	0.01439973106	94.04285142	0.06756107145	5.889587505	29.05950211	20.21922754	50.72127035	0	0	0	-601.6115622	0.01439973106	-188044.819992626	
599.0515622	89	3	8	0.8769422138	0.01436040271	93.99871376	0.06452666724	5.936759569	28.11333847	20.51288975	51.37377178	0	0	0	-599.0515622	0.01436040271	-54595.4349363959	
596.4915622	89	3	8	0.8786921696	0.01428759697	93.95720501	0.06163642689	5.981158564	27.15892154	20.80934452	52.03173394	0	0	0	-596.4915622	0.01428759697	-30321.4827979439	
593.9315622	89	3	8	0.8804035763	0.0141757267	93.91870879	0.05888914431	6.022402064	26.19890705	21.10775149	52.69334146	0	0	0	-593.9315622	0.0141757267	-20190.9805953624	
591.3715622	89	3	8	0.8820722019	0.01402004478	93.88360626	0.0562829089	6.060110832	25.23647116	21.40709076	53.35643808	0	0	0	-591.3715622	0.01402004478	-14743.4458988514	
588.8115622	89	3	8	0.8836933899	0.01381537728	93.85228735	0.05381539141	6.093897257	24.275238	21.70622697	54.01853502	0	0	0	-588.8115622	0.01381537728	-11394.761183493	
586.2515622	89	3	8	0.8852625401	0.01355944258	93.82510776	0.05148333302	6.123408903	23.31921746	22.00388934	54.67689319	0	0	0	-586.2515622	0.01355944258	-9232.46914894076	
583.6915622	89	3	8	0.8867752069	0.01325119375	93.80238228	0.04928259627	6.148335123	22.37268879	22.29872095	55.32859026	0	0	0	-583.6915622	0.01325119375	-7760.93697655572	
581.1315622	89	3	8	0.8882273538	0.01289199488	93.78436651	0.04720813919	6.168425352	21.44002596	22.5893339	55.97064014	0	0	0	-581.1315622	0.01289199488	-6738.86443581274	
578.5715622	89	3	8	0.8896155861	0.01248563269	93.77124279	0.04525405492	6.183503153	20.52550665	22.87436984	56.60012351	0	0	0	-578.5715622	0.01248563269	-6024.31829700496	
576.0115622	89	3	8	0.8909373454	0.01203815577	93.76311097	0.04341368087	6.193475346	19.6331183	23.15256135	57.21432036	0	0	0	-576.0115622	0.01203815577	-5525.61554000435	
573.4515622	89	3	8	0.8921909398	0.01155653259	93.75999161	0.0416798418	6.198328553	18.76638393	23.4227964	57.81081967	0	0	0	-573.4515622	0.01155653259	-5195.93352552114	
570.8915622	89	3	8	0.8933759239	0.01105167603	93.76180822	0.04004483135	6.198146947	17.92822928	23.68413113	58.38763959	0	0	0	-570.8915622	0.01105167603	-4999.27976200635	
568.3315622	89	3	8	0.8944927124	0.01053195378	93.76842071	0.03850088965	6.193078402	17.12091732	23.93584221	58.94324048	0	0	0	-568.3315622	0.01053195378	-4899.50521728549	
565.7715622	89	3	8	0.8955426306	0.01000661212	93.77962727	0.03704034433	6.183332385	16.34600833	24.17742853	59.47656315	0	0	0	-565.7715622	0.01000661212	-4885.39418921323	
563.2115622	89	3	8	0.8965277606	0.009483918519	93.79518059	0.03565580045	6.169163609	15.60439613	24.40859991	59.98700396	0	0	0	-563.2115622	0.009483918519	-4944.28393236347	
560.6515622	89	3	8	0.8974507745	0.008970892426	93.81480291	0.03434029119	6.150856799	14.89637409	24.62925638	60.47436954	0	0	0	-560.6515622	0.008970892426	-5067.65159021479	
558.0915622	89	3	8	0.8983147635	0.008473127854	93.83819986	0.03308738085	6.12871276	14.22172416	24.83946002	60.93881582	0	0	0	-558.0915622	0.008473127854	-5249.3900770074	
555.5315622	89	3	8	0.8991230783	0.007994769682	93.86507227	0.0318912239	6.103036504	13.57981653	25.03940362	61.38077985	0	0	0	-555.5315622	0.007994769682	-5485.51602508993	
552.9715622	89	3	8	0.899879198	0.007538698283	93.89512495	0.03074657926	6.074128468	12.9697024	25.22938125	61.80091635	0	0	0	-552.9715622	0.007538698283	-5772.79678216328	
550.4115622	89	3	8	0.9005866111	0.007106562156	93.92807405	0.02964880758	6.042277139	12.39021022	25.40975794	62.20003184	0	0	0	-550.4115622	0.007106562156	-6109.057463551	
547.8515622	89	3	8	0.9012487382	0.00669914421	93.96365109	0.02859383431	6.007755079	11.84001714	25.58094702	62.57903584	0	0	0	-547.8515622	0.00669914421	-6493.14389396024	
545.2915622	89	3	8	0.9018688707	0.006316487584	94.00160571	0.02757810705	5.970816185	11.31771335	25.74338979	62.93889687	0	0	0	-545.2915622	0.006316487584	-6924.02578523005	
542.7315622	89	3	8	0.9024501314	0.005958101848	94.04170696	0.02659854466	5.931694499	10.82185171	25.89753976	63.28060853	0	0	0	-542.7315622	0.005958101848	-7401.13030836562	
540.1715622	89	3	8	0.9029954515	0.005623122823	94.08374345	0.02565248444	5.890604067	10.35098537	26.04385078	63.60516385	0	0	0	-540.1715622	0.005623122823	-7924.1449143569	
537.6115622	89	3	8	0.9035075602	0.005310441793	94.12752287	0.02473763052	5.847739496	9.903695142	26.1827683	63.91353656	0	0	0	-537.6115622	0.005310441793	-8492.94931586215	
535.0515622	89	3	8	0.9039889824	0.005018805826	94.17287101	0.02385200533	5.803276984	9.478608641	26.3147233	64.20666806	0	0	0	-535.0515622	0.005018805826	-9107.56540883861	
532.4915622	89	3	8	0.9044420436	0.004746892949	94.2196305	0.02299390531	5.757375595	9.074412813	26.4401283	64.48545888	0	0	0	-532.4915622	0.004746892949	-9768.12048900497	
529.9315622	89	3	8	0.9048688784	0.004493366559	94.26765947	0.02216186135	5.71017867	8.689861468	26.55937496	64.75076357	0	0	0	-529.9315622	0.004493366559	-10474.8204285127	
527.3715622	89	3	8	0.9052714417	0.004256913374	94.31683014	0.0213546038	5.661815255	8.32377907	26.67283281	65.00338812	0	0	0	-527.3715622	0.004256913374	-11227.9300505767	
524.8115622	89	3	8	0.905651521	0.004036268713	94.36702747	0.02057103211	5.612401497	7.975061805	26.78084892	65.24408927	0	0	0	-524.8115622	0.004036268713	-12027.7586221436	
522.2515622	89	3	8	0.9060107491	0.003830232292	94.41814784	0.0198101885	5.562041968	7.642676735	26.88374816	65.47357511	0	0	0	-522.2515622	0.003830232292	-12874.6497696937	
519.6915622	89	3	8	0.9063506173	0.003637677105	94.47009788	0.01907123537	5.510830887	7.325659649	26.9818338	65.69250656	0	0	0	-519.6915622	0.003637677105	-13768.9741998815	
517.1315622	89	3	8	0.9066724872	0.003457553359	94.52279332	0.01835343606	5.458853245	7.023112065	27.07538849	65.90149945	0	0	0	-517.1315622	0.003457553359	-14711.1245861046	
514.5715622	89	3	8	0.906977603	0.00328888899	94.57615804	0.01765613832	5.406185817	6.73419774	27.16467532	66.10112694	0	0	0	-514.5715622	0.00328888899	-15701.5122533436	
512.0115622	89	3	8	0.9072671017	0.00313078788	94.63012317	0.01697876048	5.352898074	6.458138904	27.24993903	66.29192207	0	0	0	-512.0115622	0.00313078788	-16740.565549322	
509.4515622	89	3	8	0.9075420236	0.002982426612	94.68462623	0.01632077951	5.299052991	6.194212419	27.33140716	66.47438042	0	0	0	-509.4515622	0.002982426612	-17828.7287130206	
506.8915622	89	3	8	0.9078033212	0.002843050336	94.7396105	0.01568172113	5.244707778	5.941745968	27.40929128	66.64896276	0	0	0	-506.8915622	0.002843050336	-18966.4618408642	
504.3315622	89	3	8	0.9080518677	0.002711968188	94.79502434	0.01506115126	5.189914513	5.700114362	27.48378813	66.81609751	0	0	0	-504.3315622	0.002711968188	-20154.2416078636	
501.7715622	89	3	8	0.9082884644	0.002588548535	94.85082061	0.01445866899	5.134720717	5.468736007	27.55508076	66.97618323	0	0	0	-501.7715622	0.002588548535	-21392.5623712665	
499.2115622	89	3	8	0.9085138476	0.002472214252	94.90695625	0.01387390052	5.079169848	5.247069571	27.62333953	67.1295909	0	0	0	-499.2115622	0.002472214252	-22681.9373675677	
496.6515622	89	3	8	0.9087286948	0.002362438147	94.96339176	0.01330649412	5.023301749	5.034610863	27.68872312	67.27666602	0	0	0	-496.6515622	0.002362438147	-24022.9011441871	
494.0915622	89	3	8	0.9089336303	0.00225873863	95.02009085	0.01275611594	4.967153039	4.830889928	27.75137943	67.41773064	0	0	0	-494.0915622	0.00225873863	-25416.0112093905	
491.5315622	89	3	8	0.9091292298	0.002160675645	95.0770201	0.01222244638	4.910757456	4.635468353	27.81144644	67.5530852	0	0	0	-491.5315622	0.002160675645	-26861.8513617434	
488.9715622	89	3	8	0.9093160253	0.002067846917	95.13414866	0.01170517719	4.854146168	4.447936788	27.86905298	67.68301023	0	0	0	-488.9715622	0.002067846917	-28361.0334873227	
486.4115622	89	3	8	0.9094945088	0.001979884479	95.19144795	0.01120400896	4.797348038	4.267912656	27.92431945	67.8077679	0	0	0	-486.4115622	0.001979884479	-29914.2009560862	
483.8515622	89	3	8	0.9096651361	0.001896451515	95.24889148	0.01071864908	4.74038987	4.095038058	27.97735846	67.92760348	0	0	0	-483.8515622	0.001896451515	-31522.0323954954	
481.2915622	89	3	8	0.9098283299	0.001817239471	95.30645458	0.01024881005	4.683296614	3.928977842	28.02827548	68.04274667	0	0	0	-481.2915622	0.001817239471	-33185.2438422863	
478.7315622	89	3	8	0.909984483	0.001741965436	95.36411423	0.009794208046	4.626091563	3.769417845	28.07716937	68.15341279	0	0	0	-478.7315622	0.001741965436	-34904.59362853	
476.1715622	89	3	8	0.9101339606	0.001670369772	95.42184892	0.009354561857	4.568796516	3.61606327	28.12413287	68.25980386	0	0	0	-476.1715622	0.001670369772	-36680.8860781207	
473.6115622	89	3	8	0.9102771026	0.001602213967	95.47963848	0.008929591913	4.511431925	3.468637212	28.16925309	68.3621097	0	0	0	-473.6115622	0.001602213967	-38514.9743346872	
471.0515622	89	3	8	0.9104142263	0.001537278694	95.53746395	0.008519019594	4.454017035	3.326879302	28.21261195	68.46050875	0	0	0	-471.0515622	0.001537278694	-40407.7663610011	
468.4915622	89	3	8	0.9105456277	0.001475362066	95.59530744	0.008122566652	4.396569997	3.190544465	28.25428651	68.55516902	0	0	0	-468.4915622	0.001475362066	-42360.2288616767	
465.9315622	89	3	8	0.9106715834	0.001416278053	95.65315207	0.007739954789	4.339107979	3.059401789	28.29434942	68.64624879	0	0	0	-465.9315622	0.001416278053	-44373.3914072105	
463.3715622	89	3	8	0.9107923527	0.001359855059	95.71098184	0.007370905346	4.281647255	2.933233482	28.33286915	68.73389737	0	0	0	-463.3715622	0.001359855059	-46448.3537270168	
460.8115622	89	3	8	0.910908178	0.001305934639	95.76878156	0.00701513909	4.224203298	2.81183392	28.36991034	68.81825574	0	0	0	-460.8115622	0.001305934639	-48586.2885808623	
458.2515622	89	3	8	0.9110192872	0.001254370334	95.82653678	0.006672376087	4.166790848	2.695008772	28.4055341	68.89945712	0	0	0	-458.2515622	0.001254370334	-50788.4476383417	
455.6915622	89	3	8	0.9111258942	0.001205026626	95.88423367	0.006342335646	4.10942399	2.582574198	28.43979821	68.97762759	0	0	0	-455.6915622	0.001205026626	-53056.1713395685	
453.1315622	89	3	8	0.9112282	0.001157777995	95.94185905	0.006024736319	4.052116209	2.474356113	28.47275736	69.05288652	0	0	0	-453.1315622	0.001157777995	-55390.8907758925	
450.5715622	89	3	8	0.9113263939	0.001112508057	95.99940026	0.005719295963	3.994880449	2.370189512	28.50446341	69.12534708	0	0	0	-450.5715622	0.001112508057	-57794.1358475886	
448.0115622	89	3	8	0.9114206543	0.001069108795	96.05684511	0.005425731831	3.937729163	2.269917841	28.53496553	69.19511663	0	0	0	-448.0115622	0.001069108795	-60267.5434337355	
445.4515622	89	3	8	0.9115111496	0.001027479855	96.11418188	0.00514376071	3.880674359	2.173392433	28.5643104	69.26229717	0	0	0	-445.4515622	0.001027479855	-62812.8653778148	
442.8915622	89	3	8	0.9115980387	0.0009875279147	96.17139926	0.004873099083	3.823727643	2.080471972	28.5925424	69.32698563	0	0	0	-442.8915622	0.0009875279147	-65431.9759344207	
440.3315622	89	3	8	0.9116814719	0.0009491661042	96.22848628	0.004613463314	3.766900252	1.991022011	28.61970372	69.38927427	0	0	0	-440.3315622	0.0009491661042	-68126.8795906008	
437.7715622	89	3	8	0.9117615913	0.0009123134849	96.28543234	0.004364569855	3.710203093	1.904914522	28.64583455	69.44925093	0	0	0	-437.7715622	0.0009123134849	-70899.7223889428	
435.2115622	89	3	8	0.9118385317	0.0008768945741	96.34222709	0.004126135475	3.653646772	1.822027482	28.67097315	69.50699937	0	0	0	-435.2115622	0.0008768945741	-73752.8004085367	
432.6515622	89	3	8	0.9119124208	0.0008428389126	96.3988605	0.003897877482	3.59724162	1.742244488	28.69515604	69.56259947	0	0	0	-432.6515622	0.0008428389126	-76688.5708717283	
430.0915622	89	3	8	0.9119833798	0.0008100806715	96.45532276	0.003679513979	3.540997725	1.665454403	28.71841806	69.61612754	0	0	0	-430.0915622	0.0008100806715	-79709.6637855205	
427.5315622	89	3	8	0.9120515239	0.0007785582936	96.51160429	0.003470764104	3.484924947	1.591551031	28.74079248	69.66765649	0	0	0	-427.5315622	0.0007785582936	-82818.8934467391	
424.9715622	89	3	8	0.9121169625	0.0007482141659	96.56769571	0.003271348289	3.429032947	1.520432808	28.76231112	69.71725607	0	0	0	-424.9715622	0.0007482141659	-86019.2718690812	
422.4115622	89	3	8	0.9121797999	0.0007189943211	96.62358781	0.003080988511	3.3733312	1.452002524	28.78300443	69.76499305	0	0	0	-422.4115622	0.0007189943211	-89314.0226596599	
419.8515622	89	3	8	0.9122401354	0.0006908481641	96.67927157	0.002899408549	3.317829021	1.386167059	28.80290155	69.8109314	0	0	0	-419.8515622	0.0006908481641	-92706.5960164192	
417.2915622	89	3	8	0.9122980635	0.0006637282222	96.73473809	0.002726334236	3.262535571	1.322837142	28.8220304	69.85513245	0	0	0	-417.2915622	0.0006637282222	-96200.6850410873	
414.7315622	89	3	8	0.9123536747	0.0006375899159	96.78997863	0.00256149371	3.207459881	1.261927125	28.84041779	69.89765509	0	0	0	-414.7315622	0.0006375899159	-99800.2421248463	
412.1715622	89	3	8	0.9124070552	0.0006123913485	96.84498452	0.002404617657	3.152610859	1.203354772	28.85808941	69.93855582	0	0	0	-412.1715622	0.0006123913485	-103509.498751304	
409.6115622	89	3	8	0.9124582874	0.0005880931137	96.89974725	0.002255439553	3.097997309	1.147041063	28.87506994	69.977889	0	0	0	-409.6115622	0.0005880931137	-107332.984773432	
407.0515622	89	3	8	0.9125074502	0.0005646581177	96.95425837	0.002113695896	3.043627935	1.092910016	28.89138312	70.01570686	0	0	0	-407.0515622	0.0005646581177	-111275.550131376	
404.4915622	89	3	8	0.9125546191	0.0005420514165	97.00850952	0.001979126431	2.989511358	1.040888514	28.90705176	70.05205972	0	0	0	-404.4915622	0.0005420514165	-115342.389010414	
401.9315622	89	3	8	0.9125998664	0.0005202400655	97.0624924	0.001851474371	2.935656121	0.9909061479	28.92209783	70.08699603	0	0	0	-401.9315622	0.0005202400655	-119539.064071573	
399.3715622	89	3	8	0.9126432616	0.0004991929809	97.11619881	0.0017304866	2.882070699	0.9428950688	28.93654247	70.12056247	0	0	0	-399.3715622	0.0004991929809	-123871.533594902	
396.8115622	89	3	8	0.9126848711	0.0004788808117	97.16962058	0.001615913878	2.828763508	0.8967898518	28.95040606	70.15280409	0	0	0	-396.8115622	0.0004788808117	-128346.182620449	
394.2515622	89	3	8	0.9127247589	0.000459275822	97.22274958	0.001507511028	2.77574291	0.8525273669	28.96370826	70.18376437	0	0	0	-394.2515622	0.000459275822	-132969.854397752	
391.6915622	89	3	8	0.9127629865	0.0004403517814	97.27557774	0.001405037116	2.723017223	0.8100466587	28.97646804	70.21348531	0	0	0	-391.6915622	0.0004403517814	-125299.709174402	
390.4115622	89	3	8	0.9127814987	0.0002134072244	97.30187687	0.001355949789	2.696767179	0.7894560601	28.98265114	70.2278928	0	0	0	-390.4115622	0.0002134072244	-276060.853779827	
389.1315622	89	3	8	0.9127996177	0.0002088598225	97.32809773	0.001308256316	2.670594015	0.7692889333	28.98870541	70.24200566	0	0	0	-389.1315622	0.0002088598225	-270151.335989226	
388.4915622	89	3	8	0.9128085327	0.0001028367916	97.34117861	0.001284923354	2.657536468	0.7593619634	28.99168517	70.24895286	0	0	0	-388.4915622	0.0001028367916	-6128.41291345978	
388.1715622	89	3	8	0.9128129544	5.100138735E-05	97.3477116	0.001273383738	2.651015019	0.7544372578	28.99316331	70.25239944	0	0	0	-388.1715622	5.100138735E-05	-1076949.99989893	
387.8515622	89	3	8	0.9128173522	5.070592639E-05	97.35423958	0.001261928081	2.644498496	0.7495382568	28.99463361	70.25582813	0	0	0	-387.8515622	5.070592639E-05	-1070693.39351888	
387.6915622	89	3	8	0.9128195423	2.526177117E-05	97.3575017	0.001256231613	2.641242072	0.7470983607	28.99536586	70.25753578	0	0	0	-387.6915622	2.526177117E-05	-6310.03983983533	
387.6115622	89	3	8	0.9128206351	1.260527185E-05	97.35913229	0.001253391193	2.639614322	0.7458808081	28.99573126	70.25838793	0	0	0	-387.6115622	1.260527185E-05	-6333.71535963604	
387.5715622	89	3	8	0.912821181	6.29624494E-06	97.35994746	0.001251972934	2.638800563	0.7452726298	28.99591378	70.25881359	0	0	0	-387.5715622	6.29624494E-06	-6259.87085270001	
387.5515622	89	3	8	0.9128214536	3.080274986E-06	97.36035507	0.001251264326	2.638393667	0.7449686884	28.99600494	70.25902637	0	0	0	-387.5515622	3.080274986E-06	-6407.55313848645	
387.5415622	89	3	8	0.9128215898	1.541292912E-06	97.3605588	0.00125091009	2.63819029	0.744816755	28.99605052	70.25913273	0	0	0	-387.5415622	1.541292912E-06	-13563.6403541399	
387.5015622	89	3	8	0.9128221349	6.319039192E-06	97.36137387	0.001249494107	2.637376638	0.7442092805	28.99623285	70.25955787	0	0	0	-387.5015622	6.319039192E-06	-36905.340320316	
387.4815622	89	3	8	0.9128224067	3.075362872E-06	97.36178139	0.001248786606	2.63696982	0.7439056934	28.99632393	70.25977038	0	0	0	-387.4815622	3.075362872E-06	-2148665.49473185	
387.4415622	89	3	8	0.9128229516	6.346884955E-06	97.36259624	0.001247372547	2.63615639	0.7432988011	28.99650611	70.26019509	0	0	0	-387.4415622	6.346884955E-06	12459.1838319358	
387.3615622	89	3	8	0.9128240398	1.254851109E-05	97.36422584	0.001244548349	2.63452961	0.7420862265	28.99686999	70.26104378	0	0	0	-387.3615622	1.254851109E-05	12867.449654539	
387.2015622	89	3	8	0.9128262118	2.504639249E-05	97.3674841	0.001238915479	2.631276981	0.7396658435	28.99759631	70.26273785	0	0	0	-387.2015622	2.504639249E-05	12828.2652006221	
386.8815622	89	3	8	0.9128305381	4.989084287E-05	97.37399683	0.001227711645	2.624775457	0.7348440959	28.99904313	70.26611277	0	0	0	-386.8815622	4.989084287E-05	12933.2158672327	
386.2415622	89	3	8	0.9128391204	9.897781889E-05	97.38700705	0.001205550062	2.611787401	0.7252763033	29.00191368	70.27281002	0	0	0	-386.2415622	9.897781889E-05	13147.8586334921	
384.9615622	89	3	8	0.9128560067	0.0001947712247	97.4129661	0.001162198967	2.585871702	0.7064405838	29.00756331	70.2859961	0	0	0	-384.9615622	0.0001947712247	13597.0617087547	
382.4015622	89	3	8	0.9128886895	0.0003770530962	97.46463522	0.001079288014	2.53428549	0.6699452332	29.01850402	70.31155075	0	0	0	-382.4015622	0.0003770530962	-175682.722105197	
379.8415622	89	3	8	0.9129199675	0.0003609439147	97.51596649	0.00100125057	2.483032262	0.6349748131	29.02898201	70.33604318	0	0	0	-379.8415622	0.0003609439147	-161995.59718489	
377.2815622	89	3	8	0.9129498906	0.0003454252554	97.56695201	0.0009278724041	2.432120114	0.6014787069	29.039013	70.35950829	0	0	0	-377.2815622	0.0003454252554	-167979.838655692	
374.7215622	89	3	8	0.9129785066	0.000330445059	97.61758386	0.0008589444466	2.381557194	0.5694078581	29.04861219	70.38197995	0	0	0	-374.7215622	0.000330445059	-174024.89082013	
372.1615622	89	3	8	0.9130058621	0.0003159857499	97.66785412	0.0007942628623	2.331351614	0.5387146989	29.05779428	70.40349102	0	0	0	-372.1615622	0.0003159857499	-180495.746235751	
369.6015622	89	3	8	0.9130320018	0.0003020587802	97.71775493	0.0007336291429	2.281511443	0.5093530823	29.06657357	70.42407335	0	0	0	-369.6015622	0.0003020587802	-187013.140957136	
367.0415622	89	3	8	0.913056969	0.0002885925034	97.76727834	0.0006768501761	2.232044812	0.4812781994	29.07496386	70.44375794	0	0	0	-367.0415622	0.0002885925034	-193626.120213368	
364.4815622	89	3	8	0.9130808055	0.0002755991656	97.81641649	0.000623738292	2.182959775	0.4544465491	29.08297858	70.46257487	0	0	0	-364.4815622	0.0002755991656	-200691.719815375	
361.9215622	89	3	8	0.9131035519	0.0002630642775	97.86516149	0.0005741113267	2.134264395	0.4288158647	29.09063074	70.48055339	0	0	0	-361.9215622	0.0002630642775	-208047.760813491	
359.3615622	89	3	8	0.9131252473	0.000250973424	97.91350546	0.0005277926347	2.085966752	0.4043451152	29.09793299	70.49772189	0	0	0	-359.3615622	0.000250973424	-215727.086771399	
356.8015622	89	3	8	0.91314593	0.000239314855	97.96144057	0.0004846111785	2.038074823	0.3809942563	29.10489764	70.5141081	0	0	0	-356.8015622	0.000239314855	-223737.153931571	
354.2415622	89	3	8	0.9131656367	0.0002280741811	98.00895893	0.0004444014431	1.990596666	0.3587244974	29.11153662	70.52973888	0	0	0	-354.2415622	0.0002280741811	-232092.531273753	
351.6815622	89	3	8	0.913184403	0.0002172397417	98.0560527	0.0004070035051	1.943540293	0.3374980442	29.11786154	70.54464042	0	0	0	-351.6815622	0.0002172397417	-240830.563871195	
349.1215622	89	3	8	0.9132022637	0.0002067997958	98.10271403	0.0003722630085	1.896913704	0.317278115	29.12388367	70.55883822	0	0	0	-349.1215622	0.0002067997958	-249971.207439839	
346.5615622	89	3	8	0.9132192524	0.0001967430587	98.14893509	0.0003400311463	1.850724879	0.2980289049	29.12961398	70.57235711	0	0	0	-346.5615622	0.0001967430587	-259541.687378104	
344.0015622	89	3	8	0.9132354017	0.000187058673	98.19470805	0.000310164633	1.804981782	0.2797155511	29.13506316	70.58522129	0	0	0	-344.0015622	0.000187058673	-269571.543695415	
341.4415622	89	3	8	0.9132507432	0.0001777361801	98.24002512	0.0002825256667	1.759692353	0.2623041016	29.14024159	70.59745431	0	0	0	-341.4415622	0.0001777361801	-280092.858373464	
338.8815622	89	3	8	0.9132653077	0.0001687654943	98.28487851	0.0002569818826	1.714864509	0.2457614856	29.14515936	70.60907915	0	0	0	-338.8815622	0.0001687654943	-291140.508454111	
336.3215622	89	3	8	0.9132791251	0.0001601368775	98.32926045	0.0002334062977	1.67050614	0.2300554862	29.14982632	70.62011819	0	0	0	-336.3215622	0.0001601368775	-302752.447323139	
333.7615622	89	3	8	0.9132922244	0.000151840916	98.37316322	0.0002116772466	1.6266251	0.2151547147	29.15425204	70.63059325	0	0	0	-333.7615622	0.000151840916	-314970.042318391	
331.2015622	89	3	8	0.9133046337	0.0001438684991	98.41657911	0.0001916783091	1.58322921	0.2010285877	29.15844583	70.64052559	0	0	0	-331.2015622	0.0001438684991	-327838.383362768	
328.6415622	89	3	8	0.9133163805	0.0001362107962	98.45950045	0.0001732982308	1.540326249	0.1876473044	29.16241675	70.64993594	0	0	0	-328.6415622	0.0001362107962	-341406.915359533	
326.0815622	89	3	8	0.9133274914	0.0001288592475	98.50191962	0.0001564308359	1.497923949	0.1749818273	29.16617364	70.65884453	0	0	0	-326.0815622	0.0001288592475	-355729.635089612	
323.5215622	89	3	8	0.9133379922	0.0001218055326	98.54382904	0.0001409749328	1.45602999	0.1630038632	29.16972509	70.66727104	0	0	0	-323.5215622	0.0001218055326	-370867.149547658	
320.9615622	89	3	8	0.9133479081	0.0001150416144	98.58522121	0.0001268342225	1.414651952	0.1516858412	29.17307946	70.6752347	0	0	0	-320.9615622	0.0001150416144	-386879.78250365	
318.4015622	89	3	8	0.9133572635	0.0001085594653	98.62608861	0.0001139171592	1.373797477	0.1410009167	29.17624489	70.68275419	0	0	0	-318.4015622	0.0001085594653	-403842.949145762	
315.8415622	89	3	8	0.9133660822	0.0001023515699	98.66642386	0.000102136888	1.333474008	0.1309229264	29.17922929	70.68984778	0	0	0	-315.8415622	0.0001023515699	-421837.840594796	
313.2815622	89	3	8	0.9133743872	9.641039446E-05	98.70621964	9.141109478E-05	1.293688953	0.1214263959	29.18204038	70.69653322	0	0	0	-313.2815622	9.641039446E-05	-440947.474603096	
310.7215622	89	3	8	0.913382201	9.072863536E-05	98.74546871	8.166189338E-05	1.254449632	0.1124865224	29.18468564	70.70282784	0	0	0	-310.7215622	9.072863536E-05	-461270.091984304	
308.1615622	89	3	8	0.9133895453	8.529915681E-05	98.78416391	7.28157E-05	1.21576327	0.104079163	29.18717236	70.70874847	0	0	0	-308.1615622	8.529915681E-05	-482913.719567849	
305.6015622	89	3	8	0.9133964412	8.011499337E-05	98.82229821	6.480310421E-05	1.177636986	0.09618082458	29.18950763	70.71431154	0	0	0	-305.6015622	8.011499337E-05	-505998.67436675	
303.0415622	89	3	8	0.9134029093	7.51693289E-05	98.85986465	5.755873679E-05	1.140077786	0.08876865469	29.19169833	70.71953302	0	0	0	-303.0415622	7.51693289E-05	-530659.691912295	
300.4815622	89	3	8	0.9134089696	7.045550299E-05	98.89685642	5.102113487E-05	1.103092555	0.08182043257	29.19375114	70.72442843	0	0	0	-300.4815622	7.045550299E-05	-502720.124553331	
300	89	3	8	0.9134100657	1.271921177E-05	98.9037502	4.9865562E-05	1.096199936	0.08056347625	29.19412247	70.72531406	0	0	0	-300	1.271921177E-05	486038.685900993	
