T	w(AL)	w(MG)	w(SI)	fs	fw(@FCC_A1)	w(AL@FCC_A1)	w(MG@FCC_A1)	w(SI@FCC_A1)	w(AL@LIQUID)	w(MG@LIQUID)	w(SI@LIQUID)	dwdT_L(AL@LIQUID)	dwdT_L(MG@LIQUID)	dwdT_L(SI@LIQUID)	-T	fw(@FCC_A1)_1	-T//fw(@FCC_A1)	
K	%	%	%	mole/mole	kg/kg	%	%	%	%	%	%	SI	SI	SI				
883.0501147	90	5	5	0	0	98.37832447	1.177112383	0.4445631483	90	5	5	0.002113520298	-0.0009643545359	-0.001149165762	-883.0501147	0	19.7261687265523	
883.0401147	90	5	5	0.0002517624353	0.0002523574664	98.37810121	1.177249924	0.444648865	89.99788643	5.000964438	5.00114913	0	0	0	-883.0401147	0.0002523574664	59.5264893591837	
883.0201147	90	5	5	0.0007546917236	0.0005042727209	98.37765479	1.1775249	0.4448203069	89.99365923	5.002893183	5.003447589	0	0	0	-883.0201147	0.0005042727209	79.414346482275	
882.9801147	90	5	5	0.001759265703	0.001007674175	98.37676216	1.178074661	0.44516318	89.98520406	5.006750922	5.008045013	0	0	0	-882.9801147	0.001007674175	79.5185836229316	
882.9001147	90	5	5	0.003763312556	0.002012237424	98.37497852	1.179172694	0.4458487828	89.96829098	5.014467174	5.01724185	0	0	0	-882.9001147	0.002012237424	79.7601680984703	
882.7401147	90	5	5	0.007751111137	0.004012083287	98.37141716	1.181363347	0.4472194958	89.93445375	5.029902781	5.035643465	0	0	0	-882.7401147	0.004012083287	80.2550519985704	
882.4201147	90	5	5	0.01564639734	0.007975017492	98.36431801	1.185723041	0.4499589482	89.86673509	5.060786525	5.072478382	0	0	0	-882.4201147	0.007975017492	81.3371130885814	
881.7801147	90	5	5	0.0310960425	0.01573353619	98.35021617	1.194352733	0.4554310975	89.73112552	5.122591948	5.146282536	0	0	0	-881.7801147	0.01573353619	83.566956748395	
880.5001147	90	5	5	0.06074840804	0.03067953397	98.32239016	1.21126405	0.4663457919	89.45920119	5.246390119	5.294408695	0	0	0	-880.5001147	0.03067953397	87.9570373745424	
877.9401147	90	5	5	0.1154893992	0.05842846555	98.26822656	1.243718793	0.4880546426	88.91252044	5.494790579	5.592688981	0	0	0	-877.9401147	0.05842846555	-1111.53807962577	
875.3801147	90	5	5	0.1647764043	0.05586985021	98.21597714	1.274440485	0.5095823801	88.36197917	5.744533987	5.893486846	0	0	0	-875.3801147	0.05586985021	-1048.7964934924	
872.8201147	90	5	5	0.2093599778	0.05352761053	98.16560208	1.303468344	0.5309295745	87.80753678	5.995697778	6.196765442	0	0	0	-872.8201147	0.05352761053	-1144.2555834733	
870.2601147	90	5	5	0.2498639516	0.05137871006	98.11706267	1.330840594	0.5520967324	87.24915794	6.248353201	6.502488863	0	0	0	-870.2601147	0.05137871006	-1244.77720970008	
867.7001147	90	5	5	0.2868081368	0.04940035435	98.07032088	1.356594488	0.5730846347	86.68680846	6.502565989	6.810625549	0	0	0	-867.7001147	0.04940035435	-1349.62487617329	
865.1401147	90	5	5	0.3206288685	0.04757308561	98.02533933	1.380766438	0.5938942284	86.12045651	6.758396416	7.12114707	0	0	0	-865.1401147	0.04757308561	-1458.75485512546	
862.5801147	90	5	5	0.3516949498	0.04588025747	97.98208125	1.403392179	0.6145265702	85.55007282	7.015899685	7.434027496	0	0	0	-862.5801147	0.04588025747	-1572.13399289314	
860.0201147	90	5	5	0.3803200995	0.04430754179	97.94051032	1.424506908	0.6349827766	84.97563093	7.275126227	7.749242841	0	0	0	-860.0201147	0.04430754179	-1689.71817652034	
857.4601147	90	5	5	0.4067727612	0.04284253751	97.90059062	1.444145404	0.6552639803	84.39710749	7.536121945	8.066770563	0	0	0	-857.4601147	0.04284253751	-1811.45128525993	
854.9001147	90	5	5	0.4312839026	0.04147445504	97.86228658	1.462342128	0.6753712894	83.81448251	7.798928394	8.386589094	0	0	0	-854.9001147	0.04147445504	-1937.26367398089	
852.3401147	90	5	5	0.454053266	0.04019386112	97.82556295	1.479131303	0.6953057503	83.22773967	8.063582915	8.70867742	0	0	0	-852.3401147	0.04019386112	-2067.07101502534	
849.7801147	90	5	5	0.4752544166	0.03899247049	97.7903847	1.494546988	0.715068314	82.63686659	8.330118734	9.033014677	0	0	0	-849.7801147	0.03899247049	-2200.77310106432	
847.2201147	90	5	5	0.4950388487	0.037862975	97.75671706	1.508623135	0.7346598033	82.0418552	8.598565017	9.359579787	0	0	0	-847.2201147	0.037862975	-2338.25285632766	
844.6601147	90	5	5	0.5135393474	0.03679890241	97.72452548	1.521393637	0.7540808834	81.44270199	8.868946904	9.688351107	0	0	0	-844.6601147	0.03679890241	-2479.37532167679	
842.1001147	90	5	5	0.5308727586	0.03579449903	97.6937756	1.532892366	0.7733320328	80.83940838	9.141285517	10.0193061	0	0	0	-842.1001147	0.03579449903	-2623.98693830312	
839.5401147	90	5	5	0.547142284	0.03484463177	97.66443328	1.543153202	0.7924135163	80.23198103	9.415597949	10.35242102	0	0	0	-839.5401147	0.03484463177	-2771.91506216043	
836.9801147	90	5	5	0.5624393939	0.03394470588	97.63646458	1.55221006	0.8113253588	79.62043213	9.691897229	10.68767065	0	0	0	-836.9801147	0.03394470588	-2922.96763155559	
834.4201147	90	5	5	0.5768454293	0.03309059555	97.60983578	1.560096902	0.8300673199	79.00477976	9.970192288	11.02502795	0	0	0	-834.4201147	0.03309059555	-3076.93325688423	
831.8601147	90	5	5	0.5904329502	0.03227858516	97.58451338	1.56684775	0.8486388707	78.38504821	10.2504879	11.36446389	0	0	0	-831.8601147	0.03227858516	-3233.5816969095	
829.3001147	90	5	5	0.6032668764	0.0315053193	97.56046415	1.572496685	0.8670391698	77.76126824	10.53278463	11.70594713	0	0	0	-829.3001147	0.0315053193	-3392.66465439312	
826.7401147	90	5	5	0.6154054554	0.03076776008	97.53765511	1.577077852	0.8852670418	77.13347741	10.81707875	12.04944383	0	0	0	-826.7401147	0.03076776008	-3553.91715845941	
824.1801147	90	5	5	0.6269010896	0.0300631506	97.51605359	1.58062545	0.9033209559	76.50172037	11.10336222	12.39491741	0	0	0	-824.1801147	0.0300631506	-3717.05925934938	
821.6201147	90	5	5	0.6378010427	0.02938898347	97.49562727	1.58317372	0.9211990063	75.86604907	11.39162256	12.74232838	0	0	0	-821.6201147	0.02938898347	-3881.79815218907	
819.0601147	90	5	5	0.6481480492	0.02874297368	97.47634417	1.584756932	0.9388988931	75.22652306	11.68184283	13.09163411	0	0	0	-819.0601147	0.02874297368	-4047.83104320714	
816.5001147	90	5	5	0.657980838	0.02812303516	97.45817273	1.585409364	0.9564179051	74.58320968	11.97400157	13.44278875	0	0	0	-816.5001147	0.02812303516	-4214.84822150777	
813.9401147	90	5	5	0.6673345874	0.02752726038	97.44108182	1.585165278	0.9737529039	73.93618426	12.26807274	13.795743	0	0	0	-813.9401147	0.02752726038	-4382.53661162592	
811.3801147	90	5	5	0.6762413193	0.02695390264	97.4250408	1.584058893	0.9909003098	73.28553026	12.5640257	14.15044405	0	0	0	-811.3801147	0.02695390264	-4550.58363877986	
808.8201147	90	5	5	0.6847302431	0.02640136056	97.41001956	1.582124354	1.007856089	72.6313394	12.86182514	14.50683546	0	0	0	-808.8201147	0.02640136056	-4718.68148285178	
806.2601147	90	5	5	0.6928280559	0.02586816456	97.39598856	1.5793957	1.024615742	71.97371178	13.16143114	14.86485709	0	0	0	-806.2601147	0.02586816456	-4886.53137863789	
803.7001147	90	5	5	0.7005592064	0.02535296492	97.38291887	1.575906825	1.0411743	71.31275586	13.4627991	15.22444504	0	0	0	-803.7001147	0.02535296492	-5053.84795593695	
801.1401147	90	5	5	0.7079461253	0.0248545213	97.37078225	1.571691441	1.057526313	70.64858854	13.76587981	15.58553165	0	0	0	-801.1401147	0.0248545213	-5220.36372521381	
798.5801147	90	5	5	0.7150094303	0.02437169346	97.35955112	1.566783035	1.073665848	69.98133506	14.07061948	15.94804546	0	0	0	-798.5801147	0.02437169346	-5385.83338286533	
796.0201147	90	5	5	0.721768105	0.02390343305	97.34919868	1.561214829	1.089586493	69.31112895	14.37695978	16.31191127	0	0	0	-796.0201147	0.02390343305	-5550.03762649883	
793.4601147	90	5	5	0.7282396593	0.02344877625	97.33969892	1.55501973	1.105281354	68.63811186	14.68483795	16.67705019	0	0	0	-793.4601147	0.02344877625	-5712.7866016296	
790.9001147	90	5	5	0.7344402702	0.02300683721	97.33102665	1.548230291	1.120743062	67.96243343	14.99418689	17.04337969	0	0	0	-790.9001147	0.02300683721	-5873.92300737999	
788.3401147	90	5	5	0.7403849082	0.02257680214	97.32315756	1.540878661	1.135963782	67.28425098	15.30493527	17.41081375	0	0	0	-788.3401147	0.02257680214	-6033.3248527697	
785.7801147	90	5	5	0.7460874486	0.02215792402	97.31606824	1.53299654	1.150935225	66.60372932	15.61700772	17.77926296	0	0	0	-785.7801147	0.02215792402	-6190.90677797312	
783.2201147	90	5	5	0.7515607725	0.02174951768	97.30973621	1.52461513	1.165648662	65.92104033	15.93032496	18.14863471	0	0	0	-783.2201147	0.02174951768	-6346.62413054511	
780.6601147	90	5	5	0.7568168554	0.02135095577	97.30413996	1.515765095	1.180094944	65.23636264	16.24480402	18.51883334	0	0	0	-780.6601147	0.02135095577	-6500.46555285044	
778.1001147	90	5	5	0.7618668483	0.02096166368	97.29925897	1.506476508	1.194264523	64.5498812	16.56035843	18.88976037	0	0	0	-778.1001147	0.02096166368	-6652.45054489183	
775.5401147	90	5	5	0.7667211485	0.02058111595	97.2950737	1.496778851	1.208147452	63.86178685	16.87689846	19.26131469	0	0	0	-775.5401147	0.02058111595	-6802.6696039809	
772.9801147	90	5	5	0.7713894658	0.02020883639	97.29156567	1.486700778	1.221733551	63.17227571	17.1943314	19.63339289	0	0	0	-772.9801147	0.02020883639	-6951.20665414396	
770.4201147	90	5	5	0.775880879	0.01984438677	97.28871738	1.476270467	1.235012156	62.48154879	17.51256177	20.00588944	0	0	0	-770.4201147	0.01984438677	-7098.19311763108	
767.8601147	90	5	5	0.7802038896	0.01948737281	97.28651237	1.465515189	1.24797244	61.78981135	17.83149165	20.378697	0	0	0	-767.8601147	0.01948737281	-7243.81414437369	
765.3001147	90	5	5	0.7843664687	0.01913743516	97.28493522	1.454461469	1.26060331	61.0972723	18.15102098	20.75170672	0	0	0	-765.3001147	0.01913743516	-7388.24987176571	
762.7401147	90	5	5	0.7883760995	0.01879424903	97.28397151	1.443135019	1.27289347	60.40414363	18.47104782	21.12480855	0	0	0	-762.7401147	0.01879424903	-7531.72332923914	
760.1801147	90	5	5	0.7922398166	0.01845752118	97.28360783	1.431560702	1.284831472	59.71063978	18.79146869	21.49789153	0	0	0	-760.1801147	0.01845752118	-7678.78436735796	
757.6201147	90	5	5	0.7959643295	0.01812734799	97.28383116	1.419762389	1.296406447	59.0169686	19.11218123	21.87085017	0	0	0	-757.6201147	0.01812734799	-7817.66061982881	
755.0601147	90	5	5	0.7995557298	0.01780250699	97.28463124	1.40776313	1.307605627	58.32336602	19.43307286	22.24356111	0	0	0	-755.0601147	0.01780250699	-7955.7236346904	
752.5001147	90	5	5	0.8030199574	0.01748367402	97.28599686	1.395585321	1.318417815	57.63003983	19.75404213	22.61591805	0	0	0	-752.5001147	0.01748367402	-8101.06823941831	
749.9401147	90	5	5	0.8063625696	0.01717039402	97.28791836	1.383250241	1.328831403	56.93720785	20.07498259	22.98780956	0	0	0	-749.9401147	0.01717039402	-8243.63273394904	
747.3801147	90	5	5	0.8095888198	0.01686249538	97.2903869	1.370778235	1.338834863	56.24508727	20.39578786	23.35912487	0	0	0	-747.3801147	0.01686249538	-8386.86438290819	
744.8201147	90	5	5	0.8127036796	0.016559826	97.29339448	1.358188713	1.348416804	55.55389394	20.7163519	23.72975416	0	0	0	-744.8201147	0.016559826	-8531.07306547814	
742.2601147	90	5	5	0.8157118581	0.01626224998	97.29693384	1.345500143	1.357566015	54.86384186	21.03656931	24.09958883	0	0	0	-742.2601147	0.01626224998	-8676.55229657856	
739.7001147	90	5	5	0.81861782	0.01596964609	97.30099842	1.332730055	1.366271522	54.17514257	21.35633565	24.46852178	0	0	0	-739.7001147	0.01596964609	-8823.59479696591	
737.1401147	90	5	5	0.8214258022	0.01568190609	97.30558232	1.319895049	1.374522633	53.48800468	21.67554764	24.83644768	0	0	0	-737.1401147	0.01568190609	-8972.48790885165	
734.5801147	90	5	5	0.8241398284	0.0153989332	97.31068022	1.307010795	1.382308988	52.80263336	21.99410348	25.20326316	0	0	0	-734.5801147	0.0153989332	-9123.51173659013	
732.0201147	90	5	5	0.826763723	0.01512064062	97.31628734	1.294092055	1.389620604	52.11922988	22.31190306	25.56886706	0	0	0	-732.0201147	0.01512064062	-9276.93816673648	
729.4601147	90	5	5	0.8293011237	0.01484695023	97.32239939	1.281152687	1.396447922	51.43799117	22.62884819	25.93316064	0	0	0	-729.4601147	0.01484695023	-9433.02920804928	
726.9001147	90	5	5	0.8317554929	0.01457779129	97.32901248	1.268205671	1.402781849	50.75910949	22.94484278	26.29604773	0	0	0	-726.9001147	0.01457779129	-9592.03571564912	
724.3401147	90	5	5	0.8341301283	0.01431309932	97.33612308	1.255263125	1.408613798	50.08277206	23.25979303	26.65743491	0	0	0	-724.3401147	0.01431309932	-9754.1976337869	
721.7801147	90	5	5	0.8364281727	0.01405281506	97.34372795	1.242336325	1.413935729	49.40916075	23.57360763	27.01723162	0	0	0	-721.7801147	0.01405281506	-9919.7426592609	
719.2201147	90	5	5	0.8386526229	0.0137968835	97.35182409	1.229435732	1.418740178	48.73845182	23.88619785	27.37535032	0	0	0	-719.2201147	0.0137968835	-10088.8862500683	
716.6601147	90	5	5	0.8408063379	0.01354525305	97.36040868	1.216571017	1.423020298	48.07081574	24.1974777	27.73170656	0	0	0	-716.6601147	0.01354525305	-10261.8312562966	
714.1001147	90	5	5	0.8428920468	0.01329787475	97.36947903	1.203751087	1.426769883	47.40641693	24.50736402	28.08621905	0	0	0	-714.1001147	0.01329787475	-10438.7681604095	
711.5401147	90	5	5	0.8449123556	0.01305470163	97.37903249	1.190984112	1.429983394	46.74541369	24.81577656	28.43880975	0	0	0	-711.5401147	0.01305470163	-10619.8752790226	
708.9801147	90	5	5	0.8468697541	0.0128156881	97.38906645	1.178277559	1.432655987	46.08795805	25.12263806	28.78940389	0	0	0	-708.9801147	0.0128156881	-10805.3180586678	
706.4201147	90	5	5	0.8487666216	0.01258078943	97.39957826	1.165638214	1.434783529	45.43419569	25.42787432	29.13792999	0	0	0	-706.4201147	0.01258078943	-10995.2500994312	
703.8601147	90	5	5	0.850605233	0.01234996133	97.41056516	1.15307222	1.436362615	44.78426594	25.73141418	29.48431988	0	0	0	-703.8601147	0.01234996133	-11189.8136339279	
701.3001147	90	5	5	0.8523877639	0.01212315958	97.42202431	1.140585102	1.437390585	44.1383017	26.0331896	29.8285087	0	0	0	-701.3001147	0.01212315958	-11389.1388669586	
698.7401147	90	5	5	0.8541162956	0.0119003397	97.43395267	1.128181798	1.43786553	43.49642951	26.33313563	30.17043486	0	0	0	-698.7401147	0.0119003397	-11593.3472294569	
696.1801147	90	5	5	0.8557928199	0.01168145681	97.446347	1.115866693	1.437786304	42.85876959	26.63119039	30.51004002	0	0	0	-696.1801147	0.01168145681	-11802.5454322631	
693.6201147	90	5	5	0.8574192432	0.01146646518	97.45920383	1.103643645	1.437152523	42.22543587	26.9272951	30.84726903	0	0	0	-693.6201147	0.01146646518	-12016.8345964689	
691.0601147	90	5	5	0.8589973907	0.01125531849	97.47251941	1.091516014	1.435964571	41.59653608	27.221394	31.18206992	0	0	0	-691.0601147	0.01125531849	-12236.3062282301	
688.5001147	90	5	5	0.8605290104	0.01104796934	97.48628971	1.079486697	1.434223597	40.97217191	27.51343432	31.51439377	0	0	0	-688.5001147	0.01104796934	-12461.038089291	
685.9401147	90	5	5	0.8620157766	0.01084436939	97.50051034	1.067558148	1.431931509	40.35243905	27.80336627	31.84419469	0	0	0	-685.9401147	0.01084436939	-12691.1051310234	
683.3801147	90	5	5	0.8634592934	0.01064446933	97.51517662	1.055732413	1.42909097	39.73742738	28.0911429	32.17142972	0	0	0	-683.3801147	0.01064446933	-12926.5717024658	
680.8201147	90	5	5	0.8648610978	0.01044821879	97.53028346	1.044011151	1.425705385	39.1272211	28.37672012	32.49605878	0	0	0	-680.8201147	0.01044821879	-13167.4940930086	
678.2601147	90	5	5	0.866222663	0.01025556643	97.54582544	1.032395664	1.421778894	38.52189888	28.6600566	32.81804452	0	0	0	-678.2601147	0.01025556643	-13413.9239792662	
675.7001147	90	5	5	0.8675454011	0.01006645999	97.56179673	1.020886919	1.417316353	37.92153404	28.94111366	33.1373523	0	0	0	-675.7001147	0.01006645999	-13665.9044817188	
673.1401147	90	5	5	0.8688306661	0.009880846284	97.5781911	1.009485573	1.412323324	37.32619471	29.21985527	33.45395003	0	0	0	-673.1401147	0.009880846284	-13923.4735138747	
670.5801147	90	5	5	0.8700797562	0.009698671359	97.59500195	0.9981919978	1.40680605	36.73594399	29.49624787	33.76780814	0	0	0	-670.5801147	0.009698671359	-14186.6643218828	
668.0201147	90	5	5	0.8712939166	0.009519880522	97.61222226	0.9870062977	1.400771444	36.15084019	29.77026037	34.07889944	0	0	0	-668.0201147	0.009519880522	-14455.5039703606	
665.4601147	90	5	5	0.8724743417	0.009344418457	97.62984461	0.9759283342	1.394227059	35.57093691	30.04186405	34.38719904	0	0	0	-665.4601147	0.009344418457	-14730.0156498343	
662.9001147	90	5	5	0.8736221774	0.009172229319	97.64786118	0.9649577439	1.387181073	34.99628333	30.31103242	34.69268425	0	0	0	-662.9001147	0.009172229319	-15010.2184773954	
660.3401147	90	5	5	0.8747385231	0.009003256841	97.66626378	0.9540939583	1.37964226	34.4269243	30.57774121	34.9953345	0	0	0	-660.3401147	0.009003256841	-15296.1279368889	
657.7801147	90	5	5	0.875824434	0.008837444434	97.68504381	0.9433362209	1.371619968	33.86290057	30.84196822	35.29513121	0	0	0	-657.7801147	0.008837444434	-15587.7562948291	
655.2201147	90	5	5	0.8768809231	0.008674735295	97.7041923	0.9326836051	1.363124092	33.30424898	31.10369328	35.59205775	0	0	0	-655.2201147	0.008674735295	-15885.1130902197	
652.6601147	90	5	5	0.8779089625	0.008515072508	97.72369992	0.9221350292	1.354165046	32.75100256	31.36289815	35.88609929	0	0	0	-652.6601147	0.008515072508	-16188.2057080747	
650.1001147	90	5	5	0.878909486	0.008358399151	97.74355699	0.9116892723	1.344753739	32.20319077	31.61956643	36.17724279	0	0	0	-650.1001147	0.008358399151	-16497.0397600848	
647.5401147	90	5	5	0.87988339	0.008204658391	97.76375347	0.9013449879	1.334901542	31.66083966	31.8736835	36.46547684	0	0	0	-647.5401147	0.008204658391	-16811.6189258251	
644.9801147	90	5	5	0.8808315357	0.008053793573	97.78427902	0.8911007177	1.324620263	31.12397198	32.12523641	36.75079161	0	0	0	-644.9801147	0.008053793573	-17131.9458937405	
642.4201147	90	5	5	0.8817547503	0.007905748317	97.80512298	0.8809549043	1.313922114	30.59260737	32.37421384	37.03317879	0	0	0	-642.4201147	0.007905748317	-17458.0230580187	
639.8601147	90	5	5	0.8826538287	0.007760466603	97.82627441	0.8709059022	1.302819688	30.06676253	32.62060599	37.31263148	0	0	0	-639.8601147	0.007760466603	-17789.8520699483	
637.3001147	90	5	5	0.8835295347	0.007617892843	97.84772209	0.86095199	1.291325921	29.54645132	32.86440455	37.58914413	0	0	0	-637.3001147	0.007617892843	-18127.4345528991	
634.7401147	90	5	5	0.8843826025	0.007477971961	97.86945455	0.8510913797	1.27945407	29.03168493	33.10560258	37.86271249	0	0	0	-634.7401147	0.007477971961	-18470.7726076803	
632.1801147	90	5	5	0.885213738	0.007340649457	97.89146009	0.8413222274	1.267217679	28.52247199	33.34419448	38.13333353	0	0	0	-632.1801147	0.007340649457	-18819.8691212717	
629.6201147	90	5	5	0.8860236197	0.007205871474	97.91372681	0.8316426416	1.254630549	28.01881873	33.58017593	38.40100534	0	0	0	-629.6201147	0.007205871474	-19174.7278047072	
627.0601147	90	5	5	0.8868129004	0.007073584847	97.9362426	0.8220506921	1.241706712	27.52072905	33.81354379	38.66572716	0	0	0	-627.0601147	0.007073584847	-19535.3534155619	
624.5001147	90	5	5	0.8875822079	0.006943737157	97.95899518	0.812544418	1.2284604	27.02820469	34.04429609	38.92749922	0	0	0	-624.5001147	0.006943737157	-19901.7527656905	
621.9401147	90	5	5	0.8883321463	0.006816276779	97.98197215	0.8031218351	1.214906015	26.5412453	34.27243193	39.18632277	0	0	0	-621.9401147	0.006816276779	-20273.9341763045	
619.3801147	90	5	5	0.889063297	0.006691152914	98.00516096	0.7937809425	1.201058101	26.05984857	34.49795146	39.44219997	0	0	0	-619.3801147	0.006691152914	-20651.9080489677	
616.8201147	90	5	5	0.8897762193	0.00656831563	98.02854895	0.7845197297	1.186931319	25.58401031	34.72085581	39.69513388	0	0	0	-616.8201147	0.00656831563	-21035.6873025259	
614.2601147	90	5	5	0.890471452	0.006447715887	98.0521234	0.7753361821	1.172540416	25.11372455	34.94114704	39.94512841	0	0	0	-614.2601147	0.006447715887	-21425.2872184322	
611.7001147	90	5	5	0.8911495137	0.006329305563	98.07587151	0.7662282872	1.157900201	24.64898363	35.15882812	40.19218825	0	0	0	-611.7001147	0.006329305563	-21820.7258852733	
609.1401147	90	5	5	0.8918109041	0.006213037473	98.09978044	0.7571940393	1.143025516	24.18977828	35.37390284	40.43631888	0	0	0	-609.1401147	0.006213037473	-22222.0243904211	
606.5801147	90	5	5	0.8924561044	0.006098865386	98.12383734	0.748231445	1.127931212	23.73609772	35.58637582	40.67752646	0	0	0	-606.5801147	0.006098865386	-22629.2068001264	
604.0201147	90	5	5	0.8930855784	0.005986744034	98.14802935	0.7393385274	1.112632125	23.28792969	35.79625243	40.91581788	0	0	0	-604.0201147	0.005986744034	-23042.3003904918	
601.4601147	90	5	5	0.893699773	0.005876629122	98.17234362	0.7305133304	1.097143051	22.84526057	36.00353876	41.15120067	0	0	0	-601.4601147	0.005876629122	-23461.3359753954	
598.9001147	90	5	5	0.8942991191	0.005768477332	98.19676735	0.7217539233	1.081478723	22.40807541	36.20824162	41.38368298	0	0	0	-598.9001147	0.005768477332	-23886.3477953338	
596.3401147	90	5	5	0.8948840322	0.005662246324	98.22128781	0.7130584037	1.065653788	21.976358	36.41036845	41.61327355	0	0	0	-596.3401147	0.005662246324	-24317.3738480343	
593.7801147	90	5	5	0.895454913	0.005557894736	98.24589231	0.7044249015	1.049682787	21.55009096	36.60992733	41.83998171	0	0	0	-593.7801147	0.005557894736	-24754.4556795328	
591.2201147	90	5	5	0.8960121481	0.005455382177	98.27056829	0.6958515822	1.033580133	21.12925575	36.80692693	42.06381732	0	0	0	-591.2201147	0.005455382177	-25197.638468812	
588.6601147	90	5	5	0.8965561106	0.005354669222	98.29530326	0.6873366497	1.017360091	20.71383275	37.00137651	42.28479074	0	0	0	-588.6601147	0.005354669222	-25646.9713582189	
586.1001147	90	5	5	0.8970871605	0.005255717403	98.32008489	0.6788783493	1.001036761	20.3038013	37.19328583	42.50291287	0	0	0	-586.1001147	0.005255717403	-26102.5074132422	
583.5401147	90	5	5	0.8976056453	0.005158489199	98.34490097	0.6704749702	0.984624058	19.89913976	37.38266519	42.71819505	0	0	0	-583.5401147	0.005158489199	-26564.3034577786	
580.9801147	90	5	5	0.8981119009	0.005062948022	98.36973946	0.6621248481	0.9681356967	19.49982554	37.56952537	42.93064909	0	0	0	-580.9801147	0.005062948022	-27032.4204154302	
578.4201147	90	5	5	0.8986062513	0.004969058206	98.39458846	0.6538263674	0.9515851742	19.10583515	37.75387763	43.14028722	0	0	0	-578.4201147	0.004969058206	-27506.922815015	
575.8601147	90	5	5	0.8990890097	0.004876784987	98.41943628	0.6455779634	0.9349857558	18.71714422	37.93573366	43.34712212	0	0	0	-575.8601147	0.004876784987	-27987.879513416	
573.3001147	90	5	5	0.8995604789	0.004786094494	98.44427142	0.6373781241	0.9183504605	18.33372758	38.11510558	43.55116684	0	0	0	-573.3001147	0.004786094494	-28475.36298167	
570.7401147	90	5	5	0.9000209515	0.004696953723	98.46908256	0.6292253922	0.9016920478	17.95555927	38.2920059	43.75243483	0	0	0	-570.7401147	0.004696953723	-28969.4493702503	
568.1801147	90	5	5	0.9004707103	0.004609330526	98.49385863	0.6211183666	0.8850230058	17.58261254	38.46644753	43.95093993	0	0	0	-568.1801147	0.004609330526	-29470.2193922614	
565.6201147	90	5	5	0.9009100289	0.00452319359	98.51858876	0.6130557043	0.8683555399	17.21485997	38.63844373	44.1466963	0	0	0	-565.6201147	0.00452319359	-29977.76382265	
563.0601147	90	5	5	0.9013391719	0.004438512454	98.54326232	0.6050361215	0.851701562	16.85227342	38.80800812	44.33971847	0	0	0	-563.0601147	0.004438512454	-30492.1551158308	
560.5001147	90	5	5	0.9017583953	0.004355257333	98.56786892	0.5970583947	0.8350726816	16.49482408	38.97515464	44.53002128	0	0	0	-560.5001147	0.004355257333	-31013.4856887832	
557.9401147	90	5	5	0.902167947	0.004273399339	98.59239844	0.5891213623	0.818480197	16.14248253	39.13989755	44.71761991	0	0	0	-557.9401147	0.004273399339	-31541.8667090999	
555.3801147	90	5	5	0.9025680668	0.00419291031	98.61684099	0.5812239254	0.801935088	15.79521875	39.30225141	44.90252984	0	0	0	-555.3801147	0.00419291031	-32077.3907108962	
552.8201147	90	5	5	0.9029589869	0.004113762813	98.64118694	0.5733650488	0.785448009	15.45300212	39.46223106	45.08476682	0	0	0	-552.8201147	0.004113762813	-32620.1592619113	
550.2601147	90	5	5	0.9033409322	0.004035930132	98.66542696	0.5655437619	0.7690292831	15.11580148	39.61985161	45.26434691	0	0	0	-550.2601147	0.004035930132	-33170.2785693809	
547.7001147	90	5	5	0.9037141207	0.003959386246	98.68955194	0.5577591593	0.7526888968	14.78358513	39.77512843	45.44128644	0	0	0	-547.7001147	0.003959386246	-33727.8585779316	
545.1401147	90	5	5	0.9040787634	0.003884105812	98.7135531	0.5500104017	0.7364364966	14.45632089	39.92807713	45.61560198	0	0	0	-545.1401147	0.003884105812	-34293.0128008424	
542.5801147	90	5	5	0.904435065	0.003810064143	98.7374219	0.5422967159	0.7202813844	14.13397608	40.07871355	45.78731037	0	0	0	-542.5801147	0.003810064143	-34865.858992454	
540.0201147	90	5	5	0.9047832238	0.003737237194	98.76115009	0.5346173957	0.7042325159	13.81651756	40.22705375	45.95642869	0	0	0	-540.0201147	0.003737237194	-35446.5182086606	
537.4601147	90	5	5	0.9051234322	0.003665601537	98.7847297	0.5269718022	0.688298498	13.50391176	40.373114	46.12297424	0	0	0	-537.4601147	0.003665601537	-36035.1139740604	
534.9001147	90	5	5	0.9054558767	0.003595134344	98.80815305	0.5193593635	0.6724875877	13.19612469	40.51691075	46.28696456	0	0	0	-534.9001147	0.003595134344	-36631.7752795679	
532.3401147	90	5	5	0.9057807382	0.003525813375	98.83141273	0.5117795754	0.6568076918	12.89312197	40.65846064	46.44841739	0	0	0	-532.3401147	0.003525813375	-37236.6338109541	
529.7801147	90	5	5	0.9060981923	0.003457616951	98.85450163	0.5042320014	0.6412663668	12.59486883	40.79778051	46.60735066	0	0	0	-529.7801147	0.003457616951	-37849.8252860192	
527.2201147	90	5	5	0.9064084093	0.003390523947	98.87741291	0.4967162722	0.6258708195	12.30133016	40.93488731	46.76378252	0	0	0	-527.2201147	0.003390523947	-38471.4892109072	
524.6601147	90	5	5	0.9067115548	0.003324513766	98.90014001	0.4892320858	0.6106279088	12.0124705	41.0697982	46.91773131	0	0	0	-524.6601147	0.003324513766	-39101.7690294444	
522.1001147	90	5	5	0.9070077893	0.003259566332	98.92267665	0.4817792075	0.5955441472	11.72825406	41.20253043	47.06921551	0	0	0	-522.1001147	0.003259566332	-39740.8131235391	
519.5401147	90	5	5	0.9072972688	0.003195662069	98.94501683	0.474357469	0.5806257035	11.44864476	41.33310143	47.2182538	0	0	0	-519.5401147	0.003195662069	-40388.7720826392	
516.9801147	90	5	5	0.9075801447	0.003132781885	98.96715483	0.4669667686	0.5658784054	11.17360624	41.46152873	47.36486503	0	0	0	-516.9801147	0.003132781885	-41045.8024801149	
514.4201147	90	5	5	0.9078565643	0.003070907164	98.98908519	0.45960707	0.5513077434	10.90310186	41.58782997	47.50906817	0	0	0	-514.4201147	0.003070907164	-41712.0653877233	
511.8601147	90	5	5	0.9081266706	0.003010019746	99.01080272	0.4522784023	0.5369188743	10.63709473	41.71202291	47.65088235	0	0	0	-511.8601147	0.003010019746	-42387.726100171	
509.3001147	90	5	5	0.9083906027	0.002950101918	99.03230252	0.444980859	0.5227166259	10.37554772	41.83412542	47.79032685	0	0	0	-509.3001147	0.002950101918	-43072.9551280195	
506.7401147	90	5	5	0.9086484958	0.002891136398	99.0535799	0.4377145971	0.5087055011	10.11842349	41.95415544	47.92742107	0	0	0	-506.7401147	0.002891136398	-43767.928654932	
504.1801147	90	5	5	0.9089004812	0.002833106327	99.07463048	0.4304798366	0.4948896835	9.865684468	42.072131	48.06218453	0	0	0	-504.1801147	0.002833106327	-44472.8278949347	
501.6201147	90	5	5	0.9091466869	0.002775995252	99.0954501	0.4232768591	0.4812730427	9.617292916	42.18807022	48.19463686	0	0	0	-501.6201147	0.002775995252	-45187.8395570922	
499.0601147	90	5	5	0.9093872372	0.002719787119	99.11603485	0.4161060071	0.4678591395	9.373210904	42.30199127	48.32479782	0	0	0	-499.0601147	0.002719787119	-45913.1575874118	
496.5001147	90	5	5	0.9096222531	0.002664466261	99.13638108	0.4089676825	0.4546512328	9.133400342	42.4139124	48.45268725	0	0	0	-496.5001147	0.002664466261	-46648.9821287553	
493.9401147	90	5	5	0.9098518524	0.002610017388	99.15648537	0.4018623459	0.4416522848	8.897822985	42.52385191	48.5783251	0	0	0	-493.9401147	0.002610017388	-47395.5203026004	
491.3801147	90	5	5	0.9100761498	0.002556425577	99.17634452	0.3947905148	0.4288649681	8.666440452	42.63182815	48.70173139	0	0	0	-491.3801147	0.002556425577	-48152.9871753731	
488.8201147	90	5	5	0.9102952569	0.002503676264	99.19595557	0.3877527625	0.4162916724	8.439214231	42.73785952	48.82292625	0	0	0	-488.8201147	0.002503676264	-48921.6053705606	
486.2601147	90	5	5	0.9105092823	0.002451755233	99.21531577	0.3807497164	0.403934511	8.216105698	42.84196444	48.94192986	0	0	0	-486.2601147	0.002451755233	-49701.6062053144	
483.7001147	90	5	5	0.9107183321	0.00240064861	99.23442262	0.3737820569	0.3917953278	7.997076125	42.94416139	49.05876248	0	0	0	-483.7001147	0.00240064861	-50493.2302424703	
481.1401147	90	5	5	0.9109225092	0.002350342853	99.25327378	0.3668505152	0.3798757047	7.782086689	43.04446887	49.17344444	0	0	0	-481.1401147	0.002350342853	-51296.7265986293	
478.5801147	90	5	5	0.9111219143	0.002300824744	99.27186716	0.3599558722	0.3681769688	7.571098485	43.14290539	49.28599613	0	0	0	-478.5801147	0.002300824744	-52112.3567854865	
476.0201147	90	5	5	0.9113166454	0.002252081386	99.29020084	0.353098956	0.3567001996	7.364072535	43.23948949	49.39643797	0	0	0	-476.0201147	0.002252081386	-52940.393496377	
473.4601147	90	5	5	0.9115067978	0.002204100192	99.30827312	0.3462806409	0.3454462363	7.160969798	43.33423973	49.50479047	0	0	0	-473.4601147	0.002204100192	-53781.1189414429	
470.9001147	90	5	5	0.9116924649	0.002156868878	99.32608247	0.339501845	0.3344156857	6.961751178	43.42717467	49.61107415	0	0	0	-470.9001147	0.002156868878	-54634.8289637753	
468.3401147	90	5	5	0.9118737373	0.002110375459	99.34362754	0.332763528	0.3236089292	6.766377533	43.51831288	49.71530958	0	0	0	-468.3401147	0.002110375459	-55501.8348373621	
465.7801147	90	5	5	0.9120507037	0.002064608244	99.36090718	0.3260666898	0.3130261308	6.574809683	43.60767294	49.81751737	0	0	0	-465.7801147	0.002064608244	-56382.4603393472	
463.2201147	90	5	5	0.9122234505	0.002019555826	99.37792039	0.3194123678	0.3026672441	6.387008416	43.69527343	49.91771816	0	0	0	-463.2201147	0.002019555826	-57277.0442465644	
460.6601147	90	5	5	0.9123920621	0.00197520708	99.39466634	0.3128016351	0.2925320204	6.202934499	43.7811329	50.0159326	0	0	0	-460.6601147	0.00197520708	-58185.9433803263	
458.1001147	90	5	5	0.9125566209	0.001931551157	99.41114439	0.3062355981	0.2826200157	6.02254868	43.86526993	50.11218139	0	0	0	-458.1001147	0.001931551157	-59109.5324225752	
455.5401147	90	5	5	0.9127172073	0.00188857748	99.42735401	0.2997153942	0.2729305986	5.845811699	43.94770307	50.20648523	0	0	0	-455.5401147	0.00188857748	-60048.2025595123	
452.9801147	90	5	5	0.9128738997	0.001846275735	99.44329485	0.2932421895	0.2634629572	5.672684289	44.02845087	50.29886484	0	0	0	-452.9801147	0.001846275735	-61002.3660503046	
450.4201147	90	5	5	0.9130267748	0.001804635872	99.45896672	0.2868171763	0.2542161072	5.503127185	44.10753185	50.38934096	0	0	0	-450.4201147	0.001804635872	-61972.4577654533	
447.8601147	90	5	5	0.9131759077	0.001763648097	99.47436953	0.2804415711	0.2451888982	5.337101126	44.18496454	50.47793433	0	0	0	-447.8601147	0.001763648097	-62958.9321906769	
445.3001147	90	5	5	0.9133213716	0.001723302867	99.48950337	0.2741166112	0.2363800219	5.174566862	44.26076743	50.56466571	0	0	0	-445.3001147	0.001723302867	-63962.2706101986	
442.7401147	90	5	5	0.9134632379	0.00168359089	99.50436843	0.2678435533	0.2277880185	5.015485156	44.334959	50.64955585	0	0	0	-442.7401147	0.00168359089	-64982.9809373587	
440.1801147	90	5	5	0.9136015768	0.001644503118	99.51896505	0.26162367	0.2194112842	4.859816791	44.40755771	50.7326255	0	0	0	-440.1801147	0.001644503118	-66021.5935414244	
437.6201147	90	5	5	0.9137364567	0.00160603074	99.53329367	0.2554582477	0.2112480778	4.707522568	44.478582	50.81389544	0	0	0	-437.6201147	0.00160603074	-67078.6719905924	
435.0601147	90	5	5	0.9138679446	0.001568165186	99.54735489	0.2493485836	0.2032965278	4.558563315	44.54805028	50.89338641	0	0	0	-435.0601147	0.001568165186	-68154.8110670272	
432.5001147	90	5	5	0.913996106	0.001530898116	99.56114938	0.2432959836	0.1955546387	4.412899884	44.61598094	50.97111917	0	0	0	-432.5001147	0.001530898116	-69250.6356548361	
429.9401147	90	5	5	0.914121005	0.00149422142	99.57467794	0.2373017589	0.188020298	4.270493157	44.68239236	51.04711448	0	0	0	-429.9401147	0.00149422142	-70366.8065526589	
427.3801147	90	5	5	0.9142427044	0.001458127212	99.58794149	0.2313672238	0.1806912823	4.131304046	44.74730288	51.12139308	0	0	0	-427.3801147	0.001458127212	-71504.0231367817	
424.8201147	90	5	5	0.9143612657	0.00142260783	99.60094104	0.2254936929	0.1735652642	3.995293495	44.81073081	51.19397569	0	0	0	-424.8201147	0.00142260783	-72663.0233391967	
422.2601147	90	5	5	0.9144767492	0.001387655828	99.6136777	0.219682478	0.1666398176	3.862422482	44.87269446	51.26488306	0	0	0	-422.2601147	0.001387655828	-73844.5886623798	
419.7001147	90	5	5	0.9145892138	0.001353263978	99.62615269	0.2139348859	0.1599124245	3.732652019	44.93321209	51.33413589	0	0	0	-419.7001147	0.001353263978	-75049.541800483	
417.1401147	90	5	5	0.9146987175	0.001319425258	99.6383673	0.2082522152	0.1533804807	3.605943153	44.99230194	51.40175491	0	0	0	-417.1401147	0.001319425258	-76278.755752536	
414.5801147	90	5	5	0.914805317	0.001286132859	99.65032295	0.2026357536	0.1470413014	3.482256966	45.04998224	51.46776079	0	0	0	-414.5801147	0.001286132859	-77533.1558775217	
412.0201147	90	5	5	0.9149090678	0.001253380173	99.6620211	0.1970867755	0.140892127	3.361554577	45.10627118	51.53217424	0	0	0	-412.0201147	0.001253380173	-78813.7149024509	
409.4601147	90	5	5	0.9150100245	0.001221160792	99.67346333	0.1916065388	0.1349301287	3.243797138	45.16118694	51.59501592	0	0	0	-409.4601147	0.001221160792	-80121.4699512842	
406.9001147	90	5	5	0.9151082408	0.001189468508	99.6846513	0.1861962826	0.1291524135	3.12894584	45.21474766	51.6563065	0	0	0	-406.9001147	0.001189468508	-81457.5167327941	
404.3401147	90	5	5	0.9152037691	0.001158297304	99.69558675	0.180857224	0.1235560299	3.016961905	45.26697146	51.71606663	0	0	0	-404.3401147	0.001158297304	-82823.0111611594	
401.7801147	90	5	5	0.9152966611	0.001127641352	99.70627147	0.1755905559	0.1181379724	2.907806592	45.31787646	51.77431695	0	0	0	-401.7801147	0.001127641352	-84219.185127283	
399.2201147	90	5	5	0.9153869675	0.001097495013	99.71670737	0.170397444	0.1128951869	2.801441193	45.36748073	51.83107808	0	0	0	-399.2201147	0.001097495013	-85647.3388462175	
396.6601147	90	5	5	0.9154747381	0.001067852826	99.7268964	0.1652790244	0.1078245751	2.697827033	45.41580233	51.88637064	0	0	0	-396.6601147	0.001067852826	-87108.85367754	
394.1001147	90	5	5	0.9155600218	0.001038709513	99.7368406	0.160236401	0.1029229994	2.596925469	45.4628593	51.94021523	0	0	0	-394.1001147	0.001038709513	-88605.1931825926	
391.5401147	90	5	5	0.9156428669	0.001010059966	99.74654207	0.1552706427	0.0981872873	2.498697888	45.50866967	51.99263245	0	0	0	-391.5401147	0.001010059966	-90137.9081444172	
388.9801147	90	5	5	0.9157233206	0.0009818992505	99.75600298	0.1503827811	0.09361423573	2.403105708	45.55325143	52.04364286	0	0	0	-388.9801147	0.0009818992505	-91708.6477750249	
386.4201147	90	5	5	0.9158014296	0.0009542225967	99.76522558	0.1455738083	0.08920061521	2.310110375	45.59662257	52.09326705	0	0	0	-386.4201147	0.0009542225967	-93319.1579316104	
383.8601147	90	5	5	0.9158772397	0.000927025397	99.77421215	0.1408446739	0.08494317405	2.219673365	45.63880106	52.14152557	0	0	0	-383.8601147	0.000927025397	-94971.2953008176	
381.3001147	90	5	5	0.9159507961	0.0009003032019	99.78296507	0.1361962833	0.08083864217	2.131756177	45.67980486	52.18843896	0	0	0	-381.3001147	0.0009003032019	-96667.0302362655	
378.7401147	90	5	5	0.9160221431	0.0008740517145	99.79148677	0.1316294952	0.07688373498	2.046320339	45.71965189	52.23402777	0	0	0	-378.7401147	0.0008740517145	-98408.4563882983	
376.1801147	90	5	5	0.9160913247	0.0008482667871	99.79977972	0.1271451192	0.07307515705	1.963327401	45.75836009	52.27831251	0	0	0	-376.1801147	0.0008482667871	-100197.799275374	
373.6201147	90	5	5	0.9161583839	0.0008229444156	99.80784648	0.1227439143	0.06940960562	1.882738941	45.79594735	52.32131371	0	0	0	-373.6201147	0.0008229444156	-102037.424081438	
371.0601147	90	5	5	0.9162233634	0.000798080735	99.81568964	0.1184265861	0.06588377405	1.804516555	45.83243158	52.36305186	0	0	0	-371.0601147	0.000798080735	-103929.847560015	
368.5001147	90	5	5	0.9162863051	0.0007736720146	99.82331186	0.1141937855	0.06249435512	1.728621866	45.86783066	52.40354747	0	0	0	-368.5001147	0.0007736720146	-105877.747146444	
365.9401147	90	5	5	0.9163472504	0.0007497146524	99.83071585	0.1100461066	0.05923804418	1.655016518	45.90216246	52.44282102	0	0	0	-365.9401147	0.0007497146524	-107883.972802788	
363.3801147	90	5	5	0.9164062402	0.0007262051701	99.83790437	0.1059840851	0.05611154228	1.583662175	45.93544483	52.48089299	0	0	0	-363.3801147	0.0007262051701	-109951.644020863	
360.8201147	90	5	5	0.9164633149	0.0007031402417	99.84488024	0.1020081972	0.05311155866	1.514520528	45.96769565	52.51778382	0	0	0	-360.8201147	0.0007031402417	-112083.081347356	
358.2601147	90	5	5	0.9165185141	0.0006805162596	99.85164633	0.09811884983	0.0502348179	1.447553297	45.99893267	52.55351403	0	0	0	-358.2601147	0.0006805162596	-114284.011089012	
355.7001147	90	5	5	0.9165718774	0.0006583309845	99.85820554	0.09431640621	0.04747804882	1.382722183	46.02917381	52.58810401	0	0	0	-355.7001147	0.0006583309845	-116556.645923953	
353.1401147	90	5	5	0.9166234435	0.0006365805153	99.86456085	0.09060114648	0.04483800665	1.319988961	46.05843685	52.62157419	0	0	0	-353.1401147	0.0006365805153	-118903.524154243	
350.5801147	90	5	5	0.9166732509	0.0006152621933	99.87071525	0.08697329153	0.04231146266	1.25931541	46.08673958	52.65394501	0	0	0	-350.5801147	0.0006152621933	-121330.97348653	
348.0201147	90	5	5	0.9167213376	0.0005943731607	99.87667179	0.08343299564	0.03989520981	1.20066334	46.11409979	52.68523687	0	0	0	-348.0201147	0.0005943731607	-123842.742752109	
345.4601147	90	5	5	0.9167677411	0.0005739106422	99.88243359	0.07998034557	0.03758606506	1.143994583	46.14053526	52.71547016	0	0	0	-345.4601147	0.0005739106422	-126443.623121208	
342.9001147	90	5	5	0.9168124986	0.0005538719375	99.88800377	0.07661535972	0.03538087161	1.089271006	46.16606375	52.74466525	0	0	0	-342.9001147	0.0005538719375	-129138.738558378	
340.3401147	90	5	5	0.9168556469	0.0005342544145	99.89338551	0.07333798753	0.03327650102	1.036454508	46.19070299	52.7728425	0	0	0	-340.3401147	0.0005342544145	-131933.575330618	
337.7801147	90	5	5	0.9168972224	0.0005150555023	99.89858204	0.07014810888	0.03126985521	0.9855070221	46.21447073	52.80002225	0	0	0	-337.7801147	0.0005150555023	-134834.009843754	
335.2201147	90	5	5	0.916937261	0.0004962726835	99.9035966	0.06704553375	0.02935786847	0.9363905235	46.23738466	52.82622482	0	0	0	-335.2201147	0.0004962726835	-137846.342462897	
332.6601147	90	5	5	0.9169757984	0.0004779034872	99.90843249	0.06403000197	0.02753750926	0.8890670306	46.25946247	52.8514705	0	0	0	-332.6601147	0.0004779034872	-140977.333181248	
330.1001147	90	5	5	0.91701287	0.000459945481	99.91309303	0.06110118309	0.025805782	0.8434986104	46.28072184	52.87577955	0	0	0	-330.1001147	0.000459945481	-144234.240957808	
327.5401147	90	5	5	0.9170485107	0.0004423962636	99.91758159	0.05825867643	0.02415972883	0.7996473838	46.30118041	52.89917221	0	0	0	-327.5401147	0.0004423962636	-147624.865474299	
324.9801147	90	5	5	0.9170827551	0.0004252534562	99.92190156	0.05550201131	0.02259643112	0.7574755312	46.32085579	52.92166868	0	0	0	-324.9801147	0.0004252534562	-151157.59400151	
322.4201147	90	5	5	0.9171156376	0.0004085146946	99.92605634	0.05283064736	0.02111301112	0.7169452993	46.33976556	52.94328914	0	0	0	-322.4201147	0.0004085146946	-154841.457005014	
319.8601147	90	5	5	0.9171471922	0.0003921776211	99.93004939	0.050243975	0.01970663337	0.6780190076	46.35792729	52.9640537	0	0	0	-319.8601147	0.0003921776211	-158686.18176915	
317.3001147	90	5	5	0.9171774526	0.0003762398754	99.93388418	0.04774131613	0.0183745061	0.6406590563	46.37535848	52.98398246	0	0	0	-317.3001147	0.0003762398754	-162702.257597231	
314.7401147	90	5	5	0.9172064521	0.0003606990865	99.93756419	0.04532192487	0.01711388257	0.6048279347	46.39207661	53.00309545	0	0	0	-314.7401147	0.0003606990865	-166900.900694901	
312.1801147	90	5	5	0.9172342239	0.000345552845	99.94109295	0.04298498657	0.01592206307	0.5704882317	46.40809912	53.02141265	0	0	0	-312.1801147	0.000345552845	-171294.651137755	
309.6201147	90	5	5	0.9172608008	0.0003307987836	99.94447398	0.04072962679	0.01479639314	0.5376026386	46.42344337	53.03895399	0	0	0	-309.6201147	0.0003307987836	-175896.535510559	
307.0601147	90	5	5	0.9172862152	0.0003164343966	99.94771083	0.03855490077	0.01373426912	0.5061339695	46.43812671	53.05573932	0	0	0	-307.0601147	0.0003164343966	-180949.701826596	
304.5001147	90	5	5	0.9173104995	0.0003024911026	99.95080706	0.03645980214	0.01273313623	0.4760451693	46.45216638	53.07178845	0	0	0	-304.5001147	0.0003024911026	-186011.3277612	
301.9401147	90	5	5	0.9173336854	0.000288900174	99.95376625	0.03444326435	0.01179049054	0.4472993128	46.46557961	53.08712108	0	0	0	-301.9401147	0.000288900174	-164269.889539775	
300	90	5	5	0.9173505448	0.0002101209728	99.95591979	0.03296665892	0.01111355389	0.426386076	46.47533812	53.0982758	0	0	0	-300	0.0002101209728	115015.399256875	
