T	w(AL)	w(MG)	w(SI)	fs	fw(@FCC_A1)	w(AL@FCC_A1)	w(MG@FCC_A1)	w(SI@FCC_A1)	w(AL@LIQUID)	w(MG@LIQUID)	w(SI@LIQUID)	dwdT_L(AL@LIQUID)	dwdT_L(MG@LIQUID)	dwdT_L(SI@LIQUID)	-T	fw(@FCC_A1)_1	-T//fw(@FCC_A1)	
K	%	%	%	mole/mole	kg/kg	%	%	%	%	%	%	SI	SI	SI				
896.7358082	93	3	4	0	0	98.84592576	0.7593409231	0.3947333171	93	3	4	0.001962247471	-0.0007520881387	-0.001210159332	-896.7358082	0	14.8673379971443	
896.7258082	93	3	4	0.0003352516692	0.0003355942511	98.84568482	0.7594720467	0.3948431298	92.99803841	3.000751878	4.001209713	0	0	0	-896.7258082	0.0003355942511	44.7284385527414	
896.7058082	93	3	4	0.001005283159	0.0006709040484	98.84520304	0.7597342135	0.3950627508	92.99411315	3.00225631	4.003630545	0	0	0	-896.7058082	0.0006709040484	59.6870261759296	
896.6658082	93	3	4	0.002342804267	0.00134015575	98.84423972	0.7602582787	0.395502006	92.98626356	3.005264629	4.008471807	0	0	0	-896.6658082	0.00134015575	59.8284578403321	
896.5858082	93	3	4	0.005008628038	0.002674634057	98.8423146	0.7613049462	0.3963804493	92.97056284	3.011281142	4.018156018	0	0	0	-896.5858082	0.002674634057	60.0764063602436	
896.4258082	93	3	4	0.0103036717	0.005326689725	98.83847008	0.7633927884	0.3981371359	92.93915515	3.023313683	4.03753117	0	0	0	-896.4258082	0.005326689725	60.6321616811953	
896.1058082	93	3	4	0.02073711162	0.01055318133	98.83080444	0.7675455139	0.4016500462	92.87631618	3.047373177	4.076310645	0	0	0	-896.1058082	0.01055318133	61.7740499073275	
895.4658082	93	3	4	0.04102319298	0.0207376252	98.81556481	0.7757619082	0.4086732823	92.75054072	3.095479028	4.153980251	0	0	0	-895.4658082	0.0207376252	63.9995364928853	
894.1858082	93	3	4	0.07941133231	0.04007321083	98.78544785	0.7918434202	0.4227087295	92.49859744	3.19165002	4.309752543	0	0	0	-894.1858082	0.04007321083	68.6758064505597	
891.6258082	93	3	4	0.1484409033	0.07506601309	98.72662993	0.8226390285	0.4507310416	91.99314119	3.383914821	4.622943991	0	0	0	-891.6258082	0.07506601309	-675.25649964016	
889.0658082	93	3	4	0.2085423897	0.070659982	98.66960483	0.8517359004	0.4786592689	91.48551379	3.576442415	4.938043793	0	0	0	-889.0658082	0.070659982	-619.201402037696	
886.5058082	93	3	4	0.2612999624	0.06674059924	98.61431946	0.8791879212	0.5064926213	90.97570859	3.769332291	5.254959117	0	0	0	-886.5058082	0.06674059924	-693.528182158619	
883.9458082	93	3	4	0.3079489732	0.06323211863	98.56072354	0.9050452426	0.5342312163	90.46371799	3.962672467	5.573609547	0	0	0	-883.9458082	0.06323211863	-772.21475362029	
881.3858082	93	3	4	0.3494661426	0.06007366593	98.5087692	0.9293549252	0.5618758749	89.94953348	4.156541328	5.893925187	0	0	0	-881.3858082	0.06007366593	-855.281909368448	
878.8258082	93	3	4	0.3866333361	0.05721582272	98.45841056	0.952161456	0.5894279828	89.43314566	4.35100915	6.215845188	0	0	0	-878.8258082	0.05721582272	-942.757897683746	
876.2658082	93	3	4	0.4200834522	0.05461805186	98.40960346	0.9735071615	0.6168893788	88.91454413	4.546139321	6.53931655	0	0	0	-876.2658082	0.05461805186	-1034.67228272385	
873.7058082	93	3	4	0.4503339959	0.05224678862	98.36230519	0.9934325439	0.6442622632	88.39371753	4.741989346	6.864293126	0	0	0	-873.7058082	0.05224678862	-1131.0560587691	
871.1458082	93	3	4	0.477812012	0.05007400344	98.31647432	1.011976555	0.6715491221	87.87065354	4.938611661	7.190734801	0	0	0	-871.1458082	0.05007400344	-1231.94147035138	
868.5858082	93	3	4	0.502872856	0.04807610579	98.27207051	1.029176822	0.6987526647	87.3453389	5.136054317	7.518606785	0	0	0	-868.5858082	0.04807610579	-1337.36187935567	
866.0258082	93	3	4	0.525814504	0.04623309859	98.2290544	1.045069832	0.72587577	86.81775943	5.334361546	7.847879026	0	0	0	-866.0258082	0.04623309859	-1447.35164786235	
863.4658082	93	3	4	0.5468885842	0.04452791873	98.18738747	1.059691086	0.7529214415	86.28790007	5.533574236	8.178525696	0	0	0	-863.4658082	0.04452791873	-1561.94592226731	
860.9058082	93	3	4	0.5663089728	0.04294591753	98.147032	1.073075229	0.7798927684	85.75574492	5.733730332	8.510524751	0	0	0	-860.9058082	0.04294591753	-1681.18044352144	
858.3458082	93	3	4	0.5842585555	0.04147444786	98.10795096	1.085256153	0.8067928914	85.22127728	5.934865178	8.843857544	0	0	0	-858.3458082	0.04147444786	-1805.09127787268	
855.7858082	93	3	4	0.6008945945	0.04010253302	98.07010794	1.096267091	0.8336249734	84.68447971	6.137011799	9.178508487	0	0	0	-855.7858082	0.04010253302	-1933.71458429322	
853.2258082	93	3	4	0.6163530236	0.03882059935	98.03346714	1.10614069	0.8603921724	84.14533409	6.340201155	9.514464751	0	0	0	-853.2258082	0.03882059935	-2067.08629755917	
850.6658082	93	3	4	0.6307519128	0.03762025845	97.99799331	1.11490907	0.8870976178	83.60382166	6.544462345	9.851715991	0	0	0	-850.6658082	0.03762025845	-2205.24173490267	
848.1058082	93	3	4	0.644194282	0.03649412876	97.96365173	1.12260388	0.913744389	83.0599231	6.749822789	10.19025411	0	0	0	-848.1058082	0.03649412876	-2348.215352196	
845.5458082	93	3	4	0.6567704029	0.03543568849	97.93040816	1.129256342	0.9403354946	82.51361856	6.956308384	10.53007305	0	0	0	-845.5458082	0.03543568849	-2496.04024390474	
842.9858082	93	3	4	0.668559693	0.03443915343	97.89822886	1.134897282	0.9668738546	81.96488781	7.163943631	10.87116856	0	0	0	-842.9858082	0.03443915343	-2648.74773317895	
840.4258082	93	3	4	0.6796322838	0.03349937515	97.86708055	1.139557164	0.993362282	81.4137102	7.37275175	11.21353805	0	0	0	-840.4258082	0.03349937515	-2806.36692336787	
837.8658082	93	3	4	0.6900503262	0.0326117555	97.83693042	1.143266111	1.019803467	80.86006483	7.582754776	11.55718039	0	0	0	-837.8658082	0.0326117555	-2968.92414958703	
835.3058082	93	3	4	0.6998690834	0.03177217459	97.80774611	1.146053928	1.046199958	80.30393056	7.793973637	11.9020958	0	0	0	-835.3058082	0.03177217459	-3136.4425065401	
832.7458082	93	3	4	0.7091378495	0.03097692978	97.77949574	1.147950111	1.072554152	79.74528613	8.006428229	12.24828564	0	0	0	-832.7458082	0.03097692978	-3308.94114785781	
830.1858082	93	3	4	0.7179007262	0.03022268372	97.75214786	1.148983866	1.098868272	79.18411022	8.220137464	12.59575232	0	0	0	-830.1858082	0.03022268372	-3486.43469654543	
827.6258082	93	3	4	0.7261972819	0.02950642002	97.72567153	1.149184112	1.125144356	78.62038152	8.435119326	12.94449915	0	0	0	-827.6258082	0.02950642002	-3668.93263548602	
825.0658082	93	3	4	0.7340631132	0.02882540519	97.70003627	1.148579489	1.151384239	78.05407885	8.651390902	13.29453024	0	0	0	-825.0658082	0.02882540519	-3856.43848797136	
822.5058082	93	3	4	0.7415303264	0.02817715585	97.6752121	1.147198361	1.177589542	77.48518122	8.868968417	13.64585036	0	0	0	-822.5058082	0.02817715585	-4048.9491737651	
819.9458082	93	3	4	0.7486279496	0.02755941044	97.65116953	1.145068819	1.203761653	76.91366792	9.087867257	13.99846483	0	0	0	-819.9458082	0.02755941044	-4246.45406541911	
817.3858082	93	3	4	0.7553822893	0.0269701046	97.62787961	1.142218679	1.22990171	76.3395186	9.308101982	14.35237941	0	0	0	-817.3858082	0.0269701046	-4448.93413228779	
814.8258082	93	3	4	0.7618172386	0.02640734982	97.60531393	1.138675481	1.256010591	75.76271342	9.529686339	14.70760024	0	0	0	-814.8258082	0.02640734982	-4656.36110866709	
812.2658082	93	3	4	0.7679545441	0.02586941476	97.58344462	1.134466485	1.282088891	75.18323307	9.752633268	15.06413366	0	0	0	-812.2658082	0.02586941476	-4868.696612418	
809.7058082	93	3	4	0.773814039	0.02535470894	97.56224442	1.129618666	1.308136911	74.60105891	9.976954901	15.42198619	0	0	0	-809.7058082	0.02535470894	-5085.8909712166	
807.1458082	93	3	4	0.7794138466	0.02486176834	97.54168665	1.124158712	1.334154637	74.01617305	10.20266256	15.78116439	0	0	0	-807.1458082	0.02486176834	-5307.88219276793	
804.5858082	93	3	4	0.7847705583	0.02438924279	97.52174526	1.118113012	1.360141725	73.42855848	10.42976674	16.14167478	0	0	0	-804.5858082	0.02438924279	-5534.59495562507	
802.0258082	93	3	4	0.7898993899	0.02393588479	97.50239486	1.111507655	1.386097483	72.83819914	10.65827711	16.50352374	0	0	0	-802.0258082	0.02393588479	-5765.93955937676	
799.4658082	93	3	4	0.7948143194	0.02350053966	97.48361073	1.104368416	1.412020851	72.24508006	10.88820249	16.86671744	0	0	0	-799.4658082	0.02350053966	-6001.81043117815	
796.9058082	93	3	4	0.799528209	0.02308213671	97.46536886	1.096720753	1.437910384	71.64918745	11.11955083	17.23126173	0	0	0	-796.9058082	0.02308213671	-6242.08536287288	
794.3458082	93	3	4	0.8040529123	0.02267968152	97.44764597	1.088589792	1.463764235	71.05050879	11.35232917	17.59716204	0	0	0	-794.3458082	0.02267968152	-6486.62391216033	
791.7858082	93	3	4	0.8083993699	0.02229224889	97.43041955	1.080000323	1.489580129	70.44903302	11.58654364	17.96442334	0	0	0	-791.7858082	0.02229224889	-6735.26629735824	
789.2258082	93	3	4	0.8125776946	0.0219189767	97.41366786	1.07097679	1.515355349	69.84475057	11.82219944	18.33304999	0	0	0	-789.2258082	0.0219189767	-6987.83232614633	
786.6658082	93	3	4	0.8165972468	0.02155906029	97.39737001	1.061543275	1.541086716	69.23765356	12.05930076	18.70304568	0	0	0	-786.6658082	0.02155906029	-7244.11965352667	
784.1058082	93	3	4	0.8204667021	0.02121174747	97.38150594	1.051723495	1.566770561	68.62773586	12.29785077	19.07441337	0	0	0	-784.1058082	0.02121174747	-7503.90334603688	
781.5458082	93	3	4	0.8241941118	0.02087633406	97.3660565	1.041540788	1.592402713	68.01499327	12.5378516	19.44715514	0	0	0	-781.5458082	0.02087633406	-7766.93372031307	
778.9858082	93	3	4	0.827786957	0.02055215976	97.35100342	1.031018104	1.617978472	67.39942362	12.77930425	19.82127213	0	0	0	-778.9858082	0.02055215976	-8032.93604334374	
776.4258082	93	3	4	0.8312521976	0.02023860459	97.33632942	1.020177992	1.643492589	66.78102694	13.0222086	20.19676445	0	0	0	-776.4258082	0.02023860459	-8301.60893822119	
773.8658082	93	3	4	0.8345963155	0.01993508548	97.32201816	1.009042594	1.668939244	66.15980558	13.26656333	20.57363109	0	0	0	-773.8658082	0.01993508548	-8572.62372676231	
771.3058082	93	3	4	0.8378253547	0.01964105337	97.30805434	0.9976336313	1.694312027	65.53576435	13.51236585	20.9518698	0	0	0	-771.3058082	0.01964105337	-8845.62310002567	
768.7458082	93	3	4	0.8409449564	0.01935599038	97.29442369	0.9859723956	1.719603911	64.90891067	13.7596123	21.33147702	0	0	0	-768.7458082	0.01935599038	-9120.22135127884	
766.1858082	93	3	4	0.8439603919	0.01907940747	97.28111303	0.9740797398	1.744807235	64.27925478	14.00829746	21.71244776	0	0	0	-766.1858082	0.01907940747	-9396.00300174727	
763.6258082	93	3	4	0.846876591	0.01881084205	97.26811025	0.9619760673	1.76991368	63.64680981	14.25841467	22.09477552	0	0	0	-763.6258082	0.01881084205	-9672.52242346087	
761.0658082	93	3	4	0.849698169	0.01854985603	97.25540442	0.9496813233	1.794914252	63.01159203	14.50995581	22.47845216	0	0	0	-761.0658082	0.01854985603	-9949.30502181425	
758.5058082	93	3	4	0.8524294509	0.0182960339	97.24298576	0.9372149858	1.819799255	62.37362096	14.76291122	22.86346783	0	0	0	-758.5058082	0.0182960339	-10225.6263046963	
755.9458082	93	3	4	0.8550744912	0.01804897082	97.23084565	0.9245960318	1.844558314	61.73291993	15.01726947	23.24981059	0	0	0	-755.9458082	0.01804897082	-10502.0735151121	
753.3858082	93	3	4	0.8576371032	0.01780834141	97.21897679	0.9118430841	1.869180127	61.08951413	15.27301819	23.63746768	0	0	0	-753.3858082	0.01780834141	-10776.0052732806	
750.8258082	93	3	4	0.8601208554	0.01757369074	97.20737296	0.8989740028	1.893653032	60.44343608	15.53014181	24.02642211	0	0	0	-750.8258082	0.01757369074	-11048.1402254827	
748.2658082	93	3	4	0.8625291164	0.01734477321	97.19602938	0.8860064305	1.917964185	59.79471883	15.78862434	24.41665682	0	0	0	-748.2658082	0.01734477321	-11318.7371704294	
745.7058082	93	3	4	0.8648650492	0.01712121645	97.18494247	0.8729573558	1.94210017	59.14340137	16.04844719	24.80815143	0	0	0	-745.7058082	0.01712121645	-11585.3146812895	
743.1458082	93	3	4	0.8671316336	0.01690271864	97.17410999	0.8598432862	1.966046728	58.48952675	16.30958992	25.20088333	0	0	0	-743.1458082	0.01690271864	-11853.9855746543	
740.5858082	93	3	4	0.8693317178	0.01668918036	97.16353005	0.8466799546	1.989789994	57.83313712	16.57202965	25.59483323	0	0	0	-740.5858082	0.01668918036	-12105.5227824315	
738.0258082	93	3	4	0.8714678781	0.01647969359	97.15320479	0.8334830376	2.013312176	57.17429963	16.83573838	25.989962	0	0	0	-738.0258082	0.01647969359	-12353.8522040661	
735.4658082	93	3	4	0.8735426437	0.01627463993	97.14313521	0.8202675273	2.036597261	56.51306264	17.10069285	26.38624451	0	0	0	-735.4658082	0.01627463993	-12607.9527333733	
732.9058082	93	3	4	0.8755583732	0.01607352434	97.13332447	0.8070478284	2.059627702	55.84948891	17.36686383	26.78364726	0	0	0	-732.9058082	0.01607352434	-12848.8649271132	
730.3458082	93	3	4	0.8775172952	0.01587609304	97.12377708	0.7938378099	2.082385115	55.18364667	17.63421965	27.18213368	0	0	0	-730.3458082	0.01587609304	-13082.5299206858	
727.7858082	93	3	4	0.879421516	0.01568210225	97.11449891	0.7806508016	2.104850291	54.51560985	17.90272614	27.58166401	0	0	0	-727.7858082	0.01568210225	-13308.2861627611	
725.2258082	93	3	4	0.8812730281	0.01549131692	97.10549721	0.7674995921	2.127003199	53.84545831	18.1723465	27.98219519	0	0	0	-725.2258082	0.01549131692	-13525.4733343651	
722.6658082	93	3	4	0.8830737171	0.0153035104	97.09678058	0.7543964268	2.148822995	53.17327807	18.44304125	28.38368068	0	0	0	-722.6658082	0.0153035104	-13733.459119798	
720.1058082	93	3	4	0.8848253685	0.01511846394	97.08835895	0.7413530072	2.170288041	52.49916149	18.71476813	28.78607038	0	0	0	-720.1058082	0.01511846394	-13931.6418273744	
717.5458082	93	3	4	0.8865296738	0.01493596632	97.08024359	0.7283804906	2.191375923	51.82320757	18.98748197	29.18931046	0	0	0	-717.5458082	0.01493596632	-14119.4600445081	
714.9858082	93	3	4	0.8881882363	0.01475581352	97.07244703	0.7154894896	2.212063478	51.14552209	19.26113465	29.59334326	0	0	0	-714.9858082	0.01475581352	-14296.4001761152	
712.4258082	93	3	4	0.8898025766	0.01457780845	97.0649831	0.7026900738	2.232326822	50.46621787	19.535675	29.99810713	0	0	0	-712.4258082	0.01457780845	-14462.0034842436	
709.8658082	93	3	4	0.8913741373	0.01440176071	97.05786684	0.6899917708	2.252141392	49.78541495	19.81104871	30.40353634	0	0	0	-709.8658082	0.01440176071	-14615.8720962145	
707.3058082	93	3	4	0.892904288	0.01422748639	97.05111445	0.6774035683	2.271481985	49.10324078	20.08719826	30.80956096	0	0	0	-707.3058082	0.01422748639	-14757.6792786633	
704.7458082	93	3	4	0.8943943293	0.01405480801	97.04474327	0.6649339172	2.290322809	48.41983043	20.36406284	31.21610673	0	0	0	-704.7458082	0.01405480801	-14887.1728263349	
702.1858082	93	3	4	0.8958454972	0.01388355435	97.03877173	0.6525907345	2.308637539	47.73532672	20.64157831	31.62309496	0	0	0	-702.1858082	0.01388355435	-15004.180574451	
699.6258082	93	3	4	0.8972589664	0.01371356048	97.03321921	0.6403814077	2.326399384	47.0498804	20.91967711	32.03044249	0	0	0	-699.6258082	0.01371356048	-15108.622306954	
697.0658082	93	3	4	0.8986358547	0.01354466785	97.02810605	0.6283127988	2.343581155	46.36365023	21.19828823	32.43806153	0	0	0	-697.0658082	0.01354466785	-15200.497782345	
694.5058082	93	3	4	0.8999772255	0.01337672406	97.02345341	0.6163912501	2.360155341	45.67680315	21.47733718	32.84585967	0	0	0	-694.5058082	0.01337672406	-15279.9071645937	
691.9458082	93	3	4	0.9012840915	0.01320958343	97.01928321	0.6046225899	2.3760942	44.98951427	21.75674595	33.25373978	0	0	0	-691.9458082	0.01320958343	-15347.0447453998	
689.3858082	93	3	4	0.9025574174	0.0130431067	97.01561801	0.5930121383	2.39136985	44.30196698	22.03643302	33.66159999	0	0	0	-689.3858082	0.0130431067	-15402.1909007413	
686.8258082	93	3	4	0.903798123	0.01287716149	97.01248092	0.5815647149	2.405954367	43.61435293	22.31631334	34.06933372	0	0	0	-686.8258082	0.01287716149	-15445.7264974061	
684.2658082	93	3	4	0.9050070856	0.01271162243	97.00989546	0.5702846461	2.419819894	42.926872	22.59629838	34.47682962	0	0	0	-684.2658082	0.01271162243	-15478.1190241191	
681.7058082	93	3	4	0.9061851427	0.01254637144	97.00788547	0.5591757732	2.432938757	42.23973221	22.87629613	34.88397166	0	0	0	-681.7058082	0.01254637144	-15499.9231182715	
679.1458082	93	3	4	0.9073330944	0.01238129802	97.00647496	0.5482414613	2.445283583	41.55314963	23.15621123	35.29063914	0	0	0	-679.1458082	0.01238129802	-15511.7738986818	
676.5858082	93	3	4	0.9084517056	0.01221629955	97.00568797	0.5374846086	2.456827426	40.86734818	23.43594497	35.69670686	0	0	0	-676.5858082	0.01221629955	-15514.3824853382	
674.0258082	93	3	4	0.9095417082	0.01205128166	97.00554844	0.5269076566	2.467543901	40.18255941	23.71539545	36.10204514	0	0	0	-674.0258082	0.01205128166	-15508.5282959525	
671.4658082	93	3	4	0.9106038034	0.01188615855	97.00608008	0.5165126003	2.477407316	39.49902224	23.99445771	36.50652005	0	0	0	-671.4658082	0.01188615855	-15495.0493046005	
668.9058082	93	3	4	0.9116386634	0.01172085334	97.00730618	0.506301	2.486392815	38.81698259	24.27302384	36.90999356	0	0	0	-668.9058082	0.01172085334	-15474.8370687339	
666.3458082	93	3	4	0.9126469334	0.01155529847	97.00924949	0.4962739925	2.494476517	38.136693	24.55098322	37.31232377	0	0	0	-666.3458082	0.01155529847	-15448.826935025	
663.7858082	93	3	4	0.9136292337	0.01138943602	97.01193204	0.486432304	2.50163566	37.45841215	24.82822269	37.71336517	0	0	0	-663.7858082	0.01138943602	-15417.9869534952	
661.2258082	93	3	4	0.9145861609	0.01122321804	97.015375	0.4767762631	2.507848741	36.78240432	25.10462677	38.11296891	0	0	0	-661.2258082	0.01122321804	-15383.3113599344	
658.6658082	93	3	4	0.9155182901	0.01105660688	97.01959853	0.4673058143	2.513095661	36.10893885	25.38007798	38.51098317	0	0	0	-658.6658082	0.01105660688	-15345.8109023496	
656.1058082	93	3	4	0.9164261762	0.01088957544	97.02462161	0.4580205326	2.517357859	35.43828939	25.65445709	38.90725353	0	0	0	-656.1058082	0.01088957544	-15306.5043622389	
653.5458082	93	3	4	0.9173103556	0.01072210742	97.03046191	0.4489196384	2.520618449	34.77073327	25.92764342	39.30162331	0	0	0	-653.5458082	0.01072210742	-15266.4105524904	
650.9858082	93	3	4	0.9181713474	0.01055419747	97.03713564	0.440002013	2.522862345	34.10655067	26.19951522	39.69393411	0	0	0	-650.9858082	0.01055419747	-15226.54081767	
648.4258082	93	3	4	0.9190096552	0.01038585132	97.0446574	0.4312662148	2.524076385	33.4460238	26.46995002	40.08402619	0	0	0	-648.4258082	0.01038585132	-15187.8930745716	
645.8658082	93	3	4	0.919825768	0.01021708581	97.05304007	0.4227104961	2.524249434	32.78943599	26.73882498	40.47173903	0	0	0	-645.8658082	0.01021708581	-15151.445513031	
643.3058082	93	3	4	0.9206201615	0.01004792886	97.06229469	0.4143328207	2.523372492	32.13707079	27.00601736	40.85691185	0	0	0	-643.3058082	0.01004792886	-15118.1520520263	
640.7458082	93	3	4	0.9213932999	0.009878419346	97.07243034	0.406130881	2.521438778	31.48921098	27.27140487	41.23938415	0	0	0	-640.7458082	0.009878419346	-15088.935990195	
638.1858082	93	3	4	0.9221456359	0.009708606845	97.08345408	0.3981021171	2.518443803	30.84613757	27.53486614	41.6189963	0	0	0	-638.1858082	0.009708606845	-15064.6880991385	
635.6258082	93	3	4	0.9228776126	0.009538551358	97.09537083	0.3902437353	2.514385431	30.20812875	27.79628115	41.9955901	0	0	0	-635.6258082	0.009538551358	-15046.2652026338	
633.0658082	93	3	4	0.9235896643	0.009368322889	97.10818335	0.3825527271	2.509263924	29.5754589	28.05553168	42.36900942	0	0	0	-633.0658082	0.009368322889	-15034.4864248758	
630.5058082	93	3	4	0.9242822169	0.009198000931	97.12189215	0.3750258886	2.503081966	28.9483975	28.31250174	42.73910076	0	0	0	-630.5058082	0.009198000931	-15030.1326044675	
627.9458082	93	3	4	0.9249556893	0.009027673865	97.13649548	0.3676598406	2.495844675	28.32720813	28.56707801	43.10571386	0	0	0	-627.9458082	0.009027673865	-15033.9459361849	
625.3858082	93	3	4	0.9256104937	0.008857438263	97.15198936	0.3604510479	2.487559597	27.71214743	28.81915028	43.46870229	0	0	0	-625.3858082	0.008857438263	-15046.637076307	
622.8258082	93	3	4	0.9262470366	0.00868739827	97.16836748	0.3533958394	2.478236676	27.1034641	29.06861188	43.82792402	0	0	0	-622.8258082	0.00868739827	-15068.8713502285	
620.2658082	93	3	4	0.9268657188	0.008517664421	97.18562135	0.3464904279	2.467888219	26.501398	29.31536003	44.18324197	0	0	0	-620.2658082	0.008517664421	-15101.2488316585	
617.7058082	93	3	4	0.9274669364	0.008348352413	97.20374024	0.3397309296	2.456528829	25.90617922	29.55929627	44.5345245	0	0	0	-617.7058082	0.008348352413	-15144.3761639665	
615.1458082	93	3	4	0.9280510809	0.008179583383	97.22271128	0.3331133842	2.444175331	25.31802727	29.80032677	44.88164597	0	0	0	-615.1458082	0.008179583383	-15198.8326169129	
612.5858082	93	3	4	0.9286185396	0.008011481791	97.24251954	0.3266337733	2.430846688	24.73715023	30.03836267	45.2244871	0	0	0	-612.5858082	0.008011481791	-15265.1304583686	
610.0258082	93	3	4	0.9291696961	0.00784417469	97.26314807	0.3202880393	2.416563889	24.16374416	30.27332037	45.56293547	0	0	0	-610.0258082	0.00784417469	-15343.7656027325	
607.4658082	93	3	4	0.92970493	0.007677790669	97.28457806	0.3140721036	2.401349836	23.59799243	30.50512177	45.89688581	0	0	0	-607.4658082	0.007677790669	-15435.2058714191	
604.9058082	93	3	4	0.9302246173	0.007512458802	97.3067889	0.3079818837	2.385229214	23.04006518	30.73369448	46.22624034	0	0	0	-604.9058082	0.007512458802	-15539.8931262092	
602.3458082	93	3	4	0.9307291305	0.007348307612	97.32975834	0.30201331	2.368228354	22.49011897	30.958972	46.55090903	0	0	0	-602.3458082	0.007348307612	-15658.2452588099	
599.7858082	93	3	4	0.9312188388	0.007185464067	97.35346257	0.2961623419	2.350375086	21.94829635	31.18089385	46.8708098	0	0	0	-599.7858082	0.007185464067	-15790.6586424257	
597.2258082	93	3	4	0.9316941073	0.007024052629	97.37787643	0.2904249823	2.331698592	21.41472569	31.39940565	47.18586866	0	0	0	-597.2258082	0.007024052629	-15937.5101182381	
594.6658082	93	3	4	0.9321552978	0.006864194352	97.40297346	0.2847972917	2.312229246	20.88952101	31.61445919	47.4960198	0	0	0	-594.6658082	0.006864194352	-16099.1588325043	
592.1058082	93	3	4	0.9326027683	0.006706006054	97.42872614	0.2792754011	2.291998458	20.37278192	31.82601243	47.80120566	0	0	0	-592.1058082	0.006706006054	-16275.9484365036	
589.5458082	93	3	4	0.9330368727	0.006549599567	97.45510596	0.2738555241	2.271038517	19.86459368	32.03402944	48.10137688	0	0	0	-589.5458082	0.006549599567	-16468.2085869601	
586.9858082	93	3	4	0.9334579607	0.006395081065	97.4820836	0.2685339672	2.249382434	19.36502733	32.23848042	48.39649225	0	0	0	-586.9858082	0.006395081065	-16676.2566952725	
584.4258082	93	3	4	0.9338663781	0.006242550489	97.50962907	0.2633071395	2.227063787	18.87413987	32.43934149	48.68651863	0	0	0	-584.4258082	0.006242550489	-16900.399584055	
581.8658082	93	3	4	0.9342624657	0.006092101059	97.53771187	0.2581715613	2.204116572	18.39197461	32.63659466	48.97143073	0	0	0	-581.8658082	0.006092101059	-17140.9348861495	
579.3058082	93	3	4	0.9346465597	0.005943818884	97.56630107	0.2531238713	2.180575059	17.91856143	32.83022759	49.25121098	0	0	0	-579.3058082	0.005943818884	-17398.1523184676	
576.7458082	93	3	4	0.9350189916	0.00579778266	97.59536552	0.2481608329	2.156473649	17.45391728	33.02023347	49.52584925	0	0	0	-576.7458082	0.00579778266	-17672.3346707438	
574.1858082	93	3	4	0.9353800872	0.00565406346	97.62487391	0.2432793394	2.131846751	16.99804663	33.20661075	49.79534262	0	0	0	-574.1858082	0.00565406346	-17963.7592069276	
571.6258082	93	3	4	0.9357301674	0.005512724615	97.65479493	0.2384764176	2.106728651	16.55094196	33.38936298	50.05969506	0	0	0	-571.6258082	0.005512724615	-18272.6983893402	
569.0658082	93	3	4	0.9360695472	0.005373821669	97.68509737	0.2337492316	2.081153403	16.11258435	33.56849849	50.31891717	0	0	0	-569.0658082	0.005373821669	-18599.4206400154	
566.5058082	93	3	4	0.9363985359	0.005237402416	97.71575019	0.2290950841	2.055154722	15.68294404	33.74403021	50.57302575	0	0	0	-566.5058082	0.005237402416	-18944.1912646096	
563.9458082	93	3	4	0.9367174367	0.005103507003	97.74672269	0.2245114184	2.028765887	15.26198107	33.91597536	50.82204357	0	0	0	-563.9458082	0.005103507003	-19307.27330124	
561.3858082	93	3	4	0.9370265468	0.0049721681	97.77798453	0.219995818	2.002019655	14.8496459	34.08435518	51.06599892	0	0	0	-561.3858082	0.0049721681	-19688.9275699058	
558.8258082	93	3	4	0.9373261569	0.004843411112	97.80950581	0.2155460067	1.974948185	14.44588004	34.24919467	51.30492529	0	0	0	-558.8258082	0.004843411112	-20089.4134648749	
556.2658082	93	3	4	0.9376165516	0.004717254453	97.84125719	0.211159847	1.947582966	14.05061669	34.41052232	51.53886099	0	0	0	-556.2658082	0.004717254453	-20508.9899541807	
553.7058082	93	3	4	0.9378980086	0.004593709851	97.8732099	0.2068353388	1.91995476	13.66378141	34.56836981	51.76784878	0	0	0	-553.7058082	0.004593709851	-20947.9151338352	
551.1458082	93	3	4	0.9381707993	0.004472782681	97.90533583	0.2025706166	1.892093552	13.28529273	34.72277174	51.99193553	0	0	0	-551.1458082	0.004472782681	-21406.4468288873	
548.5858082	93	3	4	0.9384351883	0.004354472329	97.93760755	0.1983639466	1.864028506	12.91506276	34.87376542	52.21117182	0	0	0	-548.5858082	0.004354472329	-21884.8435132781	
546.0258082	93	3	4	0.9386914334	0.004238772574	97.96999835	0.1942137237	1.835787928	12.55299785	35.02139051	52.42561165	0	0	0	-546.0258082	0.004238772574	-22383.3640666726	
543.4658082	93	3	4	0.9389397858	0.004125671975	98.00248229	0.1901184673	1.807399243	12.19899912	35.16568886	52.63531201	0	0	0	-543.4658082	0.004125671975	-22902.2680200967	
540.9058082	93	3	4	0.93918049	0.00401515427	98.03503421	0.1860768174	1.778888971	11.85296309	35.30670424	52.84033267	0	0	0	-540.9058082	0.00401515427	-23441.8165051639	
538.3458082	93	3	4	0.9394137834	0.003907198777	98.06762976	0.18208753	1.750282713	11.51478216	35.44448208	53.04073576	0	0	0	-538.3458082	0.003907198777	-24002.2718359121	
535.7858082	93	3	4	0.9396398972	0.003801780784	98.10024539	0.178149473	1.721605141	11.18434518	35.57906929	53.23658553	0	0	0	-535.7858082	0.003801780784	-24583.8982226516	
533.2258082	93	3	4	0.9398590557	0.003698871943	98.13285838	0.1742616205	1.692879995	10.86153794	35.71051402	53.42794803	0	0	0	-533.2258082	0.003698871943	-25186.9618831896	
530.6658082	93	3	4	0.9400714765	0.003598440642	98.16544686	0.1704230489	1.664130086	10.54624362	35.8388655	53.61489088	0	0	0	-530.6658082	0.003598440642	-25811.7316370539	
528.1058082	93	3	4	0.9402773708	0.003500452377	98.19798977	0.166632931	1.635377297	10.23834322	35.9641738	53.79748298	0	0	0	-528.1058082	0.003500452377	-26458.4791009045	
525.5458082	93	3	4	0.9404769435	0.003404870096	98.23046688	0.1628905313	1.606642593	9.93771601	36.08648971	53.97579428	0	0	0	-525.5458082	0.003404870096	-27127.4785785617	
522.9858082	93	3	4	0.940670393	0.003311654535	98.26285877	0.1591952008	1.577946033	9.644239873	36.20586457	54.14989556	0	0	0	-522.9858082	0.003311654535	-27819.008390664	
520.4258082	93	3	4	0.9408579115	0.003220764535	98.29514684	0.1555463719	1.549306786	9.35779169	36.32235008	54.31985823	0	0	0	-520.4258082	0.003220764535	-28533.3506969065	
517.8658082	93	3	4	0.9410396851	0.003132157337	98.3273133	0.1519435532	1.520743145	9.078247653	36.43599822	54.48575413	0	0	0	-517.8658082	0.003132157337	-29270.7922917408	
515.3058082	93	3	4	0.9412158941	0.003045788863	98.35934113	0.1483863244	1.492272548	8.805483573	36.54686106	54.64765537	0	0	0	-515.3058082	0.003045788863	-30031.6244093929	
512.7458082	93	3	4	0.9413867126	0.002961613969	98.39121407	0.1448743316	1.463911595	8.53937516	36.65499071	54.80563413	0	0	0	-512.7458082	0.002961613969	-30816.1441859367	
510.1858082	93	3	4	0.9415523094	0.002879586692	98.42291664	0.1414072821	1.435676076	8.27979827	36.76043918	54.95976255	0	0	0	-510.1858082	0.002879586692	-31624.6551460937	
507.6258082	93	3	4	0.9417128474	0.002799660465	98.45443407	0.1379849399	1.407580987	8.026629143	36.86325828	55.11011258	0	0	0	-507.6258082	0.002799660465	-32457.4667848073	
505.0658082	93	3	4	0.9418684843	0.00272178832	98.48575232	0.1346071208	1.379640558	7.779744602	36.96349954	55.25675586	0	0	0	-505.0658082	0.00272178832	-33314.896820434	
502.5058082	93	3	4	0.9420193724	0.002645923075	98.51685804	0.1312736879	1.351868274	7.53902225	37.06121413	55.39976362	0	0	0	-502.5058082	0.002645923075	-34197.2707052224	
499.9458082	93	3	4	0.9421656589	0.002572017496	98.54773855	0.1279845475	1.324276903	7.304340629	37.15645282	55.53920655	0	0	0	-499.9458082	0.002572017496	-35104.9229035152	
497.3858082	93	3	4	0.942307486	0.002500024452	98.57838184	0.1247396443	1.296878517	7.075579373	37.24926587	55.67515476	0	0	0	-497.3858082	0.002500024452	-36038.1983093248	
494.8258082	93	3	4	0.9424449912	0.002429897048	98.60877652	0.1215389579	1.269684518	6.852619341	37.339703	55.80767766	0	0	0	-494.8258082	0.002429897048	-36997.4521685643	
492.2658082	93	3	4	0.9425783071	0.002361588745	98.63891184	0.1183824983	1.242705663	6.635342725	37.42781337	55.93684391	0	0	0	-492.2658082	0.002361588745	-37983.0522066351	
489.7058082	93	3	4	0.9427075619	0.002295053469	98.66877761	0.1152703025	1.215952086	6.423633161	37.51364547	56.06272137	0	0	0	-489.7058082	0.002295053469	-38995.3784179215	
487.1458082	93	3	4	0.9428328795	0.0022302457	98.69836424	0.1122024308	1.189433326	6.217375807	37.59724717	56.18537702	0	0	0	-487.1458082	0.0022302457	-40034.8251752516	
484.5858082	93	3	4	0.9429543794	0.002167120559	98.72766269	0.109178963	1.163158345	6.01645742	37.67866561	56.30487697	0	0	0	-484.5858082	0.002167120559	-41101.8025387962	
482.0258082	93	3	4	0.943072177	0.002105633875	98.75666445	0.1061999954	1.137135555	5.820766416	37.75794725	56.42128634	0	0	0	-482.0258082	0.002105633875	-42196.736972495	
479.4658082	93	3	4	0.9431863838	0.002045742248	98.78536153	0.1032656377	1.111372837	5.630192923	37.83513777	56.5346693	0	0	0	-479.4658082	0.002045742248	-43320.0737834816	
476.9058082	93	3	4	0.9432971076	0.0019874031	98.81374643	0.1003760097	1.085877565	5.444628822	37.91028214	56.64508904	0	0	0	-476.9058082	0.0019874031	-44472.2776591288	
474.3458082	93	3	4	0.9434044523	0.001930574717	98.84181213	0.0975312384	1.060656627	5.263967777	37.98342452	56.7526077	0	0	0	-474.3458082	0.001930574717	-45653.8334780855	
471.7858082	93	3	4	0.9435085184	0.001875216282	98.8695521	0.09473145566	1.035716443	5.088105259	38.05460834	56.8572864	0	0	0	-471.7858082	0.001875216282	-46865.2504105745	
469.2258082	93	3	4	0.9436094028	0.001821287908	98.89696022	0.0919767953	1.011062988	4.916938563	38.12387621	56.95918522	0	0	0	-469.2258082	0.001821287908	-48107.0625576452	
466.6658082	93	3	4	0.9437071993	0.001768750655	98.9240308	0.0892673908	0.9867018059	4.750366819	38.19126999	57.05836319	0	0	0	-466.6658082	0.001768750655	-49379.8304418534	
464.1058082	93	3	4	0.9438019985	0.001717566549	98.95075859	0.08660337298	0.9626380335	4.58829099	38.25683073	57.15487828	0	0	0	-464.1058082	0.001717566549	-50684.1440822596	
461.5458082	93	3	4	0.9438938877	0.001667698591	98.97713872	0.0839848679	0.9388764137	4.430613879	38.32059871	57.24878742	0	0	0	-461.5458082	0.001667698591	-52020.6238210167	
458.9858082	93	3	4	0.9439829516	0.001619110763	99.00316669	0.08141199475	0.9154213139	4.277240112	38.38261342	57.34014647	0	0	0	-458.9858082	0.001619110763	-53389.9227573344	
456.4258082	93	3	4	0.9440692719	0.001571768029	99.02883839	0.07888486409	0.8922767417	4.128076134	38.4429136	57.42901027	0	0	0	-456.4258082	0.001571768029	-54792.7314138323	
453.8658082	93	3	4	0.9441529275	0.001525636337	99.05415006	0.07640357598	0.8694463605	3.983030191	38.5015372	57.51543261	0	0	0	-453.8658082	0.001525636337	-56229.7797465583	
451.3058082	93	3	4	0.9442339947	0.001480682612	99.07909828	0.0739682184	0.8469335036	3.842012312	38.55852143	57.59946626	0	0	0	-451.3058082	0.001480682612	-57701.8364565199	
448.7458082	93	3	4	0.9443125475	0.001436874746	99.10367995	0.07157886572	0.8247411887	3.704934289	38.61390274	57.68116298	0	0	0	-448.7458082	0.001436874746	-59209.7164760336	
446.1858082	93	3	4	0.9443886573	0.001394181593	99.12789229	0.06923557731	0.802872131	3.57170965	38.66771684	57.76057351	0	0	0	-446.1858082	0.001394181593	-60754.2815192024	
443.6258082	93	3	4	0.9444623932	0.001352572951	99.15173285	0.06693839622	0.7813287558	3.442253635	38.71999873	57.83774763	0	0	0	-443.6258082	0.001352572951	-62336.4448494176	
441.0658082	93	3	4	0.9445338219	0.001312019554	99.17519944	0.06468734803	0.760113211	3.316483171	38.77078269	57.91273414	0	0	0	-441.0658082	0.001312019554	-63957.1743948235	
438.5058082	93	3	4	0.9446030083	0.001272493051	99.19829018	0.06248243975	0.739227378	3.194316835	38.82010229	57.98558087	0	0	0	-438.5058082	0.001272493051	-65617.4957123412	
435.9458082	93	3	4	0.944670015	0.001233965993	99.22100346	0.06032365887	0.7186728834	3.075674829	38.86799043	58.05633474	0	0	0	-435.9458082	0.001233965993	-67318.4963334129	
433.3858082	93	3	4	0.9447349026	0.001196411811	99.24333792	0.05821097246	0.6984511087	2.960478946	38.91447933	58.12504173	0	0	0	-433.3858082	0.001196411811	-69061.3307577497	
430.8258082	93	3	4	0.9447977299	0.001159804801	99.26529247	0.05614432639	0.6785632005	2.848652539	38.95960053	58.19174693	0	0	0	-430.8258082	0.001159804801	-70847.227084081	
428.2658082	93	3	4	0.9448585539	0.001124120103	99.28686628	0.05412364466	0.6590100799	2.740120482	39.00338496	58.25649455	0	0	0	-428.2658082	0.001124120103	-72677.4869266035	
425.7058082	93	3	4	0.9449174298	0.001089333679	99.30805872	0.0521488288	0.6397924513	2.634809144	39.04586291	58.31932794	0	0	0	-425.7058082	0.001089333679	-74553.4956797793	
423.1458082	93	3	4	0.944974411	0.001055422296	99.32886943	0.05021975732	0.6209108106	2.532646348	39.08706405	58.3802896	0	0	0	-423.1458082	0.001055422296	-76476.7218303838	
420.5858082	93	3	4	0.9450295495	0.001022363498	99.34929826	0.04833628533	0.6023654538	2.433561338	39.12701744	58.43942122	0	0	0	-420.5858082	0.001022363498	-78448.7300453482	
418.0258082	93	3	4	0.9450828956	0.0009901355939	99.36934527	0.04649824415	0.584156484	2.337484749	39.16575158	58.49676367	0	0	0	-418.0258082	0.0009901355939	-80471.1859060859	
415.4658082	93	3	4	0.945134498	0.0009587176288	99.38901074	0.04470544108	0.5662838186	2.244348564	39.20329438	58.55235706	0	0	0	-415.4658082	0.0009587176288	-82545.8569131822	
412.9058082	93	3	4	0.9451844043	0.0009280893657	99.40829514	0.04295765916	0.5487471964	2.15408609	39.2396732	58.60624071	0	0	0	-412.9058082	0.0009280893657	-84674.6271647669	
410.3458082	93	3	4	0.9452326605	0.0008982312636	99.42719916	0.04125465708	0.5315461839	2.066631913	39.27491486	58.65845323	0	0	0	-410.3458082	0.0008982312636	-86859.5010027832	
407.7858082	93	3	4	0.9452793112	0.0008691244557	99.44572365	0.03959616911	0.5146801811	1.981921875	39.30904566	58.70903247	0	0	0	-407.7858082	0.0008691244557	-89102.6125227957	
405.2258082	93	3	4	0.9453244	0.0008407507286	99.46386967	0.03798190512	0.4981484279	1.899893031	39.34209137	58.7580156	0	0	0	-405.2258082	0.0008407507286	-91406.2347622945	
402.6658082	93	3	4	0.9453679691	0.000813092501	99.48163844	0.03641155068	0.4819500087	1.820483626	39.37407728	58.80543909	0	0	0	-402.6658082	0.000813092501	-93772.7886539313	
400.1058082	93	3	4	0.9454100595	0.0007861328028	99.49903137	0.03488476717	0.4660838582	1.743633054	39.40502819	58.85133875	0	0	0	-400.1058082	0.0007861328028	-96204.8542733845	
397.5458082	93	3	4	0.9454507112	0.0007598552548	99.51605004	0.03340119202	0.4505487661	1.669281831	39.43496843	58.89574974	0	0	0	-397.5458082	0.0007598552548	-98705.1816225614	
394.9858082	93	3	4	0.9454899631	0.0007342440481	99.53269618	0.03196043894	0.4353433816	1.597371566	39.46392185	58.93870658	0	0	0	-394.9858082	0.0007342440481	-101276.702015962	
392.4258082	93	3	4	0.945527853	0.000709283924	99.54897168	0.03056209827	0.4204662181	1.527844926	39.49191189	58.98024318	0	0	0	-392.4258082	0.000709283924	-103922.541948587	
389.8658082	93	3	4	0.9455644177	0.0006849601545	99.56487861	0.02920573734	0.4059156568	1.460645609	39.51896154	59.02039285	0	0	0	-389.8658082	0.0006849601545	-106646.037047585	
387.3058082	93	3	4	0.9455996932	0.0006612585228	99.58041915	0.02789090092	0.3916899513	1.395718318	39.54509336	59.05918832	0	0	0	-387.3058082	0.0006612585228	-109450.746476687	
384.7458082	93	3	4	0.9456337144	0.0006381653041	99.59559566	0.02661711165	0.3777872308	1.333008728	39.57032952	59.09666175	0	0	0	-384.7458082	0.0006381653041	-112340.469514956	
382.1858082	93	3	4	0.9456665155	0.0006156672469	99.61041063	0.02538387062	0.364205504	1.272463462	39.59469178	59.13284476	0	0	0	-382.1858082	0.0006156672469	-115319.264318396	
379.6258082	93	3	4	0.9456981296	0.0005937515549	99.62486668	0.0241906579	0.3509426622	1.214030068	39.61820151	59.16776842	0	0	0	-379.6258082	0.0005937515549	-118391.465877776	
377.0658082	93	3	4	0.9457285892	0.0005724058685	99.63896658	0.02303693319	0.3379964827	1.157656984	39.64087972	59.20146329	0	0	0	-377.0658082	0.0005724058685	-121561.707596092	
374.5058082	93	3	4	0.945757926	0.0005516182476	99.65271323	0.02192213644	0.3253646318	1.103293527	39.66274705	59.23395943	0	0	0	-374.5058082	0.0005516182476	-124834.940538798	
371.9458082	93	3	4	0.9457861708	0.0005313771528	99.66610964	0.02084568858	0.3130446677	1.050889856	39.68382377	59.26528638	0	0	0	-371.9458082	0.0005313771528	-128216.446748165	
369.3858082	93	3	4	0.9458133539	0.0005116714256	99.67915896	0.01980699224	0.3010340435	1.000396962	39.70412982	59.29547322	0	0	0	-369.3858082	0.0005116714256	-131711.887716635	
366.8258082	93	3	4	0.9458395047	0.0004924902773	99.69186446	0.01880543252	0.2893301094	0.9517666351	39.7236848	59.32454856	0	0	0	-366.8258082	0.0004924902773	-135327.360172446	
364.2658082	93	3	4	0.945864652	0.0004738232771	99.70422951	0.01784037779	0.2779301159	0.9049514524	39.74250799	59.35254056	0	0	0	-364.2658082	0.0004738232771	-139069.376146861	
361.7058082	93	3	4	0.945888824	0.0004556603261	99.7162576	0.01691118053	0.2668312156	0.8599047528	39.76061833	59.37947691	0	0	0	-361.7058082	0.0004556603261	-142944.879949064	
359.1458082	93	3	4	0.9459120482	0.0004379916417	99.72795236	0.0160171782	0.2560304663	0.8165806204	39.77803448	59.4053849	0	0	0	-359.1458082	0.0004379916417	-146961.329873676	
356.5858082	93	3	4	0.9459343516	0.0004208077454	99.73931747	0.01515769411	0.2455248326	0.7749338661	39.79477476	59.43029138	0	0	0	-356.5858082	0.0004208077454	-151126.741352242	
354.0258082	93	3	4	0.9459557606	0.0004040994478	99.75035677	0.01433203837	0.235311189	0.7349200108	39.81085722	59.45422277	0	0	0	-354.0258082	0.0004040994478	-155449.720038958	
351.4658082	93	3	4	0.9459763008	0.0003878578335	99.76107417	0.01353950878	0.2253863211	0.6964952689	39.82629961	59.47720512	0	0	0	-351.4658082	0.0003878578335	-159939.505171594	
348.9058082	93	3	4	0.9459959977	0.0003720742455	99.77147368	0.01277939184	0.2157469286	0.6596165335	39.84111942	59.49926405	0	0	0	-348.9058082	0.0003720742455	-164606.028763221	
346.3458082	93	3	4	0.9460148758	0.0003567402718	99.78155941	0.01205096369	0.2063896271	0.6242413621	39.85533382	59.52042482	0	0	0	-346.3458082	0.0003567402718	-169459.973400501	
343.7858082	93	3	4	0.9460329595	0.0003418477303	99.79133556	0.01135349111	0.1973109498	0.590327963	39.86895975	59.54071228	0	0	0	-343.7858082	0.0003418477303	-174513.524379208	
341.2258082	93	3	4	0.9460502725	0.0003273887648	99.80080642	0.01068623254	0.1885073508	0.5578351831	39.88201387	59.56015095	0	0	0	-341.2258082	0.0003273887648	-179773.807617586	
338.6658082	93	3	4	0.946066838	0.0003133548199	99.80997636	0.01004843927	0.1799752028	0.5267225405	39.89451256	59.5787649	0	0	0	-338.6658082	0.0003133548199	-185478.693073885	
336.1058082	93	3	4	0.9460826788	0.0002997699182	99.81884984	0.009439355727	0.1717108082	0.4969500401	39.906472	59.59657796	0	0	0	-336.1058082	0.0002997699182	-191206.314062643	
333.5458082	93	3	4	0.9460978174	0.0002865665932	99.82743138	0.008858221793	0.1637103942	0.4684784175	39.91790807	59.61361351	0	0	0	-333.5458082	0.0002865665932	-196994.440346264	
330.9858082	93	3	4	0.9461122756	0.0002737668146	99.83572561	0.008304272695	0.1559701134	0.4412689743	39.9288364	59.62989463	0	0	0	-330.9858082	0.0002737668146	-203251.017233791	
328.4258082	93	3	4	0.9461260749	0.0002613635913	99.84373721	0.00777674058	0.1484860503	0.415283597	39.9392724	59.64544401	0	0	0	-328.4258082	0.0002613635913	-209798.339353229	
325.8658082	93	3	4	0.9461392364	0.0002493499953	99.85147092	0.007274855458	0.1412542218	0.390484756	39.94923122	59.66028402	0	0	0	-325.8658082	0.0002493499953	-216655.698417149	
323.3058082	93	3	4	0.9461517807	0.0002377192319	99.85893157	0.006797846241	0.1342705793	0.3668354987	39.95872779	59.67443671	0	0	0	-323.3058082	0.0002377192319	-223844.571034044	
320.7458082	93	3	4	0.9461637282	0.0002264646196	99.86612405	0.006344941778	0.1275310114	0.3442994448	39.96777679	59.68792377	0	0	0	-320.7458082	0.0002264646196	-231388.257521952	
318.1858082	93	3	4	0.9461750987	0.0002155795853	99.87305328	0.005915371884	0.1210313452	0.3228407816	39.97639267	59.70076654	0	0	0	-318.1858082	0.0002155795853	-239312.121234781	
315.6258082	93	3	4	0.9461859117	0.0002050576516	99.87972428	0.005508368362	0.1147673496	0.3024242605	39.98458966	59.71298608	0	0	0	-315.6258082	0.0002050576516	-247643.749787425	
313.0658082	93	3	4	0.9461961864	0.0001948924269	99.8861421	0.005123166006	0.108734737	0.2830151944	39.99238174	59.72460307	0	0	0	-313.0658082	0.0001948924269	-256413.203401845	
310.5058082	93	3	4	0.9462059416	0.0001850775951	99.89231183	0.004759003602	0.102929166	0.2645794552	39.99978267	59.73563787	0	0	0	-310.5058082	0.0001850775951	-265653.284185346	
307.9458082	93	3	4	0.9462151956	0.0001756069067	99.89823863	0.004415124903	0.09734624388	0.2470834731	40.00680598	59.74611054	0	0	0	-307.9458082	0.0001756069067	-275399.829130453	
305.3858082	93	3	4	0.9462239666	0.000166474169	99.90392769	0.004090779586	0.09198152915	0.2304942357	40.01346498	59.75604078	0	0	0	-305.3858082	0.000166474169	-285692.055746963	
302.8258082	93	3	4	0.9462322721	0.0001576732384	99.90938424	0.003785224196	0.08683053429	0.2147792881	40.01977274	59.76544797	0	0	0	-302.8258082	0.0001576732384	-296572.944765396	
300.2658082	93	3	4	0.9462401296	0.0001491980116	99.91461355	0.00349772306	0.08188872849	0.1999067343	40.0257421	59.77435117	0	0	0	-300.2658082	0.0001491980116	-284228.845024167	
300	93	3	4	0.9462409205	1.50203923E-05	99.91514371	0.00346887683	0.08138741793	0.1984095007	40.02634304	59.77524746	0	0	0	-300	1.50203923E-05	280266.810202165	
