T	w(AL)	w(MG)	w(SI)	fs	fw(@FCC_A1)	w(AL@FCC_A1)	w(MG@FCC_A1)	w(SI@FCC_A1)	w(AL@LIQUID)	w(MG@LIQUID)	w(SI@LIQUID)	dwdT_L(AL@LIQUID)	dwdT_L(MG@LIQUID)	dwdT_L(SI@LIQUID)	-T	fw(@FCC_A1)_1	-T//fw(@FCC_A1)	
K	%	%	%	mole/mole	kg/kg	%	%	%	%	%	%	SI	SI	SI				
858.5291898	84	10	6	0	0	97.41196063	2.194866647	0.3931727218	84	10	6	0.002428957978	-0.001413531012	-0.001015426966	-858.5291898	0	27.4516447437438	
858.5191898	84	10	6	0.0001800991924	0.0001812270213	97.41175043	2.195037847	0.3932117227	83.99757099	10.00141366	6.001015351	0	0	0	-858.5191898	0.0001812270213	82.9071740268531	
858.4991898	84	10	6	0.0005398297848	0.0003620922369	97.41133013	2.195380132	0.3932897336	83.99271286	10.0042408	6.003046334	0	0	0	-858.4991898	0.0003620922369	110.588310416352	
858.4591898	84	10	6	0.001258655811	0.0007237370474	97.41048963	2.19606465	0.393445718	83.98299548	10.00989566	6.007108865	0	0	0	-858.4591898	0.0007237370474	110.660274128384	
858.3791898	84	10	6	0.002693784438	0.001445959883	97.40881032	2.197432234	0.3937574509	83.96355653	10.02120731	6.015236159	0	0	0	-858.3791898	0.001445959883	110.885450602294	
858.2191898	84	10	6	0.005553984035	0.002885879039	97.40545744	2.200162512	0.3943800464	83.92466196	10.04383837	6.031499668	0	0	0	-858.2191898	0.002885879039	111.351166403496	
857.8991898	84	10	6	0.01123444271	0.005747726595	97.3987747	2.205603544	0.3956217538	83.84680609	10.08913159	6.064062315	0	0	0	-857.8991898	0.005747726595	112.362309200536	
857.2591898	84	10	6	0.02242404204	0.01138949903	97.38550387	2.216403932	0.3980921987	83.69083013	10.1798313	6.129338572	0	0	0	-857.2591898	0.01138949903	114.438103208995	
855.9791898	84	10	6	0.04416856091	0.02238750678	97.35933303	2.237687766	0.4029791995	83.37781522	10.3617098	6.260474987	0	0	0	-855.9791898	0.02238750678	118.499481243661	
853.4191898	84	10	6	0.08526839376	0.0432825143	97.30845913	2.279004228	0.4125366458	82.74755648	10.72739113	6.525052397	0	0	0	-853.4191898	0.0432825143	-2101.33328056429	
850.8591898	84	10	6	0.1234059569	0.04197805575	97.25946554	2.318748192	0.4217862656	82.11168201	11.0958362	6.79248179	0	0	0	-850.8591898	0.04197805575	-2021.69645496113	
848.2991898	84	10	6	0.1588714829	0.04074587246	97.21232065	2.356951358	0.430727996	81.47025797	11.46703446	7.062707567	0	0	0	-848.2991898	0.04074587246	-2138.70423574736	
845.7391898	84	10	6	0.1919200335	0.03958037616	97.16699232	2.393645984	0.4393616927	80.82337133	11.8409628	7.335665865	0	0	0	-845.7391898	0.03958037616	-2257.93739312336	
843.1791898	84	10	6	0.2227752728	0.03847512207	97.12344808	2.428864632	0.4476872924	80.17112881	12.217585	7.611286192	0	0	0	-843.1791898	0.03847512207	-2377.76492441781	
840.6191898	84	10	6	0.2516340795	0.03742434253	97.08165505	2.462640152	0.455704793	79.5136581	12.59685117	7.88949073	0	0	0	-840.6191898	0.03742434253	-2497.72594236679	
838.0591898	84	10	6	0.2786703989	0.03642288782	97.04158005	2.4950057	0.463414247	78.85110863	12.97869748	8.170193888	0	0	0	-838.0591898	0.03642288782	-2617.38756229063	
835.4991898	84	10	6	0.3040384595	0.03546615213	97.0031895	2.525994746	0.4708157566	78.18365207	13.36304598	8.453301945	0	0	0	-835.4991898	0.03546615213	-2736.33275680488	
832.9391898	84	10	6	0.3278754706	0.03455001138	96.96644946	2.555641069	0.4779094729	77.51148278	13.74980444	8.738712782	0	0	0	-832.9391898	0.03455001138	-2854.17255000709	
830.3791898	84	10	6	0.3503038973	0.03367077103	96.93132566	2.583978747	0.4846955962	76.83481789	14.13886641	9.026315707	0	0	0	-830.3791898	0.03367077103	-2970.55839645964	
827.8191898	84	10	6	0.3714333876	0.03282512187	96.89778349	2.611042127	0.4911743801	76.15389731	14.53011129	9.315991391	0	0	0	-827.8191898	0.03282512187	-3085.19389119474	
825.2591898	84	10	6	0.3913624108	0.0320101024	96.86578807	2.636865795	0.4973461367	75.46898343	14.92340465	9.607611922	0	0	0	-825.2591898	0.0320101024	-3197.84530429414	
822.6991898	84	10	6	0.4101796572	0.0312230665	96.83530422	2.661484532	0.5032112442	74.78036047	15.31859856	9.901040976	0	0	0	-822.6991898	0.0312230665	-3308.35029710664	
820.1391898	84	10	6	0.4279652379	0.0304616554	96.80629658	2.684933262	0.5087701565	74.08833373	15.71553216	10.19613411	0	0	0	-820.1391898	0.0304616554	-3416.40277248126	
817.5791898	84	10	6	0.4447916643	0.02972368163	96.77872963	2.707246941	0.5140234272	73.39323061	16.11403114	10.49273825	0	0	0	-817.5791898	0.02972368163	-3522.77229184136	
815.0191898	84	10	6	0.4607249643	0.02900759581	96.75256759	2.72846076	0.5189716503	72.69538974	16.51391399	10.79069628	0	0	0	-815.0191898	0.02900759581	-3626.83178042658	
812.4591898	84	10	6	0.4758250809	0.02831141993	96.72777483	2.748609565	0.5236156097	71.99517472	16.91498416	11.08984112	0	0	0	-812.4591898	0.02831141993	-3728.47727962778	
809.8991898	84	10	6	0.4901468257	0.02763387575	96.70431575	2.767728015	0.5279562311	71.2929605	17.31703798	11.39000152	0	0	0	-809.8991898	0.02763387575	-3828.53041238428	
807.3391898	84	10	6	0.5037403332	0.02697364415	96.68215454	2.785850995	0.5319944611	70.58913674	17.71986269	11.69100057	0	0	0	-807.3391898	0.02697364415	-3927.20491187196	
804.7791898	84	10	6	0.5166516531	0.02632974073	96.66125577	2.803012729	0.5357315013	69.88410121	18.1232403	11.99265848	0	0	0	-804.7791898	0.02632974073	-4024.95227465544	
802.2191898	84	10	6	0.5289231251	0.02570120808	96.64158414	2.81924716	0.539168696	69.17826063	18.52694716	12.29479221	0	0	0	-802.2191898	0.02570120808	-4121.94977902045	
799.6591898	84	10	6	0.5405937855	0.02508726742	96.62310467	2.834587751	0.5423075778	68.47202703	18.93075604	12.59721694	0	0	0	-799.6591898	0.02508726742	-4218.769015952	
797.0991898	84	10	6	0.5516997044	0.02448726394	96.60578268	2.849067451	0.5451498676	67.76581514	19.33443764	12.89974722	0	0	0	-797.0991898	0.02448726394	-4315.90880800533	
794.5391898	84	10	6	0.5622742833	0.02390065634	96.58958393	2.862718571	0.5476974987	67.06003966	19.73776226	13.20219808	0	0	0	-794.5391898	0.02390065634	-4413.89268331588	
791.9791898	84	10	6	0.5723485149	0.02332700097	96.57447464	2.875572734	0.5499526214	66.35511258	20.14050126	13.50438616	0	0	0	-791.9791898	0.02332700097	-4513.25070763405	
789.4191898	84	10	6	0.5819512116	0.02276593951	96.56042159	2.887660803	0.5519176109	65.65144059	20.54242863	13.80613077	0	0	0	-789.4191898	0.02276593951	-4614.51866003161	
786.8591898	84	10	6	0.591109207	0.02221718648	96.5473921	2.899012824	0.5535950748	64.94942262	20.94332242	14.10725496	0	0	0	-786.8591898	0.02221718648	-4718.22803889794	
784.2991898	84	10	6	0.599847533	0.02168051734	96.53535417	2.909657972	0.5549878562	64.24944747	21.34296607	14.40758646	0	0	0	-784.2991898	0.02168051734	-4824.89979402498	
781.7391898	84	10	6	0.6081895763	0.02115575734	96.52427646	2.919624505	0.5560990365	63.5518917	21.74114969	14.70695861	0	0	0	-781.7391898	0.02115575734	-4935.03939674012	
779.1791898	84	10	6	0.6161572173	0.02064277116	96.51412834	2.928939727	0.5569319352	62.85711774	22.13767113	15.00521113	0	0	0	-779.1791898	0.02064277116	-5049.13294185472	
776.6191898	84	10	6	0.6237709521	0.02014145342	96.50487993	2.937629962	0.5574901079	62.16547217	22.532337	15.30219083	0	0	0	-776.6191898	0.02014145342	-5167.64441829534	
774.0591898	84	10	6	0.6310500022	0.01965172013	96.49650213	2.945720529	0.5577773421	61.4772843	22.92496349	15.5977522	0	0	0	-774.0591898	0.01965172013	-5291.01402603054	
771.4991898	84	10	6	0.6380124111	0.01917350112	96.48896662	2.953235733	0.5577976518	60.79286507	23.31537703	15.89175791	0	0	0	-771.4991898	0.01917350112	-5419.65695915792	
768.9391898	84	10	6	0.644675132	0.0187067334	96.48224587	2.960198857	0.5575552695	60.11250604	23.70341484	16.18407912	0	0	0	-768.9391898	0.0187067334	-5553.96320105504	
766.3791898	84	10	6	0.6510541049	0.01825135557	96.4763132	2.966632164	0.5570546373	59.43647886	24.08892532	16.47459582	0	0	0	-766.3791898	0.01825135557	-5694.29815578092	
763.8191898	84	10	6	0.6571643277	0.01780730318	96.4711427	2.972556906	0.5563003969	58.76503477	24.47176829	16.76319694	0	0	0	-763.8191898	0.01780730318	-5844.15798484021	
761.2591898	84	10	6	0.6630200892	0.01737495447	96.46670841	2.977994086	0.555297502	58.09839531	24.8518203	17.0497844	0	0	0	-761.2591898	0.01737495447	-5995.48407872548	
758.6991898	84	10	6	0.668634426	0.01695307073	96.46298791	2.982961388	0.5540507036	57.43678946	25.22895357	17.33425698	0	0	0	-758.6991898	0.01695307073	-6152.89283077472	
756.1391898	84	10	6	0.6740199541	0.01654251719	96.45995667	2.987478026	0.5525653004	56.7803975	25.60306788	17.61653461	0	0	0	-756.1391898	0.01654251719	-6322.27646556468	
753.5791898	84	10	6	0.6791884848	0.01614293855	96.45759205	2.991561337	0.5508466093	56.12938942	25.97406876	17.89654182	0	0	0	-753.5791898	0.01614293855	-6497.421811096	
751.0191898	84	10	6	0.6841511536	0.01575421351	96.45587211	2.995227806	0.5489000845	55.48391585	26.34187261	18.17421154	0	0	0	-751.0191898	0.01575421351	-6680.31038587551	
748.4591898	84	10	6	0.688918462	0.01537620745	96.45477565	2.99849305	0.5467313023	54.84410876	26.70640637	18.44948487	0	0	0	-748.4591898	0.01537620745	-6871.17098890441	
745.8991898	84	10	6	0.693500316	0.01500877153	96.4542822	3.001371849	0.5443459477	54.21008213	27.0676071	18.72231077	0	0	0	-745.8991898	0.01500877153	-7070.20862326375	
743.3391898	84	10	6	0.6979060611	0.01465174315	96.45437201	3.003878184	0.5417498013	53.58193284	27.42542154	18.99264562	0	0	0	-743.3391898	0.01465174315	-7277.61390706067	
740.7791898	84	10	6	0.7021445158	0.0143049468	96.455026	3.006025272	0.5389487254	52.95974155	27.77980555	19.2604529	0	0	0	-740.7791898	0.0143049468	-7493.56516190982	
738.2191898	84	10	6	0.7062240024	0.01396819512	96.45622575	3.007825597	0.5359486522	52.34357363	28.13072363	19.52570274	0	0	0	-738.2191898	0.01396819512	-7718.22846591929	
735.6591898	84	10	6	0.7101523762	0.01364129002	96.45795348	3.009290953	0.5327555709	51.73348009	28.47814838	19.78837153	0	0	0	-735.6591898	0.01364129002	-7951.75872901705	
733.0991898	84	10	6	0.7139370526	0.013324024	96.46019201	3.010432472	0.5293755161	51.12949859	28.82205995	20.04844146	0	0	0	-733.0991898	0.013324024	-8194.30099939679	
730.5391898	84	10	6	0.7175850328	0.01301618147	96.46292478	3.011260664	0.525814557	50.53165436	29.16244547	20.30590017	0	0	0	-730.5391898	0.01301618147	-8445.99114884899	
727.9791898	84	10	6	0.7211029279	0.01271754012	96.46613577	3.011785447	0.5220787865	49.93996117	29.49929856	20.56074027	0	0	0	-727.9791898	0.01271754012	-8706.95627340183	
725.4191898	84	10	6	0.7244969818	0.01242787222	96.46980951	3.012016181	0.5181743114	49.35442224	29.8326188	20.81295896	0	0	0	-725.4191898	0.01242787222	-8977.31517436512	
722.8591898	84	10	6	0.7277730921	0.01214694592	96.47393106	3.0119617	0.514107243	48.77503116	30.16241117	21.06255766	0	0	0	-722.8591898	0.01214694592	-9257.17985010532	
720.2991898	84	10	6	0.7309368308	0.01187452651	96.47848597	3.01163034	0.5098836888	48.20177273	30.48868565	21.30954162	0	0	0	-720.2991898	0.01187452651	-9546.65475685852	
717.7391898	84	10	6	0.733993463	0.01161037751	96.48346029	3.01102997	0.5055097439	47.63462378	30.81145666	21.55391956	0	0	0	-717.7391898	0.01161037751	-9845.83846066576	
715.1791898	84	10	6	0.7369479648	0.01135426183	96.4888405	3.010168016	0.5009914838	47.07355397	31.13074271	21.79570332	0	0	0	-715.1791898	0.01135426183	-10154.8230996572	
712.6191898	84	10	6	0.7398050404	0.01110594265	96.49461355	3.009051493	0.4963349574	46.51852653	31.4465659	22.03490757	0	0	0	-712.6191898	0.01110594265	-10473.6949698767	
710.0591898	84	10	6	0.7425691377	0.01086518439	96.5007668	3.007687021	0.4915461805	45.96949893	31.75895157	22.2715495	0	0	0	-710.0591898	0.01086518439	-10802.5351794442	
707.4991898	84	10	6	0.7452444633	0.01063175344	96.50728801	3.006080856	0.4866311302	45.42642354	32.06792795	22.50564851	0	0	0	-707.4991898	0.01063175344	-11141.4198125622	
704.9391898	84	10	6	0.7478349971	0.01040541892	96.51416535	3.004238907	0.481595739	44.88924826	32.37352576	22.73722598	0	0	0	-704.9391898	0.01040541892	-11490.4195651816	
702.3791898	84	10	6	0.750344505	0.01018595322	96.52138735	3.002166757	0.4764458903	44.35791704	32.67577794	22.96630501	0	0	0	-702.3791898	0.01018595322	-11849.6000745917	
699.8191898	84	10	6	0.7527765514	0.009973132581	96.5289429	2.999869687	0.4711874135	43.83237045	32.97471934	23.19291021	0	0	0	-699.8191898	0.009973132581	-12219.0246775924	
697.2591898	84	10	6	0.7551345116	0.009766737572	96.53682123	2.997352686	0.4658260801	43.31254608	33.27038646	23.41706746	0	0	0	-697.2591898	0.009766737572	-12598.7475028787	
694.6991898	84	10	6	0.7574215822	0.009566553278	96.54501193	2.994620475	0.4603675999	42.79837908	33.56281715	23.63880377	0	0	0	-694.6991898	0.009566553278	-12988.8231307814	
692.1391898	84	10	6	0.7596407918	0.009372369928	96.55350486	2.991677518	0.4548176171	42.28980249	33.85205047	23.85814704	0	0	0	-692.1391898	0.009372369928	-13389.3013503226	
689.5791898	84	10	6	0.7617950108	0.009183982824	96.56229025	2.988528041	0.4491817076	41.78674762	34.13812641	24.07512598	0	0	0	-689.5791898	0.009183982824	-13800.2241979377	
687.0191898	84	10	6	0.7638869604	0.009001192707	96.57135858	2.98517604	0.4434653761	41.28914441	34.42108572	24.28976988	0	0	0	-687.0191898	0.009001192707	-14221.6334443779	
684.4591898	84	10	6	0.7659192216	0.008823805841	96.58070065	2.981625302	0.4376740532	40.79692171	34.70096975	24.50210854	0	0	0	-684.4591898	0.008823805841	-14653.5653730706	
681.8991898	84	10	6	0.7678942429	0.00865163411	96.5903075	2.977879408	0.4318130931	40.31000758	34.97782029	24.71217214	0	0	0	-681.8991898	0.00865163411	-15096.0524303945	
679.3391898	84	10	6	0.7698143483	0.008484495069	96.60017048	2.973941751	0.4258877716	39.8283295	35.25167941	24.91999109	0	0	0	-679.3391898	0.008484495069	-15549.1233098229	
676.7791898	84	10	6	0.7716817441	0.008322211966	96.61028117	2.969815545	0.4199032838	39.35181463	35.52258937	25.125596	0	0	0	-676.7791898	0.008322211966	-16012.802837859	
674.2191898	84	10	6	0.7734985261	0.008164613725	96.62063143	2.965503831	0.4138647425	38.88039	35.79059246	25.32901754	0	0	0	-674.2191898	0.008164613725	-16487.1120139696	
671.6591898	84	10	6	0.7752666853	0.008011534911	96.63121333	2.96100949	0.4077771767	38.41398266	36.05573096	25.53028638	0	0	0	-671.6591898	0.008011534911	-16972.0679427769	
669.0991898	84	10	6	0.7769881145	0.007862815664	96.64201922	2.956335252	0.4016455295	37.9525199	36.31804698	25.72943312	0	0	0	-669.0991898	0.007862815664	-17467.6838966764	
666.5391898	84	10	6	0.7786646134	0.007718301623	96.65304164	2.951483699	0.3954746576	37.49592934	36.57758243	25.92648823	0	0	0	-666.5391898	0.007718301623	-17973.9695662995	
663.9791898	84	10	6	0.780297894	0.00757784383	96.66427339	2.94645728	0.3892693292	37.04413906	36.83437893	26.12148201	0	0	0	-663.9791898	0.00757784383	-18490.9305163926	
661.4191898	84	10	6	0.7818895855	0.007441298616	96.67570747	2.941258309	0.3830342235	36.59707776	37.08847775	26.31444449	0	0	0	-661.4191898	0.007441298616	-19018.5685439081	
658.8591898	84	10	6	0.7834412391	0.007308527487	96.68733709	2.935888979	0.3767739294	36.15467477	37.33991976	26.50540546	0	0	0	-658.8591898	0.007308527487	-19556.8817565758	
656.2991898	84	10	6	0.7849543319	0.007179396993	96.69915569	2.930351364	0.3704929443	35.71686024	37.58874538	26.69439438	0	0	0	-656.2991898	0.007179396993	-20105.8640867175	
653.7391898	84	10	6	0.7864302713	0.007053778592	96.7111569	2.924647426	0.3641956739	35.28356512	37.83499452	26.88144036	0	0	0	-653.7391898	0.007053778592	-20665.5056298703	
651.1791898	84	10	6	0.787870399	0.006931548513	96.72333455	2.918779019	0.3578864307	34.85472127	38.07870658	27.06657215	0	0	0	-651.1791898	0.006931548513	-21235.7926167741	
648.6191898	84	10	6	0.7892759939	0.006812587612	96.73568267	2.912747895	0.351569434	34.43026152	38.3199204	27.24981808	0	0	0	-648.6191898	0.006812587612	-21816.7071850025	
646.0591898	84	10	6	0.7906482764	0.006696781227	96.74819548	2.906555709	0.3452488085	34.01011968	38.55867423	27.4312061	0	0	0	-646.0591898	0.006696781227	-22408.2274025033	
643.4991898	84	10	6	0.7919884109	0.006584019032	96.76086739	2.900204022	0.3389285845	33.59423061	38.7950057	27.61076369	0	0	0	-643.4991898	0.006584019032	-23010.3272129682	
640.9391898	84	10	6	0.793297509	0.006474194891	96.773693	2.893694307	0.3326126968	33.18253025	39.02895185	27.7885179	0	0	0	-640.9391898	0.006474194891	-23622.9762902216	
638.3791898	84	10	6	0.7945766322	0.006367206712	96.78666707	2.88702795	0.3263049845	32.77495562	39.26054905	27.96449532	0	0	0	-638.3791898	0.006367206712	-24246.1400538571	
635.8191898	84	10	6	0.795826795	0.006262956304	96.79978455	2.880206255	0.3200091907	32.37144487	39.48983305	28.13872208	0	0	0	-635.8191898	0.006262956304	-24879.7799037711	
633.2591898	84	10	6	0.7970489667	0.006161349237	96.81304059	2.87323045	0.3137289617	31.97193726	39.71683892	28.31122382	0	0	0	-633.2591898	0.006161349237	-25523.8526123612	
630.6991898	84	10	6	0.7982440742	0.006062294699	96.82643047	2.866101684	0.3074678475	31.57637322	39.94160108	28.4820257	0	0	0	-630.6991898	0.006062294699	-26178.3104857781	
628.1391898	84	10	6	0.7994130041	0.005965705363	96.83994966	2.858821036	0.3012293005	31.18469429	40.16415329	28.65115242	0	0	0	-628.1391898	0.005965705363	-26843.1011751177	
625.5791898	84	10	6	0.8005566049	0.00587149725	96.85359381	2.851389516	0.2950166764	30.79684321	40.38452861	28.81862818	0	0	0	-625.5791898	0.00587149725	-27518.4383545312	
623.0191898	84	10	6	0.8016756888	0.005779591346	96.8673587	2.843808072	0.2888332324	30.41276384	40.60275949	28.98447666	0	0	0	-623.0191898	0.005779591346	-28203.691387683	
620.4591898	84	10	6	0.8027710332	0.00568990641	96.8812403	2.836077574	0.2826821298	30.0324012	40.81887767	29.14872114	0	0	0	-620.4591898	0.00568990641	-28898.848191415	
617.8991898	84	10	6	0.8038433829	0.005602369588	96.89523473	2.82819884	0.2765664315	29.65570143	41.03291422	29.31138435	0	0	0	-617.8991898	0.005602369588	-29604.3535212735	
615.3391898	84	10	6	0.8048934517	0.005516909043	96.90933827	2.820172626	0.270489103	29.28261184	41.24489959	29.47248857	0	0	0	-615.3391898	0.005516909043	-30319.8591341142	
612.7791898	84	10	6	0.8059219241	0.005433455673	96.92354736	2.811999629	0.2644530121	28.91308086	41.45486354	29.6320556	0	0	0	-612.7791898	0.005433455673	-31045.2835165118	
610.2191898	84	10	6	0.8069294561	0.005351943006	96.93785858	2.803680494	0.2584609288	28.54705803	41.66283521	29.79010676	0	0	0	-610.2191898	0.005351943006	-31780.5399979922	
607.6591898	84	10	6	0.8079166774	0.005272307088	96.95226866	2.795215811	0.2525155262	28.18449401	41.86884307	29.94666292	0	0	0	-607.6591898	0.005272307088	-32525.5362743786	
605.0991898	84	10	6	0.8088841919	0.005194486383	96.9667745	2.786606117	0.2466193797	27.82534054	42.072915	30.10174447	0	0	0	-605.0991898	0.005194486383	-33280.1745818156	
602.5391898	84	10	6	0.8098325797	0.005118421671	96.98137313	2.777851901	0.2407749678	27.46955045	42.2750782	30.25537135	0	0	0	-602.5391898	0.005118421671	-34044.3520422031	
599.9791898	84	10	6	0.8107623977	0.005044055957	96.99606172	2.768953604	0.2349846721	27.11707765	42.4753593	30.40756305	0	0	0	-599.9791898	0.005044055957	-34817.959395662	
597.4191898	84	10	6	0.8116741807	0.004971334372	97.0108376	2.759911621	0.2292507778	26.76787708	42.67378429	30.55833863	0	0	0	-597.4191898	0.004971334372	-35600.6603571816	
594.8591898	84	10	6	0.8125684428	0.004900203236	97.02569823	2.750726291	0.2235754746	26.42190471	42.87037856	30.70771673	0	0	0	-594.8591898	0.004900203236	-36392.8046015621	
592.2991898	84	10	6	0.8134456782	0.004830613459	97.04064122	2.74139793	0.2179608545	26.07911756	43.06516693	30.8557155	0	0	0	-592.2991898	0.004830613459	-37194.2175456909	
589.7391898	84	10	6	0.814306362	0.004762515123	97.05566428	2.731926803	0.2124089151	25.73947365	43.25817365	31.00235271	0	0	0	-589.7391898	0.004762515123	-38004.3352330023	
587.1791898	84	10	6	0.8151509514	0.004695861032	97.07076531	2.722313134	0.206921559	25.40293196	43.44942235	31.14764569	0	0	0	-587.1791898	0.004695861032	-38823.2464349416	
584.6191898	84	10	6	0.8159798859	0.004630605712	97.0859423	2.712557109	0.2015005945	25.06945247	43.63893615	31.29161139	0	0	0	-584.6191898	0.004630605712	-39650.8042994518	
582.0591898	84	10	6	0.8167935889	0.004566705339	97.10119339	2.702658878	0.1961477357	24.73899609	43.82673758	31.43426633	0	0	0	-582.0591898	0.004566705339	-40486.8563284743	
579.4991898	84	10	6	0.8175924677	0.004504117674	97.11651684	2.692618552	0.1908646035	24.41152469	44.01284866	31.57562666	0	0	0	-579.4991898	0.004504117674	-41331.2423043521	
576.9391898	84	10	6	0.8183769147	0.004442801991	97.13191106	2.68243621	0.1856527265	24.08700103	44.19729084	31.71570812	0	0	0	-576.9391898	0.004442801991	-42183.7943491944	
574.3791898	84	10	6	0.819147308	0.004382719018	97.14737456	2.672111898	0.180513541	23.76538881	44.38008509	31.8545261	0	0	0	-574.3791898	0.004382719018	-43044.3376697872	
571.8191898	84	10	6	0.8199040116	0.004323830874	97.16290598	2.661645628	0.1754483922	23.44665258	44.56125183	31.9920956	0	0	0	-571.8191898	0.004323830874	-43912.6905787704	
569.2591898	84	10	6	0.8206473767	0.004266101015	97.17850408	2.651037383	0.170458535	23.13075777	44.74081099	32.12843123	0	0	0	-569.2591898	0.004266101015	-44788.6638068165	
566.6991898	84	10	6	0.8213777417	0.004209494175	97.19416775	2.640287115	0.1655451348	22.81767069	44.91878202	32.26354729	0	0	0	-566.6991898	0.004209494175	-45672.0593660341	
564.1391898	84	10	6	0.8220954329	0.004153976314	97.20989598	2.629394751	0.1607092684	22.50735845	45.09518386	32.39745769	0	0	0	-564.1391898	0.004153976314	-46562.6715028934	
561.5791898	84	10	6	0.8228007653	0.004099514567	97.22568789	2.618360189	0.1559519247	22.199789	45.27003498	32.53017601	0	0	0	-561.5791898	0.004099514567	-47460.2873206122	
559.0191898	84	10	6	0.8234940425	0.004046077198	97.24154269	2.607183302	0.1512740063	21.8949311	45.44335341	32.66171549	0	0	0	-559.0191898	0.004046077198	-48364.6846770034	
556.4591898	84	10	6	0.8241755579	0.003993633549	97.25745973	2.595863938	0.1466763297	21.59275428	45.61515668	32.79208904	0	0	0	-556.4591898	0.003993633549	-49275.6335070846	
553.8991898	84	10	6	0.8248455943	0.003942154001	97.27343845	2.584401924	0.1421596272	21.29322887	45.78546191	32.92130923	0	0	0	-553.8991898	0.003942154001	-50192.8944118038	
551.3391898	84	10	6	0.8255044251	0.003891609925	97.28947839	2.572797063	0.1377245476	20.99632594	45.95428574	33.04938833	0	0	0	-551.3391898	0.003891609925	-51116.2189432869	
548.7791898	84	10	6	0.8261523142	0.003841973647	97.3055792	2.561049141	0.1333716575	20.70201732	46.1216444	33.17633828	0	0	0	-548.7791898	0.003841973647	-52045.3518962198	
546.2191898	84	10	6	0.8267895167	0.003793218408	97.32174064	2.549157921	0.1291014423	20.41027557	46.2875537	33.30217073	0	0	0	-546.2191898	0.003793218408	-52980.0259089937	
543.6591898	84	10	6	0.827416279	0.003745318322	97.33796254	2.537123152	0.1249143079	20.12107396	46.45202902	33.42689701	0	0	0	-543.6591898	0.003745318322	-53919.9660152619	
541.0991898	84	10	6	0.8280328391	0.003698248348	97.35424485	2.524944564	0.1208105818	19.83438649	46.61508534	33.55052817	0	0	0	-541.0991898	0.003698248348	-54864.8867832517	
538.5391898	84	10	6	0.8286394273	0.003651984247	97.37058761	2.512621873	0.1167905145	19.55018781	46.77673722	33.67307496	0	0	0	-538.5391898	0.003651984247	-55814.4945869847	
535.9791898	84	10	6	0.8292362661	0.00360650256	97.38699094	2.500154783	0.1128542807	19.2684533	46.93699886	33.79454785	0	0	0	-535.9791898	0.00360650256	-56768.4850055355	
533.4191898	84	10	6	0.8298235708	0.003561780565	97.40345504	2.487542983	0.1090019812	18.98915896	47.09588402	33.91495701	0	0	0	-533.4191898	0.003561780565	-57726.5423362101	
530.8591898	84	10	6	0.8304015497	0.003517796256	97.4199802	2.474786154	0.1052336441	18.71228148	47.25340614	34.03431238	0	0	0	-530.8591898	0.003517796256	-58688.3441295345	
528.2991898	84	10	6	0.8309704042	0.003474528311	97.43656681	2.461883966	0.1015492263	18.43779818	47.40957823	34.15262358	0	0	0	-528.2991898	0.003474528311	-59653.5546845147	
525.7391898	84	10	6	0.8315303291	0.003431956063	97.4532153	2.448836081	0.09794861516	18.16568702	47.56441297	34.26990001	0	0	0	-525.7391898	0.003431956063	-60621.8292292558	
523.1791898	84	10	6	0.8320815132	0.003390059477	97.46992621	2.435642158	0.09443163037	17.89592657	47.71792266	34.38615077	0	0	0	-523.1791898	0.003390059477	-61592.8135987534	
520.6191898	84	10	6	0.832624139	0.003348819123	97.48670013	2.422301846	0.09099802519	17.62849602	47.87011926	34.50138472	0	0	0	-520.6191898	0.003348819123	-62566.1412743439	
518.0591898	84	10	6	0.8331583834	0.003308216151	97.50353772	2.408814797	0.08764748839	17.36337516	48.02101435	34.61561049	0	0	0	-518.0591898	0.003308216151	-63541.4353387489	
515.4991898	84	10	6	0.8336844176	0.003268232269	97.5204397	2.395180656	0.08437964595	17.10054438	48.1706192	34.72883642	0	0	0	-515.4991898	0.003268232269	-64518.3100513591	
512.9391898	84	10	6	0.8342024073	0.003228849722	97.53740686	2.381399073	0.08119406278	16.83998464	48.31894472	34.84107064	0	0	0	-512.9391898	0.003228849722	-65496.3677362142	
510.3791898	84	10	6	0.8347125131	0.003190051268	97.55444006	2.367469697	0.07809024458	16.58167747	48.46600149	34.95232104	0	0	0	-510.3791898	0.003190051268	-66475.1998244326	
507.8191898	84	10	6	0.8352148907	0.00315182016	97.57154018	2.353392183	0.0750676396	16.32560498	48.61179977	35.06259524	0	0	0	-507.8191898	0.00315182016	-67454.3895493398	
505.2591898	84	10	6	0.8357096907	0.003114140127	97.58870817	2.339166189	0.07212564054	16.07174984	48.75634949	35.17190068	0	0	0	-505.2591898	0.003114140127	-68433.5061838417	
502.6991898	84	10	6	0.8361970591	0.003076995351	97.60594503	2.324791384	0.06926358643	15.82009523	48.89966025	35.28024452	0	0	0	-502.6991898	0.003076995351	-69412.1091329448	
500.1391898	84	10	6	0.8366771376	0.003040370454	97.62325179	2.310267442	0.06648076451	15.57062492	49.04174136	35.38763373	0	0	0	-500.1391898	0.003040370454	-70389.7510909911	
497.5791898	84	10	6	0.8371500633	0.00300425048	97.64062953	2.295594053	0.06377641219	15.32332317	49.18260179	35.49407505	0	0	0	-497.5791898	0.00300425048	-71365.9714051534	
495.0191898	84	10	6	0.8376159692	0.002968620876	97.65807936	2.280770918	0.06114971899	15.07817479	49.32225022	35.59957498	0	0	0	-495.0191898	0.002968620876	-72340.2996676676	
492.4591898	84	10	6	0.8380749842	0.002933467479	97.67560242	2.265797754	0.0585998285	14.83516511	49.46069504	35.70413985	0	0	0	-492.4591898	0.002933467479	-73312.2553006451	
489.8991898	84	10	6	0.8385272332	0.002898776498	97.69319986	2.250674295	0.05612584039	14.59427995	49.59794432	35.80777572	0	0	0	-489.8991898	0.002898776498	-74281.3477817799	
487.3391898	84	10	6	0.8389728375	0.002864534502	97.71087289	2.235400297	0.05372681241	14.35550566	49.73400585	35.91048849	0	0	0	-487.3391898	0.002864534502	-75247.0808532672	
484.7791898	84	10	6	0.8394119145	0.002830728407	97.7286227	2.219975535	0.05140176235	14.11882907	49.86888711	36.01228382	0	0	0	-484.7791898	0.002830728407	-76208.9473938245	
482.2191898	84	10	6	0.8398445782	0.00279734546	97.74645052	2.204399812	0.04914967015	13.88423751	50.00259532	36.11316717	0	0	0	-482.2191898	0.00279734546	-77166.4283915353	
479.6591898	84	10	6	0.840270939	0.002764373226	97.76435756	2.188672955	0.04696947988	13.6517188	50.13513738	36.21314382	0	0	0	-479.6591898	0.002764373226	-78119.0000209687	
477.0991898	84	10	6	0.8406911042	0.002731799579	97.78234508	2.172794823	0.04486010177	13.42126123	50.26651995	36.31221882	0	0	0	-477.0991898	0.002731799579	-79066.1317834143	
474.5391898	84	10	6	0.8411051775	0.002699612688	97.80041428	2.156765305	0.04282041427	13.19285359	50.39674937	36.41039704	0	0	0	-474.5391898	0.002699612688	-80007.2849151281	
471.9791898	84	10	6	0.8415132599	0.002667801007	97.81856641	2.140584325	0.04084926611	12.96648512	50.52583173	36.50768315	0	0	0	-471.9791898	0.002667801007	-80941.9139501533	
469.4191898	84	10	6	0.8419154492	0.002636353263	97.83680268	2.124251844	0.03894547829	12.74214553	50.65377285	36.60408162	0	0	0	-469.4191898	0.002636353263	-81869.4662353232	
466.8591898	84	10	6	0.84231184	0.002605258446	97.85512429	2.107767864	0.03710784616	12.519825	50.78057826	36.69959674	0	0	0	-466.8591898	0.002605258446	-82789.38661847	
464.2991898	84	10	6	0.8427025245	0.002574505801	97.87353243	2.09113243	0.03533514142	12.29951417	50.90625324	36.79423259	0	0	0	-464.2991898	0.002574505801	-83701.1143970677	
461.7391898	84	10	6	0.8430875917	0.002544084816	97.89202825	2.074345631	0.03362611414	12.08120413	51.03080279	36.88799309	0	0	0	-461.7391898	0.002544084816	-84604.0859220496	
459.1791898	84	10	6	0.8434671282	0.002513985216	97.9106129	2.057407606	0.0319794948	11.86488641	51.15423165	36.98088195	0	0	0	-459.1791898	0.002513985216	-85497.7354552171	
456.6191898	84	10	6	0.843841218	0.002484196952	97.92928746	2.040318546	0.03039399623	11.650553	51.2765443	37.0729027	0	0	0	-456.6191898	0.002484196952	-86381.4938339639	
454.0591898	84	10	6	0.8442099424	0.002454710194	97.94805299	2.023078696	0.02886831563	11.43819632	51.39774498	37.1640587	0	0	0	-454.0591898	0.002454710194	-87254.7909284746	
451.4991898	84	10	6	0.8445733803	0.002425515322	97.9669105	2.00568836	0.02740113651	11.22780925	51.51783763	37.25435312	0	0	0	-451.4991898	0.002425515322	-88117.0618594494	
448.9391898	84	10	6	0.8449316083	0.002396602923	97.98586097	1.988147903	0.02599113064	11.01938508	51.63682598	37.34378894	0	0	0	-448.9391898	0.002396602923	-88967.7423791723	
446.3791898	84	10	6	0.8452847005	0.002367963779	98.00490528	1.970457755	0.02463695991	10.81291754	51.75471349	37.43236897	0	0	0	-446.3791898	0.002367963779	-89806.2661721423	
443.8191898	84	10	6	0.845632729	0.002339588862	98.02404431	1.952618415	0.02333727829	10.6084008	51.87150335	37.52009585	0	0	0	-443.8191898	0.002339588862	-90632.0755266068	
441.2591898	84	10	6	0.8459757634	0.002311469329	98.04327881	1.934630451	0.02209073362	10.40582945	51.98719852	37.60697204	0	0	0	-441.2591898	0.002311469329	-91444.618641285	
438.6991898	84	10	6	0.8463138715	0.002283596515	98.06260952	1.916494512	0.02089596948	10.20519848	52.10180171	37.69299981	0	0	0	-438.6991898	0.002283596515	-92243.3534194506	
436.1391898	84	10	6	0.8466471186	0.00225596193	98.08203705	1.89821132	0.01975162697	10.00650334	52.21531538	37.77818128	0	0	0	-436.1391898	0.00225596193	-93027.7391842175	
433.5791898	84	10	6	0.8469755684	0.002228557247	98.10156197	1.879781685	0.01865634642	9.809739858	52.32774175	37.86251839	0	0	0	-433.5791898	0.002228557247	-93797.2527000331	
431.0191898	84	10	6	0.8472992825	0.002201374308	98.12118473	1.8612065	0.01760876919	9.6149043	52.4390828	37.9460129	0	0	0	-431.0191898	0.002201374308	-94551.3846156099	
428.4591898	84	10	6	0.8476183203	0.00217440511	98.14090571	1.842486752	0.01660753928	9.42199333	52.54934025	38.02866642	0	0	0	-428.4591898	0.00217440511	-95289.630451926	
425.8991898	84	10	6	0.8479327398	0.002147641805	98.16072517	1.823623521	0.01565130497	9.231004022	52.65851561	38.11048037	0	0	0	-425.8991898	0.002147641805	-96011.5078989701	
423.3391898	84	10	6	0.8482425968	0.002121076696	98.18064329	1.804617986	0.01473872046	9.041933854	52.76661012	38.19145602	0	0	0	-423.3391898	0.002121076696	-96716.5562837086	
420.7791898	84	10	6	0.8485479455	0.002094702236	98.20066012	1.78547143	0.01386844736	8.854780705	52.87362482	38.27159448	0	0	0	-420.7791898	0.002094702236	-97404.3260194603	
418.2191898	84	10	6	0.8488488384	0.002068511018	98.2207756	1.766185243	0.0130391562	8.66954285	52.97956048	38.35089667	0	0	0	-418.2191898	0.002068511018	-98074.3924444301	
415.6591898	84	10	6	0.8491453262	0.002042495781	98.24098955	1.746760926	0.0122495279	8.486218958	53.08441766	38.42936338	0	0	0	-415.6591898	0.002042495781	-98726.3577838303	
413.0991898	84	10	6	0.849437458	0.002016649401	98.26130165	1.727200096	0.01149825512	8.304808089	53.18819668	38.50699523	0	0	0	-413.0991898	0.002016649401	-99359.8469535386	
410.5391898	84	10	6	0.8497252814	0.001990964894	98.28171146	1.707504492	0.01078404367	8.12530969	53.29089765	38.58379266	0	0	0	-410.5391898	0.001990964894	-99974.5133138602	
407.9791898	84	10	6	0.8500088424	0.00196543541	98.30221841	1.687675975	0.0101056137	7.947723589	53.39252043	38.65975598	0	0	0	-407.9791898	0.00196543541	-100570.039803134	
405.4191898	84	10	6	0.8502881853	0.001940054236	98.32282176	1.667716539	0.009461701037	7.772049994	53.49306466	38.73488534	0	0	0	-405.4191898	0.001940054236	-101146.143128326	
402.8591898	84	10	6	0.8505633532	0.001914814792	98.34352063	1.647628308	0.008851058269	7.598289488	53.59252979	38.80918073	0	0	0	-402.8591898	0.001914814792	-101702.572734981	
400.2991898	84	10	6	0.8508343876	0.001889710633	98.364314	1.627413549	0.008272455918	7.426443021	53.690915	38.88264198	0	0	0	-400.2991898	0.001889710633	-102239.11510284	
397.7391898	84	10	6	0.8511013285	0.001864735447	98.38520065	1.607074667	0.007724683472	7.256511909	53.7882193	38.9552688	0	0	0	-397.7391898	0.001864735447	-102755.596526311	
395.1791898	84	10	6	0.8513642148	0.001839883058	98.40617923	1.58661422	0.007206550384	7.088497829	53.88444145	39.02706072	0	0	0	-395.1791898	0.001839883058	-103251.881271236	
392.6191898	84	10	6	0.8516230839	0.001815147423	98.4272482	1.566034914	0.006716887011	6.922402808	53.97958004	39.09801715	0	0	0	-392.6191898	0.001815147423	-103727.87839977	
390.0591898	84	10	6	0.8518779718	0.001790522638	98.44840584	1.545339615	0.006254545483	6.758229223	54.07363342	39.16813735	0	0	0	-390.0591898	0.001790522638	-104183.541755104	
387.4991898	84	10	6	0.8521289134	0.001766002935	98.46965025	1.524531349	0.005818400516	6.595979792	54.16659976	39.23742045	0	0	0	-387.4991898	0.001766002935	-104618.876936239	
384.9391898	84	10	6	0.8523759423	0.001741582691	98.49097934	1.50361331	0.005407350161	6.435657566	54.25847701	39.30586542	0	0	0	-384.9391898	0.001741582691	-105032.495036798	
382.3791898	84	10	6	0.8526190916	0.001717255759	98.51239077	1.482588915	0.005020316356	6.27726595	54.34926306	39.37347099	0	0	0	-382.3791898	0.001717255759	-105427.672752179	
379.8191898	84	10	6	0.8528583912	0.001693018262	98.53388218	1.461461577	0.004656246059	6.120808632	54.43895523	39.44023613	0	0	0	-379.8191898	0.001693018262	-105805.110102799	
377.2591898	84	10	6	0.853093872	0.001668864611	98.55545078	1.440235105	0.004314111108	5.966289547	54.52755109	39.50615936	0	0	0	-377.2591898	0.001668864611	-106159.836538274	
374.6991898	84	10	6	0.8533255629	0.001644788848	98.57709371	1.418913385	0.00399290909	5.813713048	54.61504783	39.57123913	0	0	0	-374.6991898	0.001644788848	-106494.166160596	
372.1391898	84	10	6	0.853553492	0.001620786635	98.59880783	1.397500508	0.003691663761	5.663083729	54.70144247	39.6354738	0	0	0	-372.1391898	0.001620786635	-106810.446283402	
369.5791898	84	10	6	0.8537776861	0.001596853264	98.62058982	1.37600076	0.003409425387	5.514406461	54.78673192	39.69886162	0	0	0	-369.5791898	0.001596853264	-107107.895418462	
367.0191898	84	10	6	0.8539981712	0.001572984197	98.64243611	1.354418619	0.003145271057	5.367686383	54.87091287	39.76140075	0	0	0	-367.0191898	0.001572984197	-107386.959586814	
364.4591898	84	10	6	0.8542149723	0.001549175071	98.66434293	1.332758769	0.002898304935	5.222928886	54.95398189	39.82308923	0	0	0	-364.4591898	0.001549175071	-107648.152633364	
361.8991898	84	10	6	0.8544281135	0.001525421708	98.68630625	1.311026095	0.002667658451	5.080139603	55.0359354	39.883925	0	0	0	-361.8991898	0.001525421708	-107892.057408964	
359.3391898	84	10	6	0.8546376179	0.001501720121	98.70832182	1.289225689	0.002452490439	4.93932439	55.11676969	39.94390592	0	0	0	-359.3391898	0.001501720121	-108119.315557128	
356.7791898	84	10	6	0.8548435077	0.00147806652	98.73038516	1.267362858	0.00225198721	4.800489314	55.1964809	40.00302979	0	0	0	-356.7791898	0.00147806652	-108330.637527929	
354.2191898	84	10	6	0.8550458047	0.001454457323	98.75249152	1.245443118	0.002065362572	4.663640634	55.27506508	40.06129429	0	0	0	-354.2191898	0.001454457323	-108526.805704899	
351.6591898	84	10	6	0.8552445293	0.001430889164	98.77463594	1.223472205	0.001891857802	4.528784785	55.35251816	40.11869706	0	0	0	-351.6591898	0.001430889164	-108708.67532751	
349.0991898	84	10	6	0.8554397017	0.001407358905	98.79681319	1.201456073	0.001730741553	4.395928356	55.42883596	40.17523568	0	0	0	-349.0991898	0.001407358905	-108877.170578428	
346.5391898	84	10	6	0.855631341	0.001383863643	98.81901779	1.179400897	0.001581309717	4.265078072	55.50401426	40.23090767	0	0	0	-346.5391898	0.001383863643	-109033.280692512	
343.9791898	84	10	6	0.855819466	0.001360400721	98.84124404	1.157313076	0.001442885242	4.136240768	55.57804871	40.28571052	0	0	0	-343.9791898	0.001360400721	-109178.081534889	
341.4191898	84	10	6	0.8560040945	0.001336967745	98.86348595	1.135199231	0.001314817888	4.009423374	55.65093495	40.33964167	0	0	0	-341.4191898	0.001336967745	-109312.72008374	
338.8591898	84	10	6	0.856185244	0.001313562589	98.88573731	1.11306621	0.001196483954	3.884632879	55.72266856	40.39269856	0	0	0	-338.8591898	0.001313562589	-109438.410671015	
336.2991898	84	10	6	0.8563629314	0.001290183411	98.90799163	1.090921087	0.001087285948	3.761876315	55.79324508	40.44487861	0	0	0	-336.2991898	0.001290183411	-109556.454498745	
333.7391898	84	10	6	0.856537173	0.001266828667	98.93024219	1.068771158	0.0009866522219	3.641160723	55.86266005	40.49617923	0	0	0	-333.7391898	0.001266828667	-109668.229110445	
331.1791898	84	10	6	0.8567079847	0.001243497123	98.95248201	1.046623949	0.0008940365666	3.522493125	55.93090902	40.54659785	0	0	0	-331.1791898	0.001243497123	-109775.187353655	
328.6191898	84	10	6	0.8568753822	0.001220187869	98.97470388	1.024487203	0.0008089177688	3.405880496	55.99798756	40.59613195	0	0	0	-328.6191898	0.001220187869	-109878.868366843	
326.0591898	84	10	6	0.8570393805	0.001196900336	98.99690031	1.002368891	0.0007307991342	3.291329724	56.06389126	40.64477901	0	0	0	-326.0591898	0.001196900336	-109980.887707833	
323.4991898	84	10	6	0.8571999947	0.001173634306	99.01906359	0.9802771992	0.0006592079783	3.178847583	56.12861582	40.6925366	0	0	0	-323.4991898	0.001173634306	-110082.942081711	
320.9391898	84	10	6	0.8573572392	0.001150389931	99.04118577	0.9582205304	0.0005936950878	3.068440695	56.19215697	40.73940234	0	0	0	-320.9391898	0.001150389931	-110186.82632932	
318.3791898	84	10	6	0.8575111287	0.00112716775	99.06325867	0.9362074998	0.0005338341545	2.960115486	56.25451058	40.78537393	0	0	0	-318.3791898	0.00112716775	-110294.415554565	
315.8191898	84	10	6	0.8576616774	0.0011039687	99.08527385	0.9142469298	0.0004792211854	2.853878155	56.31567265	40.83044919	0	0	0	-315.8191898	0.0011039687	-110407.669189589	
313.2591898	84	10	6	0.8578088996	0.001080794134	99.10722268	0.8923478444	0.0004294738898	2.749734626	56.37563932	40.87462606	0	0	0	-313.2591898	0.001080794134	-110528.642891866	
310.6991898	84	10	6	0.8579528095	0.001057645836	99.12909631	0.8705194628	0.0003842310479	2.647690507	56.4344069	40.91790259	0	0	0	-310.6991898	0.001057645836	-110659.491936959	
308.1391898	84	10	6	0.8580934215	0.001034526039	99.15088566	0.8487711923	0.0003431518617	2.547751045	56.49197194	40.96027702	0	0	0	-308.1391898	0.001034526039	-110802.470736969	
305.5791898	84	10	6	0.8582307498	0.001011437438	99.17258146	0.82711262	0.0003059152925	2.449921077	56.54833118	41.00174774	0	0	0	-305.5791898	0.001011437438	-110959.933978635	
303.0191898	84	10	6	0.8583648091	0.0009883832062	99.19417428	0.8055535037	0.0002722193855	2.354204984	56.60348166	41.04231335	0	0	0	-303.0191898	0.0009883832062	-111134.341021055	
300.4591898	84	10	6	0.8584956142	0.0009653670071	99.21565446	0.7841037614	0.000241780586	2.260606637	56.65742069	41.08197267	0	0	0	-300.4591898	0.0009653670071	-108110.453564022	
300	84	10	6	0.8585187369	0.0001709704743	99.21949481	0.7802685467	0.0002366446324	2.244041779	56.66696687	41.08899136	0	0	0	-300	0.0001709704743	106954.381549504	
