T	w(AL)	w(MG)	w(SI)	fs	fw(@FCC_A1)	w(AL@FCC_A1)	w(MG@FCC_A1)	w(SI@FCC_A1)	w(AL@LIQUID)	w(MG@LIQUID)	w(SI@LIQUID)	dwdT_L(AL@LIQUID)	dwdT_L(MG@LIQUID)	dwdT_L(SI@LIQUID)	-T	fw(@FCC_A1)_1	-T//fw(@FCC_A1)	
K	%	%	%	mole/mole	kg/kg	%	%	%	%	%	%	SI	SI	SI				
875.5214085	88	9	3	0	0	97.41675162	2.388219902	0.1950284788	88	9	3	0.002249125536	-0.001579158735	-0.0006699668005	-875.5214085	0	20.8492717396204	
875.5114085	88	9	3	0.0002374713962	0.0002389210093	97.41640301	2.388543809	0.1950531768	87.99775086	9.001579242	3.000669899	0	0	0	-875.5114085	0.0002389210093	62.8604030963372	
875.4914085	88	9	3	0.0007119183099	0.0004774858394	97.41570585	2.389191569	0.1951025765	87.99325242	9.004737611	3.002009968	0	0	0	-875.4914085	0.0004774858394	83.8570806438211	
875.4514085	88	9	3	0.00165971334	0.0009542331003	97.41431145	2.390487215	0.1952013399	87.98425467	9.011054718	3.004690611	0	0	0	-875.4514085	0.0009542331003	83.9557574176466	
875.3714085	88	9	3	0.00355097036	0.001905897249	97.41152444	2.393076909	0.1953986552	87.96625584	9.023690163	3.010053995	0	0	0	-875.3714085	0.001905897249	84.1769516993445	
875.2114085	88	9	3	0.007316233862	0.003801555493	97.40595598	2.398251519	0.1957925009	87.93024487	9.048965971	3.020789157	0	0	0	-875.2114085	0.003801555493	84.6322044464667	
874.8914085	88	9	3	0.01477840913	0.00756244993	97.3948413	2.408581646	0.196577051	87.85816967	9.099537314	3.042293014	0	0	0	-874.8914085	0.00756244993	85.6232923760338	
874.2514085	88	9	3	0.02941271553	0.01494611134	97.3727051	2.429160247	0.1981346486	87.71380604	9.200746617	3.085447347	0	0	0	-874.2514085	0.01494611134	87.6627973878283	
872.9714085	88	9	3	0.05761287929	0.02923675743	97.3287944	2.470004005	0.201201594	87.42422375	9.403461469	3.172314782	0	0	0	-872.9714085	0.02923675743	91.6735025831652	
870.4114085	88	9	3	0.1100623112	0.05601047179	97.24240657	2.550451653	0.2071417784	86.84163782	9.810099326	3.348262857	0	0	0	-870.4114085	0.05601047179	-1294.88584858995	
867.8514085	88	9	3	0.1576645001	0.05384546733	97.15777159	2.629439039	0.2127893713	86.25454877	10.21874923	3.526702005	0	0	0	-867.8514085	0.05384546733	-1230.52603566065	
865.2914085	88	9	3	0.2010278177	0.05183780103	97.07485672	2.706998026	0.2181452534	85.66298236	10.62943067	3.707586967	0	0	0	-865.2914085	0.05183780103	-1325.48422909014	
862.7314085	88	9	3	0.2406668836	0.04997230495	96.99362883	2.783160551	0.223210616	85.06698031	11.04215144	3.890868253	0	0	0	-862.7314085	0.04997230495	-1423.93842998091	
860.1714085	88	9	3	0.2770175116	0.04823327643	96.91405487	2.857957998	0.2279871324	84.46659877	11.45690688	4.076494348	0	0	0	-860.1714085	0.04823327643	-1524.87146869875	
857.6114085	88	9	3	0.3104510154	0.04660708629	96.8361019	2.931421183	0.2324769193	83.86190951	11.87367946	4.264411033	0	0	0	-857.6114085	0.04660708629	-1628.01380761594	
855.0514085	88	9	3	0.341285559	0.04508187532	96.75973709	3.003580406	0.2366825082	83.25300054	12.29243857	4.454560886	0	0	0	-855.0514085	0.04508187532	-1733.08781371302	
852.4914085	88	9	3	0.3697952156	0.04364727858	96.6849277	3.074465476	0.2406068205	82.63997669	12.71314048	4.64688283	0	0	0	-852.4914085	0.04364727858	-1839.80042511144	
849.9314085	88	9	3	0.3962172542	0.04229420115	96.61164112	3.144105737	0.2442531446	82.02296012	13.13572814	4.84131174	0	0	0	-849.9314085	0.04229420115	-1947.84802397695	
847.3714085	88	9	3	0.4207580424	0.04101463468	96.53984481	3.212530075	0.2476251164	81.40209069	13.5601312	5.037778105	0	0	0	-847.3714085	0.04101463468	-2056.92228008425	
844.8114085	88	9	3	0.443597862	0.03980150631	96.46950638	3.279766916	0.2507267003	80.77752628	13.98626597	5.236207751	0	0	0	-844.8114085	0.03980150631	-2166.71690581277	
842.2514085	88	9	3	0.4648948626	0.03864855367	96.40059361	3.345844219	0.253562172	80.14944283	14.41403554	5.436521629	0	0	0	-842.2514085	0.03864855367	-2276.9350423651	
839.6914085	88	9	3	0.4847883255	0.03755022072	96.33307444	3.410789461	0.2561361017	79.51803439	14.84332994	5.638635669	0	0	0	-839.6914085	0.03755022072	-2387.29705231166	
837.1314085	88	9	3	0.503401376	0.03650157058	96.26691705	3.474629617	0.2584533378	78.88351286	15.27402644	5.8424607	0	0	0	-837.1314085	0.03650157058	-2497.54847385702	
834.5714085	88	9	3	0.5208432463	0.03549821209	96.20208987	3.537391137	0.2605189908	78.24610761	15.70598993	6.04790246	0	0	0	-834.5714085	0.03549821209	-2607.46766690975	
832.0114085	88	9	3	0.5372111752	0.03453623753	96.13856167	3.599099917	0.2623384168	77.60606492	16.13907342	6.25486166	0	0	0	-832.0114085	0.03453623753	-2716.87280974123	
829.4514085	88	9	3	0.5525920087	0.03361216941	96.07630153	3.659781271	0.2639172011	76.96364717	16.57311869	6.463234146	0	0	0	-829.4514085	0.03361216941	-2825.62800903994	
826.8914085	88	9	3	0.567063556	0.03272291471	96.01527895	3.719459906	0.2652611404	76.31913184	17.00795703	6.672911124	0	0	0	-826.8914085	0.03272291471	-2933.64808762701	
824.3314085	88	9	3	0.5806957409	0.03186572509	95.95546389	3.778159886	0.2663762259	75.6728104	17.44341013	6.883779472	0	0	0	-824.3314085	0.03186572509	-3040.90201390911	
821.7714085	88	9	3	0.5935515855	0.03103816211	95.89682676	3.835904614	0.267268624	75.02498687	17.87929102	7.095722114	0	0	0	-821.7714085	0.03103816211	-3147.41452754073	
819.2114085	88	9	3	0.6056880517	0.0302380663	95.83933854	3.892716801	0.2679446578	74.37597631	18.31540522	7.308618472	0	0	0	-819.2114085	0.0302380663	-3253.26624563368	
816.6514085	88	9	3	0.6171567649	0.02946352964	95.78297077	3.948618446	0.268410787	73.72610315	18.75155187	7.522344973	0	0	0	-816.6514085	0.02946352964	-3358.59226122832	
814.0914085	88	9	3	0.6280046369	0.02871287063	95.72769559	4.003630823	0.2686735878	73.07569933	19.18752506	7.736775616	0	0	0	-814.0914085	0.02871287063	-3463.57896304917	
811.5314085	88	9	3	0.6382744048	0.02798461153	95.6734858	4.057774463	0.2687397325	72.42510236	19.62311506	7.951782583	0	0	0	-811.5314085	0.02798461153	-3568.45989247855	
808.9714085	88	9	3	0.6480050979	0.0272774575	95.62031488	4.11106915	0.2686159679	71.77465336	20.05810977	8.167236876	0	0	0	-808.9714085	0.0272774575	-3673.51074362361	
806.4114085	88	9	3	0.6572324433	0.02659027731	95.56815699	4.163533914	0.2683090948	71.12469493	20.49229607	8.383008993	0	0	0	-806.4114085	0.02659027731	-3779.04435159576	
803.8514085	88	9	3	0.6659892186	0.02592208567	95.51698702	4.215187036	0.2678259471	70.47556917	20.92546122	8.59896961	0	0	0	-803.8514085	0.02592208567	-3885.40397674291	
801.2914085	88	9	3	0.6743055609	0.0252720263	95.46678058	4.266046049	0.2671733712	69.82761552	21.35739422	8.814990261	0	0	0	-801.2914085	0.0252720263	-3992.94849634194	
798.7314085	88	9	3	0.682209235	0.02463935394	95.41751403	4.316127769	0.2663582036	69.18116894	21.78788707	9.03094399	0	0	0	-798.7314085	0.02463935394	-4102.05630370805	
796.1714085	88	9	3	0.6897258701	0.02402342295	95.36916445	4.365448302	0.2653872524	68.53655789	22.2167361	9.246706007	0	0	0	-796.1714085	0.02402342295	-4213.12978541606	
793.6114085	88	9	3	0.6968791681	0.0234236746	95.32170967	4.414023052	0.2642672806	67.89410256	22.64374312	9.462154318	0	0	0	-793.6114085	0.0234236746	-4326.57030903438	
791.0514085	88	9	3	0.7036910856	0.02283962147	95.27512826	4.461866755	0.2630049867	67.25411319	23.06871652	9.677170288	0	0	0	-791.0514085	0.02283962147	-4442.77340739245	
788.4914085	88	9	3	0.7101819948	0.02227083693	95.22939951	4.508993506	0.261606988	66.61688863	23.49147221	9.891639163	0	0	0	-788.4914085	0.02227083693	-4562.1354546488	
785.9314085	88	9	3	0.7163708263	0.02171694498	95.1845034	4.555416792	0.2600798058	65.98271501	23.91183446	10.10545054	0	0	0	-785.9314085	0.02171694498	-4685.04739059005	
783.3714085	88	9	3	0.7222751949	0.02117761082	95.14042063	4.601149517	0.2584298511	65.35186457	24.32963667	10.31849876	0	0	0	-783.3714085	0.02117761082	-4811.89043595996	
780.8114085	88	9	3	0.7279115125	0.02065253232	95.09713255	4.646204038	0.2566634124	64.72459476	24.74472196	10.53068328	0	0	0	-780.8114085	0.02065253232	-4943.03409729598	
778.2514085	88	9	3	0.7332950872	0.02014143265	95.05462115	4.6905922	0.254786645	64.10114746	25.15694359	10.74190895	0	0	0	-778.2514085	0.02014143265	-5078.83480793563	
775.6914085	88	9	3	0.7384402137	0.01964405379	95.01286908	4.734325363	0.2528055615	63.48174843	25.56616538	10.95208619	0	0	0	-775.6914085	0.01964405379	-5219.63456369819	
773.1314085	88	9	3	0.7433602523	0.019160151	94.97185954	4.777414437	0.2507260237	62.86660695	25.97226185	11.1611312	0	0	0	-773.1314085	0.019160151	-5365.76041290889	
770.5714085	88	9	3	0.7480677017	0.01868948818	94.93157635	4.819869915	0.2485537367	62.25591558	26.37511841	11.36896602	0	0	0	-770.5714085	0.01868948818	-5517.52412016697	
768.0114085	88	9	3	0.7525742638	0.01823183404	94.89200386	4.8617019	0.2462942436	61.64985015	26.77463129	11.57551855	0	0	0	-768.0114085	0.01823183404	-5675.22229023984	
765.4514085	88	9	3	0.7568909021	0.01778695906	94.85312694	4.902920138	0.2439529215	61.04856988	27.17070751	11.7807226	0	0	0	-765.4514085	0.01778695906	-5839.13643344512	
762.8914085	88	9	3	0.7610278954	0.01735463308	94.81493098	4.943534038	0.2415349798	60.45221761	27.56326463	11.98451776	0	0	0	-762.8914085	0.01735463308	-6012.50947666274	
760.3314085	88	9	3	0.7649949916	0.01693502172	94.77740006	4.983554492	0.2390454505	59.86091302	27.9522359	12.18685108	0	0	0	-760.3314085	0.01693502172	-6187.61208646343	
757.7714085	88	9	3	0.7688010779	0.01652685682	94.74052374	5.022987074	0.2364891832	59.27478255	28.33754854	12.38766891	0	0	0	-757.7714085	0.01652685682	-6368.96148341851	
755.2114085	88	9	3	0.7724547085	0.01613076086	94.70428729	5.061841801	0.2338709083	58.69391444	28.71915534	12.58693022	0	0	0	-755.2114085	0.01613076086	-6561.98234881831	
752.6514085	88	9	3	0.7759638691	0.01574626038	94.66867786	5.100126984	0.2311951597	58.11839054	29.09701299	12.78459647	0	0	0	-752.6514085	0.01574626038	-6760.70983865417	
750.0914085	88	9	3	0.7793360653	0.01537310429	94.63368299	5.1378507	0.2284663058	57.54827904	29.47108691	12.98063405	0	0	0	-750.0914085	0.01537310429	-6967.05062280083	
747.5314085	88	9	3	0.7825783551	0.01501103817	94.59929063	5.175020816	0.2256885526	56.98363512	29.84135077	13.17501411	0	0	0	-747.5314085	0.01501103817	-7181.2061780361	
744.9714085	88	9	3	0.7856973773	0.01465980328	94.56548906	5.211644995	0.2228659465	56.4245017	30.20778603	13.36771227	0	0	0	-744.9714085	0.01465980328	-7403.35803912323	
742.4114085	88	9	3	0.7886993796	0.0143191373	94.53226691	5.247730715	0.2200023787	55.87091021	30.5703814	13.55870839	0	0	0	-742.4114085	0.0143191373	-7633.68014739419	
739.8514085	88	9	3	0.7915902429	0.01398877504	94.49961314	5.283285275	0.2171015888	55.32288133	30.92913236	13.74798631	0	0	0	-739.8514085	0.01398877504	-7872.33779569668	
737.2914085	88	9	3	0.7943755052	0.01366844917	94.46751703	5.318315804	0.2141671691	54.78042579	31.28404062	13.93553359	0	0	0	-737.2914085	0.01366844917	-8119.48799354784	
734.7314085	88	9	3	0.7970603834	0.01335789102	94.43596816	5.352829269	0.2112025694	54.24354506	31.63511369	14.12134125	0	0	0	-734.7314085	0.01335789102	-8375.2808726884	
732.1714085	88	9	3	0.7996497932	0.01305683143	94.40495642	5.386832482	0.208211101	53.71223213	31.98236434	14.30540353	0	0	0	-732.1714085	0.01305683143	-8639.85935212008	
729.6114085	88	9	3	0.8021483684	0.01276500149	94.37447195	5.420332106	0.205195942	53.1864722	32.3258102	14.48771761	0	0	0	-729.6114085	0.01276500149	-8913.35964135664	
727.0514085	88	9	3	0.8045604784	0.01248213335	94.3445052	5.453334658	0.2021601417	52.66624336	32.66547322	14.66828342	0	0	0	-727.0514085	0.01248213335	-9195.91274209577	
724.4914085	88	9	3	0.8068902446	0.01220796097	94.31504686	5.485846512	0.1991066251	52.15151726	33.00137936	14.84710338	0	0	0	-724.4914085	0.01220796097	-9487.64328419689	
721.9314085	88	9	3	0.8091415559	0.01194222074	94.2860879	5.517873905	0.1960381978	51.64225972	33.33355808	15.0241822	0	0	0	-721.9314085	0.01194222074	-9788.67091880518	
719.3714085	88	9	3	0.8113180831	0.01168465218	94.25761951	5.549422938	0.1929575504	51.13843132	33.66204202	15.19952666	0	0	0	-719.3714085	0.01168465218	-10099.1107532247	
716.8114085	88	9	3	0.8134232922	0.01143499846	94.22963316	5.580499579	0.1898672627	50.63998796	33.98686665	15.37314539	0	0	0	-716.8114085	0.01143499846	-10419.0730102874	
714.2514085	88	9	3	0.8154604571	0.01119300693	94.20212053	5.611109664	0.1867698086	50.14688138	34.30806988	15.54504874	0	0	0	-714.2514085	0.01119300693	-10748.6633375776	
711.6914085	88	9	3	0.8174326714	0.01095842953	94.17507354	5.641258897	0.1836675594	49.65905966	34.62569178	15.71524856	0	0	0	-711.6914085	0.01095842953	-11087.9834885394	
709.1314085	88	9	3	0.8193428594	0.01073102321	94.14848436	5.670952856	0.1805627886	49.17646765	34.9397743	15.88375805	0	0	0	-709.1314085	0.01073102321	-11437.1319333007	
706.5714085	88	9	3	0.8211937861	0.01051055024	94.12234534	5.700196989	0.1774576753	48.69904741	35.25036098	16.05059161	0	0	0	-706.5714085	0.01051055024	-11796.2031160426	
704.0114085	88	9	3	0.8229880673	0.01029677847	94.09664907	5.728996618	0.1743543082	48.22673858	35.55749672	16.2157647	0	0	0	-704.0114085	0.01029677847	-12165.2880433431	
701.4514085	88	9	3	0.8247281783	0.01008948155	94.07138837	5.757356938	0.1712546886	47.75947878	35.86122752	16.3792937	0	0	0	-701.4514085	0.01008948155	-12544.4735984892	
698.8914085	88	9	3	0.8264164626	0.009888439064	94.04655625	5.785283019	0.1681607346	47.2972039	36.1616003	16.5411958	0	0	0	-698.8914085	0.009888439064	-12933.8466141379	
696.3314085	88	9	3	0.8280551395	0.009693436773	94.02214591	5.812779805	0.1650742834	46.8398484	36.45866272	16.70148888	0	0	0	-696.3314085	0.009693436773	-13333.486114784	
693.7714085	88	9	3	0.8296463117	0.00950426644	93.99815079	5.839852117	0.1619970952	46.38734563	36.75246297	16.8601914	0	0	0	-693.7714085	0.00950426644	-13743.4724357138	
691.2114085	88	9	3	0.8311919722	0.009320726223	93.97456449	5.866504652	0.1589308555	45.93962804	37.04304963	17.01732232	0	0	0	-691.2114085	0.009320726223	-14163.8832995022	
688.6514085	88	9	3	0.8326940108	0.009142620369	93.95138084	5.892741982	0.1558771781	45.49662742	37.33047154	17.17290103	0	0	0	-688.6514085	0.009142620369	-14594.7898208753	
686.0914085	88	9	3	0.8341542201	0.008969759377	93.92859383	5.918568559	0.1528376077	45.05827512	37.61477766	17.32694723	0	0	0	-686.0914085	0.008969759377	-15036.2647541485	
683.5314085	88	9	3	0.8355743015	0.008801959896	93.90619767	5.943988711	0.1498136225	44.62450221	37.89601693	17.47948086	0	0	0	-683.5314085	0.008801959896	-15488.3766833976	
680.9714085	88	9	3	0.8369558698	0.008639044667	93.88418672	5.969006645	0.1468066361	44.19523968	38.17423822	17.6305221	0	0	0	-680.9714085	0.008639044667	-15951.1921636825	
678.4114085	88	9	3	0.8383004591	0.008480842438	93.86255555	5.993626447	0.1438180002	43.77041857	38.44949019	17.78009124	0	0	0	-678.4114085	0.008480842438	-16424.7755566255	
675.8514085	88	9	3	0.8396095268	0.008327187864	93.84129891	6.017852083	0.1408490067	43.34997012	38.72182125	17.92820864	0	0	0	-675.8514085	0.008327187864	-16909.1892587122	
673.2914085	88	9	3	0.8408844585	0.008177921395	93.82041171	6.041687399	0.137900889	42.93382586	38.99127943	18.07489471	0	0	0	-673.2914085	0.008177921395	-17404.4933515967	
670.7314085	88	9	3	0.8421265717	0.008032889144	93.79988905	6.065136122	0.1349748248	42.52191776	39.25791237	18.22016986	0	0	0	-670.7314085	0.008032889144	-17910.7459277454	
668.1714085	88	9	3	0.8433371197	0.007891942759	93.7797262	6.08820186	0.1320719372	42.1141783	39.52176726	18.36405444	0	0	0	-668.1714085	0.007891942759	-18428.0033487176	
665.6114085	88	9	3	0.8445172956	0.007754939279	93.7599186	6.110888103	0.1291932967	41.71054055	39.78289073	18.50656872	0	0	0	-665.6114085	0.007754939279	-18956.319809887	
663.0514085	88	9	3	0.8456682352	0.007621740985	93.74046185	6.133198227	0.1263399228	41.31093823	40.04132891	18.64773286	0	0	0	-663.0514085	0.007621740985	-19495.7477226906	
660.4914085	88	9	3	0.8467910206	0.007492215252	93.72135173	6.155135487	0.1235127851	40.91530584	40.29712728	18.78756688	0	0	0	-660.4914085	0.007492215252	-20046.3378669754	
657.9314085	88	9	3	0.8478866828	0.007366234395	93.70258417	6.176703026	0.1207128053	40.52357862	40.55033074	18.92609064	0	0	0	-657.9314085	0.007366234395	-20608.1389081555	
655.3714085	88	9	3	0.8489562047	0.00724367551	93.68415527	6.197903871	0.1179408581	40.13569268	40.80098352	19.06332381	0	0	0	-655.3714085	0.00724367551	-21181.1979130449	
652.8114085	88	9	3	0.8500005239	0.007124420324	93.66606129	6.218740934	0.1151977729	39.75158496	41.04912917	19.19928587	0	0	0	-652.8114085	0.007124420324	-21765.5602392966	
650.2514085	88	9	3	0.8510205348	0.007008355035	93.64829865	6.239217014	0.1124843346	39.37119335	41.29481058	19.33399606	0	0	0	-650.2514085	0.007008355035	-22361.2696201411	
647.6914085	88	9	3	0.8520170913	0.006895370163	93.63086392	6.259334798	0.1098012849	38.99445666	41.53806992	19.46747342	0	0	0	-647.6914085	0.006895370163	-22968.3678879867	
645.1314085	88	9	3	0.8529910086	0.006785360391	93.61375382	6.279096858	0.1071493235	38.62131465	41.77894864	19.59973672	0	0	0	-645.1314085	0.006785360391	-23586.8952880375	
642.5714085	88	9	3	0.8539430656	0.006678224422	93.59696523	6.298505658	0.1045291093	38.25170805	42.01748747	19.73080448	0	0	0	-642.5714085	0.006678224422	-24216.8905867387	
640.0114085	88	9	3	0.8548740066	0.006573864827	93.58049519	6.317563549	0.101941261	37.8855786	42.25372643	19.86069497	0	0	0	-640.0114085	0.006573864827	-24858.3904130584	
637.4514085	88	9	3	0.8557845432	0.006472187901	93.56434087	6.336272772	0.09938635842	37.52286902	42.48770481	19.98942617	0	0	0	-637.4514085	0.006472187901	-25511.4304705163	
634.8914085	88	9	3	0.8566753559	0.006373103528	93.5484996	6.354635459	0.09686494313	37.16352303	42.71946115	20.11701582	0	0	0	-634.8914085	0.006373103528	-26176.0442552734	
632.3314085	88	9	3	0.857547096	0.006276525034	93.53296885	6.372653632	0.09437751967	36.80748537	42.94903328	20.24348135	0	0	0	-632.3314085	0.006276525034	-26852.2638039007	
629.7714085	88	9	3	0.8584003868	0.006182369064	93.51774624	6.390329205	0.09192455621	36.45470178	43.1764583	20.36883992	0	0	0	-629.7714085	0.006182369064	-27540.1196377064	
627.2114085	88	9	3	0.859235825	0.006090555444	93.50282953	6.407663983	0.08950648541	36.10511901	43.40177258	20.49310841	0	0	0	-627.2114085	0.006090555444	-28239.6402864895	
624.6514085	88	9	3	0.8600539825	0.006001007061	93.48821663	6.424659664	0.08712370521	35.75868482	43.62501179	20.61630339	0	0	0	-624.6514085	0.006001007061	-28950.8533229373	
622.0914085	88	9	3	0.8608554069	0.005913649741	93.47390558	6.441317839	0.08477657967	35.41534793	43.84621089	20.73844118	0	0	0	-622.0914085	0.005913649741	-29673.7836320609	
619.5314085	88	9	3	0.8616406236	0.005828412126	93.45989457	6.457639993	0.08246543963	35.0750581	44.06540412	20.85953779	0	0	0	-619.5314085	0.005828412126	-30408.4550865448	
616.9714085	88	9	3	0.862410136	0.00574522557	93.44618191	6.473627502	0.08019058351	34.73776602	44.28262504	20.97960894	0	0	0	-616.9714085	0.00574522557	-31154.8902137991	
614.4114085	88	9	3	0.8631644274	0.005664024023	93.43276608	6.489281638	0.077952278	34.40342338	44.49790652	21.09867009	0	0	0	-614.4114085	0.005664024023	-31913.1086880863	
611.8514085	88	9	3	0.8639039614	0.005584743926	93.41964568	6.504603565	0.07575075875	34.07198283	44.71128077	21.2167364	0	0	0	-611.8514085	0.005584743926	-32683.1290774918	
609.2914085	88	9	3	0.864629183	0.005507324113	93.40681942	6.519594344	0.07358623106	33.74339794	44.92277931	21.33382275	0	0	0	-609.2914085	0.005507324113	-33464.968745266	
606.7314085	88	9	3	0.8653405198	0.005431705713	93.3942862	6.534254928	0.07145887053	33.41762324	45.13243303	21.44994373	0	0	0	-606.7314085	0.005431705713	-34258.6419684594	
604.1714085	88	9	3	0.8660383823	0.005357832051	93.38204501	6.548586167	0.06936882376	33.09461416	45.34027216	21.56511368	0	0	0	-604.1714085	0.005357832051	-35064.1620904561	
601.6114085	88	9	3	0.8667231653	0.005285648567	93.37009499	6.562588802	0.06731620892	32.77432704	45.5463263	21.67934665	0	0	0	-601.6114085	0.005285648567	-35881.5405199747	
599.0514085	88	9	3	0.867395248	0.005215102721	93.35843541	6.576263471	0.06530111645	32.45671913	45.75062444	21.79265643	0	0	0	-599.0514085	0.005215102721	-36710.7859821732	
596.4914085	88	9	3	0.8680549954	0.005146143915	93.34706568	6.589610708	0.06332360966	32.14174852	45.95319495	21.90505653	0	0	0	-596.4914085	0.005146143915	-37551.9060065457	
593.9314085	88	9	3	0.8687027583	0.005078723412	93.33598534	6.602630938	0.06138372533	31.82937419	46.1540656	22.01656021	0	0	0	-593.9314085	0.005078723412	-38404.9058412994	
591.3714085	88	9	3	0.8693388745	0.00501279426	93.32519404	6.615324482	0.05948147438	31.51955595	46.35326358	22.12718047	0	0	0	-591.3714085	0.00501279426	-39269.7884693453	
588.8114085	88	9	3	0.8699636691	0.004948311218	93.3146916	6.627691556	0.0576168424	31.21225445	46.5508155	22.23693005	0	0	0	-588.8114085	0.004948311218	-40146.5544748949	
586.2514085	88	9	3	0.8705774552	0.004885230686	93.30447794	6.639732267	0.05578979032	30.90743114	46.74674742	22.34582145	0	0	0	-586.2514085	0.004885230686	-41035.2025922534	
583.6914085	88	9	3	0.8711805342	0.004823510639	93.29455313	6.651446619	0.05400025498	30.60504828	46.94108482	22.4538669	0	0	0	-583.6914085	0.004823510639	-41935.7297798532	
581.1314085	88	9	3	0.8717731967	0.004763110563	93.28491734	6.662834507	0.05224814972	30.30506891	47.13385267	22.56107842	0	0	0	-581.1314085	0.004763110563	-42848.1295837355	
578.5714085	88	9	3	0.8723557227	0.00470399139	93.27557092	6.673895718	0.050533365	30.00745684	47.3250754	22.66746776	0	0	0	-578.5714085	0.00470399139	-43772.3929787157	
576.0114085	88	9	3	0.8729283821	0.004646115442	93.2665143	6.684629933	0.04885576895	29.71217661	47.51477692	22.77304647	0	0	0	-576.0114085	0.004646115442	-44708.5096311924	
573.4514085	88	9	3	0.8734914353	0.004589446375	93.25774807	6.695036722	0.047215208	29.41919354	47.70298063	22.87782583	0	0	0	-573.4514085	0.004589446375	-45656.4652367104	
570.8914085	88	9	3	0.8740451335	0.004533949121	93.24927294	6.70511555	0.04561150748	29.12847362	47.88970945	22.98181693	0	0	0	-570.8914085	0.004533949121	-46616.243616496	
568.3314085	88	9	3	0.874589719	0.004479589842	93.24108976	6.714865768	0.04404447216	28.83998359	48.07498579	23.08503062	0	0	0	-568.3314085	0.004479589842	-47587.8257475314	
565.7714085	88	9	3	0.8751254257	0.004426335875	93.23319949	6.724286619	0.04251388687	28.55369085	48.25883163	23.18747753	0	0	0	-565.7714085	0.004426335875	-48571.1889562002	
563.2114085	88	9	3	0.8756524795	0.004374155688	93.22560325	6.733377233	0.04101951709	28.26956349	48.44126843	23.28916809	0	0	0	-563.2114085	0.004374155688	-49566.3077223761	
560.6514085	88	9	3	0.8761710984	0.004323018832	93.21830226	6.742136628	0.03956110954	27.98757026	48.62231724	23.3901125	0	0	0	-560.6514085	0.004323018832	-50573.1533509533	
558.0914085	88	9	3	0.8766814932	0.0042728959	93.2112979	6.75056371	0.03813839278	27.70768055	48.80199866	23.49032079	0	0	0	-558.0914085	0.0042728959	-51591.694823234	
555.5314085	88	9	3	0.8771838675	0.004223758485	93.20459165	6.75865727	0.03675107776	27.42986441	48.98033284	23.58980276	0	0	0	-555.5314085	0.004223758485	-52621.8963805793	
552.9714085	88	9	3	0.8776784181	0.004175579138	93.19818516	6.766415983	0.03539885846	27.15409247	49.15733952	23.68856801	0	0	0	-552.9714085	0.004175579138	-53663.7186598408	
550.4114085	88	9	3	0.8781653353	0.004128331332	93.19208018	6.773838408	0.03408141247	26.88033601	49.33303804	23.78662596	0	0	0	-550.4114085	0.004128331332	-54717.1187599684	
547.8514085	88	9	3	0.878644803	0.004081989424	93.18627861	6.780922987	0.03279840156	26.60856686	49.5074473	23.88398584	0	0	0	-547.8514085	0.004081989424	-55782.0501920836	
545.2914085	88	9	3	0.8791169993	0.004036528622	93.18078249	6.78766804	0.03154947231	26.33875747	49.68058585	23.98065668	0	0	0	-545.2914085	0.004036528622	-56858.463239343	
542.7314085	88	9	3	0.8795820963	0.003991924951	93.17559397	6.794071771	0.03033425669	26.07088083	49.85247181	24.07664736	0	0	0	-542.7314085	0.003991924951	-57946.301730392	
540.1714085	88	9	3	0.8800402607	0.003948155218	93.17071537	6.800132258	0.02915237263	25.8049105	50.02312296	24.17196654	0	0	0	-540.1714085	0.003948155218	-59045.506233714	
537.6114085	88	9	3	0.8804916537	0.003905196986	93.16614912	6.805847458	0.02800342469	25.54082058	50.19255668	24.26662274	0	0	0	-537.6114085	0.003905196986	-60156.0139574948	
535.0514085	88	9	3	0.8809364317	0.003863028542	93.16189779	6.811215202	0.02688700456	25.27858571	50.36079001	24.36062428	0	0	0	-535.0514085	0.003863028542	-61277.7549823764	
532.4914085	88	9	3	0.8813747459	0.003821628868	93.15796411	6.816233194	0.02580269174	25.01818103	50.52783964	24.45397933	0	0	0	-532.4914085	0.003821628868	-62410.6543252967	
529.9314085	88	9	3	0.8818067427	0.003780977615	93.15435094	6.82089901	0.0247500541	24.75958222	50.69372189	24.54669589	0	0	0	-529.9314085	0.003780977615	-63554.6346453542	
527.3714085	88	9	3	0.8822325643	0.00374105508	93.15106126	6.825210096	0.02372864848	24.50276542	50.85845278	24.63878179	0	0	0	-527.3714085	0.00374105508	-64709.6103471071	
524.8114085	88	9	3	0.8826523481	0.003701842175	93.14809821	6.829163766	0.0227380213	24.2477073	51.02204797	24.73024473	0	0	0	-524.8114085	0.003701842175	-65875.4916624956	
522.2514085	88	9	3	0.8830662276	0.003663320411	93.14546509	6.832757199	0.02177770913	23.99438497	51.18452282	24.82109221	0	0	0	-522.2514085	0.003663320411	-67052.1819854307	
519.6914085	88	9	3	0.8834743321	0.003625471867	93.14316532	6.835987438	0.02084723934	23.74277604	51.34589234	24.91133161	0	0	0	-519.6914085	0.003625471867	-68239.5766787198	
517.1314085	88	9	3	0.8838767869	0.003588279174	93.14120248	6.838851388	0.01994613061	23.49285856	51.50617128	25.00097016	0	0	0	-517.1314085	0.003588279174	-69437.5695106573	
514.5714085	88	9	3	0.8842737138	0.003551725494	93.13958029	6.841345813	0.01907389363	23.24461102	51.66537406	25.09001493	0	0	0	-514.5714085	0.003551725494	-70646.0438389604	
512.0114085	88	9	3	0.8846652307	0.003515794496	93.13830263	6.843467335	0.01823003158	22.99801236	51.8235148	25.17847284	0	0	0	-512.0114085	0.003515794496	-71864.8743427117	
509.4514085	88	9	3	0.8850514521	0.003480470339	93.13737353	6.845212431	0.01741404082	22.75304197	51.98060734	25.26635069	0	0	0	-509.4514085	0.003480470339	-73093.9329192995	
506.8914085	88	9	3	0.8854324892	0.003445737656	93.13679716	6.846577429	0.01662541139	22.50967963	52.13666525	25.35365512	0	0	0	-506.8914085	0.003445737656	-74333.0818980628	
504.3314085	88	9	3	0.8858084497	0.003411581532	93.13657786	6.847558509	0.01586362766	22.26790554	52.2917018	25.44039266	0	0	0	-504.3314085	0.003411581532	-75582.1733484545	
501.7714085	88	9	3	0.8861794386	0.003377987489	93.13672013	6.848151697	0.01512816887	22.02770031	52.44573001	25.52656968	0	0	0	-501.7714085	0.003377987489	-76841.0521749137	
499.2114085	88	9	3	0.8865455573	0.003344941469	93.13722863	6.848352864	0.01441850972	21.78904496	52.59876261	25.61219242	0	0	0	-499.2114085	0.003344941469	-78109.5558036601	
496.6514085	88	9	3	0.8869069048	0.00331242982	93.13810816	6.848157723	0.01373412094	21.55192088	52.7508121	25.69726702	0	0	0	-496.6514085	0.00331242982	-79387.5135021984	
494.0914085	88	9	3	0.887263577	0.00328043928	93.1393637	6.847561827	0.01307446984	21.31630984	52.9018907	25.78179946	0	0	0	-494.0914085	0.00328043928	-80674.7408403635	
491.5314085	88	9	3	0.8876156671	0.00324895696	93.14100042	6.846560563	0.01243902092	21.082194	53.05201039	25.86579561	0	0	0	-491.5314085	0.00324895696	-81971.0466451069	
488.9714085	88	9	3	0.8879632658	0.003217970335	93.14302361	6.845149156	0.01182723635	20.84955588	53.20118291	25.94926121	0	0	0	-488.9714085	0.003217970335	-83276.2295485624	
486.4114085	88	9	3	0.8883064609	0.003187467226	93.14543877	6.843322657	0.01123857659	20.61837836	53.34941976	26.03220189	0	0	0	-486.4114085	0.003187467226	-84590.0754677471	
483.8514085	88	9	3	0.8886453382	0.00315743579	93.14825155	6.841075946	0.01067250088	20.38864467	53.49673218	26.11462315	0	0	0	-483.8514085	0.00315743579	-85912.3621034078	
481.2914085	88	9	3	0.8889799809	0.003127864507	93.1514678	6.838403729	0.01012846782	20.16033839	53.64313122	26.19653039	0	0	0	-481.2914085	0.003127864507	-87242.8501620428	
478.7314085	88	9	3	0.8893104698	0.003098742165	93.15509353	6.83530053	0.009605935852	19.93344346	53.78862767	26.27792887	0	0	0	-478.7314085	0.003098742165	-88581.2934623768	
476.1714085	88	9	3	0.8896368836	0.003070057855	93.15913494	6.831760694	0.009104363806	19.70794413	53.93323211	26.35882376	0	0	0	-476.1714085	0.003070057855	-89927.4353236307	
473.6114085	88	9	3	0.8899592988	0.003041800955	93.16359841	6.827778379	0.008623211406	19.483825	54.0769549	26.4392201	0	0	0	-473.6114085	0.003041800955	-91280.9963701158	
471.0514085	88	9	3	0.89027779	0.003013961118	93.16849051	6.823347555	0.008161939767	19.26107097	54.21980619	26.51912284	0	0	0	-471.0514085	0.003013961118	-92641.6915076585	
468.4914085	88	9	3	0.8905924295	0.002986528268	93.17381799	6.818461999	0.007720011884	19.03966729	54.36179591	26.5985368	0	0	0	-468.4914085	0.002986528268	-94009.2231798411	
465.9314085	88	9	3	0.8909032877	0.002959492585	93.17958781	6.813115295	0.007296893119	18.8195995	54.50293379	26.67746671	0	0	0	-465.9314085	0.002959492585	-95383.2699512861	
463.3714085	88	9	3	0.8912104333	0.002932844495	93.18580712	6.807300827	0.006892051664	18.60085348	54.64322935	26.75591718	0	0	0	-463.3714085	0.002932844495	-96763.5034663557	
460.8114085	88	9	3	0.891513933	0.002906574666	93.19248326	6.801011777	0.006504959002	18.38341537	54.7826919	26.83389273	0	0	0	-460.8114085	0.002906574666	-98149.5756426508	
458.2514085	88	9	3	0.8918138517	0.002880673992	93.19962379	6.794241121	0.006135090357	18.16727166	54.92133058	26.91139777	0	0	0	-458.2514085	0.002880673992	-99541.125576516	
455.6914085	88	9	3	0.8921102526	0.002855133593	93.20723645	6.786981627	0.005781925121	17.9524091	55.05915431	26.9884366	0	0	0	-455.6914085	0.002855133593	-100937.772373581	
453.1314085	88	9	3	0.8924031974	0.002829944797	93.2153292	6.779225851	0.005444947282	17.73881475	55.19617182	27.06501344	0	0	0	-453.1314085	0.002829944797	-102339.117104311	
450.5714085	88	9	3	0.892692746	0.002805099141	93.22391022	6.770966134	0.005123645832	17.52647595	55.33239166	27.14113239	0	0	0	-450.5714085	0.002805099141	-103744.745241799	
448.0114085	88	9	3	0.8929789566	0.002780588356	93.23298789	6.762194598	0.004817515161	17.31538034	55.4678222	27.21679746	0	0	0	-448.0114085	0.002780588356	-105154.220536227	
445.4514085	88	9	3	0.8932618862	0.002756404365	93.2425708	6.752903142	0.004526055436	17.10551584	55.6024716	27.29201256	0	0	0	-445.4514085	0.002756404365	-106567.099520518	
442.8914085	88	9	3	0.8935415901	0.002732539276	93.25266779	6.743083442	0.004248772972	16.89687062	55.73634786	27.36678152	0	0	0	-442.8914085	0.002732539276	-107982.889990156	
440.3314085	88	9	3	0.8938181222	0.002708985362	93.26328788	6.732726944	0.003985180584	16.68943316	55.86945879	27.44110805	0	0	0	-440.3314085	0.002708985362	-109401.099800712	
437.7714085	88	9	3	0.894091535	0.002685735076	93.27444034	6.721824865	0.003734797919	16.4831922	56.00181202	27.51499577	0	0	0	-437.7714085	0.002685735076	-110821.226279249	
435.2114085	88	9	3	0.8943618797	0.002662781028	93.28613466	6.710368188	0.003497151786	16.27813675	56.13341502	27.58844822	0	0	0	-435.2114085	0.002662781028	-112242.722973103	
432.6514085	88	9	3	0.894629206	0.002640115985	93.29838056	6.698347659	0.003271776453	16.07425609	56.26427507	27.66146884	0	0	0	-432.6514085	0.002640115985	-113665.036093821	
430.0914085	88	9	3	0.8948935624	0.002617732865	93.311188	6.685753787	0.003058213944	15.87153975	56.39439928	27.73406097	0	0	0	-430.0914085	0.002617732865	-115087.573906267	
427.5314085	88	9	3	0.8951549964	0.002595624725	93.32456715	6.672576839	0.002856014308	15.66997755	56.52379459	27.80622786	0	0	0	-427.5314085	0.002595624725	-116509.731233383	
424.9714085	88	9	3	0.8954135538	0.002573784765	93.33852842	6.658806842	0.002664735879	15.46955955	56.65246777	27.87797268	0	0	0	-424.9714085	0.002573784765	-117930.878771446	
422.4114085	88	9	3	0.8956692796	0.002552206313	93.35308248	6.644433577	0.002483945513	15.27027608	56.78042542	27.9492985	0	0	0	-422.4114085	0.002552206313	-119350.355666043	
419.8514085	88	9	3	0.8959222175	0.002530882826	93.3682402	6.629446581	0.002313218815	15.07211773	56.90767399	28.02020829	0	0	0	-419.8514085	0.002530882826	-120767.479628002	
417.2914085	88	9	3	0.8961724101	0.00250980788	93.38401271	6.613835145	0.002152140342	14.87507533	57.03421973	28.09070494	0	0	0	-417.2914085	0.00250980788	-122181.541624771	
414.7314085	88	9	3	0.8964198988	0.002488975169	93.40041138	6.597588314	0.002000303792	14.67913999	57.16006876	28.16079125	0	0	0	-414.7314085	0.002488975169	-123591.803188023	
412.1714085	88	9	3	0.8966647242	0.002468378495	93.4174478	6.580694886	0.001857312175	14.48430306	57.285227	28.23046993	0	0	0	-412.1714085	0.002468378495	-124997.502321432	
409.6114085	88	9	3	0.8969069255	0.002448011769	93.43513381	6.563143417	0.001722777971	14.29055615	57.40970024	28.29974361	0	0	0	-409.6114085	0.002448011769	-126397.844743148	
407.0514085	88	9	3	0.8971465411	0.002427868999	93.45348146	6.544922214	0.001596323259	14.09789111	57.53349409	28.3686148	0	0	0	-407.0514085	0.002427868999	-127792.004064694	
404.4914085	88	9	3	0.8973836084	0.002407944291	93.47250307	6.526019347	0.001477579841	13.90630007	57.65661399	28.43708595	0	0	0	-404.4914085	0.002407944291	-129179.138364513	
401.9314085	88	9	3	0.8976181638	0.002388231843	93.49221117	6.506422642	0.001366189342	13.71577537	57.77906522	28.5051594	0	0	0	-401.9314085	0.002388231843	-130558.35083637	
399.3714085	88	9	3	0.8978502427	0.002368725934	93.5126185	6.486119694	0.001261803292	13.52630966	57.90085291	28.57283743	0	0	0	-399.3714085	0.002368725934	-131928.756177236	
396.8114085	88	9	3	0.8980798797	0.002349420938	93.53373806	6.465097861	0.001164083196	13.3378958	58.02198202	28.64012219	0	0	0	-396.8114085	0.002349420938	-133289.409599257	
394.2514085	88	9	3	0.8983071083	0.002330311293	93.55558302	6.443344279	0.001072700579	13.15052691	58.14245733	28.70701576	0	0	0	-394.2514085	0.002330311293	-134639.316703519	
391.6914085	88	9	3	0.8985319613	0.002311391517	93.5781668	6.420845863	0.0009873370204	12.96419638	58.26228347	28.77352014	0	0	0	-391.6914085	0.002311391517	-135977.47546721	
389.1314085	88	9	3	0.8987544706	0.002292656191	93.601503	6.397589313	0.0009076841701	12.77889785	58.38146492	28.83963723	0	0	0	-389.1314085	0.002292656191	-137302.879208744	
386.5714085	88	9	3	0.8989746672	0.002274099974	93.62560543	6.373561129	0.000833443745	12.59462522	58.50000595	28.90536883	0	0	0	-386.5714085	0.002274099974	-138614.452660593	
384.0114085	88	9	3	0.8991925812	0.00225571757	93.65048806	6.348747615	0.0007643275129	12.41137263	58.61791071	28.97071666	0	0	0	-384.0114085	0.00225571757	-139911.074426741	
381.4514085	88	9	3	0.899408242	0.002237503748	93.67616505	6.323134893	0.0007000572583	12.2291345	58.73518316	29.03568234	0	0	0	-381.4514085	0.002237503748	-141191.630984902	
378.8914085	88	9	3	0.8996216783	0.002219453325	93.70265072	6.296708915	0.0006403647333	12.04790551	58.85182709	29.1002674	0	0	0	-378.8914085	0.002219453325	-142454.945022719	
376.3314085	88	9	3	0.8998329177	0.002201561166	93.72995862	6.269456385	0.000584991637	11.8676806	58.96784612	29.16447328	0	0	0	-376.3314085	0.002201561166	-143700.024315403	
373.7714085	88	9	3	0.9000419874	0.002183822229	93.75810503	6.241361276	0.0005336893625	11.68845497	59.08324369	29.22830133	0	0	0	-373.7714085	0.002183822229	-144925.293898304	
371.2114085	88	9	3	0.9002489135	0.002166231378	93.78710386	6.212409922	0.0004862191601	11.51022411	59.19802309	29.29175279	0	0	0	-371.2114085	0.002166231378	-146129.476978252	
368.6514085	88	9	3	0.9004537217	0.002148783639	93.81696989	6.182587763	0.0004423518607	11.33298377	59.31218741	29.35482882	0	0	0	-368.6514085	0.002148783639	-147311.61684064	
366.0914085	88	9	3	0.9006564367	0.002131474026	93.84771797	6.151880166	0.0004018677962	11.15672997	59.42573956	29.41753047	0	0	0	-366.0914085	0.002131474026	-148470.239656625	
363.5314085	88	9	3	0.9008570826	0.002114297585	93.879363	6.120272444	0.0003645566657	10.98145902	59.53868228	29.4798587	0	0	0	-363.5314085	0.002114297585	-149603.999268837	
360.9714085	88	9	3	0.9010556827	0.002097249381	93.91191989	6.087749888	0.0003302173896	10.80716752	59.65101812	29.54181436	0	0	0	-360.9714085	0.002097249381	-150711.50985461	
358.4114085	88	9	3	0.9012522598	0.0020803245	93.94540355	6.054297793	0.0002986579509	10.63385234	59.76274944	29.60339822	0	0	0	-358.4114085	0.0020803245	-151791.367098238	
355.8514085	88	9	3	0.9014468358	0.002063518041	93.97982881	6.019901493	0.0002696952275	10.46151067	59.8738784	29.66461093	0	0	0	-355.8514085	0.002063518041	-152842.133177761	
353.2914085	88	9	3	0.9016394321	0.002046825114	94.01521045	5.984546397	0.000243154812	10.29013998	59.98440698	29.72545304	0	0	0	-353.2914085	0.002046825114	-153862.351235045	
350.7314085	88	9	3	0.9018300693	0.002030240835	94.0515631	5.948218027	0.0002188708232	10.11973804	60.09433696	29.78592501	0	0	0	-350.7314085	0.002030240835	-154850.529167088	
348.1714085	88	9	3	0.9020187674	0.00201376032	94.08890126	5.910902059	0.0001966857083	9.950302943	60.20366989	29.84602716	0	0	0	-348.1714085	0.00201376032	-155805.136437211	
345.6114085	88	9	3	0.9022055457	0.001997378679	94.12723918	5.872584369	0.0001764500364	9.781833101	60.31240715	29.90575975	0	0	0	-345.6114085	0.001997378679	-156724.67359179	
343.0514085	88	9	3	0.902390423	0.001981091024	94.1665909	5.833251082	0.000158022285	9.614327243	60.42054988	29.96512288	0	0	0	-343.0514085	0.001981091024	-157607.578330728	
340.4914085	88	9	3	0.9025734172	0.001964892443	94.20697011	5.792888623	0.0001412686191	9.447784428	60.528099	30.02411657	0	0	0	-340.4914085	0.001964892443	-158452.249745175	
337.9314085	88	9	3	0.9027545459	0.001948778012	94.24839016	5.751483772	0.0001260626652	9.28220406	60.63505522	30.08274072	0	0	0	-337.9314085	0.001948778012	-159257.111473308	
335.3714085	88	9	3	0.9029338257	0.001932742782	94.29086399	5.709023725	0.0001122852786	9.117585886	60.74141901	30.1409951	0	0	0	-335.3714085	0.001932742782	-160020.539408827	
332.8114085	88	9	3	0.903111273	0.001916781775	94.33440402	5.665496155	9.98243075E-05	8.953930012	60.8471906	30.19887938	0	0	0	-332.8114085	0.001916781775	-160740.908978711	
330.2514085	88	9	3	0.9032869032	0.00190088998	94.37902215	5.620889278	8.857435274E-05	8.791236908	60.95236999	30.2563931	0	0	0	-330.2514085	0.00190088998	-161416.589835908	
327.6914085	88	9	3	0.9034607312	0.001885062347	94.42472964	5.575191927	7.843652434E-05	8.629507422	61.05695691	30.31353567	0	0	0	-327.6914085	0.001885062347	-162045.935444244	
325.1314085	88	9	3	0.9036327714	0.00186929378	94.47153706	5.528393622	6.931819619E-05	8.468742788	61.16095083	30.37030638	0	0	0	-325.1314085	0.00186929378	-162627.298345522	
322.5714085	88	9	3	0.9038030375	0.001853579133	94.51945422	5.480484647	6.113275911E-05	8.308944638	61.26435098	30.42670439	0	0	0	-322.5714085	0.001853579133	-163159.009436038	
320.0114085	88	9	3	0.9039715426	0.001837913198	94.56849007	5.431456136	5.379937309E-05	8.150115015	61.36715627	30.48272871	0	0	0	-320.0114085	0.001837913198	-163639.415484912	
317.4514085	88	9	3	0.9041382991	0.001822290707	94.61865261	5.38130015	4.72427196E-05	7.992256384	61.46936537	30.53837824	0	0	0	-317.4514085	0.001822290707	-164066.863948398	
314.8914085	88	9	3	0.904303319	0.001806706316	94.66994883	5.330009772	4.139275453E-05	7.835371648	61.57097662	30.59365173	0	0	0	-314.8914085	0.001806706316	-164439.710884864	
312.3314085	88	9	3	0.9044666135	0.001791154607	94.72238462	5.277579191	3.618446262E-05	7.67946416	61.67198807	30.64854777	0	0	0	-312.3314085	0.001791154607	-164756.316726331	
309.7714085	88	9	3	0.9046281932	0.00177563007	94.77596465	5.224003796	3.155761378E-05	7.52453774	61.77239744	30.70306482	0	0	0	-309.7714085	0.00177563007	-165015.049691157	
307.2114085	88	9	3	0.9047880682	0.001760127104	94.83069227	5.169280275	2.745652226E-05	7.370596688	61.87220214	30.75720117	0	0	0	-307.2114085	0.001760127104	-165214.314757938	
304.6514085	88	9	3	0.9049462479	0.001744640003	94.88656947	5.113406704	2.382980911E-05	7.217645806	61.97139922	30.81095498	0	0	0	-304.6514085	0.001744640003	-165352.52596609	
302.0914085	88	9	3	0.905102741	0.00172916295	94.94359672	5.056382652	2.063016848E-05	7.065690412	62.06998538	30.86432421	0	0	0	-302.0914085	0.00172916295	-158233.546470099	
300	88	9	3	0.9052293534	0.001401499962	94.99104152	5.008940175	1.830277688E-05	6.942290161	62.15006861	30.90764123	0	0	0	-300	0.001401499962	145467.939266394	
