T	w(AL)	w(MG)	w(SI)	fs	fw(@FCC_A1)	w(AL@FCC_A1)	w(MG@FCC_A1)	w(SI@FCC_A1)	w(AL@LIQUID)	w(MG@LIQUID)	w(SI@LIQUID)	dwdT_L(AL@LIQUID)	dwdT_L(MG@LIQUID)	dwdT_L(SI@LIQUID)	-T	fw(@FCC_A1)_1	-T//fw(@FCC_A1)	
K	%	%	%	mole/mole	kg/kg	%	%	%	%	%	%	SI	SI	SI				
860.1467201	87	3	10	0	0	98.37529923	0.5182404509	1.106460318	87	3	10	0.001728753564	-0.0003771670714	-0.001351586492	-860.1467201	0	32.6800542617261	
860.1367201	87	3	10	0.0001522298255	0.0001520950504	98.37512645	0.5182561769	1.10661737	86.99827153	3.00037713	10.00135134	0	0	0	-860.1367201	0.0001520950504	98.8166640560832	
860.1167201	87	3	10	0.0004562458545	0.0003038319455	98.37478093	0.5182875871	1.106931488	86.99481437	3.0011314	10.00405423	0	0	0	-860.1167201	0.0003038319455	131.786679186437	
860.0767201	87	3	10	0.001063878633	0.0006074468914	98.37408997	0.5183502396	1.107559792	86.98789894	3.002640239	10.00946082	0	0	0	-860.0767201	0.0006074468914	131.841295571895	
859.9967201	87	3	10	0.002276990553	0.001213361375	98.37270831	0.5184752418	1.108816447	86.97406984	3.005657775	10.02027239	0	0	0	-859.9967201	0.001213361375	132.165788110237	
859.8367201	87	3	10	0.004695115061	0.002421520496	98.36994636	0.5187235801	1.111330058	86.94641374	3.011693298	10.04189296	0	0	0	-859.8367201	0.002421520496	132.718816156583	
859.5167201	87	3	10	0.009499202237	0.004822354597	98.3644277	0.5192137684	1.116358536	86.89111001	3.023766163	10.08512383	0	0	0	-859.5167201	0.004822354597	133.946957951337	
858.8767201	87	3	10	0.01897008758	0.009554412252	98.3534113	0.5201679912	1.126420712	86.78053773	3.047917379	10.17154489	0	0	0	-858.8767201	0.009554412252	136.463304433179	
857.5967201	87	3	10	0.03740223804	0.01877420758	98.3314604	0.521973825	1.146565773	86.55952705	3.09624774	10.34422521	0	0	0	-857.5967201	0.01877420758	141.396232021862	
855.0367201	87	3	10	0.07234886327	0.03627673175	98.28787554	0.525184453	1.186940009	86.11803091	3.193031437	10.68893766	0	0	0	-855.0367201	0.03627673175	-2293.20823007197	
852.4767201	87	3	10	0.1049091512	0.03507220947	98.24469781	0.5278610706	1.227441121	85.67726322	3.289902323	11.03283445	0	0	0	-852.4767201	0.03507220947	-2198.87010809689	
849.9167201	87	3	10	0.1353158207	0.03394336006	98.20190285	0.5300231057	1.268074048	85.23719758	3.386873419	11.375929	0	0	0	-849.9167201	0.03394336006	-2345.1300469858	
847.3567201	87	3	10	0.1637736359	0.03288448942	98.15946696	0.5316893785	1.308843659	84.7978062	3.483957238	11.71823656	0	0	0	-847.3567201	0.03288448942	-2497.82102492036	
844.7967201	87	3	10	0.1904625771	0.03188959193	98.11736701	0.532878133	1.349754855	84.3590594	3.581165889	12.05977472	0	0	0	-844.7967201	0.03188959193	-2656.13929564346	
842.2367201	87	3	10	0.2155414431	0.03095332311	98.07558039	0.5336070707	1.390812542	83.92092581	3.678511118	12.40056307	0	0	0	-842.2367201	0.03095332311	-2820.18495686309	
839.6767201	87	3	10	0.2391508529	0.03007092014	98.03408498	0.5338933822	1.432021636	83.4833725	3.776004377	12.74062312	0	0	0	-839.6767201	0.03007092014	-2990.0755766399	
837.1167201	87	3	10	0.2614157544	0.02923812468	97.99285916	0.5337537764	1.473387064	83.04636505	3.873656879	13.07997807	0	0	0	-837.1167201	0.02923812468	-3165.93501595113	
834.5567201	87	3	10	0.2824475309	0.02845111775	97.95188174	0.5332045056	1.514913757	82.60986761	3.971479649	13.41865274	0	0	0	-834.5567201	0.02845111775	-3347.89384521437	
831.9967201	87	3	10	0.3023457781	0.02770646444	97.91113195	0.5322613898	1.556606659	82.17384298	4.069483568	13.75667345	0	0	0	-831.9967201	0.02770646444	-3536.08971417226	
829.4367201	87	3	10	0.3211998108	0.02700106679	97.87058944	0.5309398369	1.598470722	81.73825269	4.167679416	14.0940679	0	0	0	-829.4367201	0.02700106679	-3730.667812491	
826.8767201	87	3	10	0.3390899448	0.02633212346	97.83023423	0.5292548627	1.640510912	81.30305702	4.2660779	14.43086508	0	0	0	-826.8767201	0.02633212346	-3931.78162301133	
824.3167201	87	3	10	0.3560885938	0.02569709515	97.79004669	0.5272211073	1.682732205	80.86821511	4.364689695	14.7670952	0	0	0	-824.3167201	0.02569709515	-4139.59338212494	
821.7567201	87	3	10	0.3722612093	0.02509367466	97.75000755	0.5248528521	1.725139594	80.43368495	4.463525463	15.10278959	0	0	0	-821.7567201	0.02509367466	-4354.27488117695	
819.1967201	87	3	10	0.3876670911	0.0245197611	97.71009788	0.5221640332	1.767738089	79.99942345	4.562595886	15.43798067	0	0	0	-819.1967201	0.0245197611	-4576.00818191715	
816.6367201	87	3	10	0.4023600875	0.02397343737	97.67029903	0.5191682558	1.810532717	79.56538647	4.661911686	15.77270185	0	0	0	-816.6367201	0.02397343737	-4804.98670028016	
814.0767201	87	3	10	0.4163892025	0.02345295068	97.63059267	0.5158788054	1.853528527	79.13152884	4.761483646	16.10698752	0	0	0	-814.0767201	0.02345295068	-5041.41589276653	
811.5167201	87	3	10	0.4297991243	0.02295669534	97.59096075	0.5123086597	1.896730591	78.69780441	4.861322634	16.44087296	0	0	0	-811.5167201	0.02295669534	-5285.51463731053	
808.9567201	87	3	10	0.4426306861	0.02248319788	97.55138549	0.5084704988	1.940144008	78.26416604	4.96143962	16.77439434	0	0	0	-808.9567201	0.02248319788	-5537.51646850689	
806.3967201	87	3	10	0.45492127	0.02203110379	97.51184938	0.5043767142	1.983773902	77.83056564	5.061845691	17.10758867	0	0	0	-806.3967201	0.02203110379	-5797.67057772803	
803.8367201	87	3	10	0.4667051612	0.02159916592	97.47233515	0.5000394182	2.02762543	77.39695416	5.162552075	17.44049377	0	0	0	-803.8367201	0.02159916592	-6066.24401315279	
801.2767201	87	3	10	0.4780138593	0.02118623425	97.43282577	0.4954704518	2.071703779	76.9632816	5.263570152	17.77314824	0	0	0	-801.2767201	0.02118623425	-6343.52297106189	
798.7167201	87	3	10	0.4888763542	0.02079124674	97.39330443	0.4906813919	2.116014174	76.52949704	5.364911472	18.10559149	0	0	0	-798.7167201	0.02079124674	-6631.6310842816	
796.1567201	87	3	10	0.4993194865	0.02041341548	97.35375343	0.4856835893	2.160562979	76.09554136	5.466589379	18.43786926	0	0	0	-796.1567201	0.02041341548	-6923.48278494223	
793.5967201	87	3	10	0.509367628	0.02005108553	97.31415866	0.4804880355	2.205353304	75.66137642	5.56861243	18.77001115	0	0	0	-793.5967201	0.02005108553	-7227.37990162414	
791.0367201	87	3	10	0.5190437745	0.01970431575	97.27450281	0.4751056003	2.250391588	75.22694096	5.670994527	19.10206451	0	0	0	-791.0367201	0.01970431575	-7546.07371396346	
788.4767201	87	3	10	0.5283690508	0.01937197419	97.2347699	0.4695468691	2.295683228	74.79218018	5.773748061	19.43407176	0	0	0	-788.4767201	0.01937197419	-7871.99701624966	
785.9167201	87	3	10	0.5373630452	0.01905333262	97.19494414	0.4638221929	2.341233664	74.35703826	5.876885671	19.76607607	0	0	0	-785.9167201	0.01905333262	-8208.86416561327	
783.3567201	87	3	10	0.5460439466	0.01874771498	97.15500992	0.457941693	2.387048389	73.92145838	5.98042026	20.09812137	0	0	0	-783.3567201	0.01874771498	-8557.17740127652	
780.7967201	87	3	10	0.5544286663	0.01845449165	97.11495178	0.4519152656	2.433132951	73.48538263	6.084365016	20.43025235	0	0	0	-780.7967201	0.01845449165	-8917.46945915064	
778.2367201	87	3	10	0.5625329482	0.01817307602	97.07475446	0.4457525854	2.479492955	73.04875203	6.188733425	20.76251455	0	0	0	-778.2367201	0.01817307602	-9290.32382748193	
775.6767201	87	3	10	0.5703714671	0.01790292102	97.03440282	0.4394631096	2.526134067	72.61150643	6.293539293	21.09495428	0	0	0	-775.6767201	0.01790292102	-9676.37841746569	
773.1167201	87	3	10	0.577957918	0.01764351616	96.9938819	0.4330560812	2.573062016	72.17358452	6.398796763	21.42761872	0	0	0	-773.1167201	0.01764351616	-10076.3329122673	
770.5567201	87	3	10	0.5853050963	0.01739438474	96.95317687	0.4265405322	2.620282601	71.73492376	6.504520331	21.76055591	0	0	0	-770.5567201	0.01739438474	-10490.9554144107	
767.9967201	87	3	10	0.5924249704	0.01715508137	96.91227303	0.4199252863	2.667801687	71.2954603	6.610724872	22.09381483	0	0	0	-767.9967201	0.01715508137	-10921.0914991468	
765.4367201	87	3	10	0.5993287474	0.0169251897	96.87115582	0.4132189622	2.715625216	70.85512898	6.717425658	22.42744536	0	0	0	-765.4367201	0.0169251897	-11367.6754010174	
762.8767201	87	3	10	0.6060269332	0.01670432042	96.82981082	0.4064299754	2.763759204	70.41386321	6.82463838	22.76149841	0	0	0	-762.8767201	0.01670432042	-11831.7404526032	
760.3167201	87	3	10	0.6125293862	0.01649210934	96.78822371	0.3995665412	2.812209751	69.97159493	6.932379173	23.09602589	0	0	0	-760.3167201	0.01649210934	-12314.4327413075	
757.7567201	87	3	10	0.618845367	0.01628821574	96.74638028	0.3926366763	2.860983039	69.52825454	7.040664639	23.43108082	0	0	0	-757.7567201	0.01628821574	-12817.027573376	
755.1967201	87	3	10	0.6249835833	0.01609232081	96.70426646	0.3856482011	2.910085339	69.08377077	7.149511874	23.76671735	0	0	0	-755.1967201	0.01609232081	-13340.9476573919	
752.6367201	87	3	10	0.6309522308	0.01590412627	96.66186825	0.3786087416	2.959523013	68.63807067	7.258938497	24.10299083	0	0	0	-752.6367201	0.01590412627	-13887.785199359	
750.0767201	87	3	10	0.6367590309	0.01572335309	96.61917175	0.3715257312	3.009302521	68.19107946	7.368962676	24.43995787	0	0	0	-750.0767201	0.01572335309	-14459.3269318502	
747.5167201	87	3	10	0.642411265	0.01554974033	96.57616317	0.364406412	3.059430423	67.74272042	7.479603163	24.77767642	0	0	0	-747.5167201	0.01554974033	-15057.5848156844	
744.9567201	87	3	10	0.6479158059	0.01538304409	96.53282878	0.3572578366	3.109913382	67.29291483	7.590879322	25.11620585	0	0	0	-744.9567201	0.01538304409	-15684.8331890844	
742.3967201	87	3	10	0.6532791466	0.01522303657	96.48915495	0.3500868697	3.160758175	66.84158182	7.702811168	25.45560701	0	0	0	-742.3967201	0.01522303657	-16343.651012761	
739.8367201	87	3	10	0.658507427	0.01506950518	96.44512812	0.3429001889	3.211971691	66.38863825	7.815419406	25.79594234	0	0	0	-739.8367201	0.01506950518	-17036.9736647942	
737.2767201	87	3	10	0.6636064582	0.01492225176	96.40073478	0.3357042866	3.263560938	65.93399858	7.928725462	26.13727596	0	0	0	-737.2767201	0.01492225176	-17768.1591003065	
734.7167201	87	3	10	0.6685817447	0.0147810919	96.35596148	0.3285054708	3.315533051	65.4775747	8.042751537	26.47967376	0	0	0	-734.7167201	0.0147810919	-18541.0623233658	
732.1567201	87	3	10	0.6734385058	0.01464585426	96.31079484	0.3213098665	3.367895297	65.01927583	8.157520643	26.82320352	0	0	0	-732.1567201	0.01464585426	-19360.1300527939	
729.5967201	87	3	10	0.6781816941	0.01451638002	96.26522151	0.3141234166	3.420655077	64.55900831	8.273056656	27.16793504	0	0	0	-729.5967201	0.01451638002	-20230.5202255625	
727.0367201	87	3	10	0.6828160134	0.01439252237	96.21922818	0.3069518833	3.473819937	64.0966754	8.389384365	27.51394023	0	0	0	-727.0367201	0.01439252237	-21158.2470523334	
724.4767201	87	3	10	0.6873459353	0.01427414606	96.17280158	0.2998008487	3.527397574	63.63217717	8.506529532	27.86129329	0	0	0	-724.4767201	0.01427414606	-22150.3630941928	
721.9167201	87	3	10	0.6917757139	0.01416112699	96.12592844	0.2926757165	3.581395841	63.16541022	8.624518947	28.21007084	0	0	0	-721.9167201	0.01416112699	-23215.1928845931	
719.3567201	87	3	10	0.6961094005	0.01405335188	96.07859553	0.2855817122	3.635822756	62.69626746	8.743380493	28.56035204	0	0	0	-719.3567201	0.01405335188	-24362.6334731692	
716.7967201	87	3	10	0.7003508562	0.01395071799	96.03078961	0.2785238849	3.690686508	62.22463794	8.863143215	28.91221885	0	0	0	-716.7967201	0.01395071799	-25604.5384250048	
714.2367201	87	3	10	0.7045037644	0.01385313287	95.98249742	0.2715071076	3.745995467	61.75040651	8.983837395	29.2657561	0	0	0	-714.2367201	0.01385313287	-26980.4712301943	
711.6767201	87	3	10	0.7085716444	0.01376067468	95.93370739	0.2645361501	3.801756459	61.27345809	9.105494954	29.62104696	0	0	0	-711.6767201	0.01376067468	-28491.4258140268	
709.1167201	87	3	10	0.7125579139	0.01367315848	95.88440321	0.2576154567	3.857981334	60.79365675	9.228150502	29.97819275	0	0	0	-709.1167201	0.01367315848	-30091.7115504598	
706.5567201	87	3	10	0.7164657286	0.0135902763	95.83457294	0.2507493892	3.914677669	60.31087994	9.351836795	30.33728326	0	0	0	-706.5567201	0.0135902763	-31860.3076007847	
703.9967201	87	3	10	0.7202981672	0.01351217343	95.78420322	0.243942128	3.97185465	59.82499285	9.476589934	30.69841722	0	0	0	-703.9967201	0.01351217343	-33868.4058764006	
701.4367201	87	3	10	0.7240581802	0.01343880703	95.73328063	0.2371976832	4.029521691	59.33585486	9.602447723	31.06169742	0	0	0	-701.4367201	0.01343880703	-36128.0588660013	
698.8767201	87	3	10	0.7277485986	0.01337014414	95.68179166	0.2305198955	4.087688447	58.84331916	9.729449786	31.42723105	0	0	0	-698.8767201	0.01337014414	-38695.4427471322	
696.3167201	87	3	10	0.7313721413	0.0133061618	95.62972273	0.2239124375	4.146364829	58.34723231	9.857637695	31.79513	0	0	0	-696.3167201	0.0133061618	-41644.9717137703	
693.7567201	87	3	10	0.7349314223	0.01324684721	95.57706017	0.2173788147	4.205561014	57.8474337	9.987055105	32.1655112	0	0	0	-693.7567201	0.01324684721	-45077.3816915261	
691.1967201	87	3	10	0.7384289578	0.013192198	95.52379017	0.2109223671	4.265287462	57.3437551	10.11774791	32.53849699	0	0	0	-691.1967201	0.013192198	-49132.4740585579	
688.6367201	87	3	10	0.7418671725	0.01314222243	95.4698988	0.2045462703	4.325554925	56.83602005	10.2497644	32.91421554	0	0	0	-688.6367201	0.01314222243	-54010.2142339821	
686.0767201	87	3	10	0.7452484061	0.01309693983	95.41537199	0.1982535367	4.38637447	56.32404325	10.38315545	33.29280129	0	0	0	-686.0767201	0.01309693983	-60007.1714379721	
683.5167201	87	3	10	0.7485749188	0.01305638098	95.3601955	0.1920470174	4.447757487	55.80762987	10.5179747	33.67439543	0	0	0	-683.5167201	0.01305638098	-67583.261567732	
680.9567201	87	3	10	0.7518488973	0.01302058861	95.30435488	0.1859294033	4.509715713	55.28657479	10.65427877	34.05914644	0	0	0	-680.9567201	0.01302058861	-77493.4581500218	
678.3967201	87	3	10	0.7550724597	0.01298961802	95.24783553	0.1799032271	4.572261245	54.76066183	10.79212751	34.44721065	0	0	0	-678.3967201	0.01298961802	-91073.0077553788	
675.8367201	87	3	10	0.7582476615	0.01296353772	95.19062258	0.1739708644	4.635406559	54.22966286	10.93158424	34.8387529	0	0	0	-675.8367201	0.01296353772	-110939.627999061	
673.2767201	87	3	10	0.7613764998	0.01294243021	95.13270093	0.168134536	4.69916453	53.69333674	11.07271603	35.23394723	0	0	0	-673.2767201	0.01294243021	-143072.682345339	
670.7167201	87	3	10	0.7644609188	0.01292639289	95.07405524	0.1623963094	4.763548449	53.15142836	11.21559401	35.63297763	0	0	0	-670.7167201	0.01292639289	-205091.898456068	
668.1567201	87	3	10	0.7675028141	0.01291553906	95.01466986	0.1567581008	4.828572044	52.60366738	11.36029371	36.03603891	0	0	0	-668.1567201	0.01291553906	-385637.53652461	
665.5967201	87	3	10	0.7705040378	0.01290999898	94.95452883	0.1512216774	4.894249496	52.04976693	11.50689545	36.44333762	0	0	0	-665.5967201	0.01290999898	-32459824.0281208	
663.0367201	87	3	10	0.7734664025	0.01290992119	94.89361588	0.1457886591	4.960595464	51.48942222	11.65548472	36.85509307	0	0	0	-663.0367201	0.01290992119	-33383258.6436993	
660.4767201	87	3	10	0.7763916865	0.01291547382	94.83191438	0.1404605211	5.027625095	50.92230888	11.80615267	37.27153845	0	0	0	-660.4767201	0.01291547382	383638.602587229	
657.9167201	87	3	10	0.7792816378	0.01292684624	94.76940736	0.1352385959	5.095354045	50.34808128	11.95899658	37.69292214	0	0	0	-657.9167201	0.01292684624	194273.765358194	
655.3567201	87	3	10	0.7821379786	0.01294425086	94.70607743	0.1301240763	5.163798491	49.76637052	12.11412045	38.11950904	0	0	0	-655.3567201	0.01294425086	130583.42999797	
652.7967201	87	3	10	0.78496241	0.01296792513	94.64190685	0.125118018	5.232975136	49.17678228	12.2716356	38.55158212	0	0	0	-652.7967201	0.01296792513	97857.3375482729	
650.2367201	87	3	10	0.7877566164	0.01299813382	94.57687744	0.1202213423	5.302901216	48.57889444	12.43166137	38.98944419	0	0	0	-650.2367201	0.01299813382	77724.8131482213	
647.6767201	87	3	10	0.7905222701	0.01303517133	94.51097067	0.115434839	5.373594494	47.97225442	12.59432589	39.43341969	0	0	0	-647.6767201	0.01303517133	64016.3125384331	
645.1167201	87	3	10	0.7932610358	0.01307936438	94.44416759	0.1107591703	5.445073242	47.35637616	12.75976691	39.88385693	0	0	0	-645.1167201	0.01307936438	54047.1125963078	
642.5567201	87	3	10	0.7959745756	0.01313107479	94.37644892	0.1061948739	5.517356211	46.73073687	12.92813279	40.34113034	0	0	0	-642.5567201	0.01313107479	46453.4819270389	
639.9967201	87	3	10	0.7986645533	0.01319070251	94.30779505	0.1017423667	5.590462581	46.09477337	13.09958351	40.80564312	0	0	0	-639.9967201	0.01319070251	40466.7039192912	
637.4367201	87	3	10	0.8013326392	0.01325868885	94.23818617	0.09740194967	5.664411881	45.44787798	13.27429186	41.27783016	0	0	0	-637.4367201	0.01325868885	35619.6492883946	
634.8767201	87	3	10	0.8039805153	0.01333551972	94.16760231	0.09317381156	5.739223879	44.78939403	13.45244477	41.7581612	0	0	0	-634.8767201	0.01333551972	31611.8297753305	
632.3167201	87	3	10	0.8066098795	0.01342172888	94.09602355	0.08905803462	5.814918416	44.11861085	13.6342447	42.24714445	0	0	0	-632.3167201	0.01342172888	28241.1121966129	
629.7567201	87	3	10	0.8092224502	0.01351790094	94.02343022	0.08505460001	5.89151518	43.4347583	13.81991125	42.74533045	0	0	0	-629.7567201	0.01351790094	25366.5899148921	
627.1967201	87	3	10	0.8118199705	0.01362467358	93.9498032	0.08116339421	5.969033401	42.73700067	14.00968293	43.2533164	0	0	0	-627.1967201	0.01362467358	22887.1235504062	
624.6367201	87	3	10	0.8144042121	0.01374273906	93.87512436	0.07738421624	6.04749142	42.02443017	14.203819	43.77175082	0	0	0	-624.6367201	0.01374273906	20728.3518282578	
622.0767201	87	3	10	0.8169769773	0.01387284358	93.7993771	0.07371678606	6.126906116	41.29605991	14.40260158	44.30133851	0	0	0	-622.0767201	0.01387284358	18834.5658181456	
619.5167201	87	3	10	0.8195401006	0.01401578382	93.72254712	0.07016075416	6.207292125	40.55081644	14.60633772	44.84284584	0	0	0	-619.5167201	0.01401578382	17163.3919189444	
616.9567201	87	3	10	0.8220954474	0.01417239883	93.6446235	0.0667157129	6.288660786	39.78753223	14.81536169	45.39710608	0	0	0	-616.9567201	0.01417239883	15682.269163459	
614.3967201	87	3	10	0.8246449094	0.01434355482	93.56560007	0.06338120998	6.37101872	39.0049383	15.03003705	45.96502465	0	0	0	-614.3967201	0.01434355482	14366.066537852	
611.8367201	87	3	10	0.8271903951	0.01453011916	93.48547732	0.06015676444	6.454365914	38.20165767	15.25075868	46.54758366	0	0	0	-611.8367201	0.01453011916	13195.4757931795	
609.2767201	87	3	10	0.8297338128	0.01473291805	93.40426497	0.05704188603	6.538693144	37.37620057	15.47795413	47.1458453	0	0	0	-609.2767201	0.01473291805	12155.9399971563	
606.7167201	87	3	10	0.8322770426	0.01495267068	93.32198543	0.05403609874	6.623978476	36.52696442	15.71208336	47.76095222	0	0	0	-606.7167201	0.01495267068	11237.0877759837	
604.1567201	87	3	10	0.8348218929	0.01518988461	93.23867852	0.05113897077	6.710182513	35.65223254	15.95364108	48.39412638	0	0	0	-604.1567201	0.01518988461	10432.3676539406	
601.5967201	87	3	10	0.8373700359	0.01544471005	93.1544076	0.04835014553	6.797242256	34.75019591	16.20314785	49.04665624	0	0	0	-601.5967201	0.01544471005	9739.411431991	
599.0367201	87	3	10	0.839922909	0.01571670119	93.06926814	0.04566938727	6.885062471	33.81897614	16.46114565	49.71987821	0	0	0	-599.0367201	0.01571670119	9161.05454804764	
596.4767201	87	3	10	0.8424815737	0.01600448845	92.98339893	0.04309663033	6.973504443	32.85667798	16.72818263	50.41513939	0	0	0	-596.4767201	0.01600448845	8707.16943049991	
593.9167201	87	3	10	0.8450465129	0.01630529833	92.89699686	0.04063203781	7.062371101	31.86147475	17.00478899	51.13373626	0	0	0	-593.9167201	0.01630529833	8399.24758806997	
591.3567201	87	3	10	0.8476173468	0.01661428617	92.81033618	0.03827606678	7.151387754	30.83174381	17.29143867	51.87681752	0	0	0	-591.3567201	0.01661428617	8280.17259383793	
588.7967201	87	3	10	0.8501924455	0.01692364337	92.72379257	0.03602953448	7.240177897	29.76627237	17.58849088	52.64523675	0	0	0	-588.7967201	0.01692364337	8438.3241775772	
586.2367201	87	3	10	0.8527684208	0.01722147882	92.63787205	0.03389367352	7.328234278	28.66455663	17.89610503	53.43933834	0	0	0	-586.2367201	0.01722147882	9085.56234131442	
583.6767201	87	3	10	0.8553395364	0.01749016626	92.55323732	0.03187010433	7.41489258	27.5272347	18.21410749	54.25865781	0	0	0	-583.6767201	0.01749016626	10796.3562381496	
581.1167201	87	3	10	0.8578968023	0.01770676675	92.4707637	0.02996101775	7.499275281	26.35651919	18.54191474	55.10156608	0	0	0	-581.1167201	0.01770676675	16268.8504041316	
578.5567201	87	3	10	0.8604277605	0.01784127557	92.39150465	0.02816855185	7.580326795	25.15697051	18.87822304	55.96480645	0	0	0	-578.5567201	0.01784127557	150373.329578766	
575.9967201	87	3	10	0.8629156389	0.01785674579	92.31673435	0.02649486514	7.656770781	23.9359123	19.22097351	56.8431142	0	0	0	-575.9967201	0.01785674579	188374.195284631	
573.4367201	87	3	10	0.8653399069	0.01771707571	92.24786379	0.02494134759	7.727194864	22.70379403	19.56720566	57.72900031	0	0	0	-573.4367201	0.01771707571	-15187.1725367014	
570.8767201	87	3	10	0.8676774569	0.01739190691	92.18633313	0.02350791869	7.790158948	21.4739709	19.9131242	58.6129049	0	0	0	-570.8767201	0.01739190691	-6725.96868017689	
568.3167201	87	3	10	0.869904923	0.01686657873	92.13344772	0.02219228866	7.844359996	20.2617411	20.25437192	59.48388698	0	0	0	-568.3167201	0.01686657873	-4322.18701065687	
565.7567201	87	3	10	0.8720016794	0.01614952137	92.09020026	0.02098948161	7.888810257	19.0827052	20.586495	60.3307998	0	0	0	-565.7567201	0.01614952137	-3278.38417600182	
563.1967201	87	3	10	0.8739526289	0.01527337632	92.05713788	0.01989187071	7.922970254	17.95085239	20.90548854	61.14365906	0	0	0	-563.1967201	0.01527337632	-2769.80767778927	
560.6367201	87	3	10	0.8757498561	0.01428831332	92.03431935	0.01888976905	7.946790877	16.87698134	21.20824866	61.91477	0	0	0	-560.6367201	0.01428831332	-2534.40985362395	
558.0767201	87	3	10	0.8773927098	0.0132504252	92.02136983	0.01797237966	7.960657792	15.86791634	21.49279913	62.63928452	0	0	0	-558.0767201	0.0132504252	-2464.21177527245	
555.5167201	87	3	10	0.8788865722	0.01221056608	92.01759992	0.01712878914	7.965271288	14.92659219	21.75827065	63.31513716	0	0	0	-555.5167201	0.01221056608	-2507.93440796048	
552.9567201	87	3	10	0.8802409851	0.01120757425	92.02214199	0.01634874921	7.961509261	14.05274507	22.00470666	63.94254828	0	0	0	-552.9567201	0.01120757425	-2639.08491913163	
550.3967201	87	3	10	0.8814677768	0.01026655276	92.03406712	0.01562314433	7.95030974	13.24384168	22.23280034	64.52335798	0	0	0	-550.3967201	0.01026655276	-2843.25987626614	
547.8367201	87	3	10	0.8825795666	0.009400598102	92.05246734	0.01494417362	7.93258849	12.49596351	22.4436434	65.06039309	0	0	0	-547.8367201	0.009400598102	-3112.39855505631	
545.2767201	87	3	10	0.8835887504	0.00861392913	92.07650367	0.01430533429	7.909191	11.80450668	22.63852673	65.55696658	0	0	0	-545.2767201	0.00861392913	-3441.93925808659	
542.7167201	87	3	10	0.8845069106	0.007905003853	92.105428	0.01370129594	7.880870706	11.16467007	22.81880104	66.01652889	0	0	0	-542.7167201	0.007905003853	-3829.27268445994	
540.1567201	87	3	10	0.8853445335	0.007268980553	92.13858819	0.01312773168	7.848284078	10.57176272	22.98578879	66.44244849	0	0	0	-540.1567201	0.007268980553	-4268.60514443961	
537.5967201	87	3	10	0.8861109201	0.00669845793	92.17542159	0.01258113537	7.81199727	10.02137217	23.14073341	66.83789442	0	0	0	-537.5967201	0.00669845793	-4770.17478691674	
535.0367201	87	3	10	0.886814256	0.00618880591	92.21545083	0.01205869095	7.772490483	9.509449489	23.28478173	67.20576878	0	0	0	-535.0367201	0.00618880591	-5329.60674509564	
532.4767201	87	3	10	0.8874616524	0.005732020134	92.25826909	0.0115581096	7.730172799	9.03233642	23.41896855	67.54869503	0	0	0	-532.4767201	0.005732020134	-5940.12521427686	
529.9167201	87	3	10	0.8880592839	0.0053218686	92.30353044	0.01107752984	7.685392027	8.586755321	23.54422163	67.86902305	0	0	0	-529.9167201	0.0053218686	-6606.37653729227	
527.3567201	87	3	10	0.8886125054	0.004952710528	92.35094058	0.01061542774	7.638443987	8.169786317	23.66136787	68.16884581	0	0	0	-527.3567201	0.004952710528	-7328.53107247387	
524.7967201	87	3	10	0.8891259626	0.00461954902	92.40024857	0.01017054618	7.589580889	7.778835447	23.77114225	68.4500223	0	0	0	-524.7967201	0.00461954902	-8106.90239314316	
522.2367201	87	3	10	0.8896036926	0.004318007268	92.45123969	0.009741838938	7.53901847	7.411600535	23.87419732	68.71420215	0	0	0	-522.2367201	0.004318007268	-8941.84085545233	
519.6767201	87	3	10	0.8900492121	0.004044277142	92.50372959	0.009328426721	7.486941986	7.066037839	23.97111256	68.9628496	0	0	0	-519.6767201	0.004044277142	-9833.72023626	
517.1167201	87	3	10	0.8904655929	0.003795057271	92.55755925	0.008929562637	7.433511185	6.740331015	24.06240316	69.19726582	0	0	0	-517.1167201	0.003795057271	-10782.9300263585	
514.5567201	87	3	10	0.8908555267	0.003567489989	92.61259096	0.008544605	7.378864432	6.432863089	24.14852789	69.41860902	0	0	0	-514.5567201	0.003567489989	-11789.871544974	
511.9967201	87	3	10	0.8912213796	0.003359101945	92.66870489	0.00817299591	7.323122112	6.142191573	24.22989611	69.62791232	0	0	0	-511.9967201	0.003359101945	-12854.9563567586	
509.4367201	87	3	10	0.891565239	0.003167750493	92.72579631	0.007814244341	7.266389443	5.867026634	24.30687393	69.82609943	0	0	0	-509.4367201	0.003167750493	-13978.6066134357	
506.8767201	87	3	10	0.8918889521	0.002991576537	92.78377328	0.00746791274	7.208758807	5.606212066	24.37978962	70.01399831	0	0	0	-506.8767201	0.002991576537	-15161.2564628464	
504.3167201	87	3	10	0.8921941593	0.002828963688	92.84255471	0.007133606392	7.15031168	5.358708777	24.44893824	70.19235298	0	0	0	-504.3167201	0.002828963688	-16403.3536930819	
501.7567201	87	3	10	0.8924823221	0.002678503237	92.9020688	0.006810964949	7.091120236	5.123580494	24.51458571	70.36183379	0	0	0	-501.7567201	0.002678503237	-17705.3626023594	
499.1967201	87	3	10	0.8927547469	0.002538964309	92.96225165	0.006499655677	7.031248691	4.899981388	24.57697229	70.52304632	0	0	0	-499.1967201	0.002538964309	-19067.7668906176	
496.6367201	87	3	10	0.8930126047	0.002409268502	93.02304621	0.006199368056	6.970754421	4.687145365	24.63631564	70.676539	0	0	0	-496.6367201	0.002409268502	-20491.0729194605	
494.0767201	87	3	10	0.8932569488	0.002288468386	93.08440128	0.005909809457	6.909688907	4.484376792	24.6928134	70.82280981	0	0	0	-494.0767201	0.002288468386	-21975.8131643434	
491.5167201	87	3	10	0.893488729	0.002175729271	93.14627077	0.005630701685	6.84809853	4.291042446	24.74664551	70.96231204	0	0	0	-491.5167201	0.002175729271	-23522.5497542125	
488.9567201	87	3	10	0.8937088044	0.002070313746	93.20861298	0.005361778205	6.786025243	4.10656453	24.79797619	71.09545928	0	0	0	-488.9567201	0.002070313746	-25131.8784953034	
486.3967201	87	3	10	0.893917954	0.00197156855	93.27139008	0.005102781926	6.723507142	3.930414576	24.84695565	71.22262977	0	0	0	-486.3967201	0.00197156855	-26804.4329949171	
483.8367201	87	3	10	0.8941168861	0.001878913406	93.33456758	0.004853463431	6.660578956	3.762108143	24.89372158	71.34417028	0	0	0	-483.8367201	0.001878913406	-28540.8885953116	
481.2767201	87	3	10	0.8943062463	0.001791831503	93.39811395	0.004613579566	6.597272466	3.601200164	24.93840051	71.46039933	0	0	0	-481.2767201	0.001791831503	-30341.9673136605	
478.7167201	87	3	10	0.8944866245	0.001709861372	93.46200025	0.004382892329	6.533616859	3.447280881	24.98110891	71.5716102	0	0	0	-478.7167201	0.001709861372	-32208.4418501189	
476.1567201	87	3	10	0.8946585607	0.001632589924	93.52619979	0.004161167992	6.469639039	3.299972263	25.02195428	71.67807346	0	0	0	-476.1567201	0.001632589924	-34141.1405007771	
473.5967201	87	3	10	0.8948225507	0.001559646482	93.59068793	0.003948176418	6.405363897	3.158924858	25.06103596	71.78003918	0	0	0	-473.5967201	0.001559646482	-36140.9520606493	
471.0367201	87	3	10	0.8949790504	0.001490697641	93.65544177	0.003743690538	6.340814542	3.023815012	25.09844597	71.87773902	0	0	0	-471.0367201	0.001490697641	-38208.8319942252	
468.4767201	87	3	10	0.8951284799	0.001425442842	93.72044002	0.003547485958	6.276012499	2.894342408	25.1342697	71.97138789	0	0	0	-468.4767201	0.001425442842	-40345.8076992037	
465.9167201	87	3	10	0.8952712274	0.001363610537	93.78566277	0.00335934067	6.210977892	2.770227881	25.16858653	72.06118559	0	0	0	-465.9167201	0.001363610537	-42552.9824004332	
463.3567201	87	3	10	0.8954076517	0.001304954865	93.85109137	0.00317903485	6.145729595	2.651211483	25.20147035	72.14731816	0	0	0	-463.3567201	0.001304954865	-44831.5439705639	
460.7967201	87	3	10	0.8955380856	0.00124925277	93.91670828	0.003006350729	6.080285367	2.537050749	25.23299012	72.22995913	0	0	0	-460.7967201	0.00124925277	-47182.7699863223	
458.2367201	87	3	10	0.895662838	0.00119630148	93.98249695	0.002841072514	6.014661977	2.427519158	25.26321022	72.30927062	0	0	0	-458.2367201	0.00119630148	-49608.0355606296	
455.6767201	87	3	10	0.8957821962	0.001145916315	94.04844171	0.002682986364	5.948875303	2.322404753	25.29219091	72.38540433	0	0	0	-455.6767201	0.001145916315	-52108.8188301725	
453.1167201	87	3	10	0.8958964279	0.001097928756	94.11452769	0.0025318804	5.882940431	2.221508899	25.31998867	72.45850243	0	0	0	-453.1167201	0.001097928756	-54686.7089902568	
450.5567201	87	3	10	0.8960057829	0.001052184761	94.18074072	0.002387544741	5.816871738	2.124645175	25.34665647	72.52869835	0	0	0	-450.5567201	0.001052184761	-57343.4165476786	
447.9967201	87	3	10	0.8961104946	0.001008543278	94.24706727	0.002249771568	5.750682962	2.031638371	25.37224412	72.5961175	0	0	0	-447.9967201	0.001008543278	-60080.7799482534	
445.4367201	87	3	10	0.8962107814	0.0009668749351	94.31349437	0.002118355205	5.684387276	1.942323588	25.39679848	72.66087793	0	0	0	-445.4367201	0.0009668749351	-62900.7744660011	
442.8767201	87	3	10	0.8963068482	0.0009270608819	94.38000957	0.001993092216	5.61799734	1.85654542	25.4203637	72.72309088	0	0	0	-442.8767201	0.0009270608819	-65805.5229226224	
440.3167201	87	3	10	0.896398887	0.0008889917657	94.44660086	0.001873781505	5.551525361	1.774157216	25.44298145	72.78286133	0	0	0	-440.3167201	0.0008889917657	-68797.3057180394	
437.7567201	87	3	10	0.8964870786	0.0008525668206	94.51325664	0.001760224434	5.484983135	1.695020415	25.46469109	72.8402885	0	0	0	-437.7567201	0.0008525668206	-71878.5716648402	
435.1967201	87	3	10	0.8965715928	0.0008176930592	94.57996568	0.001652224933	5.418382097	1.619003932	25.48552984	72.89546623	0	0	0	-435.1967201	0.0008176930592	-75051.9502027404	
432.6367201	87	3	10	0.8966525899	0.0007842845513	94.64671705	0.001549589627	5.351733356	1.545983613	25.50553295	72.94848343	0	0	0	-432.6367201	0.0007842845513	-71016.4405257855	
431.3567201	87	3	10	0.8966918243	0.0003802915088	94.68010651	0.001500224723	5.318393264	1.510560092	25.51523352	72.97420639	0	0	0	-431.3567201	0.0003802915088	-3267.17805957724	
430.7167201	87	3	10	0.896711133	0.0001871949912	94.696804	0.00147602006	5.301719976	1.493113752	25.52001022	72.98687602	0	0	0	-430.7167201	0.0001871949912	-321621.284227478	
430.0767201	87	3	10	0.896730238	0.0001852249648	94.71350296	0.001452129882	5.285044915	1.475841982	25.52473825	72.99941977	0	0	0	-430.0767201	0.0001852249648	-318222.246121623	
429.7567201	87	3	10	0.8967397154	9.192020529E-05	94.72185302	0.001440301878	5.276706675	1.467271022	25.52708431	73.00564467	0	0	0	-429.7567201	9.192020529E-05	-3455.14419760313	
429.5967201	87	3	10	0.8967444353	4.57809803E-05	94.72602819	0.001434416984	5.272537395	1.463001692	25.52825286	73.00874545	0	0	0	-429.5967201	4.57809803E-05	-3481.35334581788	
429.5167201	87	3	10	0.8967467906	2.28459092E-05	94.7281158	0.001431481793	5.270452716	1.460871052	25.52883602	73.01029293	0	0	0	-429.5167201	2.28459092E-05	-2534487.85794701	
429.4367201	87	3	10	0.8967491428	2.28143879E-05	94.73020343	0.001428551431	5.268368015	1.458743091	25.52941843	73.01183847	0	0	0	-429.4367201	2.28143879E-05	-2531061.79284987	
429.3967201	87	3	10	0.8967503169	1.12752528E-05	94.73124715	0.001427087989	5.267325758	1.457680106	25.5297092	73.01261069	0	0	0	-429.3967201	1.12752528E-05	-3520.79021875987	
429.3767201	87	3	10	0.8967509037	5.637215787E-06	94.73176917	0.001426356791	5.266804476	1.457148864	25.52985452	73.01299662	0	0	0	-429.3767201	5.637215787E-06	-3547.29359265856	
429.3667201	87	3	10	0.896751197	2.818149195E-06	94.73203003	0.001425991236	5.266543982	1.456883306	25.52992716	73.01318954	0	0	0	-429.3667201	2.818149195E-06	-7551.61591419372	
429.3267201	87	3	10	0.8967523703	1.141147677E-05	94.7330739	0.001424529982	5.26550157	1.455821507	25.5302178	73.0139607	0	0	0	-429.3267201	1.141147677E-05	-20161.0187284796	
429.3067201	87	3	10	0.8967529553	5.627397625E-06	94.73359586	0.001423799792	5.264980342	1.455290857	25.53036294	73.0143462	0	0	0	-429.3067201	5.627397625E-06	-3169428.7435853	
429.2667201	87	3	10	0.8967541282	1.143038713E-05	94.73463956	0.001422340313	5.263938102	1.454230039	25.53065335	73.01511661	0	0	0	-429.2667201	1.143038713E-05	6934.23020142845	
429.1867201	87	3	10	0.8967564714	2.28341053E-05	94.73672734	0.001419425069	5.261853236	1.452110434	25.53123359	73.01665598	0	0	0	-429.1867201	2.28341053E-05	7045.42497726227	
429.0267201	87	3	10	0.896761147	4.535345411E-05	94.74090276	0.001413608856	5.257683636	1.4478792	25.53239152	73.01972928	0	0	0	-429.0267201	4.535345411E-05	7107.24412611359	
428.7067201	87	3	10	0.8967704608	9.034956484E-05	94.74925375	0.001402033893	5.249344213	1.439448602	25.53469847	73.02585293	0	0	0	-428.7067201	9.034956484E-05	7140.3063436233	
428.0667201	87	3	10	0.8967889404	0.0001792780781	94.76595634	0.001379112564	5.232664551	1.422714173	25.53927686	73.03800896	0	0	0	-428.0667201	0.0001792780781	7255.70284297783	
426.7867201	87	3	10	0.8968253138	0.0003529376123	94.79936331	0.001334174254	5.199302513	1.389746694	25.54829327	73.06196003	0	0	0	-426.7867201	0.0003529376123	7496.36695117903	
424.2267201	87	3	10	0.8968957763	0.0006838683611	94.86618021	0.001247835454	5.132571952	1.32577163	25.56577753	73.10845084	0	0	0	-424.2267201	0.0006838683611	-100822.661029645	
421.6667201	87	3	10	0.8969633135	0.000655939308	94.93299553	0.001166065495	5.065838402	1.264328172	25.58255802	73.15311381	0	0	0	-421.6667201	0.000655939308	-93527.1943542064	
419.1067201	87	3	10	0.8970280448	0.0006290829355	94.99979956	0.001088687118	4.999111753	1.205321231	25.59866164	73.19601713	0	0	0	-419.1067201	0.0006290829355	-97302.439335286	
416.5467201	87	3	10	0.8970900834	0.000603277905	95.06658267	0.001015526502	4.932401802	1.148660253	25.61411407	73.23722568	0	0	0	-416.5467201	0.000603277905	-101246.666083283	
413.9867201	87	3	10	0.897149537	0.0005784737934	95.13333539	0.0009464133057	4.865718195	1.094258801	25.62893979	73.27680141	0	0	0	-413.9867201	0.0005784737934	-105313.340334964	
411.4267201	87	3	10	0.8972065079	0.0005546236848	95.20004835	0.0008811807665	4.799070471	1.042034283	25.64316219	73.31480353	0	0	0	-411.4267201	0.0005546236848	-109507.790047755	
408.8667201	87	3	10	0.8972610935	0.0005316837335	95.26671225	0.0008196657832	4.73246808	0.991907703	25.65680362	73.35128867	0	0	0	-408.8667201	0.0005316837335	-113835.42298662	
406.3067201	87	3	10	0.8973133869	0.0005096129196	95.33331789	0.0007617089893	4.665920396	0.9438034381	25.66988549	73.38631107	0	0	0	-406.3067201	0.0005096129196	-118302.037560344	
403.7467201	87	3	10	0.8973634765	0.0004883728264	95.3998561	0.0007071548211	4.599436741	0.8976490273	25.68242829	73.41992268	0	0	0	-403.7467201	0.0004883728264	-122913.85093882	
401.1867201	87	3	10	0.897411447	0.0004679274381	95.46631776	0.0006558515769	4.533026388	0.8533749798	25.69445165	73.45217337	0	0	0	-401.1867201	0.0004679274381	-127677.532351926	
398.6267201	87	3	10	0.8974573793	0.0004482429559	95.53269377	0.0006076514694	4.466698582	0.8109145969	25.70597442	73.48311098	0	0	0	-398.6267201	0.0004482429559	-132600.235233388	
396.0667201	87	3	10	0.8975013506	0.0004292876292	95.59897504	0.0005624106702	4.400462548	0.7702038067	25.71701469	73.51278151	0	0	0	-396.0667201	0.0004292876292	-137689.634390646	
393.5067201	87	3	10	0.8975434351	0.0004110316023	95.66515251	0.0005199893459	4.334327505	0.7311810112	25.72758982	73.54122917	0	0	0	-393.5067201	0.0004110316023	-142953.965678061	
390.9467201	87	3	10	0.8975837036	0.0003934467732	95.73121707	0.0004802516873	4.268302675	0.6937869446	25.73771654	73.56849651	0	0	0	-390.9467201	0.0003934467732	-148402.068134101	
388.3867201	87	3	10	0.8976222243	0.0003765066647	95.79715964	0.0004430659305	4.202397292	0.6579645422	25.74741093	73.59462453	0	0	0	-388.3867201	0.0003765066647	-154043.432475029	
385.8267201	87	3	10	0.8976590623	0.000360186306	95.86297108	0.0004083043708	4.136620614	0.623658818	25.75668846	73.61965272	0	0	0	-385.8267201	0.000360186306	-159888.25374256	
383.2667201	87	3	10	0.8976942804	0.0003444621242	95.92864222	0.0003758433684	4.070981932	0.5908167519	25.76556405	73.64361919	0	0	0	-383.2667201	0.0003444621242	-165947.483779969	
380.7067201	87	3	10	0.8977279388	0.0003293118435	95.99416386	0.0003455633474	4.005490576	0.5593871837	25.7740521	73.66656072	0	0	0	-380.7067201	0.0003293118435	-172232.892036254	
378.1467201	87	3	10	0.8977600956	0.0003147143932	96.05952673	0.0003173487878	3.940155923	0.5293207159	25.78216646	73.68851282	0	0	0	-378.1467201	0.0003147143932	-178947.733839229	
375.5867201	87	3	10	0.8977908065	0.0003006781471	96.12472154	0.0002910882114	3.874987372	0.5005696258	25.78992058	73.70950979	0	0	0	-375.5867201	0.0003006781471	-185715.506203487	
373.0267201	87	3	10	0.8978201252	0.0002871282034	96.18973886	0.0002666741565	3.809994471	0.4730877676	25.79732736	73.72958487	0	0	0	-373.0267201	0.0002871282034	-192587.564833672	
370.4667201	87	3	10	0.8978481036	0.0002740743431	96.25456923	0.0002440031496	3.745186766	0.4468305125	25.80439931	73.74877018	0	0	0	-370.4667201	0.0002740743431	-199916.323514186	
367.9067201	87	3	10	0.8978747914	0.0002614995821	96.31920313	0.0002229756739	3.680573898	0.4217546633	25.81114852	73.76709682	0	0	0	-367.9067201	0.0002614995821	-207545.754520221	
365.3467201	87	3	10	0.897900237	0.0002493877297	96.38363092	0.0002034961264	3.616165586	0.3978183892	25.81758669	73.78459492	0	0	0	-365.3467201	0.0002493877297	-215493.969616678	
362.7867201	87	3	10	0.8979244868	0.0002377233774	96.44784289	0.0001854727716	3.551971639	0.3749811615	25.82372515	73.80129368	0	0	0	-362.7867201	0.0002377233774	-223780.856709104	
360.2267201	87	3	10	0.8979475857	0.0002264918453	96.51182923	0.0001688176889	3.488001954	0.3532036952	25.82957487	73.81722144	0	0	0	-360.2267201	0.0002264918453	-232427.899932323	
357.6667201	87	3	10	0.8979695773	0.0002156791323	96.57558003	0.000153446715	3.424266528	0.3324478931	25.83514646	73.83240564	0	0	0	-357.6667201	0.0002156791323	-241458.327428623	
355.1067201	87	3	10	0.8979905034	0.0002052718699	96.63908526	0.0001392793821	3.360775457	0.3126767953	25.84045023	73.84687297	0	0	0	-355.1067201	0.0002052718699	-250897.271251248	
352.5467201	87	3	10	0.8980104047	0.0001952572789	96.70233482	0.0001262388507	3.297538943	0.2938545305	25.84549616	73.86064931	0	0	0	-352.5467201	0.0001952572789	-260771.940805051	
349.9867201	87	3	10	0.8980293205	0.0001856231289	96.76531845	0.0001142518381	3.234567297	0.2759462722	25.85029393	73.8737598	0	0	0	-349.9867201	0.0001856231289	-271107.320251036	
347.4267201	87	3	10	0.8980472889	0.0001763574101	96.82802579	0.000103248542	3.171870957	0.2589182259	25.85485292	73.88622885	0	0	0	-347.4267201	0.0001763574101	-281950.416109088	
344.8667201	87	3	10	0.8980643467	0.0001674497999	96.8904464	9.316256669E-05	3.109460436	0.2427374723	25.85918227	73.89808025	0	0	0	-344.8667201	0.0001674497999	-293323.334619272	
342.3067201	87	3	10	0.8980805296	0.000158888541	96.95256966	8.393083275E-05	3.047346407	0.227372115	25.86329082	73.90933706	0	0	0	-342.3067201	0.000158888541	-305257.17310263	
339.7467201	87	3	10	0.8980958723	0.0001506635872	97.01438486	7.549349717E-05	2.985539651	0.2127911207	25.86718715	73.92002173	0	0	0	-339.7467201	0.0001506635872	-317807.247809494	
337.1867201	87	3	10	0.8981104082	0.0001427649445	97.07588113	6.779386376E-05	2.924051074	0.1989643214	25.8708796	73.93015608	0	0	0	-337.1867201	0.0001427649445	-331013.259086784	
334.6267201	87	3	10	0.8981241699	0.0001351829782	97.13704751	6.077829265E-05	2.862891707	0.1858623855	25.87437628	73.93976134	0	0	0	-334.6267201	0.0001351829782	-344924.200775087	
332.0667201	87	3	10	0.898137189	0.0001279083898	97.19787289	5.439610772E-05	2.80207271	0.1734567921	25.87768504	73.94885817	0	0	0	-332.0667201	0.0001279083898	-359593.6533059	
329.5067201	87	3	10	0.8981494959	0.0001209321942	97.25834603	4.859950225E-05	2.74160537	0.1617198055	25.88081353	73.95746667	0	0	0	-329.5067201	0.0001209321942	-375080.297622195	
326.9467201	87	3	10	0.8981611204	0.0001142456994	97.31845555	4.334344307E-05	2.681501105	0.1506244533	25.88376917	73.96560638	0	0	0	-326.9467201	0.0001142456994	-391448.508588493	
324.3867201	87	3	10	0.8981720913	0.000107840487	97.37818995	3.858557366E-05	2.621771465	0.1401445054	25.88655916	73.97329633	0	0	0	-324.3867201	0.000107840487	-408769.044867346	
321.8267201	87	3	10	0.8981824364	0.0001017083951	97.43753759	3.428611636E-05	2.562428126	0.130254454	25.88919051	73.98055503	0	0	0	-321.8267201	0.0001017083951	-427119.852527554	
319.2667201	87	3	10	0.8981921829	9.58415023E-05	97.49648669	3.040777401E-05	2.503482898	0.1209294967	25.89167002	73.98740048	0	0	0	-319.2667201	9.58415023E-05	-446586.984276659	
316.7067201	87	3	10	0.8982013569	9.023211341E-05	97.55502537	2.691563142E-05	2.444947718	0.112145519	25.89400429	73.99385019	0	0	0	-316.7067201	9.023211341E-05	-467265.710301071	
314.1467201	87	3	10	0.898209984	8.487274716E-05	97.61314157	2.377705678E-05	2.386834653	0.1038790801	25.89619972	73.9999212	0	0	0	-314.1467201	8.487274716E-05	-489261.822166874	
311.5867201	87	3	10	0.8982180888	7.975612536E-05	97.67082315	2.096160348E-05	2.329155893	0.09610739794	25.89826254	74.00563006	0	0	0	-311.5867201	7.975612536E-05	-512693.195936102	
309.0267201	87	3	10	0.8982256953	7.487516414E-05	97.7280578	1.844091239E-05	2.271923754	0.08880833715	25.90019879	74.01099287	0	0	0	-309.0267201	7.487516414E-05	-537691.708173023	
306.4667201	87	3	10	0.8982328267	7.022296734E-05	97.78483314	1.618861503E-05	2.215150673	0.08196039654	25.90201432	74.01602528	0	0	0	-306.4667201	7.022296734E-05	-564405.596964664	
303.9067201	87	3	10	0.8982395055	6.579282237E-05	97.84113662	1.41802378E-05	2.158849202	0.07554269841	25.90371482	74.02074248	0	0	0	-303.9067201	6.579282237E-05	-593002.434563599	
301.3467201	87	3	10	0.8982457535	6.157819909E-05	97.8969556	1.239310745E-05	2.103032008	0.06953497833	25.90530579	74.02515923	0	0	0	-301.3467201	6.157819909E-05	-539714.810980976	
300	87	3	10	0.8982488748	3.069021057E-05	97.92612115	1.153462275E-05	2.073867316	0.06653243788	25.90610065	74.02736691	0	0	0	-300	3.069021057E-05	452514.564896449	
