T	w(AL)	w(MG)	w(SI)	fs	fw(@FCC_A1)	w(AL@FCC_A1)	w(MG@FCC_A1)	w(SI@FCC_A1)	w(AL@LIQUID)	w(MG@LIQUID)	w(SI@LIQUID)	dwdT_L(AL@LIQUID)	dwdT_L(MG@LIQUID)	dwdT_L(SI@LIQUID)	-T	fw(@FCC_A1)_1	-T//fw(@FCC_A1)	
K	%	%	%	mole/mole	kg/kg	%	%	%	%	%	%	SI	SI	SI				
850.9950727	83	8	9	0	0	97.83429139	1.439030387	0.7266782231	83	8	9	0.002287554684	-0.001011749481	-0.001275805203	-850.9950727	0	32.188169654163	
850.9850727	83	8	9	0.000153771269	0.0001543581779	97.83415507	1.439086339	0.72675859	82.99771236	8.00101186	9.00127578	0	0	0	-850.9850727	0.0001543581779	97.3806052049098	
850.9650727	83	8	9	0.0004608316694	0.0003083287313	97.83388251	1.439198155	0.7269193335	82.99313713	8.003035412	9.003827463	0	0	0	-850.9650727	0.0003083287313	129.880596428811	
850.9250727	83	8	9	0.001074482864	0.0006163721015	97.83333765	1.439421551	0.7272407951	82.98398583	8.007082902	9.008931269	0	0	0	-850.9250727	0.0006163721015	129.9228055872	
850.8450727	83	8	9	0.002299870097	0.001231451569	97.83224878	1.439867591	0.7278836286	82.9656803	8.015179307	9.019140389	0	0	0	-850.8450727	0.001231451569	130.183539171744	
850.6850727	83	8	9	0.004743060924	0.002458248076	97.83007557	1.440755652	0.7291687752	82.92905761	8.031377614	9.039564779	0	0	0	-850.6850727	0.002458248076	130.669071981314	
850.3650727	83	8	9	0.009599306387	0.004897970626	97.82574636	1.442516502	0.7317371337	82.85576563	8.063796248	9.080438121	0	0	0	-850.3650727	0.004897970626	131.739704744901	
849.7250727	83	8	9	0.01918205449	0.009714372141	97.81715746	1.445975806	0.7368667286	82.70899898	8.12871502	9.162286002	0	0	0	-849.7250727	0.009714372141	133.933431850907	
848.4450727	83	8	9	0.0378662543	0.01912659065	97.80025364	1.45265025	0.747096111	82.41472348	8.258896446	9.326380075	0	0	0	-848.4450727	0.01912659065	138.212575157416	
845.8850727	83	8	9	0.07341301061	0.03709784843	97.76752588	1.465039063	0.7674350608	81.82320314	8.520652948	9.656143909	0	0	0	-845.8850727	0.03709784843	-2651.9125604413	
843.3250727	83	8	9	0.1066935783	0.03607063995	97.73621281	1.476169494	0.7876176958	81.22773169	8.784260458	9.988007852	0	0	0	-843.3250727	0.03607063995	-2565.80015720423	
840.7650727	83	8	9	0.1379098683	0.03509925368	97.70628013	1.48607509	0.8076447801	80.62830762	9.049739424	10.32195295	0	0	0	-840.7650727	0.03509925368	-2712.29948060366	
838.2050727	83	8	9	0.1672417335	0.03418006294	97.67769384	1.494789426	0.8275167365	80.02493525	9.317106715	10.65795804	0	0	0	-838.2050727	0.03418006294	-2863.6605402299	
835.6450727	83	8	9	0.194848901	0.0333087713	97.65042015	1.502346089	0.8472337606	79.4176232	9.586375806	10.99600099	0	0	0	-835.6450727	0.0333087713	-3018.35452059991	
833.0850727	83	8	9	0.2208736626	0.03248149485	97.62442555	1.508778668	0.8667957787	78.80638514	9.857556588	11.33605827	0	0	0	-833.0850727	0.03248149485	-3176.16317224972	
830.5250727	83	8	9	0.2454431642	0.03169473098	97.59967681	1.514120767	0.8862024236	78.19123998	10.13065533	11.6781047	0	0	0	-830.5250727	0.03169473098	-3336.87943074726	
827.9650727	83	8	9	0.2686713456	0.03094531246	97.57614098	1.518406003	0.9054530126	77.57221217	10.40567463	12.02211321	0	0	0	-827.9650727	0.03094531246	-3500.2786965346	
825.4050727	83	8	9	0.2906605927	0.03023036803	97.55378547	1.521668003	0.9245465253	76.94933197	10.68261337	12.36805466	0	0	0	-825.4050727	0.03023036803	-3666.11960837908	
822.8450727	83	8	9	0.3115031497	0.02954728862	97.53257802	1.523940401	0.9434815826	76.3226357	10.96146668	12.71589762	0	0	0	-822.8450727	0.02954728862	-3834.14521003651	
820.2850727	83	8	9	0.3312823306	0.02889369817	97.51248675	1.52525682	0.9622564261	75.69216595	11.24222585	13.0656082	0	0	0	-820.2850727	0.02889369817	-4004.08447934983	
817.7250727	83	8	9	0.3500735628	0.02826742844	97.49348024	1.525650865	0.9808688992	75.05797184	11.52487829	13.41714987	0	0	0	-817.7250727	0.02826742844	-4175.65444579829	
815.1650727	83	8	9	0.3679452894	0.02766649717	97.47552747	1.525156098	0.9993164288	74.42010919	11.8094075	13.77048331	0	0	0	-815.1650727	0.02766649717	-4348.56257007962	
812.6050727	83	8	9	0.3849597516	0.02708908907	97.45859797	1.523806018	1.017596008	73.77864073	12.095793	14.12556627	0	0	0	-812.6050727	0.02708908907	-4522.50931744474	
810.0450727	83	8	9	0.4011736689	0.0265335392	97.44266178	1.521634036	1.035704181	73.13363626	12.38401028	14.48235346	0	0	0	-810.0450727	0.0265335392	-4697.19130869812	
807.4850727	83	8	9	0.4166388338	0.02599831848	97.42768952	1.518673448	1.053637028	72.48517278	12.67403081	14.84079641	0	0	0	-807.4850727	0.02599831848	-4872.30491770446	
804.9250727	83	8	9	0.4314026309	0.02548202098	97.41365244	1.514957402	1.071390153	71.8333346	12.96582198	15.20084342	0	0	0	-804.9250727	0.02548202098	-5047.54963015376	
802.3650727	83	8	9	0.4455084938	0.02498335268	97.40052246	1.510518869	1.088958675	71.17821341	13.2593471	15.56243949	0	0	0	-802.3650727	0.02498335268	-5222.63211677835	
799.8050727	83	8	9	0.4589963064	0.02450112166	97.38827218	1.505390605	1.106337214	70.51990837	13.5545654	15.92552623	0	0	0	-799.8050727	0.02450112166	-5397.26991046271	
797.2450727	83	8	9	0.4719027574	0.02403422929	97.37687499	1.499605116	1.123519892	69.85852608	13.85143204	16.29004189	0	0	0	-797.2450727	0.02403422929	-5571.1952916007	
794.6850727	83	8	9	0.4842616536	0.02358166253	97.36630506	1.493194617	1.140500322	69.19418055	14.14989815	16.6559213	0	0	0	-794.6850727	0.02358166253	-5744.15911380802	
792.1250727	83	8	9	0.4961041978	0.02314248698	97.35653739	1.486190999	1.15727161	68.52699321	14.44991087	17.02309592	0	0	0	-792.1250727	0.02314248698	-5915.93435126386	
789.5650727	83	8	9	0.5074592357	0.02271584075	97.34754786	1.478625782	1.173826356	67.85709274	14.7514134	17.39149387	0	0	0	-789.5650727	0.02271584075	-6086.31935998347	
787.0050727	83	8	9	0.5183534754	0.02230092889	97.33931326	1.47053008	1.190156657	67.18461496	15.05434509	17.76103995	0	0	0	-787.0050727	0.02230092889	-6255.14054055798	
784.4450727	83	8	9	0.5288116843	0.02189701841	97.33181133	1.461934556	1.206254115	66.50970269	15.35864154	18.13165577	0	0	0	-784.4450727	0.02189701841	-6422.25495861307	
781.8850727	83	8	9	0.5388568636	0.02150343377	97.32502077	1.452869383	1.222109845	65.83250548	15.66423469	18.50325983	0	0	0	-781.8850727	0.02150343377	-6587.55264540469	
779.3250727	83	8	9	0.5485104058	0.02111955283	97.3189213	1.443364204	1.237714493	65.1531794	15.97105298	18.87576762	0	0	0	-779.3250727	0.02111955283	-6750.96101716337	
776.7650727	83	8	9	0.5577922356	0.02074480343	97.31349366	1.433448096	1.253058244	64.47188672	16.27902149	19.24909179	0	0	0	-776.7650727	0.02074480343	-6912.40006668902	
774.2050727	83	8	9	0.5667209349	0.02037865528	97.30871963	1.423149519	1.268130855	63.78879575	16.58806201	19.62314223	0	0	0	-774.2050727	0.02037865528	-7071.97809817703	
771.6450727	83	8	9	0.5753138631	0.02002063678	97.30458204	1.412496292	1.282921667	63.10407992	16.89809353	19.99782654	0	0	0	-771.6450727	0.02002063678	-7229.58418805506	
769.0850727	83	8	9	0.583587248	0.01967028804	97.30106481	1.401515558	1.297419637	62.41791839	17.20903194	20.37304967	0	0	0	-769.0850727	0.01967028804	-7385.28642120569	
766.5250727	83	8	9	0.59155629	0.01932721383	97.2981529	1.390233739	1.311613365	61.73049466	17.52079066	20.74871468	0	0	0	-766.5250727	0.01932721383	-7539.30374639578	
763.9650727	83	8	9	0.5992352402	0.01899104005	97.29583235	1.378676518	1.32549113	61.04199661	17.83328071	21.12472268	0	0	0	-763.9650727	0.01899104005	-7691.65090385587	
761.4050727	83	8	9	0.6066374771	0.01866142768	97.29409028	1.3668688	1.339040925	60.35261596	18.14641093	21.50097311	0	0	0	-761.4050727	0.01866142768	-7842.50529533946	
758.8450727	83	8	9	0.613775576	0.01833806772	97.29291481	1.354834693	1.352250495	59.66254774	18.46008823	21.87736403	0	0	0	-758.8450727	0.01833806772	-7996.49629120264	
756.2850727	83	8	9	0.6206615314	0.01802102273	97.29229454	1.342597327	1.36510813	58.97198172	18.77421988	22.2537984	0	0	0	-756.2850727	0.01802102273	-8141.26733851542	
753.7250727	83	8	9	0.6273062264	0.01770908991	97.29222088	1.33017914	1.377599982	58.28113621	19.08870319	22.63016061	0	0	0	-753.7250727	0.01770908991	-8284.62056167034	
751.1650727	83	8	9	0.6337202783	0.01740290329	97.29268432	1.317601891	1.38971379	57.59020309	19.40344543	23.00635148	0	0	0	-751.1650727	0.01740290329	-8434.8391850062	
748.6050727	83	8	9	0.6399136161	0.017101992	97.29367696	1.304886293	1.401436751	56.89938559	19.71834842	23.382266	0	0	0	-748.6050727	0.017101992	-8581.23466957289	
746.0450727	83	8	9	0.6458956244	0.01680616589	97.29519178	1.292052177	1.412756041	56.20888768	20.03331334	23.75779898	0	0	0	-746.0450727	0.01680616589	-8727.44404920958	
743.4850727	83	8	9	0.6516751828	0.01651525452	97.29722264	1.279118483	1.423658873	55.51891357	20.34824101	24.13284542	0	0	0	-743.4850727	0.01651525452	-8873.74324927773	
740.9250727	83	8	9	0.6572607008	0.01622910422	97.2997642	1.266103258	1.434132544	54.82966719	20.66303214	24.50730067	0	0	0	-740.9250727	0.01622910422	-9020.39679734892	
738.3650727	83	8	9	0.6626601507	0.01594757671	97.30281186	1.253023657	1.444164488	54.14135166	20.9775876	24.88106074	0	0	0	-738.3650727	0.01594757671	-9167.67377921997	
735.8050727	83	8	9	0.6678810971	0.01567054767	97.30636173	1.239895943	1.453742329	53.45416885	21.29180863	25.25402252	0	0	0	-735.8050727	0.01567054767	-9315.84342841555	
733.2450727	83	8	9	0.6729307235	0.01539790536	97.31041057	1.226735495	1.462853936	52.76831889	21.60559711	25.626084	0	0	0	-733.2450727	0.01539790536	-9465.17290687828	
730.6850727	83	8	9	0.6778158576	0.01512954933	97.31495572	1.213556815	1.47148747	52.08399974	21.91885578	25.99714448	0	0	0	-730.6850727	0.01512954933	-9615.92450386292	
728.1250727	83	8	9	0.6825429937	0.01486538914	97.31999502	1.200373541	1.479631439	51.40140673	22.23148846	26.36710481	0	0	0	-728.1250727	0.01486538914	-9768.35548536954	
725.5650727	83	8	9	0.6871183139	0.0146053433	97.32552679	1.187198461	1.487274745	50.72073223	22.54340022	26.73586755	0	0	0	-725.5650727	0.0146053433	-9922.71643592825	
723.0050727	83	8	9	0.6915477068	0.01434933813	97.33154974	1.174043528	1.494406735	50.04216521	22.85449763	27.10333715	0	0	0	-723.0050727	0.01434933813	-10079.2487165116	
720.4450727	83	8	9	0.6958367856	0.01409730677	97.33806288	1.160919878	1.501017244	49.36589097	23.16468891	27.46942013	0	0	0	-720.4450727	0.01409730677	-10238.1851815625	
717.8850727	83	8	9	0.6999909041	0.01384918828	97.3450655	1.147837854	1.507096644	48.69209076	23.47388406	27.83402518	0	0	0	-717.8850727	0.01384918828	-10399.7493642818	
715.3250727	83	8	9	0.7040151717	0.01360492679	97.35255709	1.134807025	1.512635881	48.02094156	23.78199507	28.19706337	0	0	0	-715.3250727	0.01360492679	-10564.1540276529	
712.7650727	83	8	9	0.7079144676	0.0133644707	97.36053727	1.12183621	1.517626519	47.35261579	24.08893602	28.5584482	0	0	0	-712.7650727	0.0133644707	-10731.6011638745	
710.2050727	83	8	9	0.711693453	0.01312777199	97.36900573	1.108933503	1.522060772	46.6872811	24.3946232	28.9180957	0	0	0	-710.2050727	0.01312777199	-10902.2827022128	
707.6450727	83	8	9	0.7153565834	0.0128947856	97.37796216	1.096106302	1.525931542	46.02510021	24.69897522	29.27592457	0	0	0	-707.6450727	0.0128947856	-11076.3784841934	
705.0850727	83	8	9	0.7189081198	0.01266546879	97.38740622	1.083361331	1.529232447	45.36623071	25.00191311	29.63185618	0	0	0	-705.0850727	0.01266546879	-11254.0580644715	
702.5250727	83	8	9	0.7223521383	0.01243978072	97.39733748	1.070704671	1.531957852	44.71082494	25.30336037	29.98581468	0	0	0	-702.5250727	0.01243978072	-11435.4806224991	
699.9650727	83	8	9	0.7256925402	0.01221768193	97.40775533	1.058141786	1.534102886	44.0590299	25.60324307	30.33772702	0	0	0	-699.9650727	0.01221768193	-11620.7956080934	
697.4050727	83	8	9	0.7289330609	0.01199913404	97.41865897	1.045677554	1.535663472	43.41098716	25.90148987	30.68752297	0	0	0	-697.4050727	0.01199913404	-11810.1380992395	
694.8450727	83	8	9	0.7320772777	0.01178409917	97.43004737	1.033316292	1.536636338	42.7668328	26.19803206	31.03513514	0	0	0	-694.8450727	0.01178409917	-12003.6379880379	
692.2850727	83	8	9	0.7351286182	0.01157254005	97.44191918	1.021061784	1.537019031	42.12669741	26.49280359	31.380499	0	0	0	-692.2850727	0.01157254005	-12201.4159084805	
689.7250727	83	8	9	0.738090367	0.0113644194	97.45427275	1.008917315	1.536809934	41.49070604	26.78574111	31.72355285	0	0	0	-689.7250727	0.0113644194	-12403.5784308365	
687.1650727	83	8	9	0.7409656731	0.01115969991	97.46710604	0.9968856917	1.536008266	40.85897826	27.07678391	32.06423784	0	0	0	-687.1650727	0.01115969991	-12610.2283744549	
684.6050727	83	8	9	0.7437575557	0.01095834407	97.48041664	0.9849692724	1.53461409	40.23162813	27.36587399	32.40249788	0	0	0	-684.6050727	0.01095834407	-12821.4587816074	
682.0450727	83	8	9	0.746468911	0.01076031399	97.49420169	0.9731699952	1.532628314	39.60876432	27.65295599	32.73827969	0	0	0	-682.0450727	0.01076031399	-13037.3550469128	
679.4850727	83	8	9	0.7491025173	0.01056557135	97.50845791	0.9614894023	1.530052686	38.9904901	27.93797719	33.07153271	0	0	0	-679.4850727	0.01056557135	-13257.9955604204	
676.9250727	83	8	9	0.7516610404	0.01037407729	97.52318154	0.9499286665	1.526889793	38.37690348	28.22088748	33.40220904	0	0	0	-676.9250727	0.01037407729	-13483.4527030307	
674.3650727	83	8	9	0.7541470391	0.01018579242	97.53836834	0.938488615	1.523143049	37.76809724	28.50163933	33.73026343	0	0	0	-674.3650727	0.01018579242	-13713.792972764	
671.8050727	83	8	9	0.7565629698	0.01000067675	97.55401356	0.927169754	1.518816687	37.16415905	28.78018773	34.05565321	0	0	0	-671.8050727	0.01000067675	-13949.0760694297	
669.2450727	83	8	9	0.7589111909	0.009818689697	97.57011197	0.9159722912	1.513915743	36.56517161	29.05649017	34.37833822	0	0	0	-669.2450727	0.009818689697	-14189.358522992	
666.6850727	83	8	9	0.7611939674	0.009639790136	97.5866578	0.9048961583	1.508446042	35.97121271	29.33050655	34.69828074	0	0	0	-666.6850727	0.009639790136	-14434.6921472324	
664.1250727	83	8	9	0.7634134748	0.009463936382	97.60364479	0.893941032	1.502414178	35.38235536	29.60219919	35.01544545	0	0	0	-664.1250727	0.009463936382	-14685.1239910545	
661.5650727	83	8	9	0.7655718031	0.009291086249	97.62106615	0.8831063545	1.495827497	34.79866794	29.8715327	35.32979935	0	0	0	-661.5650727	0.009291086249	-14940.6986798432	
659.0050727	83	8	9	0.7676709605	0.009121197101	97.63891458	0.8723913528	1.48869407	34.22021431	30.13847399	35.6413117	0	0	0	-659.0050727	0.009121197101	-15201.4577208461	
656.4450727	83	8	9	0.7697128772	0.008954225897	97.65718227	0.8617950573	1.481022671	33.64705394	30.40299215	35.94995391	0	0	0	-656.4450727	0.008954225897	-15467.440290342	
653.8850727	83	8	9	0.7716994081	0.008790129261	97.67586093	0.8513163193	1.472822751	33.07924202	30.66505843	36.25569955	0	0	0	-653.8850727	0.008790129261	-15738.6839333349	
651.3250727	83	8	9	0.7736323368	0.008628863542	97.69494176	0.8409538278	1.464104411	32.51682965	30.92464616	36.55852419	0	0	0	-651.3250727	0.008628863542	-16015.2245810906	
648.7650727	83	8	9	0.7755133781	0.00847038488	97.71441551	0.8307061254	1.454878369	31.95986391	31.1817307	36.85840539	0	0	0	-648.7650727	0.00847038488	-16297.0972304231	
646.2050727	83	8	9	0.7773441812	0.008314649275	97.73427244	0.8205716234	1.445155938	31.40838801	31.43628935	37.15532264	0	0	0	-646.2050727	0.008314649275	-16584.3364048065	
643.6450727	83	8	9	0.7791263323	0.008161612655	97.7545024	0.8105486159	1.434948985	30.86244145	31.68830133	37.44925722	0	0	0	-643.6450727	0.008161612655	-16876.9766144342	
641.0850727	83	8	9	0.7808613576	0.008011230945	97.7750948	0.8006352932	1.424269906	30.3220601	31.93774765	37.74019224	0	0	0	-641.0850727	0.008011230945	-17175.0526575818	
638.5250727	83	8	9	0.7825507255	0.007863460131	97.79603865	0.7908297543	1.413131592	29.78727637	32.18461115	38.02811248	0	0	0	-638.5250727	0.007863460131	-17478.5999289531	
635.9650727	83	8	9	0.7841958492	0.007718256324	97.81732259	0.7811300194	1.401547392	29.25811929	32.42887632	38.31300439	0	0	0	-635.9650727	0.007718256324	-17787.6550645069	
633.4050727	83	8	9	0.7857980888	0.007575575824	97.83893488	0.7715340404	1.389531082	28.73461467	32.67052935	38.59485599	0	0	0	-633.4050727	0.007575575824	-18102.2559608809	
630.8450727	83	8	9	0.7873587541	0.007435375173	97.86086346	0.7620397119	1.377096831	28.21678518	32.90955799	38.87365683	0	0	0	-630.8450727	0.007435375173	-18422.4422142141	
628.2850727	83	8	9	0.7888791059	0.007297611214	97.88309595	0.7526448811	1.364259164	27.70465051	33.14595154	39.14939795	0	0	0	-628.2850727	0.007297611214	-18748.2554520062	
625.7250727	83	8	9	0.7903603589	0.007162241138	97.90561971	0.7433473568	1.351032931	27.19822743	33.37970077	39.4220718	0	0	0	-625.7250727	0.007162241138	-19079.7396221913	
623.1650727	83	8	9	0.7918036828	0.007029222535	97.92842181	0.7341449185	1.33743327	26.69752993	33.61079789	39.69167218	0	0	0	-623.1650727	0.007029222535	-19416.9412755609	
620.6050727	83	8	9	0.7932102048	0.006898513434	97.95148911	0.7250353243	1.323475571	26.20256932	33.83923646	39.95819422	0	0	0	-620.6050727	0.006898513434	-19759.9094484646	
618.0450727	83	8	9	0.7945810112	0.006770072341	97.97480824	0.7160163185	1.309175446	25.7133543	34.0650114	40.22163431	0	0	0	-618.0450727	0.006770072341	-20108.6964627196	
615.4850727	83	8	9	0.7959171489	0.006643858279	97.99836567	0.7070856392	1.294548693	25.22989109	34.28811886	40.48199005	0	0	0	-615.4850727	0.006643858279	-20463.3577062593	
612.9250727	83	8	9	0.7972196272	0.006519830813	98.02214771	0.6982410245	1.279611263	24.75218353	34.50855623	40.73926023	0	0	0	-612.9250727	0.006519830813	-20823.9519134895	
610.3650727	83	8	9	0.7984894195	0.006397950083	98.04614055	0.6894802191	1.264379227	24.28023313	34.7263221	40.99344477	0	0	0	-610.3650727	0.006397950083	-21190.5412909522	
607.8050727	83	8	9	0.7997274643	0.006278176822	98.07033028	0.6808009799	1.248868745	23.81403917	34.94141616	41.24454467	0	0	0	-607.8050727	0.006278176822	-21563.191551485	
605.2450727	83	8	9	0.8009346672	0.00616047238	98.09470289	0.6722010817	1.233096032	23.35359882	35.15383921	41.49256198	0	0	0	-605.2450727	0.00616047238	-21941.9722285487	
602.6850727	83	8	9	0.8021119019	0.006044798738	98.11924435	0.6636783221	1.217077332	22.89890715	35.36359308	41.73749976	0	0	0	-602.6850727	0.006044798738	-22326.956387197	
600.1250727	83	8	9	0.8032600115	0.005931118521	98.14394059	0.6552305263	1.200828882	22.44995728	35.57068064	41.97936208	0	0	0	-600.1250727	0.005931118521	-22718.2213858822	
597.5650727	83	8	9	0.8043798101	0.005819395013	98.16877756	0.6468555516	1.184366892	22.0067404	35.7751057	42.2181539	0	0	0	-597.5650727	0.005819395013	-23115.8481984112	
595.0050727	83	8	9	0.8054720835	0.005709592157	98.1937412	0.6385512914	1.167707506	21.56924587	35.97687301	42.45388113	0	0	0	-595.0050727	0.005709592157	-23519.9215354017	
592.4450727	83	8	9	0.8065375907	0.005601674565	98.21881753	0.6303156791	1.150866787	21.13746126	36.17598821	42.68655053	0	0	0	-592.4450727	0.005601674565	-23930.5301979476	
589.8850727	83	8	9	0.8075770646	0.005495607517	98.24399263	0.6221466916	1.133860681	20.71137245	36.37245781	42.91616974	0	0	0	-589.8850727	0.005495607517	-24347.7668942265	
587.3250727	83	8	9	0.8085912136	0.005391356964	98.26925265	0.6140423526	1.116704999	20.29096368	36.56628914	43.14274718	0	0	0	-587.3250727	0.005391356964	-24771.7281997635	
584.7650727	83	8	9	0.8095807221	0.005288889523	98.29458387	0.6060007354	1.099415391	19.87621761	36.75749032	43.36629207	0	0	0	-584.7650727	0.005288889523	-25202.5144257085	
582.2050727	83	8	9	0.8105462517	0.005188172475	98.31997271	0.5980199661	1.082007325	19.46711538	36.94607023	43.58681439	0	0	0	-582.2050727	0.005188172475	-25640.2298388524	
579.6450727	83	8	9	0.8114884421	0.005089173759	98.34540571	0.590098226	1.064496064	19.06363665	37.13203848	43.80432487	0	0	0	-579.6450727	0.005089173759	-26084.9823932632	
577.0850727	83	8	9	0.8124079116	0.004991861965	98.3708696	0.5822337539	1.046896646	18.66575969	37.31540538	44.01883493	0	0	0	-577.0850727	0.004991861965	-26536.8834692725	
574.5250727	83	8	9	0.8133052587	0.004896206324	98.39635128	0.5744248483	1.029223869	18.27346142	37.49618191	44.23035667	0	0	0	-574.5250727	0.004896206324	-26996.0554862387	
571.9650727	83	8	9	0.8141810621	0.004802176751	98.42183786	0.5666698695	1.011492269	17.88671744	37.6743797	44.43890286	0	0	0	-571.9650727	0.004802176751	-27462.6036326026	
569.4050727	83	8	9	0.8150358819	0.004709743643	98.44731666	0.558967241	0.9937161032	17.50550213	37.85001097	44.6444869	0	0	0	-569.4050727	0.004709743643	-27936.647226611	
566.8450727	83	8	9	0.8158702601	0.004618878127	98.47277521	0.5513154513	0.9759093407	17.12978865	38.02308856	44.84712279	0	0	0	-566.8450727	0.004618878127	-28418.3276288234	
564.2850727	83	8	9	0.8166847217	0.004529551923	98.4982013	0.5437130557	0.958085643	16.75954903	38.19362584	45.04682514	0	0	0	-564.2850727	0.004529551923	-28907.7698392587	
561.7250727	83	8	9	0.8174797746	0.004441737319	98.52358297	0.536158677	0.9402583533	16.39475417	38.36163673	45.2436091	0	0	0	-561.7250727	0.004441737319	-29405.1033378207	
559.1650727	83	8	9	0.8182559112	0.004355407181	98.54890851	0.528651007	0.9224404846	16.03537392	38.52713568	45.4374904	0	0	0	-559.1650727	0.004355407181	-29910.463419283	
556.6050727	83	8	9	0.8190136081	0.004270534936	98.57416648	0.5211888071	0.9046447097	15.68137715	38.6901376	45.62848525	0	0	0	-556.6050727	0.004270534936	-30423.9881029459	
554.0450727	83	8	9	0.8197533273	0.004187094561	98.59934574	0.5137709096	0.8868833514	15.33273172	38.85065787	45.81661041	0	0	0	-554.0450727	0.004187094561	-30945.8187477169	
551.4850727	83	8	9	0.8204755165	0.00410506057	98.62443541	0.5063962179	0.8691683742	14.98940458	39.00871233	46.00188309	0	0	0	-551.4850727	0.00410506057	-31476.0998929269	
548.9250727	83	8	9	0.8211806096	0.004024408002	98.64942491	0.4990637075	0.8515113778	14.65136181	39.16431722	46.18432097	0	0	0	-548.9250727	0.004024408002	-32014.9781800697	
546.3650727	83	8	9	0.8218690275	0.003945112403	98.67430398	0.4917724259	0.8339235903	14.31856864	39.31748918	46.36394218	0	0	0	-546.3650727	0.003945112403	-32562.6039209034	
543.8050727	83	8	9	0.8225411781	0.003867149822	98.69906264	0.4845214932	0.8164158638	13.99098949	39.46824525	46.54076526	0	0	0	-543.8050727	0.003867149822	-33119.1300487078	
541.2450727	83	8	9	0.8231974572	0.003790496789	98.72369123	0.4773101022	0.7989986696	13.66858804	39.61660279	46.71480918	0	0	0	-541.2450727	0.003790496789	-33684.7117719471	
538.6850727	83	8	9	0.8238382487	0.003715130309	98.74818039	0.4701375183	0.7816820956	13.35132721	39.76257952	46.88609327	0	0	0	-538.6850727	0.003715130309	-34259.5082355038	
536.1250727	83	8	9	0.8244639251	0.003641027849	98.77252108	0.4630030794	0.764475844	13.03916928	39.90619348	47.05463723	0	0	0	-536.1250727	0.003641027849	-34843.6807334059	
533.5650727	83	8	9	0.8250748479	0.003568167324	98.79670457	0.4559061961	0.7473892295	12.73207586	40.047463	47.22046114	0	0	0	-533.5650727	0.003568167324	-35437.3932201296	
531.0050727	83	8	9	0.8256713683	0.003496527087	98.82072247	0.4488463505	0.7304311793	12.43000793	40.1864067	47.38358538	0	0	0	-531.0050727	0.003496527087	-36040.813639596	
528.4450727	83	8	9	0.8262538267	0.003426085921	98.84456667	0.4418230968	0.713610233	12.13292592	40.32304343	47.54403065	0	0	0	-528.4450727	0.003426085921	-36654.1123098192	
525.8850727	83	8	9	0.8268225542	0.003356823023	98.8682294	0.4348360599	0.6969345437	11.8407897	40.45739234	47.70181796	0	0	0	-525.8850727	0.003356823023	-37277.462662379	
523.3250727	83	8	9	0.8273778721	0.003288717999	98.89170319	0.4278849351	0.6804118796	11.55355865	40.58947275	47.8569686	0	0	0	-523.3250727	0.003288717999	-37911.0417831706	
520.7650727	83	8	9	0.8279200925	0.003221750851	98.91498089	0.4209694876	0.6640496267	11.27119164	40.71930424	48.00950412	0	0	0	-520.7650727	0.003221750851	-38555.029931825	
518.2050727	83	8	9	0.8284495188	0.00315590197	98.93805566	0.414089551	0.6478547915	10.99364714	40.84690655	48.15944631	0	0	0	-518.2050727	0.00315590197	-39209.6115286676	
515.6450727	83	8	9	0.8289664457	0.003091152127	98.96092097	0.4072450268	0.6318340044	10.72088316	40.97229963	48.30681721	0	0	0	-515.6450727	0.003091152127	-39874.9742614815	
513.0850727	83	8	9	0.8294711596	0.003027482463	98.98357059	0.4004358834	0.6159935245	10.45285735	41.09550357	48.45163908	0	0	0	-513.0850727	0.003027482463	-40551.3099595409	
510.5250727	83	8	9	0.8299639391	0.002964874483	99.0059986	0.3936621547	0.6003392436	10.18952702	41.21653862	48.59393436	0	0	0	-510.5250727	0.002964874483	-41238.8155327823	
507.9650727	83	8	9	0.830445055	0.002903310049	99.02819937	0.3869239389	0.5848766916	9.930849117	41.33542517	48.73372571	0	0	0	-507.9650727	0.002903310049	-41937.6917162733	
505.4050727	83	8	9	0.8309147705	0.00284277137	99.05016756	0.3802213973	0.569611042	9.676780318	41.45218375	48.87103593	0	0	0	-505.4050727	0.00284277137	-42648.1441432812	
502.8450727	83	8	9	0.8313733418	0.002783240998	99.07189813	0.3735547527	0.5545471178	9.427277019	41.56683496	49.00588802	0	0	0	-502.8450727	0.002783240998	-43370.3847878169	
500.2850727	83	8	9	0.831821018	0.002724701822	99.09338631	0.3669242882	0.539689398	9.182295368	41.67939953	49.1383051	0	0	0	-500.2850727	0.002724701822	-44104.6307392546	
497.7250727	83	8	9	0.8322580416	0.00266713706	99.11462763	0.3603303454	0.5250420239	8.941791294	41.78989828	49.26831043	0	0	0	-497.7250727	0.00266713706	-44851.1047072656	
495.1650727	83	8	9	0.8326846483	0.002610530254	99.13561787	0.3537733228	0.5106088062	8.705720528	41.89835208	49.39592739	0	0	0	-495.1650727	0.002610530254	-45610.0371489853	
492.6050727	83	8	9	0.8331010679	0.002554865267	99.15635309	0.3472536739	0.4963932323	8.474038627	42.00478189	49.52117949	0	0	0	-492.6050727	0.002554865267	-46381.6649193471	
490.0450727	83	8	9	0.8335075238	0.002500126274	99.17682962	0.3407719058	0.4823984735	8.246700996	42.1092087	49.64409031	0	0	0	-490.0450727	0.002500126274	-47166.2325065353	
487.4850727	83	8	9	0.8339042336	0.002446297761	99.19704403	0.3343285771	0.4686273926	8.023662909	42.21165356	49.76468353	0	0	0	-487.4850727	0.002446297761	-47963.9935236	
484.9250727	83	8	9	0.8342914093	0.002393364519	99.21699315	0.3279242956	0.4550825519	7.804879529	42.31213755	49.88298292	0	0	0	-484.9250727	0.002393364519	-48775.209490577	
482.3650727	83	8	9	0.8346692572	0.002341311639	99.23667406	0.3215597172	0.4417662208	7.590305928	42.41068178	49.99901229	0	0	0	-482.3650727	0.002341311639	-49600.15206705	
479.8050727	83	8	9	0.8350379785	0.00229012451	99.25608407	0.315235543	0.4286803841	7.379897107	42.50730737	50.11279552	0	0	0	-479.8050727	0.00229012451	-50439.1035661842	
477.2450727	83	8	9	0.835397769	0.002239788814	99.27522073	0.3089525173	0.4158267499	7.173608012	42.60203544	50.22435655	0	0	0	-477.2450727	0.002239788814	-51292.3560976977	
474.6850727	83	8	9	0.8357488196	0.002190290521	99.29408182	0.302711426	0.403206758	6.971393548	42.69488713	50.33371933	0	0	0	-474.6850727	0.002190290521	-52160.2147294801	
472.1250727	83	8	9	0.8360913164	0.002141615889	99.31266532	0.2965130938	0.3908215879	6.773208602	42.78588355	50.44090784	0	0	0	-472.1250727	0.002141615889	-53042.9976313761	
469.5650727	83	8	9	0.8364254408	0.002093751458	99.33096945	0.2903583819	0.3786721675	6.579008053	42.87504583	50.54594612	0	0	0	-469.5650727	0.002093751458	-53941.035957467	
467.0050727	83	8	9	0.8367513696	0.002046684048	99.34899263	0.2842481863	0.3667591808	6.388746786	42.96239505	50.64885816	0	0	0	-467.0050727	0.002046684048	-54854.6762291023	
464.4450727	83	8	9	0.8370692753	0.002000400756	99.36673349	0.2781834345	0.3550830764	6.202379707	43.04795227	50.74966802	0	0	0	-464.4450727	0.002000400756	-55784.2801598233	
461.8850727	83	8	9	0.8373793262	0.001954888952	99.38419084	0.2721650841	0.343644076	6.019861758	43.13173853	50.84839971	0	0	0	-461.8850727	0.001954888952	-56730.2268997466	
459.3250727	83	8	9	0.8376816863	0.001910136278	99.4013637	0.2661941194	0.3324421822	5.841147924	43.21377482	50.94507725	0	0	0	-459.3250727	0.001910136278	-57692.9134174592	
456.7650727	83	8	9	0.8379765158	0.001866130643	99.41825126	0.2602715497	0.3214771869	5.666193244	43.2940821	51.03972465	0	0	0	-456.7650727	0.001866130643	-58672.7551135854	
454.2050727	83	8	9	0.838263971	0.001822860221	99.43485291	0.2543984064	0.3107486792	5.494952828	43.37268128	51.13236589	0	0	0	-454.2050727	0.001822860221	-59670.1911054539	
451.6450727	83	8	9	0.8385442044	0.001780313452	99.45116821	0.2485757404	0.3002560535	5.327381857	43.44959322	51.22302492	0	0	0	-451.6450727	0.001780313452	-60685.6792835777	
449.0850727	83	8	9	0.838817365	0.001738479031	99.46719686	0.2428046197	0.2899985172	5.1634356	43.52483872	51.31172568	0	0	0	-449.0850727	0.001738479031	-61719.7031664	
446.5250727	83	8	9	0.8390835984	0.001697345916	99.48293877	0.237086127	0.2799750989	5.003069416	43.59843854	51.39849205	0	0	0	-446.5250727	0.001697345916	-62772.7712544858	
443.9650727	83	8	9	0.8393430465	0.001656903315	99.49839399	0.2314213568	0.2701846557	4.846238766	43.67041335	51.48334788	0	0	0	-443.9650727	0.001656903315	-63845.4173257241	
441.4050727	83	8	9	0.8395958482	0.001617140691	99.51356271	0.2258114128	0.2606258807	4.692899215	43.7407838	51.56631699	0	0	0	-441.4050727	0.001617140691	-64938.2077605958	
438.8450727	83	8	9	0.8398421391	0.001578047757	99.52844528	0.2202574055	0.2512973109	4.543006441	43.80957044	51.64742312	0	0	0	-438.8450727	0.001578047757	-66051.7359212541	
436.2850727	83	8	9	0.8400820519	0.001539614471	99.54304222	0.2147604495	0.2421973341	4.396516241	43.87679376	51.72669	0	0	0	-436.2850727	0.001539614471	-67186.6290209994	
433.7250727	83	8	9	0.8403157163	0.001501831037	99.55735414	0.2093216607	0.2333241961	4.253384534	43.9424742	51.80414126	0	0	0	-433.7250727	0.001501831037	-68343.5492297574	
431.1650727	83	8	9	0.8405432589	0.001464687899	99.57138184	0.203942154	0.2246760081	4.113567364	44.00663211	51.87980052	0	0	0	-431.1650727	0.001464687899	-69523.1955230958	
428.6050727	83	8	9	0.8407648037	0.001428175741	99.58512621	0.1986230404	0.2162507529	3.977020907	44.06928778	51.95369132	0	0	0	-428.6050727	0.001428175741	-70726.3087707588	
426.0450727	83	8	9	0.8409804722	0.001392285484	99.59858828	0.1933654246	0.2080462924	3.843701473	44.13046141	52.02583712	0	0	0	-426.0450727	0.001392285484	-71953.6677163973	
423.4850727	83	8	9	0.841190383	0.001357008279	99.61176922	0.1881704023	0.2000603735	3.713565504	44.19017315	52.09626135	0	0	0	-423.4850727	0.001357008279	-73206.0978548693	
420.9250727	83	8	9	0.8413946523	0.00132233551	99.62467031	0.1830390576	0.1922906351	3.586569586	44.24844306	52.16498735	0	0	0	-420.9250727	0.00132233551	-74484.4740984541	
418.3650727	83	8	9	0.841593394	0.001288258787	99.63729293	0.1779724605	0.1847346137	3.462670441	44.30529114	52.23203842	0	0	0	-418.3650727	0.001288258787	-75789.7192988398	
415.8050727	83	8	9	0.8417867194	0.001254769944	99.64963859	0.1729716646	0.1773897503	3.341824934	44.3607373	52.29743777	0	0	0	-415.8050727	0.001254769944	-77122.814003366	
413.2450727	83	8	9	0.8419747379	0.001221861038	99.6617089	0.168037704	0.1702533958	3.22399007	44.41480137	52.36120856	0	0	0	-413.2450727	0.001221861038	-78484.792015031	
410.6850727	83	8	9	0.8421575564	0.00118952434	99.67350559	0.1631715917	0.163322817	3.109122999	44.46750314	52.42337386	0	0	0	-410.6850727	0.00118952434	-79876.7506933864	
408.1250727	83	8	9	0.8423352797	0.001157752339	99.68503048	0.1583743162	0.156595202	2.997181013	44.51886229	52.48395669	0	0	0	-408.1250727	0.001157752339	-81299.8530950367	
405.5650727	83	8	9	0.8425080108	0.001126537732	99.69628549	0.15364684	0.150067666	2.888121546	44.56889845	52.54298001	0	0	0	-405.5650727	0.001126537732	-82755.331107132	
403.0050727	83	8	9	0.8426758505	0.001095873426	99.70727265	0.1489900967	0.1437372567	2.781902177	44.61763115	52.60046667	0	0	0	-403.0050727	0.001095873426	-84244.4918393221	
400.4450727	83	8	9	0.8428388978	0.00106575253	99.71799405	0.144404989	0.1376009589	2.678480624	44.66507988	52.65643949	0	0	0	-400.4450727	0.00106575253	-85768.721045975	
397.8850727	83	8	9	0.8429972497	0.001036168355	99.72845191	0.1398923863	0.1316557003	2.577814748	44.71126404	52.71092121	0	0	0	-397.8850727	0.001036168355	-87329.484660125	
395.3250727	83	8	9	0.8431510017	0.001007114404	99.73864852	0.1354531226	0.1258983555	2.47986255	44.75620296	52.76393449	0	0	0	-395.3250727	0.001007114404	-88928.3439010208	
392.7650727	83	8	9	0.8433002473	0.0009785843775	99.74858625	0.1310879944	0.1203257517	2.384582168	44.79991591	52.81550193	0	0	0	-392.7650727	0.0009785843775	-90566.9557726233	
390.2050727	83	8	9	0.8434450786	0.0009505721604	99.75826757	0.1267977585	0.1149346724	2.29193188	44.84242206	52.86564606	0	0	0	-390.2050727	0.0009505721604	-92247.0740276911	
387.6450727	83	8	9	0.8435855858	0.0009230718228	99.76769501	0.1225831304	0.1097218623	2.2018701	44.88374056	52.91438934	0	0	0	-387.6450727	0.0009230718228	-93970.5662400364	
385.0850727	83	8	9	0.8437218579	0.0008960776139	99.77687119	0.118444782	0.1046840316	2.114355375	44.92389046	52.96175417	0	0	0	-385.0850727	0.0008960776139	-95739.415193534	
382.5250727	83	8	9	0.8438539822	0.0008695839583	99.7857988	0.1143833398	0.09981785998	2.029346388	44.96289075	53.00776286	0	0	0	-382.5250727	0.0008695839583	-97555.7277514312	
379.9650727	83	8	9	0.8439820446	0.0008435854504	99.79448062	0.1103993834	0.09512000062	1.946801952	45.00076035	53.05243769	0	0	0	-379.9650727	0.0008435854504	-99421.7444017324	
377.4050727	83	8	9	0.8441061296	0.0008180768508	99.80291947	0.1064934437	0.09058708423	1.866681011	45.03751814	53.09580085	0	0	0	-377.4050727	0.0008180768508	-101339.847675331	
374.8450727	83	8	9	0.8442263204	0.0007930530801	99.81111828	0.1026660013	0.08621572272	1.788942637	45.07318291	53.13787445	0	0	0	-374.8450727	0.0007930530801	-103312.572476842	
372.2850727	83	8	9	0.8443426989	0.000768509215	99.81908	0.0989174851	0.08200251283	1.713546031	45.1077734	53.17868057	0	0	0	-372.2850727	0.000768509215	-105342.834330017	
369.7250727	83	8	9	0.8444553458	0.0007444405785	99.82680769	0.0952482714	0.07794403916	1.640450523	45.1413083	53.21824118	0	0	0	-369.7250727	0.0007444405785	-107430.937116459	
367.1650727	83	8	9	0.8445643403	0.0007208414423	99.83430444	0.09165867454	0.07403688399	1.569615618	45.17380613	53.25657825	0	0	0	-367.1650727	0.0007208414423	-109586.424982122	
364.6050727	83	8	9	0.844669761	0.0006977100985	99.84157342	0.08814897277	0.07027760924	1.501000768	45.20528559	53.29371364	0	0	0	-364.6050727	0.0006977100985	-111808.382854588	
362.0450727	83	8	9	0.844771685	0.000675039541	99.84861784	0.08471936865	0.06666279002	1.434565738	45.23576512	53.32966914	0	0	0	-362.0450727	0.000675039541	-114096.343140418	
359.4850727	83	8	9	0.8448701884	0.0006528264188	99.85544099	0.08137001342	0.06318899758	1.370270349	45.26526315	53.3644665	0	0	0	-359.4850727	0.0006528264188	-116460.060198767	
356.9250727	83	8	9	0.8449653463	0.0006310666251	99.86204619	0.07810099979	0.05985280736	1.308074547	45.29379807	53.39812739	0	0	0	-356.9250727	0.0006310666251	-118901.441163716	
354.3650727	83	8	9	0.8450572326	0.00060975617	99.86843684	0.07491236114	0.05665080181	1.247938396	45.32138819	53.43067342	0	0	0	-354.3650727	0.00060975617	-121424.72095218	
351.8050727	83	8	9	0.8451459205	0.0005888911733	99.87461636	0.07180407092	0.05357957317	1.189822085	45.34805178	53.46212614	0	0	0	-351.8050727	0.0005888911733	-124034.42128161	
349.2450727	83	8	9	0.8452314821	0.0005684678574	99.88058823	0.0687760421	0.05063572604	1.133685925	45.37380704	53.49250703	0	0	0	-349.2450727	0.0005684678574	-126735.375316701	
346.6850727	83	8	9	0.8453139886	0.0005484825406	99.88635599	0.06582812682	0.04781588004	1.079490351	45.39867214	53.52183751	0	0	0	-346.6850727	0.0005484825406	-129532.754896351	
344.1250727	83	8	9	0.8453935105	0.0005289316305	99.89192321	0.06296011604	0.04511667216	1.027195923	45.42266514	53.55013894	0	0	0	-344.1250727	0.0005289316305	-132432.096176633	
341.5650727	83	8	9	0.8454701172	0.0005098116165	99.8972935	0.06017173944	0.04253475926	0.9767633285	45.44580409	53.57743258	0	0	0	-341.5650727	0.0005098116165	-135439.330313836	
339.0050727	83	8	9	0.8455438774	0.0004911190631	99.90247051	0.05746266537	0.04006682024	0.9281533825	45.46810696	53.60373966	0	0	0	-339.0050727	0.0004911190631	-138560.815510339	
336.4450727	83	8	9	0.845614859	0.000472850602	99.90745794	0.05483250095	0.03770955835	0.8813270322	45.48959165	53.62908132	0	0	0	-336.4450727	0.000472850602	-141803.372317446	
333.8850727	83	8	9	0.845683129	0.0004550029249	99.9122595	0.05228079228	0.03545970329	0.8362453586	45.51027601	53.65347863	0	0	0	-333.8850727	0.0004550029249	-145174.323736283	
331.3250727	83	8	9	0.845748754	0.0004375727756	99.91687896	0.04980702481	0.03331401326	0.792869581	45.53017783	53.67695259	0	0	0	-331.3250727	0.0004375727756	-148681.536827074	
328.7650727	83	8	9	0.8458117993	0.0004205569421	99.9213201	0.04741062379	0.03126927694	0.7511610601	45.54931483	53.69952411	0	0	0	-328.7650727	0.0004205569421	-152333.47022417	
326.2050727	83	8	9	0.8458723301	0.0004039522485	99.92558673	0.04509095492	0.02932231543	0.7110813036	45.56770465	53.72121405	0	0	0	-326.2050727	0.0004039522485	-156139.226557616	
323.6450727	83	8	9	0.8459304103	0.0003877555469	99.92968269	0.04284732503	0.02746998411	0.6725919702	45.58536487	53.74204316	0	0	0	-323.6450727	0.0003877555469	-160109.188439963	
321.0850727	83	8	9	0.8459861037	0.000371963819	99.93361184	0.04067898101	0.0257091756	0.6356548653	45.60231299	53.76203214	0	0	0	-321.0850727	0.000371963819	-164252.054174794	
318.5250727	83	8	9	0.8460394728	0.0003565736044	99.93737806	0.03858511868	0.02403681661	0.6002319923	45.61856648	53.78120153	0	0	0	-318.5250727	0.0003565736044	-168580.729398221	
315.9650727	83	8	9	0.84609058	0.0003415821478	99.94098525	0.03656487212	0.02244987689	0.5662854892	45.63414268	53.79957183	0	0	0	-315.9650727	0.0003415821478	-173108.484162688	
313.4050727	83	8	9	0.8461394867	0.0003269862034	99.94443731	0.0346173227	0.02094536601	0.5337776845	45.64905885	53.81716347	0	0	0	-313.4050727	0.0003269862034	-177846.804837369	
310.8450727	83	8	9	0.8461862537	0.000312782636	99.94773817	0.03274149856	0.01952033607	0.5026710935	45.66333219	53.83399672	0	0	0	-310.8450727	0.000312782636	-183042.429934516	
308.2850727	83	8	9	0.8462309414	0.0002990017794	99.95089174	0.03093637562	0.01817188308	0.4729284301	45.67697978	53.85009179	0	0	0	-308.2850727	0.0002990017794	-188246.673092334	
305.7250727	83	8	9	0.8462736093	0.0002855750626	99.95390197	0.02920088074	0.01689714882	0.4445126014	45.69001865	53.86546875	0	0	0	-305.7250727	0.0002855750626	-193503.414061584	
303.1650727	83	8	9	0.8463143162	0.0002725312241	99.95677279	0.02753389132	0.01569332145	0.4173867424	45.7024657	53.88014755	0	0	0	-303.1650727	0.0002725312241	-199246.809351054	
300.6050727	83	8	9	0.8463531206	0.0002598670766	99.95950812	0.02593423844	0.01455763737	0.3915142091	45.71433774	53.89414805	0	0	0	-300.6050727	0.0002598670766	-190301.697494222	
300	83	8	9	0.8463620206	5.961465034E-05	99.96013527	0.02556585741	0.01429887209	0.3855782213	45.71706157	53.89736021	0	0	0	-300	5.961465034E-05	184258.597679647	
