T	w(AL)	w(MG)	w(SI)	fs	fw(@FCC_A1)	w(AL@FCC_A1)	w(MG@FCC_A1)	w(SI@FCC_A1)	w(AL@LIQUID)	w(MG@LIQUID)	w(SI@LIQUID)	dwdT_L(AL@LIQUID)	dwdT_L(MG@LIQUID)	dwdT_L(SI@LIQUID)	-T	fw(@FCC_A1)_1	-T//fw(@FCC_A1)	
K	%	%	%	mole/mole	kg/kg	%	%	%	%	%	%	SI	SI	SI				
875.633008	88	8	4	0	0	97.72199222	1.99217346	0.2858343244	88	8	4	0.002284524666	-0.001411734752	-0.000872789914	-875.633008	0	21.1830670088535	
875.623008	88	8	4	0.0002338888852	0.0002350774395	97.72170983	1.992415232	0.2858749409	87.99771543	8.001411844	4.00087273	0	0	0	-875.623008	0.0002350774395	63.8952801201648	
875.603008	88	8	4	0.0007011463644	0.0004697731898	97.72114517	1.992898651	0.2859561774	87.99314613	8.004235399	4.002618473	0	0	0	-875.603008	0.0004697731898	85.2372581247754	
875.563008	88	8	4	0.00163459236	0.0009388255707	97.72001593	1.993865456	0.2861186151	87.98400646	8.009882979	4.006110561	0	0	0	-875.563008	0.0009388255707	85.3329951259634	
875.483008	88	8	4	0.003497253024	0.001875131799	97.71775935	1.995797392	0.2864432625	87.96572309	8.021179726	4.013097188	0	0	0	-875.483008	0.001875131799	85.5573021954558	
875.323008	88	8	4	0.007205728472	0.003740222381	97.71325255	1.999655734	0.28709172	87.92914018	8.043779575	4.02708024	0	0	0	-875.323008	0.003740222381	86.0184990371005	
875.003008	88	8	4	0.01455592954	0.007440570356	97.70426439	2.007350326	0.2883852828	87.85590973	8.089004775	4.055085493	0	0	0	-875.003008	0.007440570356	87.0249475593502	
874.363008	88	8	4	0.02897224463	0.01470520437	97.68639351	2.022646309	0.2909601824	87.70919225	8.179543599	4.111264152	0	0	0	-874.363008	0.01470520437	89.0960813645293	
873.083008	88	8	4	0.05676005931	0.02876682389	97.65106354	2.052877956	0.2960585052	87.41472006	8.361011403	4.224268537	0	0	0	-873.083008	0.02876682389	93.1608864488766	
870.523008	88	8	4	0.1084714905	0.05511574583	97.5820352	2.111917424	0.3060473797	86.82161485	8.725546847	4.452838308	0	0	0	-870.523008	0.05511574583	-1334.85658499657	
867.963008	88	8	4	0.155476973	0.05301892955	97.51506154	2.169212911	0.315725551	86.22291754	9.092618345	4.684464114	0	0	0	-867.963008	0.05301892955	-1271.32255773214	
865.403008	88	8	4	0.1983620397	0.05107663771	97.45011178	2.224796176	0.3250920462	85.61860397	9.462284894	4.919111132	0	0	0	-865.403008	0.05107663771	-1371.00829096511	
862.843008	88	8	4	0.2376226744	0.04927404377	97.38715492	2.278699092	0.3341459847	85.00866582	9.834594374	5.156739803	0	0	0	-862.843008	0.04927404377	-1474.60323530928	
860.283008	88	8	4	0.2736793179	0.04759566375	97.32615991	2.330953276	0.3428868091	84.39310872	10.20958295	5.397308325	0	0	0	-860.283008	0.04759566375	-1580.99344753546	
857.723008	88	8	4	0.3068905014	0.04602802619	97.26709564	2.381590123	0.3513142365	83.77195404	10.58727437	5.640771585	0	0	0	-857.723008	0.04602802619	-1689.86792278311	
855.163008	88	8	4	0.3375636876	0.04455939168	97.20993087	2.430640903	0.3594282299	83.14524002	10.9676796	5.887080383	0	0	0	-855.163008	0.04455939168	-1800.89963773291	
852.603008	88	8	4	0.3659639326	0.04317948106	97.15463418	2.478136844	0.3672289741	82.51302288	11.35079641	6.136180707	0	0	0	-852.603008	0.04317948106	-1913.73039392152	
850.043008	88	8	4	0.3923208582	0.04187925464	97.10117394	2.5241092	0.3747168566	81.87537793	11.73660902	6.388013053	0	0	0	-850.043008	0.04187925464	-2027.97500076398	
847.483008	88	8	4	0.4168343072	0.04065073199	97.04951825	2.568589299	0.3818924517	81.23240055	12.12508765	6.642511797	0	0	0	-847.483008	0.04065073199	-2143.22713507553	
844.923008	88	8	4	0.4396789606	0.03948684393	96.9996349	2.611608589	0.3887565085	80.58420715	12.51618823	6.899604627	0	0	0	-844.923008	0.03948684393	-2259.06692285083	
842.363008	88	8	4	0.4610081325	0.03838131052	96.9514914	2.653198659	0.3953099416	79.93093595	12.90985201	7.159212041	0	0	0	-842.363008	0.03838131052	-2375.07016908268	
839.803008	88	8	4	0.4809569061	0.03732853996	96.90505491	2.693391261	0.4015538247	79.2727477	13.30600538	7.421246923	0	0	0	-839.803008	0.03732853996	-2490.81893565499	
837.243008	88	8	4	0.4996447426	0.03632354448	96.8602923	2.732218312	0.4074893862	78.6098261	13.7045597	7.685614203	0	0	0	-837.243008	0.03632354448	-2605.9131715656	
834.683008	88	8	4	0.5171776606	0.03536187005	96.8171701	2.76971189	0.4131180074	77.94237818	14.10541121	7.952210605	0	0	0	-834.683008	0.03536187005	-2719.98290490874	
832.123008	88	8	4	0.5336500678	0.03443953736	96.77565456	2.805904219	0.4184412221	77.27063433	14.50844116	8.22092451	0	0	0	-832.123008	0.03443953736	-2832.70032367358	
829.563008	88	8	4	0.5491463061	0.03355299192	96.73571164	2.840827645	0.4234607178	76.59484812	14.91351596	8.491635918	0	0	0	-829.563008	0.03355299192	-2943.79122800127	
827.003008	88	8	4	0.5637419627	0.03269906165	96.69730706	2.874514606	0.4281783385	75.91529588	15.32048759	8.764216537	0	0	0	-827.003008	0.03269906165	-3053.0452532782	
824.443008	88	8	4	0.5775049847	0.0318749205	96.66040632	2.906997588	0.432596088	75.23227594	15.72919407	9.038529988	0	0	0	-824.443008	0.0318749205	-3160.32410180298	
821.883008	88	8	4	0.5904966329	0.03107805688	96.62497478	2.938309081	0.4367161344	74.54610767	16.13946018	9.314432143	0	0	0	-821.883008	0.03107805688	-3265.56703148407	
819.323008	88	8	4	0.6027722989	0.03030624578	96.59097766	2.968481524	0.4405408148	73.85713012	16.5510983	9.591771585	0	0	0	-819.323008	0.03030624578	-3368.79577184683	
816.763008	88	8	4	0.6143822087	0.02955752484	96.55838011	2.997547247	0.4440726403	73.16570042	16.96390939	9.870390194	0	0	0	-816.763008	0.02955752484	-3470.11208148811	
814.203008	88	8	4	0.6253720289	0.02883017066	96.52714729	3.025538408	0.4473143013	72.47219197	17.37768419	10.15012384	0	0	0	-814.203008	0.02883017066	-3569.69661628327	
811.643008	88	8	4	0.6357833922	0.02812267945	96.4972444	3.05248693	0.4502686712	71.77699225	17.79220453	10.43080321	0	0	0	-811.643008	0.02812267945	-3667.8066199767	
809.083008	88	8	4	0.6456543525	0.02743374776	96.46863676	3.078424428	0.4529388116	71.08050054	18.20724477	10.71225469	0	0	0	-809.083008	0.02743374776	-3764.76509175191	
806.523008	88	8	4	0.6550197807	0.02676225388	96.44128987	3.103382151	0.4553279744	70.38312534	18.62257329	10.99430137	0	0	0	-806.523008	0.02676225388	-3860.9533939005	
803.963008	88	8	4	0.6639117092	0.02610724096	96.41516949	3.127390906	0.4574396043	69.68528173	19.0379542	11.27676407	0	0	0	-803.963008	0.02610724096	-3956.80644740134	
801.403008	88	8	4	0.6723596329	0.02546790153	96.39024168	3.150480979	0.4592773444	68.98738858	19.45314893	11.55946249	0	0	0	-801.403008	0.02546790153	-4052.78815066507	
798.843008	88	8	4	0.6803907705	0.02484355732	96.36647285	3.172682121	0.4608450245	68.28986579	19.86791798	11.84221623	0	0	0	-798.843008	0.02484355732	-4149.3948470352	
796.283008	88	8	4	0.6880302953	0.02423364902	96.34382988	3.194023446	0.4621466691	67.59313147	20.28202254	12.12484599	0	0	0	-796.283008	0.02423364902	-4247.14940874912	
793.723008	88	8	4	0.6953015362	0.02363771884	96.32228012	3.214533385	0.4631864929	66.89759914	20.69522624	12.40717462	0	0	0	-793.723008	0.02363771884	-4346.57479576626	
791.163008	88	8	4	0.702226154	0.02305539577	96.30179146	3.234239644	0.4639688941	66.20367516	21.10729664	12.6890282	0	0	0	-791.163008	0.02305539577	-4448.19578517092	
788.603008	88	8	4	0.7088242966	0.02248638267	96.28233239	3.253169165	0.4644984486	65.51175622	21.51800676	12.97023702	0	0	0	-788.603008	0.02248638267	-4552.53314337877	
786.043008	88	8	4	0.7151147355	0.02193044334	96.26387201	3.271348083	0.4647799031	64.82222702	21.92713646	13.25063652	0	0	0	-786.043008	0.02193044334	-4660.0952743117	
783.483008	88	8	4	0.7211149861	0.02138739052	96.24638013	3.288801704	0.464818166	64.1354582	22.33447368	13.53006812	0	0	0	-783.483008	0.02138739052	-4771.3741735039	
780.923008	88	8	4	0.7268414143	0.02085707496	96.22982722	3.30555448	0.4646182972	63.45180453	22.73981552	13.80837996	0	0	0	-780.923008	0.02085707496	-4886.84222162789	
778.363008	88	8	4	0.7323093306	0.02033937548	96.21418451	3.321629991	0.4641854979	62.77160332	23.14296917	14.08542751	0	0	0	-778.363008	0.02033937548	-5006.94954952284	
775.803008	88	8	4	0.7375330739	0.0198341901	96.19942396	3.337050941	0.4635250983	62.09517313	23.54375273	14.36107414	0	0	0	-775.803008	0.0198341901	-5132.12262914429	
773.243008	88	8	4	0.7425260864	0.01934142831	96.1855183	3.351839151	0.4626425454	61.42281276	23.94199577	14.63519147	0	0	0	-773.243008	0.01934142831	-5262.76371381898	
770.683008	88	8	4	0.74730098	0.01886100445	96.17244104	3.366015565	0.4615433904	60.75480049	24.33753978	14.90765974	0	0	0	-770.683008	0.01886100445	-5399.2506866511	
768.123008	88	8	4	0.7518695967	0.01839283216	96.16016647	3.379600252	0.4602332755	60.0913936	24.73023848	15.17836792	0	0	0	-768.123008	0.01839283216	-5541.93743874536	
765.563008	88	8	4	0.7562430626	0.01793681988	96.14866965	3.392612425	0.4587179207	59.43282817	25.11995796	15.44721387	0	0	0	-765.563008	0.01793681988	-5691.15491549112	
763.003008	88	8	4	0.7604318369	0.01749286736	96.13792644	3.405070452	0.4570031109	58.77931901	25.50657667	15.71410431	0	0	0	-763.003008	0.01749286736	-5850.3109358138	
760.443008	88	8	4	0.7644458724	0.01706130226	96.12791243	3.416992822	0.4550947519	58.13105119	25.88999066	15.97895814	0	0	0	-760.443008	0.01706130226	-6011.46638230008	
757.883008	88	8	4	0.7682942464	0.01664087076	96.11860661	3.428394792	0.4529986012	57.48821578	26.2700919	16.24169232	0	0	0	-757.883008	0.01664087076	-6179.14521306945	
755.323008	88	8	4	0.7719857284	0.01623236558	96.10998729	3.439292174	0.4507205308	56.85095655	26.64680029	16.50224316	0	0	0	-755.323008	0.01623236558	-6359.06913946948	
752.763008	88	8	4	0.77552852	0.01583539139	96.10203217	3.449701243	0.4482665821	56.21940706	27.02004164	16.7605513	0	0	0	-752.763008	0.01583539139	-6545.16827084613	
750.203008	88	8	4	0.7789303452	0.01544977929	96.09472122	3.45963614	0.4456426394	55.5936822	27.38975259	17.01656522	0	0	0	-750.203008	0.01544977929	-6739.35891415246	
747.643008	88	8	4	0.7821984792	0.01507534642	96.08803472	3.469110662	0.4428546219	54.97387908	27.75588012	17.2702408	0	0	0	-747.643008	0.01507534642	-6941.84689025353	
745.083008	88	8	4	0.7853397762	0.01471189653	96.08195362	3.478137945	0.4399084341	54.36007795	28.11838104	17.52154101	0	0	0	-745.083008	0.01471189653	-7152.82250844939	
742.523008	88	8	4	0.788360695	0.01435922094	96.07645956	3.486730484	0.4368099566	53.75234317	28.47722137	17.77043545	0	0	0	-742.523008	0.01435922094	-7372.46323089596	
739.963008	88	8	4	0.7912673228	0.01401709978	96.07153479	3.49490017	0.433565038	53.15072422	28.83237579	18.01689999	0	0	0	-739.963008	0.01401709978	-7600.93527401818	
737.403008	88	8	4	0.7940653976	0.01368530334	96.0671622	3.502658312	0.4301794877	52.55525669	29.18382701	18.2609163	0	0	0	-737.403008	0.01368530334	-7838.39499416533	
734.843008	88	8	4	0.7967603292	0.01336359354	96.06332526	3.51001567	0.4266590687	51.96596334	29.53156519	18.50247147	0	0	0	-734.843008	0.01336359354	-8084.98904321818	
732.283008	88	8	4	0.7993572186	0.01305172532	96.06000803	3.516982478	0.4230094918	51.38285506	29.87558737	18.74155757	0	0	0	-732.283008	0.01305172532	-8340.8554620864	
729.723008	88	8	4	0.801860877	0.01274944814	96.05719512	3.523568473	0.4192364098	50.80593186	30.21589686	18.97817128	0	0	0	-729.723008	0.01274944814	-8606.12438768586	
727.163008	88	8	4	0.8042758427	0.01245650733	96.05487167	3.529782918	0.4153454131	50.2351838	30.55250273	19.21231347	0	0	0	-727.163008	0.01245650733	-8880.91867983208	
724.603008	88	8	4	0.8066063976	0.01217264547	96.05302334	3.535634631	0.4113420249	49.67059192	30.88541924	19.44398883	0	0	0	-724.603008	0.01217264547	-9165.35440565288	
722.043008	88	8	4	0.8088565824	0.0118976036	96.0516363	3.541132	0.4072316977	49.11212909	31.21466538	19.67320554	0	0	0	-722.043008	0.0118976036	-9459.5408564009	
719.483008	88	8	4	0.8110302115	0.01163112239	96.05069718	3.546283014	0.4030198096	48.55976081	31.54026432	19.89997487	0	0	0	-719.483008	0.01163112239	-9763.58194393161	
716.923008	88	8	4	0.8131308859	0.01137294322	96.05019306	3.551095277	0.3987116619	48.01344605	31.86224302	20.12431093	0	0	0	-716.923008	0.01137294322	-10077.5755394389	
714.363008	88	8	4	0.8151620066	0.01112280909	96.05011149	3.555576032	0.3943124763	47.4731379	32.18063179	20.34623032	0	0	0	-714.363008	0.01112280909	-10401.6144145402	
711.803008	88	8	4	0.817126786	0.01088046552	96.05044043	3.559732179	0.389827393	46.93878429	32.49546386	20.56575185	0	0	0	-711.803008	0.01088046552	-10735.7866850781	
709.243008	88	8	4	0.8190282597	0.01064566127	96.05116824	3.563570291	0.3852614685	46.41032864	32.80677504	20.78289632	0	0	0	-709.243008	0.01064566127	-11080.1753773855	
706.683008	88	8	4	0.820869297	0.010418149	96.05228369	3.567096635	0.3806196747	45.88771038	33.1146034	20.99768621	0	0	0	-706.683008	0.010418149	-11434.8592422128	
704.123008	88	8	4	0.8226526104	0.01019768583	96.05377592	3.570317181	0.3759068971	45.37086558	33.4189889	21.21014552	0	0	0	-704.123008	0.01019768583	-11799.9127190038	
701.563008	88	8	4	0.8243807656	0.009984033808	96.05563444	3.573237624	0.3711279342	44.85972735	33.71997314	21.42029951	0	0	0	-701.563008	0.009984033808	-12175.4060071979	
699.003008	88	8	4	0.8260561899	0.009776960298	96.05784911	3.575863394	0.3662874966	44.35422638	34.01759907	21.62817455	0	0	0	-699.003008	0.009776960298	-12561.4070897751	
696.443008	88	8	4	0.8276811806	0.009576238351	96.06041012	3.57819967	0.3613902064	43.8542913	34.31191079	21.83379791	0	0	0	-696.443008	0.009576238351	-12957.9755472043	
693.883008	88	8	4	0.8292579125	0.00938164676	96.06330801	3.580251393	0.3564405966	43.3598491	34.60295327	22.03719763	0	0	0	-693.883008	0.00938164676	-13365.1721503977	
691.323008	88	8	4	0.8307884455	0.00919297057	96.06653361	3.582023275	0.3514431111	42.87082542	34.8907722	22.23840238	0	0	0	-691.323008	0.00919297057	-13783.0534983072	
688.763008	88	8	4	0.8322747312	0.009010000896	96.07007808	3.583519816	0.3464021042	42.38714492	35.17541379	22.43744129	0	0	0	-688.763008	0.009010000896	-14211.6689711185	
686.203008	88	8	4	0.8337186193	0.008832535187	96.07393285	3.584745305	0.3413218406	41.90873154	35.45692459	22.63434387	0	0	0	-686.203008	0.008832535187	-14651.0683945177	
683.643008	88	8	4	0.8351218638	0.008660377208	96.07808967	3.585703838	0.3362064957	41.43550874	35.73535139	22.82913987	0	0	0	-683.643008	0.008660377208	-15101.2965595117	
681.083008	88	8	4	0.8364861282	0.008493337051	96.08254052	3.586399324	0.3310601551	40.96739972	36.01074104	23.02185925	0	0	0	-681.083008	0.008493337051	-15562.3953090212	
678.523008	88	8	4	0.8378129912	0.008331231107	96.08727769	3.586835493	0.3258868155	40.50432766	36.28314035	23.21253199	0	0	0	-678.523008	0.008331231107	-16034.4031683001	
675.963008	88	8	4	0.8391039514	0.008173882006	96.09229371	3.587015901	0.3206903841	40.04621589	36.55259601	23.4011881	0	0	0	-675.963008	0.008173882006	-16517.355353085	
673.403008	88	8	4	0.8403604321	0.008021118537	96.09758138	3.586943945	0.3154746794	39.592988	36.81915446	23.58785753	0	0	0	-673.403008	0.008021118537	-17011.2840729228	
670.843008	88	8	4	0.8415837854	0.00787277555	96.10313371	3.586622863	0.3102434313	39.14456807	37.08286184	23.77257009	0	0	0	-670.843008	0.00787277555	-17516.2182364266	
668.283008	88	8	4	0.8427752965	0.007728693834	96.10894397	3.586055745	0.3050002815	38.70088071	37.34376388	23.95535541	0	0	0	-668.283008	0.007728693834	-18032.1836720663	
665.723008	88	8	4	0.8439361876	0.007588719992	96.11500568	3.585245534	0.2997487835	38.26185122	37.60190589	24.13624289	0	0	0	-665.723008	0.007588719992	-18559.2030895945	
663.163008	88	8	4	0.8450676211	0.007452706295	96.12131256	3.58419504	0.2944924036	37.82740568	37.85733266	24.31526166	0	0	0	-663.163008	0.007452706295	-19097.2958805174	
660.603008	88	8	4	0.8461707032	0.007320510534	96.12785854	3.582906935	0.2892345205	37.39747101	38.11008844	24.49244055	0	0	0	-660.603008	0.007320510534	-19646.4784567356	
658.043008	88	8	4	0.8472464874	0.007191995865	96.1346378	3.58138377	0.2839784265	36.97197507	38.36021689	24.66780804	0	0	0	-658.043008	0.007191995865	-20206.764028251	
655.483008	88	8	4	0.8482959766	0.007067030647	96.1416447	3.579627968	0.2787273271	36.55084669	38.60776104	24.84139227	0	0	0	-655.483008	0.007067030647	-20778.1625417232	
652.923008	88	8	4	0.8493201269	0.006945488279	96.14887382	3.577641839	0.2734843423	36.13401574	38.85276328	25.01322098	0	0	0	-652.923008	0.006945488279	-21360.6810326883	
650.363008	88	8	4	0.8503198493	0.006827247038	96.15631992	3.575427575	0.2682525061	35.72141319	39.09526533	25.18332149	0	0	0	-650.363008	0.006827247038	-21954.3230518595	
647.803008	88	8	4	0.8512960128	0.006712189908	96.16397797	3.572987263	0.2630347676	35.3129711	39.33530819	25.35172072	0	0	0	-647.803008	0.006712189908	-22559.088727527	
645.243008	88	8	4	0.8522494463	0.006600204419	96.17184313	3.57032288	0.2578339912	34.90862269	39.57293217	25.51844514	0	0	0	-645.243008	0.006600204419	-23174.9754544366	
642.683008	88	8	4	0.8531809411	0.006491182486	96.17991074	3.567436306	0.2526529571	34.50830233	39.80817687	25.6835208	0	0	0	-642.683008	0.006491182486	-23801.9769117861	
640.123008	88	8	4	0.8540912525	0.006385020242	96.18817632	3.564329318	0.2474943617	34.1119456	40.04108113	25.84697327	0	0	0	-640.123008	0.006385020242	-24440.0833870189	
637.563008	88	8	4	0.8549811022	0.006281617885	96.19663558	3.561003601	0.2423608179	33.71948925	40.27168308	26.00882766	0	0	0	-637.563008	0.006281617885	-25089.2818437633	
635.003008	88	8	4	0.8558511796	0.006180879519	96.2052844	3.557460746	0.2372548561	33.33087124	40.50002011	26.16910865	0	0	0	-635.003008	0.006180879519	-25749.5557805756	
632.443008	88	8	4	0.856702144	0.006082713006	96.21411882	3.553702256	0.232178924	32.94603073	40.72612886	26.32784041	0	0	0	-632.443008	0.006082713006	-26420.8852900525	
629.883008	88	8	4	0.8575346256	0.005987029816	96.22313507	3.549729547	0.2271353875	32.5649081	40.95004524	26.48504666	0	0	0	-629.883008	0.005987029816	-27103.2465158431	
627.323008	88	8	4	0.8583492277	0.005893744883	96.23232952	3.545543951	0.2221265312	32.18744492	41.17180441	26.64075067	0	0	0	-627.323008	0.005893744883	-27796.6121930415	
624.763008	88	8	4	0.8591465272	0.005802776468	96.24169872	3.541146719	0.2171545585	31.81358396	41.39144083	26.79497522	0	0	0	-624.763008	0.005802776468	-28500.9513286415	
622.203008	88	8	4	0.8599270771	0.005714046022	96.25123938	3.536539024	0.2122215926	31.44326918	41.60898819	26.94774263	0	0	0	-622.203008	0.005714046022	-29216.2287024393	
619.643008	88	8	4	0.8606914064	0.005627478055	96.26094836	3.53172196	0.2073296768	31.07644573	41.82447951	27.09907476	0	0	0	-619.643008	0.005627478055	-29942.4057661615	
617.083008	88	8	4	0.8614400225	0.005543000014	96.27082267	3.52669655	0.2024807749	30.71305992	42.03794705	27.24899302	0	0	0	-617.083008	0.005543000014	-30679.4396691406	
614.523008	88	8	4	0.8621734114	0.005460542156	96.28085949	3.521463742	0.197676772	30.35305923	42.24942241	27.39751837	0	0	0	-614.523008	0.005460542156	-31427.2832731106	
611.963008	88	8	4	0.8628920394	0.005380037435	96.29105611	3.516024414	0.1929194748	29.99639226	42.45893645	27.54467129	0	0	0	-611.963008	0.005380037435	-32185.8854844282	
609.403008	88	8	4	0.8635963535	0.005301421387	96.30141001	3.510379376	0.1882106123	29.64300876	42.66651939	27.69047185	0	0	0	-609.403008	0.005301421387	-32955.1907355522	
606.843008	88	8	4	0.864286783	0.005224632023	96.31191879	3.504529372	0.1835518366	29.29285957	42.87220074	27.83493968	0	0	0	-606.843008	0.005224632023	-33735.1393159351	
604.283008	88	8	4	0.8649637396	0.005149609725	96.3225802	3.49847508	0.1789447229	28.94589666	43.07600937	27.97809397	0	0	0	-604.283008	0.005149609725	-34525.6665211528	
601.723008	88	8	4	0.8656276189	0.005076297144	96.33339211	3.492217115	0.1743907708	28.60207304	43.27797348	28.11995348	0	0	0	-601.723008	0.005076297144	-35326.7031799209	
599.163008	88	8	4	0.8662788007	0.005004639107	96.34435257	3.48575603	0.1698914044	28.2613428	43.47812064	28.26053656	0	0	0	-599.163008	0.005004639107	-36138.1754648923	
596.603008	88	8	4	0.8669176503	0.004934582523	96.35545971	3.47909232	0.1654479735	27.92366108	43.67647777	28.39986115	0	0	0	-596.603008	0.004934582523	-36960.0044224293	
594.043008	88	8	4	0.8675445184	0.004866076296	96.36671183	3.472226419	0.1610617537	27.58898401	43.8730712	28.53794479	0	0	0	-594.043008	0.004866076296	-37792.1058454635	
591.483008	88	8	4	0.8681597425	0.004799071239	96.37810735	3.465158706	0.1567339474	27.25726876	44.06792662	28.67480462	0	0	0	-591.483008	0.004799071239	-38634.3909904919	
588.923008	88	8	4	0.8687636473	0.004733519997	96.38964481	3.457889502	0.1524656846	26.92847347	44.26106915	28.81045738	0	0	0	-588.923008	0.004733519997	-39486.7651594583	
586.363008	88	8	4	0.8693565448	0.004669376964	96.4013229	3.450419076	0.1482580234	26.60255725	44.4525233	28.94491944	0	0	0	-586.363008	0.004669376964	-40349.1270806395	
583.803008	88	8	4	0.8699387358	0.004606598211	96.41314041	3.442747643	0.144111951	26.27948017	44.64231303	29.0782068	0	0	0	-583.803008	0.004606598211	-41221.3719260211	
581.243008	88	8	4	0.8705105096	0.00454514142	96.42509625	3.434875368	0.1400283842	25.95920321	44.83046173	29.21033506	0	0	0	-581.243008	0.00454514142	-42103.3878422547	
578.683008	88	8	4	0.8710721449	0.004484965808	96.43718947	3.426802362	0.1360081706	25.64168828	45.01699221	29.34131951	0	0	0	-578.683008	0.004484965808	-42995.0558984455	
576.123008	88	8	4	0.8716239101	0.004426032067	96.44941922	3.418528691	0.1320520892	25.32689817	45.20192679	29.47117504	0	0	0	-576.123008	0.004426032067	-43896.2528871849	
573.563008	88	8	4	0.8721660641	0.004368302303	96.46178478	3.41005437	0.1281608511	25.01479655	45.38528723	29.59991622	0	0	0	-573.563008	0.004368302303	-44806.8473937277	
571.003008	88	8	4	0.8726988561	0.004311739971	96.47428553	3.401379371	0.1243351009	24.70534797	45.56709477	29.72755726	0	0	0	-571.003008	0.004311739971	-45726.7018570031	
568.443008	88	8	4	0.8732225268	0.004256309825	96.48692097	3.392503618	0.1205754169	24.39851778	45.74737016	29.85411206	0	0	0	-568.443008	0.004256309825	-46655.6728993525	
565.883008	88	8	4	0.8737373079	0.00420197786	96.4996907	3.383426991	0.1168823128	24.09427219	45.92613363	29.97959418	0	0	0	-565.883008	0.00420197786	-47593.6085500328	
563.323008	88	8	4	0.8742434232	0.00414871126	96.51259443	3.374149327	0.1132562382	23.79257821	46.10340494	30.10401685	0	0	0	-563.323008	0.00414871126	-48540.3496489215	
560.763008	88	8	4	0.8747410887	0.004096478349	96.525632	3.364670422	0.1096975796	23.49340361	46.27920337	30.22739302	0	0	0	-560.763008	0.004096478349	-49495.7304001823	
558.203008	88	8	4	0.8752305127	0.004045248545	96.53880331	3.354990032	0.1062066616	23.19671697	46.45354774	30.34973529	0	0	0	-558.203008	0.004045248545	-50459.5760978273	
555.643008	88	8	4	0.8757118966	0.003994992311	96.55210838	3.345107871	0.1027837479	22.90248762	46.62645639	30.471056	0	0	0	-555.643008	0.003994992311	-51431.7049729339	
553.083008	88	8	4	0.8761854346	0.003945681117	96.56554734	3.335023617	0.09942904236	22.61068562	46.79794723	30.59136716	0	0	0	-553.083008	0.003945681117	-52411.9261684196	
550.523008	88	8	4	0.8766513145	0.003897287392	96.5791204	3.32473691	0.09614268997	22.32128176	46.96803772	30.71068051	0	0	0	-550.523008	0.003897287392	-53400.0400016482	
547.963008	88	8	4	0.8771097177	0.00384978449	96.59282787	3.314247354	0.0929247782	22.03424757	47.13674491	30.82900751	0	0	0	-547.963008	0.00384978449	-54395.8392032417	
545.403008	88	8	4	0.8775608195	0.003803146649	96.60667014	3.303554518	0.089775338	21.74955525	47.30408541	30.94635934	0	0	0	-545.403008	0.003803146649	-55399.1071852646	
542.843008	88	8	4	0.8780047894	0.003757348957	96.62064772	3.292657937	0.08669434505	21.46717768	47.47007542	31.0627469	0	0	0	-542.843008	0.003757348957	-56409.6173280679	
540.283008	88	8	4	0.8784417913	0.003712367314	96.63476116	3.281557116	0.08368172092	21.18708845	47.63473073	31.17818083	0	0	0	-540.283008	0.003712367314	-57427.1321225584	
537.723008	88	8	4	0.8788719836	0.0036681784	96.64901114	3.270251526	0.08073733432	20.90926176	47.79806674	31.2926715	0	0	0	-537.723008	0.0036681784	-58451.4059555538	
535.163008	88	8	4	0.8792955196	0.003624759645	96.66339839	3.25874061	0.07786100235	20.63367249	47.96009847	31.40622904	0	0	0	-535.163008	0.003624759645	-59482.1838634333	
532.603008	88	8	4	0.8797125478	0.003582089198	96.67792373	3.24702378	0.07505249177	20.36029614	48.12084054	31.51886331	0	0	0	-532.603008	0.003582089198	-60519.197316921	
530.043008	88	8	4	0.8801232116	0.003540145894	96.69258805	3.235100425	0.07231152029	20.08910884	48.28030721	31.63058395	0	0	0	-530.043008	0.003540145894	-61562.170024214	
527.483008	88	8	4	0.8805276501	0.003498909234	96.70739234	3.222969903	0.06963775792	19.82008733	48.43851236	31.74140032	0	0	0	-527.483008	0.003498909234	-62610.8124841194	
524.923008	88	8	4	0.8809259977	0.003458359348	96.72233762	3.210631551	0.06703082827	19.55320892	48.59546951	31.85132157	0	0	0	-524.923008	0.003458359348	-63664.8236797177	
522.363008	88	8	4	0.8813183848	0.003418476979	96.73742501	3.19808468	0.06449030996	19.28845155	48.75119184	31.96035661	0	0	0	-522.363008	0.003418476979	-64723.8928885777	
519.803008	88	8	4	0.8817049375	0.003379243452	96.75265568	3.185328582	0.06201573795	19.02579372	48.90569216	32.06851412	0	0	0	-519.803008	0.003379243452	-65787.6953162266	
517.243008	88	8	4	0.882085778	0.003340640654	96.76803087	3.172362526	0.05960660498	18.76521448	49.05898296	32.17580256	0	0	0	-517.243008	0.003340640654	-66855.8953760102	
514.683008	88	8	4	0.8824610247	0.00330265101	96.78355187	3.159185763	0.05726236295	18.50669347	49.21107638	32.28223015	0	0	0	-514.683008	0.00330265101	-67928.1433145785	
512.123008	88	8	4	0.8828307924	0.003265257461	96.79922005	3.145797526	0.0549824244	18.25021086	49.36198422	32.38780491	0	0	0	-512.123008	0.003265257461	-69004.0776520357	
509.563008	88	8	4	0.8831951922	0.003228443445	96.8150368	3.132197034	0.05276616393	17.99574737	49.51171799	32.49253465	0	0	0	-509.563008	0.003228443445	-70083.3232522418	
507.003008	88	8	4	0.883554332	0.003192192875	96.83100359	3.118383489	0.05061291963	17.74328422	49.66028884	32.59642694	0	0	0	-507.003008	0.003192192875	-71165.4915609103	
504.443008	88	8	4	0.8839083163	0.003156490122	96.84712192	3.104356082	0.04852199464	17.49280321	49.80770762	32.69948918	0	0	0	-504.443008	0.003156490122	-72250.179475474	
501.883008	88	8	4	0.8842572463	0.003121319994	96.86339335	3.090113994	0.04649265856	17.24428659	49.95398487	32.80172854	0	0	0	-501.883008	0.003121319994	-73336.9708905892	
499.323008	88	8	4	0.8846012204	0.003086667722	96.87981946	3.075656395	0.04452414897	16.99771718	50.09913083	32.90315199	0	0	0	-499.323008	0.003086667722	-74425.436831924	
496.763008	88	8	4	0.8849403338	0.003052518941	96.89640188	3.060982448	0.04261567295	16.75307825	50.24315543	33.00376632	0	0	0	-496.763008	0.003052518941	-75515.1319437236	
494.203008	88	8	4	0.8852746789	0.003018859674	96.91314228	3.046091312	0.04076640859	16.51035359	50.38606831	33.1035781	0	0	0	-494.203008	0.003018859674	-76605.5934589895	
491.643008	88	8	4	0.8856043454	0.002985676314	96.93004235	3.03098214	0.03897550647	16.26952747	50.5278788	33.20259373	0	0	0	-491.643008	0.002985676314	-77696.3489867467	
489.083008	88	8	4	0.8859294202	0.002952955616	96.94710382	3.015654086	0.03724209125	16.03058464	50.66859596	33.3008194	0	0	0	-489.083008	0.002952955616	-78786.9099996385	
486.523008	88	8	4	0.8862499879	0.002920684675	96.96432843	3.000106304	0.03556526314	15.79351034	50.80822854	33.39826112	0	0	0	-486.523008	0.002920684675	-79876.7672385007	
483.963008	88	8	4	0.8865661301	0.002888850915	96.98171795	2.98433795	0.03394409943	15.55829025	50.94678505	33.49492471	0	0	0	-483.963008	0.002888850915	-80965.4034242656	
481.403008	88	8	4	0.8868779265	0.002857442079	96.99927416	2.968348185	0.03237765606	15.32491053	51.08427366	33.59081581	0	0	0	-481.403008	0.002857442079	-82052.2833213663	
478.843008	88	8	4	0.8871854542	0.002826446211	97.01699885	2.952136178	0.0308649691	15.0933578	51.22070232	33.68593988	0	0	0	-478.843008	0.002826446211	-83136.8525546644	
476.283008	88	8	4	0.8874887879	0.002795851646	97.03489384	2.935701107	0.02940505627	14.86361914	51.35607866	33.78030219	0	0	0	-476.283008	0.002795851646	-84218.5451469961	
473.723008	88	8	4	0.8877880004	0.002765646999	97.05296092	2.919042162	0.0279969185	14.63568207	51.49041007	33.87390785	0	0	0	-473.723008	0.002765646999	-85296.7799479861	
471.163008	88	8	4	0.8880831622	0.002735821153	97.07120191	2.902158549	0.0266395414	14.40953456	51.62370367	33.96676177	0	0	0	-471.163008	0.002735821153	-86370.9580441828	
468.603008	88	8	4	0.8883743417	0.002706363247	97.08961861	2.885049489	0.02533189674	14.18516501	51.75596628	34.05886871	0	0	0	-468.603008	0.002706363247	-87440.4643833817	
466.043008	88	8	4	0.8886616053	0.002677262666	97.10821283	2.867714226	0.02407294398	13.96256228	51.8872045	34.15023323	0	0	0	-466.043008	0.002677262666	-88504.6711749665	
463.483008	88	8	4	0.8889450176	0.002648509032	97.12698635	2.850152023	0.02286163175	13.74171564	52.01742463	34.24085973	0	0	0	-463.483008	0.002648509032	-89562.9339342592	
460.923008	88	8	4	0.8892246411	0.002620092192	97.14594093	2.832362173	0.02169689927	13.52261482	52.14663273	34.33075244	0	0	0	-460.923008	0.002620092192	-90614.5955234273	
458.363008	88	8	4	0.8895005367	0.002592002212	97.16507833	2.814343994	0.02057767781	13.30524996	52.27483461	34.41991543	0	0	0	-458.363008	0.002592002212	-91658.9834312075	
455.803008	88	8	4	0.8897727633	0.002564229364	97.18440027	2.796096838	0.01950289215	13.08961163	52.40203579	34.50835258	0	0	0	-455.803008	0.002564229364	-92695.4077455131	
453.243008	88	8	4	0.8900413782	0.002536764119	97.20390845	2.777620091	0.01847146196	12.87569082	52.52824156	34.59606762	0	0	0	-453.243008	0.002536764119	-93723.1666648216	
450.683008	88	8	4	0.890306437	0.002509597138	97.22360452	2.758913179	0.01748230317	12.66347896	52.65345694	34.6830641	0	0	0	-450.683008	0.002509597138	-94741.5498899523	
448.123008	88	8	4	0.8905679936	0.002482719267	97.2434901	2.739975569	0.0165343294	12.45296787	52.77768671	34.76934542	0	0	0	-448.123008	0.002482719267	-95749.8310267646	
445.563008	88	8	4	0.8908261003	0.002456121524	97.26356677	2.720806773	0.01562645325	12.24414983	52.90093539	34.85491478	0	0	0	-445.563008	0.002456121524	-96747.2674355217	
443.003008	88	8	4	0.891080808	0.002429795094	97.28383606	2.701406353	0.0147575876	12.03701749	53.02320725	34.93977526	0	0	0	-443.003008	0.002429795094	-97733.1140963584	
440.443008	88	8	4	0.8913321659	0.002403731324	97.30429943	2.681773922	0.01392664697	11.83156397	53.14450629	35.02392974	0	0	0	-440.443008	0.002403731324	-98706.6127011194	
437.883008	88	8	4	0.8915802218	0.002377921712	97.3249583	2.661909154	0.01313254872	11.62778275	53.26483628	35.10738097	0	0	0	-437.883008	0.002377921712	-99666.9897386426	
435.323008	88	8	4	0.8918250222	0.002352357901	97.34581401	2.64181178	0.0123742143	11.42566778	53.38420074	35.19013149	0	0	0	-435.323008	0.002352357901	-100613.473688353	
432.763008	88	8	4	0.892066612	0.002327031677	97.36686783	2.621481598	0.01165057043	11.22521337	53.50260292	35.27218372	0	0	0	-432.763008	0.002327031677	-101545.279433288	
430.203008	88	8	4	0.8923050348	0.002301934955	97.38812097	2.600918475	0.01096055029	11.02641428	53.62004583	35.35353989	0	0	0	-430.203008	0.002301934955	-102461.61715052	
427.643008	88	8	4	0.892540333	0.002277059781	97.40957455	2.580122353	0.01030309463	10.82926569	53.73653224	35.43420208	0	0	0	-427.643008	0.002277059781	-103361.697913664	
425.083008	88	8	4	0.8927725475	0.002252398321	97.4312296	2.559093251	0.009677152882	10.63376316	53.85206464	35.5141722	0	0	0	-425.083008	0.002252398321	-104244.722661738	
422.523008	88	8	4	0.8930017181	0.002227942857	97.45308704	2.537831272	0.009081684186	10.43990269	53.96664531	35.593452	0	0	0	-422.523008	0.002227942857	-105109.896960461	
419.963008	88	8	4	0.8932278832	0.002203685783	97.47514773	2.516336609	0.008515658426	10.24768068	54.08027624	35.67204307	0	0	0	-419.963008	0.002203685783	-105956.421050179	
417.403008	88	8	4	0.8934510802	0.002179619596	97.4974124	2.494609544	0.007978057202	10.05709397	54.19295919	35.74994683	0	0	0	-417.403008	0.002179619596	-106783.50635948	
414.843008	88	8	4	0.8936713451	0.002155736899	97.51988166	2.472650462	0.007467874763	9.868139798	54.30469566	35.82716454	0	0	0	-414.843008	0.002155736899	-107590.367048067	
412.283008	88	8	4	0.8938887129	0.002132030388	97.54255603	2.45045985	0.006984118903	9.680815811	54.4154869	35.90369729	0	0	0	-412.283008	0.002132030388	-108376.21267978	
409.723008	88	8	4	0.8941032175	0.002108492851	97.56543589	2.428038302	0.006525811809	9.495120087	54.5253339	35.97954602	0	0	0	-409.723008	0.002108492851	-109140.275971388	
407.163008	88	8	4	0.8943148914	0.002085117167	97.58852148	2.405386532	0.006091990867	9.31105112	54.63423739	36.05471149	0	0	0	-407.163008	0.002085117167	-109881.798288428	
404.603008	88	8	4	0.8945237664	0.002061896298	97.61181292	2.382505369	0.005681709427	9.128607824	54.74219788	36.1291943	0	0	0	-404.603008	0.002061896298	-110600.023916964	
402.043008	88	8	4	0.8947298729	0.002038823285	97.63531019	2.359395773	0.005294037516	8.947789532	54.84921558	36.20299489	0	0	0	-402.043008	0.002038823285	-111294.227384551	
399.483008	88	8	4	0.8949332406	0.002015891251	97.6590131	2.336058834	0.00492806251	8.768596003	54.95529046	36.27611354	0	0	0	-399.483008	0.002015891251	-111963.700453745	
396.923008	88	8	4	0.8951338979	0.001993093391	97.68292133	2.312495781	0.004582889758	8.591027417	55.06042224	36.34855034	0	0	0	-396.923008	0.001993093391	-112607.744229058	
394.363008	88	8	4	0.8953318723	0.001970422971	97.70703437	2.288707991	0.00425764316	8.415084381	55.16461037	36.42030525	0	0	0	-394.363008	0.001970422971	-113225.697243846	
391.803008	88	8	4	0.8955271902	0.001947873329	97.73135155	2.264696988	0.003951465698	8.240767926	55.26785405	36.49137802	0	0	0	-391.803008	0.001947873329	-113816.922259573	
389.243008	88	8	4	0.8957198774	0.001925437868	97.75587202	2.24046446	0.003663519917	8.068079514	55.37015221	36.56176827	0	0	0	-389.243008	0.001925437868	-114380.808054441	
386.683008	88	8	4	0.8959099583	0.001903110057	97.78059476	2.216012255	0.003392988364	7.897021034	55.47150352	36.63147544	0	0	0	-386.683008	0.001903110057	-114916.788521512	
384.123008	88	8	4	0.8960974567	0.001880883431	97.80551853	2.191342396	0.003139073971	7.727594806	55.5719064	36.7004988	0	0	0	-384.123008	0.001880883431	-115424.32638487	
381.563008	88	8	4	0.8962823952	0.001858751585	97.83064192	2.166457084	0.002901000406	7.559803581	55.67135898	36.76883744	0	0	0	-381.563008	0.001858751585	-115902.922512424	
379.003008	88	8	4	0.8964647959	0.001836708177	97.85596328	2.141358708	0.002678012356	7.393650542	55.76985914	36.83649031	0	0	0	-379.003008	0.001836708177	-116352.127483636	
376.443008	88	8	4	0.8966446796	0.001814746926	97.88148078	2.116049848	0.002469375782	7.229139307	55.86740452	36.90345618	0	0	0	-376.443008	0.001814746926	-116771.532649376	
373.883008	88	8	4	0.8968220665	0.001792861611	97.90719233	2.090533288	0.002274378118	7.066273926	55.96399244	36.96973363	0	0	0	-373.883008	0.001792861611	-117160.792673111	
371.323008	88	8	4	0.8969969759	0.001771046077	97.93309565	2.064812017	0.002092328428	6.905058885	56.05962001	37.0353211	0	0	0	-371.323008	0.001771046077	-117519.605064016	
368.763008	88	8	4	0.8971694262	0.001749294226	97.95918798	2.038889458	0.001922557617	6.745499102	56.15428404	37.10021686	0	0	0	-368.763008	0.001749294226	-117847.741295134	
366.203008	88	8	4	0.897339435	0.001727600034	97.98546697	2.012768616	0.001764418078	6.587599931	56.24798108	37.16441899	0	0	0	-366.203008	0.001727600034	-118144.984129427	
363.643008	88	8	4	0.8975070192	0.001705957519	98.01192935	1.986453364	0.001617284358	6.431367159	56.34070742	37.22792542	0	0	0	-363.643008	0.001705957519	-118411.21373164	
361.083008	88	8	4	0.8976721948	0.001684360789	98.03857184	1.959947602	0.001480552699	6.276807007	56.43245908	37.29073392	0	0	0	-361.083008	0.001684360789	-118646.417673387	
358.523008	88	8	4	0.897834977	0.001662804014	98.06539088	1.93325548	0.001353641094	6.123926126	56.52323181	37.35284206	0	0	0	-358.523008	0.001662804014	-118850.591184023	
355.963008	88	8	4	0.8979953803	0.001641281437	98.09238261	1.906381399	0.001235989179	5.972731597	56.61302111	37.41424729	0	0	0	-355.963008	0.001641281437	-119023.834823036	
353.403008	88	8	4	0.8981534185	0.001619787382	98.11954292	1.879330026	0.001127058095	5.823230928	56.70182221	37.47494687	0	0	0	-353.403008	0.001619787382	-119166.310049686	
350.843008	88	8	4	0.8983091046	0.001598316249	98.14686737	1.852106297	0.001026330313	5.675432049	56.78963006	37.53493789	0	0	0	-350.843008	0.001598316249	-119278.263435381	
348.283008	88	8	4	0.8984624509	0.001576862531	98.17435126	1.824715427	0.000933309413	5.529343314	56.87643939	37.59421729	0	0	0	-348.283008	0.001576862531	-119360.028020289	
345.723008	88	8	4	0.8986134689	0.00155542081	98.20198956	1.797162916	0.0008475198402	5.384973487	56.96224465	37.65278187	0	0	0	-345.723008	0.00155542081	-119412.008037063	
343.163008	88	8	4	0.8987621696	0.001533985769	98.22977694	1.769454557	0.00076850662	5.242331747	57.04704002	37.71062823	0	0	0	-343.163008	0.001533985769	-119434.710201091	
340.603008	88	8	4	0.8989085632	0.0015125522	98.25770772	1.741596446	0.0006958350447	5.101427672	57.13081946	37.76775286	0	0	0	-340.603008	0.0015125522	-119428.719101421	
338.043008	88	8	4	0.8990526593	0.001491115008	98.28577592	1.713594986	0.0006290903299	4.962271239	57.21357668	37.82415208	0	0	0	-338.043008	0.001491115008	-119394.71109402	
335.483008	88	8	4	0.8991944668	0.001469669225	98.31397523	1.685456895	0.0005678772428	4.82487281	57.29530513	37.87982206	0	0	0	-335.483008	0.001469669225	-119333.459423543	
332.923008	88	8	4	0.899333994	0.001448210017	98.34229897	1.657189214	0.0005118197039	4.689243126	57.37599805	37.93475882	0	0	0	-332.923008	0.001448210017	-119245.827751339	
330.363008	88	8	4	0.8994712487	0.001426732697	98.37074013	1.628799312	0.0004605603655	4.555393294	57.45564843	37.98895827	0	0	0	-330.363008	0.001426732697	-119132.771665256	
327.803008	88	8	4	0.8996062379	0.001405232734	98.39929135	1.600294895	0.0004137601671	4.423334773	57.53424906	38.04241617	0	0	0	-327.803008	0.001405232734	-118995.350747177	
325.243008	88	8	4	0.8997389683	0.001383705772	98.42794489	1.571684008	0.0003710978702	4.293079365	57.6117925	38.09512814	0	0	0	-325.243008	0.001383705772	-118834.729197402	
322.683008	88	8	4	0.8998694459	0.001362147641	98.45669269	1.542975045	0.0003322695756	4.164639193	57.68827111	38.1470897	0	0	0	-322.683008	0.001362147641	-118652.162112565	
320.123008	88	8	4	0.8999976761	0.001340554373	98.48552626	1.51417675	0.0002969882235	4.038026687	57.76367707	38.19829625	0	0	0	-320.123008	0.001340554373	-118448.998210844	
317.563008	88	8	4	0.900123664	0.001318922216	98.51443679	1.485298224	0.0002649830795	3.913254564	57.83800236	38.24874308	0	0	0	-317.563008	0.001318922216	-118226.684825067	
315.003008	88	8	4	0.9002474142	0.001297247654	98.54341507	1.456348929	0.0002359992083	3.790335805	57.9112388	38.29842539	0	0	0	-315.003008	0.001297247654	-117986.775369845	
312.443008	88	8	4	0.9003689307	0.001275527426	98.57245151	1.427338691	0.0002097969372	3.669283634	57.98337807	38.3473383	0	0	0	-312.443008	0.001275527426	-117730.930863694	
309.883008	88	8	4	0.9004882171	0.001253758549	98.60153615	1.398277703	0.0001861513106	3.550111491	58.05441169	38.39547682	0	0	0	-309.883008	0.001253758549	-117460.902546191	
307.323008	88	8	4	0.9006052769	0.001231938333	98.63065862	1.369176525	0.0001648515388	3.432833003	58.12433106	38.44283594	0	0	0	-307.323008	0.001231938333	-117178.541289394	
304.763008	88	8	4	0.9007201129	0.00121006441	98.65980821	1.34004609	0.0001457004421	3.317461953	58.19312749	38.48941055	0	0	0	-304.763008	0.00121006441	-116885.815247678	
302.203008	88	8	4	0.9008327277	0.001188134758	98.68897379	1.3108977	0.0001285138922	3.204012246	58.2607922	38.53519555	0	0	0	-302.203008	0.001188134758	-105541.114507134	
300	88	8	4	0.9009278646	0.001004965386	98.71407654	1.285808299	0.0001151654193	3.107931479	58.31810763	38.57396089	0	0	0	-300	0.001004965386	81486.7873459315	
