T	w(AL)	w(MG)	w(SI)	fs	fw(@FCC_A1)	w(AL@FCC_A1)	w(MG@FCC_A1)	w(SI@FCC_A1)	w(AL@LIQUID)	w(MG@LIQUID)	w(SI@LIQUID)	dwdT_L(AL@LIQUID)	dwdT_L(MG@LIQUID)	dwdT_L(SI@LIQUID)	-T	fw(@FCC_A1)_1	-T//fw(@FCC_A1)	
K	%	%	%	mole/mole	kg/kg	%	%	%	%	%	%	SI	SI	SI				
866.9556373	86	9	5	0	0	97.55399249	2.104107248	0.3419002622	86	9	5	0.002357937357	-0.001407301095	-0.0009506362615	-866.9556373	0	24.3773213340478	
866.9456373	86	9	5	0.0002030396845	0.0002041894089	97.55374887	2.104310694	0.3419404322	85.99764201	9.001407421	5.000950567	0	0	0	-866.9456373	0.0002041894089	73.5709518292123	
866.9256373	86	9	5	0.0006086360277	0.0004080136115	97.55326175	2.104717472	0.3420207792	85.99292589	9.004222118	5.002851992	0	0	0	-866.9256373	0.0004080136115	98.1390654554814	
866.8856373	86	9	5	0.001419022458	0.0008154715837	97.55228758	2.105530982	0.3421814368	85.98349253	9.009852046	5.006655429	0	0	0	-866.8856373	0.0008154715837	98.2241659260241	
866.8056373	86	9	5	0.003036598727	0.001629033262	97.55034104	2.107156442	0.3425025181	85.96462163	9.021113719	5.014264649	0	0	0	-866.8056373	0.001629033262	98.4486735346884	
866.6456373	86	9	5	0.006259016778	0.003250450357	97.54645403	2.110402151	0.3431438201	85.9268632	9.043644335	5.029492469	0	0	0	-866.6456373	0.003250450357	98.9116487312903	
866.3256373	86	9	5	0.0126533304	0.006470625674	97.53870426	2.116872756	0.3444229796	85.85127972	9.088734699	5.059985586	0	0	0	-866.3256373	0.006470625674	99.9194927495327	
865.6856373	86	9	5	0.02522598799	0.01280763501	97.52330484	2.129726573	0.346968585	85.69984863	9.179019785	5.121131588	0	0	0	-865.6856373	0.01280763501	101.990640526143	
864.4056373	86	9	5	0.04957367838	0.02512389755	97.49289773	2.155095583	0.3520066897	85.39592122	9.360038298	5.244040479	0	0	0	-864.4056373	0.02512389755	106.046203509468	
861.8456373	86	9	5	0.09528935476	0.04838653587	97.43363496	2.204495861	0.3618691767	84.78380944	9.723892313	5.49229825	0	0	0	-861.8456373	0.04838653587	-1706.89207888728	
859.2856373	86	9	5	0.1373388595	0.0467666632	97.37634574	2.252232854	0.3714214008	84.16600598	10.09046001	5.743534006	0	0	0	-859.2856373	0.0467666632	-1636.02613812336	
856.7256373	86	9	5	0.1761239286	0.04525019101	97.32099926	2.298337663	0.3806630751	83.54252755	10.45976619	5.997706262	0	0	0	-856.7256373	0.04525019101	-1746.08802859542	
854.1656373	86	9	5	0.2119920123	0.04382831022	97.2675643	2.342841799	0.3895938964	82.91340923	10.83182391	6.254766862	0	0	0	-854.1656373	0.04382831022	-1859.36103916777	
851.6056373	86	9	5	0.2452433202	0.0424913357	97.21600939	2.385776874	0.3982137368	82.27870318	11.20663388	6.51466294	0	0	0	-851.6056373	0.0424913357	-1974.4498653423	
849.0456373	86	9	5	0.2761384559	0.04123069983	97.16630278	2.427174609	0.406522613	81.63848022	11.58418376	6.777336018	0	0	0	-849.0456373	0.04123069983	-2090.94193640534	
846.4856373	86	9	5	0.3049046577	0.04003882575	97.11841244	2.467066885	0.4145206701	80.99283091	11.96444772	7.042721376	0	0	0	-846.4856373	0.04003882575	-2208.42321533713	
843.9256373	86	9	5	0.3317409086	0.03890899049	97.07230604	2.505485792	0.4222081692	80.34186642	12.34738611	7.310747472	0	0	0	-843.9256373	0.03890899049	-2326.46521120425	
841.3656373	86	9	5	0.3568221457	0.03783521197	97.02795087	2.542463652	0.4295854777	79.68571945	12.73294512	7.581335434	0	0	0	-841.3656373	0.03783521197	-2444.63422558522	
838.8056373	86	9	5	0.380302749	0.03681215519	96.9853139	2.57803304	0.4366530631	79.02454485	13.12105652	7.854398623	0	0	0	-838.8056373	0.03681215519	-2562.50193827119	
836.2456373	86	9	5	0.4023194491	0.03583505406	96.94436172	2.61222679	0.4434114892	78.35852024	13.51163748	8.129842274	0	0	0	-836.2456373	0.03583505406	-2679.65708412799	
833.6856373	86	9	5	0.4229937625	0.03489964598	96.90506059	2.645077992	0.4498614143	77.68784629	13.90459047	8.407563239	0	0	0	-833.6856373	0.03489964598	-2795.71785976768	
831.1256373	86	9	5	0.442434042	0.03400211692	96.86737643	2.676619979	0.4560035925	77.01274688	14.2998033	8.687449827	0	0	0	-831.1256373	0.03400211692	-2910.34416129255	
828.5656373	86	9	5	0.4607372109	0.03313905487	96.83127482	2.7068863	0.4618388764	76.33346899	14.69714927	8.969381747	0	0	0	-828.5656373	0.03313905487	-3023.24921324969	
826.0056373	86	9	5	0.4779902353	0.03230741029	96.79672109	2.735910688	0.4673682217	75.65028233	15.09648748	9.253230185	0	0	0	-826.0056373	0.03230741029	-3134.21021919002	
823.4456373	86	9	5	0.4942713806	0.03150446222	96.76368029	2.763727019	0.4725926936	74.96347872	15.49766329	9.538857989	0	0	0	-823.4456373	0.03150446222	-3243.07674149453	
820.8856373	86	9	5	0.5096512868	0.03072778874	96.73211727	2.790369259	0.4775134745	74.27337113	15.90050888	9.826119987	0	0	0	-820.8856373	0.03072778874	-3349.77703868294	
818.3256373	86	9	5	0.5241938917	0.02997524122	96.70199672	2.815871411	0.4821318727	73.58029249	16.30484408	10.11486343	0	0	0	-818.3256373	0.02997524122	-3454.3217264844	
815.7656373	86	9	5	0.5379572271	0.02924492127	96.67328322	2.840267447	0.4864493321	72.88459416	16.71047727	10.40492857	0	0	0	-815.7656373	0.02924492127	-3556.80431379068	
813.2056373	86	9	5	0.5509941068	0.02853515992	96.64594132	2.863591239	0.4904674422	72.18664422	17.11720645	10.69614933	0	0	0	-813.2056373	0.02853515992	-3657.39923990965	
810.6456373	86	9	5	0.5633527226	0.02784449851	96.61993556	2.885876492	0.4941879485	71.48682539	17.5248205	10.98835412	0	0	0	-810.6456373	0.02784449851	-3756.35724747023	
808.0856373	86	9	5	0.5750771618	0.02717167084	96.59523058	2.907156658	0.4976127629	70.78553279	17.93310049	11.28136672	0	0	0	-808.0856373	0.02717167084	-3853.99833968792	
805.5256373	86	9	5	0.586207858	0.02651558623	96.57179115	2.927464872	0.5007439733	70.08317152	18.34182118	11.5750073	0	0	0	-805.5256373	0.02651558623	-3950.7028549536	
802.9656373	86	9	5	0.5967819837	0.02587531326	96.54958228	2.946833864	0.5035838526	69.38015407	18.75075252	11.86909342	0	0	0	-802.9656373	0.02587531326	-4046.90600686105	
800.4056373	86	9	5	0.606833794	0.02525006545	96.52856926	2.96529587	0.5061348724	68.67689754	19.1596613	12.16344116	0	0	0	-800.4056373	0.02525006545	-4143.07491146603	
797.8456373	86	9	5	0.6163949252	0.02463918234	96.5087177	2.982882607	0.5083996969	67.97382103	19.56831273	12.45786624	0	0	0	-797.8456373	0.02463918234	-4239.71170460248	
795.2856373	86	9	5	0.6254946592	0.02404211995	96.48999365	2.999625151	0.5103812018	67.27134273	19.97647211	12.75218515	0	0	0	-795.2856373	0.02404211995	-4337.34336770537	
792.7256373	86	9	5	0.6341601532	0.02345843325	96.47236363	3.015553895	0.512082473	66.56987726	20.38390645	13.04621629	0	0	0	-792.7256373	0.02345843325	-4436.4990731387	
790.1656373	86	9	5	0.6424166419	0.0228877633	96.45579471	3.030698484	0.5135068095	65.86983302	20.79038597	13.33978102	0	0	0	-790.1656373	0.0228877633	-4537.71292621507	
787.6056373	86	9	5	0.6502876155	0.02232982436	96.44025451	3.045087767	0.5146577239	65.17160968	21.19568562	13.6327047	0	0	0	-787.6056373	0.02232982436	-4641.51376828586	
785.0456373	86	9	5	0.6577949768	0.02178439144	96.42571131	3.058749746	0.5155389413	64.47559586	21.59958647	13.92481767	0	0	0	-785.0456373	0.02178439144	-4748.41886233025	
782.4856373	86	9	5	0.6649591788	0.02125128881	96.41213406	3.071711541	0.5161543964	63.78216701	22.00187687	14.21595611	0	0	0	-782.4856373	0.02125128881	-4858.92909172337	
779.9256373	86	9	5	0.6717993473	0.02073037924	96.39949242	3.083999356	0.5165082287	63.09168351	22.40235368	14.50596281	0	0	0	-779.9256373	0.02073037924	-4973.52542820974	
777.3656373	86	9	5	0.678333389	0.02022155435	96.38775677	3.095638456	0.5166047761	62.40448902	22.80082314	14.79468784	0	0	0	-777.3656373	0.02022155435	-5092.66647495923	
774.8056373	86	9	5	0.6845780878	0.01972472584	96.37689828	3.106653152	0.5164485671	61.72090914	23.19710173	15.08198913	0	0	0	-774.8056373	0.01972472584	-5216.78674143432	
772.2456373	86	9	5	0.6905491908	0.01923981785	96.3668889	3.117066793	0.5160443115	61.0412503	23.59101679	15.36773291	0	0	0	-772.2456373	0.01923981785	-5346.29590155	
769.6856373	86	9	5	0.6962614847	0.0187667603	96.35770135	3.12690176	0.5153968904	60.36579889	23.98240706	15.65179405	0	0	0	-769.6856373	0.0187667603	-5481.57859369525	
767.1256373	86	9	5	0.7017288647	0.01830548332	96.34930918	3.136179473	0.5145113442	59.69482077	24.37112296	15.93405627	0	0	0	-767.1256373	0.01830548332	-5622.9947022127	
764.5656373	86	9	5	0.7069643969	0.01785591262	96.34168674	3.144920401	0.5133928612	59.02856086	24.75702684	16.2144123	0	0	0	-764.5656373	0.01785591262	-5774.01265078027	
762.0056373	86	9	5	0.7119805215	0.01741842264	96.33480848	3.153144673	0.5120468499	58.36723389	25.1399984	16.49276771	0	0	0	-762.0056373	0.01741842264	-5926.62415050018	
759.4456373	86	9	5	0.7167885827	0.01699174394	96.3286515	3.160869912	0.5104785879	57.7110618	25.51991291	16.76902529	0	0	0	-759.4456373	0.01699174394	-6085.42948386333	
756.8856373	86	9	5	0.7213995513	0.01657674464	96.32319229	3.16811402	0.5086936945	57.06021738	25.89667396	17.04310866	0	0	0	-756.8856373	0.01657674464	-6256.25921525894	
754.3256373	86	9	5	0.7258236917	0.01617305132	96.3184081	3.17489406	0.5066978356	56.41486297	26.27019103	17.314946	0	0	0	-754.3256373	0.01617305132	-6432.94496259286	
751.7656373	86	9	5	0.730070675	0.01578052831	96.31427722	3.181226039	0.504496743	55.77514143	26.64038474	17.58447382	0	0	0	-751.7656373	0.01578052831	-6617.45726641104	
749.2056373	86	9	5	0.7341496161	0.01539902645	96.31077863	3.187125154	0.5020962187	55.14117686	27.00718644	17.8516367	0	0	0	-749.2056373	0.01539902645	-6810.02305379687	
746.6456373	86	9	5	0.7380691071	0.01502838193	96.30789206	3.19260582	0.4995021214	54.51307537	27.37053772	18.11638692	0	0	0	-746.6456373	0.01502838193	-7010.84449475403	
744.0856373	86	9	5	0.7418372493	0.01466841711	96.30559794	3.197681709	0.4967203553	53.89092601	27.73038994	18.37868405	0	0	0	-744.0856373	0.01466841711	-7220.11112624928	
741.5256373	86	9	5	0.7454616822	0.01431894147	96.30387736	3.202365778	0.493756858	53.2748017	28.0867037	18.63849461	0	0	0	-741.5256373	0.01431894147	-7438.00045285925	
738.9656373	86	9	5	0.748949611	0.01397975281	96.30271211	3.206670304	0.4906175897	52.66476019	28.43944821	18.8957916	0	0	0	-738.9656373	0.01397975281	-7664.67848944809	
736.4056373	86	9	5	0.7523078325	0.01365063849	96.30208456	3.210606914	0.4873085231	52.06084506	28.78860081	19.15055413	0	0	0	-736.4056373	0.01365063849	-7900.30004773371	
733.8456373	86	9	5	0.755542759	0.01333137679	96.30197775	3.214186621	0.4838356335	51.46308672	29.13414636	19.40276693	0	0	0	-733.8456373	0.01333137679	-8145.01040684216	
731.2856373	86	9	5	0.7586604411	0.01302173835	96.30237525	3.217419855	0.4802048898	50.87150338	29.47607664	19.65241998	0	0	0	-731.2856373	0.01302173835	-8398.94597304839	
728.7256373	86	9	5	0.7616665891	0.01272148756	96.30326126	3.220316492	0.476422246	50.28610202	29.81438987	19.8995081	0	0	0	-728.7256373	0.01272148756	-8662.23494714632	
726.1656373	86	9	5	0.7645665929	0.01243038396	96.30462048	3.222885881	0.4724936336	49.70687936	30.14909012	20.14403052	0	0	0	-726.1656373	0.01243038396	-8934.99796972771	
723.6056373	86	9	5	0.7673655409	0.01214818355	96.30643816	3.225136881	0.4684249545	49.13382271	30.48018677	20.38599051	0	0	0	-723.6056373	0.01214818355	-9217.34765681153	
721.0456373	86	9	5	0.7700682379	0.01187464	96.30870005	3.22707788	0.4642220739	48.5669109	30.80769409	20.62539501	0	0	0	-721.0456373	0.01187464	-9509.39104963233	
718.4856373	86	9	5	0.7726792217	0.01160950592	96.31139236	3.228716824	0.4598908151	48.00611504	31.13163068	20.86225428	0	0	0	-718.4856373	0.01160950592	-9811.22864209185	
715.9256373	86	9	5	0.7752027792	0.01135253382	96.3145018	3.230061242	0.4554369535	47.45139938	31.45201906	21.09658156	0	0	0	-715.9256373	0.01135253382	-10122.9545601597	
713.3656373	86	9	5	0.7776429606	0.01110347716	96.31801552	3.231118269	0.4508662119	46.90272197	31.76888526	21.32839277	0	0	0	-713.3656373	0.01110347716	-10444.6581968864	
710.8056373	86	9	5	0.7800035941	0.0108620912	96.32192107	3.23189467	0.4461842557	46.36003541	32.08225841	21.55770618	0	0	0	-710.8056373	0.0108620912	-10776.4235625982	
708.2456373	86	9	5	0.7822882985	0.01062813379	96.32620645	3.232396858	0.4413966893	45.82328747	32.39217034	21.78454219	0	0	0	-708.2456373	0.01062813379	-11118.3292127237	
705.6856373	86	9	5	0.7845004958	0.01040136602	96.33086003	3.232630915	0.4365090523	45.29242166	32.6986553	22.00892304	0	0	0	-705.6856373	0.01040136602	-11470.4494744127	
703.1256373	86	9	5	0.786643423	0.01018155286	96.33587057	3.232602612	0.431526816	44.76737784	33.00174959	22.23087257	0	0	0	-703.1256373	0.01018155286	-11832.854086966	
700.5656373	86	9	5	0.7887201426	0.009968463616	96.3412272	3.232317423	0.4264553809	44.24809269	33.30149129	22.45041602	0	0	0	-700.5656373	0.009968463616	-12205.6078213486	
698.0056373	86	9	5	0.7907335535	0.009761872374	96.34691938	3.231780546	0.4213000738	43.73450019	33.59791998	22.66757982	0	0	0	-698.0056373	0.009761872374	-12588.7736705135	
695.4456373	86	9	5	0.7926864	0.009561558407	96.35293694	3.230996915	0.4160661455	43.22653205	33.89107652	22.88239142	0	0	0	-695.4456373	0.009561558407	-12982.4055818382	
692.8856373	86	9	5	0.7945812815	0.009367306246	96.35927002	3.229971215	0.410758769	42.72411812	34.18100278	23.0948791	0	0	0	-692.8856373	0.009367306246	-13386.5583799996	
690.3256373	86	9	5	0.7964206604	0.009178906234	96.36590907	3.228707896	0.4053830373	42.22718669	34.46774149	23.30507182	0	0	0	-690.3256373	0.009178906234	-13801.2825966601	
687.7656373	86	9	5	0.7982068708	0.008996154367	96.37284485	3.227211186	0.3999439621	41.73566489	34.75133599	23.51299911	0	0	0	-687.7656373	0.008996154367	-14226.6210893572	
685.2056373	86	9	5	0.7999421256	0.008818852589	96.38006843	3.225485102	0.3944464722	41.24947895	35.03183014	23.71869092	0	0	0	-685.2056373	0.008818852589	-14662.616974707	
682.6456373	86	9	5	0.8016285235	0.008646808802	96.38757113	3.223533461	0.3888954123	40.76855443	35.30926809	23.92217748	0	0	0	-682.6456373	0.008646808802	-15109.3079575924	
680.0856373	86	9	5	0.8032680559	0.008479836901	96.39534457	3.22135989	0.383295542	40.29281652	35.58369421	24.12348927	0	0	0	-680.0856373	0.008479836901	-15566.7285020186	
677.5256373	86	9	5	0.804862613	0.008317756773	96.40338063	3.218967838	0.3776515346	39.82219022	35.85515292	24.32265686	0	0	0	-677.5256373	0.008317756773	-16034.9093203215	
674.9656373	86	9	5	0.8064139897	0.008160394256	96.41167144	3.216360582	0.3719679762	39.35660053	36.1236886	24.51971086	0	0	0	-674.9656373	0.008160394256	-16513.877712682	
672.4056373	86	9	5	0.8079238909	0.008007581089	96.4202094	3.213541236	0.3662493656	38.89597263	36.38934551	24.71468185	0	0	0	-672.4056373	0.008007581089	-17003.6575437898	
669.8456373	86	9	5	0.8093939369	0.007859154825	96.42898713	3.210512761	0.3605001127	38.44023203	36.65216768	24.90760029	0	0	0	-669.8456373	0.007859154825	-17504.2687642148	
667.2856373	86	9	5	0.8108256679	0.007714958732	96.43799749	3.207277969	0.3547245388	37.9893047	36.91219881	25.09849648	0	0	0	-667.2856373	0.007714958732	-18015.7280926215	
664.7256373	86	9	5	0.8122205489	0.007574841686	96.44723359	3.203839535	0.3489268755	37.54311719	37.16948229	25.28740052	0	0	0	-664.7256373	0.007574841686	-18538.0488245584	
662.1656373	86	9	5	0.8135799738	0.007438658042	96.45668874	3.200199997	0.3431112649	37.10159672	37.42406105	25.47434224	0	0	0	-662.1656373	0.007438658042	-19071.2404496809	
659.6056373	86	9	5	0.8149052693	0.007306267499	96.46635647	3.196361767	0.3372817585	36.6646713	37.67597754	25.65935116	0	0	0	-659.6056373	0.007306267499	-19615.3088381397	
657.0456373	86	9	5	0.8161976985	0.007177534958	96.47623055	3.192327134	0.3314423176	36.23226979	37.92527371	25.8424565	0	0	0	-657.0456373	0.007177534958	-20170.2567009664	
654.4856373	86	9	5	0.8174584651	0.00705233038	96.48630492	3.188098271	0.3255968127	35.80432195	38.17199096	26.02368709	0	0	0	-654.4856373	0.00705233038	-20736.0827879874	
651.9256373	86	9	5	0.8186887159	0.006930528625	96.49657374	3.183677238	0.3197490235	35.38075853	38.41617007	26.2030714	0	0	0	-651.9256373	0.006930528625	-21312.7822099595	
649.3656373	86	9	5	0.8198895442	0.006812009307	96.50703137	3.179065991	0.3139026385	34.9615113	38.65785123	26.38063747	0	0	0	-649.3656373	0.006812009307	-21900.3466792034	
646.8056373	86	9	5	0.8210619931	0.006696656634	96.51767236	3.174266381	0.3080612552	34.5465131	38.89707399	26.55641291	0	0	0	-646.8056373	0.006696656634	-22498.7639087324	
644.2456373	86	9	5	0.8222070574	0.006584359254	96.52849146	3.169280159	0.3022283798	34.13569784	39.13387723	26.73042493	0	0	0	-644.2456373	0.006584359254	-23108.0180146631	
641.6856373	86	9	5	0.823325687	0.006475010101	96.53948359	3.164108985	0.2964074272	33.72900059	39.36829917	26.90270024	0	0	0	-641.6856373	0.006475010101	-23728.089272725	
639.1256373	86	9	5	0.824418789	0.006368506241	96.55064385	3.158754425	0.2906017213	33.32635754	39.60037734	27.07326512	0	0	0	-639.1256373	0.006368506241	-24358.9537615673	
636.5656373	86	9	5	0.8254872298	0.006264748719	96.56196755	3.15321796	0.2848144944	32.92770604	39.83014859	27.24214537	0	0	0	-636.5656373	0.006264748719	-25000.5841670835	
634.0056373	86	9	5	0.8265318374	0.006163642417	96.57345013	3.147500984	0.2790488878	32.53298462	40.05764907	27.40936631	0	0	0	-634.0056373	0.006163642417	-25652.9488597209	
631.4456373	86	9	5	0.8275534034	0.0060650959	96.58508724	3.141604813	0.273307952	32.14213299	40.28291423	27.57495278	0	0	0	-631.4456373	0.0060650959	-26316.0118875328	
628.8856373	86	9	5	0.8285526851	0.00596902128	96.59687467	3.135530681	0.267594646	31.75509203	40.50597881	27.73892916	0	0	0	-628.8856373	0.00596902128	-26989.7338185546	
626.3256373	86	9	5	0.8295304068	0.005875334077	96.60880841	3.12927975	0.2619118383	31.37180382	40.72687685	27.90131933	0	0	0	-626.3256373	0.005875334077	-27674.0702976866	
623.7656373	86	9	5	0.8304872619	0.00578395308	96.62088459	3.122853107	0.2562623068	30.99221159	40.94564171	28.0621467	0	0	0	-623.7656373	0.00578395308	-28369.2168829166	
621.2056373	86	9	5	0.8314239147	0.005694801701	96.63309948	3.116251779	0.2506487379	30.61625979	41.16230605	28.22143416	0	0	0	-621.2056373	0.005694801701	-29074.3650049881	
618.6456373	86	9	5	0.8323410005	0.00560780045	96.64544957	3.109476696	0.2450737307	30.24389399	41.37690179	28.37920422	0	0	0	-618.6456373	0.00560780045	-29790.0168762033	
616.0856373	86	9	5	0.8332391291	0.005522881604	96.65793146	3.102528752	0.2395397913	29.87506093	41.58946025	28.53547882	0	0	0	-616.0856373	0.005522881604	-30516.5268000464	
613.5256373	86	9	5	0.8341188845	0.005439974297	96.6705419	3.095408766	0.2340493373	29.50970852	41.800012	28.69027948	0	0	0	-613.5256373	0.005439974297	-31253.1199280142	
610.9656373	86	9	5	0.8349808269	0.005359011804	96.68327781	3.088117496	0.2286046968	29.14778578	42.00858698	28.84362724	0	0	0	-610.9656373	0.005359011804	-31999.9687277531	
608.4056373	86	9	5	0.8358254937	0.005279929949	96.69613625	3.080655641	0.223208109	28.78924288	42.21521445	28.99554268	0	0	0	-608.4056373	0.005279929949	-32756.9966787059	
605.8456373	86	9	5	0.8366534004	0.005202667002	96.70911443	3.073023842	0.2178617244	28.43403105	42.41992302	29.14604592	0	0	0	-605.8456373	0.005202667002	-33524.1220117976	
603.2856373	86	9	5	0.8374650421	0.005127163574	96.72220971	3.065222682	0.2125676053	28.08210267	42.62274066	29.29515667	0	0	0	-603.2856373	0.005127163574	-34301.2579143471	
600.7256373	86	9	5	0.8382608941	0.005053362523	96.73541958	3.057252694	0.2073277261	27.73341115	42.8236947	29.44289415	0	0	0	-600.7256373	0.005053362523	-35088.3123270437	
598.1656373	86	9	5	0.839041413	0.004981208857	96.74874167	3.049114354	0.2021439741	27.38791099	43.02281184	29.58927717	0	0	0	-598.1656373	0.004981208857	-35885.1872922613	
595.6056373	86	9	5	0.8398070374	0.004910649645	96.76217376	3.040808091	0.1970181495	27.04555771	43.22011818	29.73432412	0	0	0	-595.6056373	0.004910649645	-36691.7798652694	
593.0456373	86	9	5	0.8405581891	0.004841633932	96.77571375	3.03233428	0.1919519665	26.70630786	43.41563919	29.87805295	0	0	0	-593.0456373	0.004841633932	-37507.9806102063	
590.4856373	86	9	5	0.8412952737	0.004774112652	96.78935969	3.023693253	0.1869470534	26.37011902	43.60939977	30.02048121	0	0	0	-590.4856373	0.004774112652	-38333.6746173494	
587.9256373	86	9	5	0.8420186811	0.004708038554	96.80310976	3.014885291	0.1820049535	26.03694973	43.80142423	30.16162604	0	0	0	-587.9256373	0.004708038554	-39168.7406471002	
585.3656373	86	9	5	0.8427287867	0.00464336612	96.81696224	3.005910634	0.1771271254	25.70675953	43.9917363	30.30150418	0	0	0	-585.3656373	0.00464336612	-40013.0510422754	
582.8056373	86	9	5	0.8434259516	0.004580051497	96.83091558	2.996769476	0.1723149443	25.37950888	44.18035915	30.44013197	0	0	0	-582.8056373	0.004580051497	-40866.472477604	
580.2456373	86	9	5	0.8441105236	0.004518052425	96.84496833	2.987461969	0.1675697019	25.05515922	44.36731539	30.57752539	0	0	0	-580.2456373	0.004518052425	-41728.8640053148	
577.6856373	86	9	5	0.8447828376	0.004457328169	96.85911917	2.977988224	0.162892608	24.73367287	44.55262711	30.71370002	0	0	0	-577.6856373	0.004457328169	-42600.0781505967	
575.1256373	86	9	5	0.8454432162	0.004397839457	96.8733669	2.968348313	0.1582847904	24.41501309	44.73631584	30.84867107	0	0	0	-575.1256373	0.004397839457	-43479.9616099628	
572.5656373	86	9	5	0.8460919702	0.00433954842	96.88771043	2.95854227	0.1537472965	24.09914398	44.91840262	30.9824534	0	0	0	-572.5656373	0.00433954842	-44368.3519671518	
570.0056373	86	9	5	0.8467293994	0.004282418527	96.90214882	2.94857009	0.1492810937	23.78603054	45.09890794	31.11506151	0	0	0	-570.0056373	0.004282418527	-45265.0805859728	
567.4456373	86	9	5	0.8473557925	0.004226414538	96.9166812	2.938431734	0.1448870706	23.47563862	45.27785183	31.24650955	0	0	0	-567.4456373	0.004226414538	-46169.9717251333	
564.8856373	86	9	5	0.8479714282	0.004171502443	96.93130683	2.928127129	0.1405660375	23.16793489	45.4552538	31.37681131	0	0	0	-564.8856373	0.004171502443	-47082.8404020178	
562.3256373	86	9	5	0.8485765753	0.004117649414	96.94602511	2.917656165	0.1363187277	22.86288683	45.63113289	31.50598028	0	0	0	-562.3256373	0.004117649414	-48003.4949819359	
559.7656373	86	9	5	0.8491714931	0.004064823756	96.9608355	2.907018705	0.1321457987	22.56046275	45.80550767	31.63402959	0	0	0	-559.7656373	0.004064823756	-48931.7342736975	
557.2056373	86	9	5	0.8497564319	0.004012994857	96.97573759	2.896214578	0.1280478328	22.26063172	45.97839622	31.76097206	0	0	0	-557.2056373	0.004012994857	-49867.3506022015	
554.6456373	86	9	5	0.8503316335	0.00396213315	96.99073108	2.885243584	0.1240253383	21.96336359	46.14981621	31.8868202	0	0	0	-554.6456373	0.00396213315	-50810.1264579916	
552.0856373	86	9	5	0.8508973311	0.003912210061	97.00581575	2.874105495	0.1200787509	21.66862897	46.31978484	32.0115862	0	0	0	-552.0856373	0.003912210061	-51759.8347633277	
549.5256373	86	9	5	0.8514537502	0.003863197975	97.02099151	2.862800056	0.1162084346	21.37639919	46.48831886	32.13528195	0	0	0	-549.5256373	0.003863197975	-52716.241439934	
546.9656373	86	9	5	0.8520011086	0.003815070194	97.03625833	2.851326985	0.1124146831	21.08664635	46.65543462	32.25791903	0	0	0	-546.9656373	0.003815070194	-53679.1004631684	
544.4056373	86	9	5	0.8525396167	0.003767800897	97.0516163	2.839685978	0.1086977206	20.7993432	46.82114803	32.37950876	0	0	0	-544.4056373	0.003767800897	-54648.1583622316	
541.8456373	86	9	5	0.8530694779	0.00372136511	97.06706559	2.827876705	0.1050577037	20.51446325	46.98547461	32.50006215	0	0	0	-541.8456373	0.00372136511	-55623.1520435018	
539.2856373	86	9	5	0.8535908889	0.003675738666	97.08260646	2.815898816	0.1014947222	20.23198064	47.14842944	32.61958992	0	0	0	-539.2856373	0.003675738666	-56603.8058374792	
536.7256373	86	9	5	0.8541040398	0.003630898173	97.09823926	2.80375194	0.09800880076	19.95187024	47.31002723	32.73810253	0	0	0	-536.7256373	0.003630898173	-57589.8372809945	
534.1656373	86	9	5	0.8546091146	0.003586820987	97.11396441	2.791435686	0.09459990007	19.67410753	47.47028231	32.85561016	0	0	0	-534.1656373	0.003586820987	-58580.951972118	
531.6056373	86	9	5	0.8551062913	0.003543485175	97.12978244	2.778949645	0.09126791836	19.39866866	47.62920859	32.97212275	0	0	0	-531.6056373	0.003543485175	-59576.8431553336	
529.0456373	86	9	5	0.8555957419	0.00350086949	97.14569391	2.766293394	0.08801269283	19.12553043	47.78681963	33.08764994	0	0	0	-529.0456373	0.00350086949	-60577.1969781453	
526.4856373	86	9	5	0.8560776331	0.003458953345	97.16169951	2.753466492	0.08483400111	18.85467023	47.94312863	33.20220114	0	0	0	-526.4856373	0.003458953345	-61581.6850939851	
523.9256373	86	9	5	0.8565521262	0.00341771678	97.17779995	2.740468486	0.08173156277	18.5860661	48.09814841	33.3157855	0	0	0	-523.9256373	0.00341771678	-62589.9687894507	
521.3656373	86	9	5	0.8570193773	0.003377140444	97.19399605	2.72729891	0.07870504085	18.31969666	48.25189142	33.42841192	0	0	0	-521.3656373	0.003377140444	-63601.7005323866	
518.8056373	86	9	5	0.8574795376	0.003337205567	97.21028867	2.713957288	0.07575404346	18.05554113	48.4043698	33.54008907	0	0	0	-518.8056373	0.003337205567	-64616.5171626489	
516.2456373	86	9	5	0.8579327535	0.003297893935	97.22667874	2.700443136	0.07287812529	17.79357932	48.55559532	33.65082536	0	0	0	-516.2456373	0.003297893935	-65634.0467648137	
513.6856373	86	9	5	0.8583791669	0.003259187873	97.24316725	2.686755961	0.07007678931	17.53379161	48.7055794	33.76062899	0	0	0	-513.6856373	0.003259187873	-66653.9042455064	
511.1256373	86	9	5	0.8588189151	0.003221070217	97.25975525	2.672895265	0.06734948837	17.27615894	48.85433315	33.86950791	0	0	0	-511.1256373	0.003221070217	-67675.689979732	
508.5656373	86	9	5	0.8592521313	0.003183524297	97.27644383	2.658860546	0.06469562686	17.02066282	49.00186734	33.97746985	0	0	0	-508.5656373	0.003183524297	-68698.9984878111	
506.0056373	86	9	5	0.8596789444	0.003146533921	97.29323414	2.6446513	0.06211456241	16.76728528	49.14819241	34.08452231	0	0	0	-506.0056373	0.003146533921	-69723.4059619681	
503.4456373	86	9	5	0.8600994796	0.003110083346	97.31012737	2.630267022	0.05960560757	16.51600893	49.2933185	34.19067257	0	0	0	-503.4456373	0.003110083346	-70748.4785197534	
500.8856373	86	9	5	0.8605138579	0.003074157272	97.32712476	2.615707209	0.05716803159	16.26681688	49.43725541	34.29592771	0	0	0	-500.8856373	0.003074157272	-71773.7706583169	
498.3256373	86	9	5	0.8609221969	0.003038740814	97.34422758	2.60097136	0.05480106208	16.01969277	49.58001266	34.40029457	0	0	0	-498.3256373	0.003038740814	-72798.8219810669	
495.7656373	86	9	5	0.8613246104	0.003003819493	97.36143713	2.586058981	0.05250388682	15.77462077	49.72159944	34.5037798	0	0	0	-495.7656373	0.003003819493	-73823.1629583804	
493.2056373	86	9	5	0.8617212088	0.002969379216	97.37875476	2.570969585	0.05027565554	15.53158554	49.86202464	34.60638982	0	0	0	-493.2056373	0.002969379216	-74846.3068086761	
490.6456373	86	9	5	0.8621120994	0.00293540626	97.39618183	2.555702692	0.04811548164	15.29057228	50.00129686	34.70813086	0	0	0	-490.6456373	0.00293540626	-75867.7587497893	
488.0856373	86	9	5	0.8624973859	0.002901887262	97.41371972	2.540257836	0.04602244403	15.05156664	50.13942441	34.80900895	0	0	0	-488.0856373	0.002901887262	-76887.010204419	
485.5256373	86	9	5	0.8628771691	0.002868809199	97.43136985	2.524634564	0.04399558892	14.81455481	50.27641529	34.9090299	0	0	0	-485.5256373	0.002868809199	-77903.5392029706	
482.9656373	86	9	5	0.8632515466	0.002836159379	97.44913363	2.508832438	0.04203393161	14.57952342	50.41227723	35.00819935	0	0	0	-482.9656373	0.002836159379	-78916.8145720501	
480.4056373	86	9	5	0.8636206133	0.002803925426	97.4670125	2.49285104	0.04013645829	14.34645962	50.54701767	35.10652271	0	0	0	-480.4056373	0.002803925426	-79926.2904744393	
477.8456373	86	9	5	0.863984461	0.002772095267	97.4850079	2.476689971	0.03830212786	14.11535101	50.68064377	35.20400522	0	0	0	-477.8456373	0.002772095267	-80931.4087864717	
475.2856373	86	9	5	0.864343179	0.00274065712	97.50312127	2.460348857	0.03652987377	13.88618568	50.8131624	35.30065192	0	0	0	-475.2856373	0.00274065712	-81931.6033518416	
472.7256373	86	9	5	0.8646968537	0.002709599485	97.52135405	2.443827347	0.03481860576	13.65895217	50.94458017	35.39646766	0	0	0	-472.7256373	0.002709599485	-82926.2965403216	
470.1656373	86	9	5	0.8650455692	0.00267891113	97.53970767	2.427125121	0.0331672117	13.43363949	51.0749034	35.49145711	0	0	0	-470.1656373	0.00267891113	-83914.8972660502	
467.6056373	86	9	5	0.8653894069	0.002648581081	97.55818355	2.410241889	0.0315745594	13.21023712	51.20413815	35.58562473	0	0	0	-467.6056373	0.002648581081	-84896.8068077268	
465.0456373	86	9	5	0.8657284457	0.002618598613	97.57678311	2.393177394	0.03003949836	12.98873497	51.33229021	35.67897483	0	0	0	-465.0456373	0.002618598613	-85871.4183634448	
462.4856373	86	9	5	0.8660627623	0.00258895324	97.59550772	2.375931418	0.02856086155	12.76912341	51.45936509	35.7715115	0	0	0	-462.4856373	0.00258895324	-86838.1121653173	
459.9256373	86	9	5	0.8663924311	0.002559634703	97.61435875	2.358503782	0.0271374672	12.55139328	51.58536805	35.86323867	0	0	0	-459.9256373	0.002559634703	-87796.2638669046	
457.3656373	86	9	5	0.8667175242	0.002530632966	97.63333753	2.340894348	0.02576812054	12.33553583	51.71030407	35.9541601	0	0	0	-457.3656373	0.002530632966	-88745.2408410585	
454.8056373	86	9	5	0.8670381116	0.002501938202	97.65244536	2.323103026	0.02445161548	12.12154277	51.8341779	36.04427933	0	0	0	-454.8056373	0.002501938202	-89684.402430023	
452.2456373	86	9	5	0.8673542613	0.002473540789	97.67168349	2.305129775	0.02318673639	11.90940625	51.95699399	36.13359977	0	0	0	-452.2456373	0.002473540789	-90613.1053993379	
449.6856373	86	9	5	0.867666039	0.0024454313	97.69105313	2.286974607	0.02197225976	11.69911884	52.07875655	36.22212461	0	0	0	-449.6856373	0.0024454313	-91530.6978399651	
447.1256373	86	9	5	0.8679735087	0.002417600495	97.71055546	2.268637587	0.02080695584	11.49067357	52.19946954	36.3098569	0	0	0	-447.1256373	0.002417600495	-92436.5287529716	
444.5656373	86	9	5	0.8682767322	0.002390039317	97.73019157	2.250118844	0.01968959031	11.28406388	52.31913664	36.39679948	0	0	0	-444.5656373	0.002390039317	-93329.9395798306	
442.0056373	86	9	5	0.8685757696	0.002362738879	97.74996251	2.231418568	0.0186189259	11.07928364	52.43776131	36.48295505	0	0	0	-442.0056373	0.002362738879	-94210.2732451585	
439.4456373	86	9	5	0.8688706793	0.002335690465	97.76986926	2.212537015	0.01759372394	10.87632716	52.55534672	36.56832611	0	0	0	-439.4456373	0.002335690465	-95076.8772631105	
436.8856373	86	9	5	0.8691615176	0.002308885519	97.78991274	2.193474514	0.01661274591	10.67518917	52.67189582	36.65291501	0	0	0	-436.8856373	0.002308885519	-95929.09059333	
434.3256373	86	9	5	0.8694483393	0.002282315638	97.81009378	2.174231468	0.01567475501	10.47586483	52.78741127	36.73672391	0	0	0	-434.3256373	0.002282315638	-96766.2614158923	
431.7656373	86	9	5	0.8697311974	0.002255972571	97.83041313	2.154808357	0.01477851757	10.27834969	52.9018955	36.8197548	0	0	0	-431.7656373	0.002255972571	-97587.7458542645	
429.2056373	86	9	5	0.8700101434	0.002229848211	97.85087145	2.135205747	0.01392280453	10.08263978	53.01535071	36.90200951	0	0	0	-429.2056373	0.002229848211	-98392.899615672	
426.6456373	86	9	5	0.870285227	0.002203934589	97.87146932	2.11542429	0.01310639285	9.88873149	53.12777881	36.9834897	0	0	0	-426.6456373	0.002203934589	-99181.0895923394	
424.0856373	86	9	5	0.8705564965	0.002178223872	97.89220721	2.095464728	0.01232806686	9.696621665	53.23918149	37.06419685	0	0	0	-424.0856373	0.002178223872	-99951.6905683519	
421.5256373	86	9	5	0.8708239985	0.002152708355	97.91308548	2.075327901	0.01158661958	9.506307555	53.34956017	37.14413228	0	0	0	-421.5256373	0.002152708355	-100704.09420855	
418.9656373	86	9	5	0.8710877783	0.002127380463	97.9341044	2.055014749	0.01088085401	9.317786825	53.45891604	37.22329713	0	0	0	-418.9656373	0.002127380463	-101437.703483438	
416.4056373	86	9	5	0.8713478797	0.00210223274	97.9552641	2.034526318	0.01020958433	9.131057556	53.56725004	37.3016924	0	0	0	-416.4056373	0.00210223274	-102151.932026969	
413.8456373	86	9	5	0.8716043449	0.00207725785	97.9765646	2.013863763	0.009571637133	8.946118242	53.67456286	37.3793189	0	0	0	-413.8456373	0.00207725785	-102846.218581678	
411.2856373	86	9	5	0.8718572151	0.002052448573	97.99800579	1.993028353	0.008965852521	8.762967788	53.78085494	37.45617727	0	0	0	-411.2856373	0.002052448573	-103520.024454179	
408.7256373	86	9	5	0.8721065296	0.002027797804	98.01958743	1.972021481	0.008391085207	8.581605511	53.88612648	37.53226801	0	0	0	-408.7256373	0.002027797804	-104172.82582001	
406.1656373	86	9	5	0.872352327	0.002003298545	98.04130913	1.95084466	0.00784620555	8.402031134	53.99037744	37.60759143	0	0	0	-406.1656373	0.002003298545	-104804.12541863	
403.6056373	86	9	5	0.872594644	0.001978943909	98.06317036	1.929499536	0.007330100537	8.22424479	54.09360752	37.68214769	0	0	0	-403.6056373	0.001978943909	-105413.459551702	
401.0456373	86	9	5	0.8728335165	0.001954727115	98.08517044	1.90798789	0.006841674717	8.048247018	54.1958162	37.75593678	0	0	0	-401.0456373	0.001954727115	-106000.393208127	
398.4856373	86	9	5	0.8730689789	0.001930641489	98.10730851	1.886311643	0.006379851078	7.874038759	54.2970027	37.82895854	0	0	0	-398.4856373	0.001930641489	-106564.518353532	
395.9256373	86	9	5	0.8733010646	0.001906680458	98.12958357	1.864472863	0.00594357187	7.701621357	54.39716601	37.90121263	0	0	0	-395.9256373	0.001906680458	-107105.466196614	
393.3656373	86	9	5	0.8735298055	0.001882837556	98.15199443	1.842473769	0.005531799377	7.530996557	54.49630488	37.97269856	0	0	0	-393.3656373	0.001882837556	-107622.909972595	
390.8056373	86	9	5	0.8737552328	0.001859106419	98.17453975	1.820316736	0.005143516628	7.362166501	54.59441781	38.04341569	0	0	0	-390.8056373	0.001859106419	-108116.554925856	
388.2456373	86	9	5	0.8739773761	0.001835480786	98.19721797	1.798004305	0.004777728057	7.195133724	54.69150308	38.1133632	0	0	0	-388.2456373	0.001835480786	-108586.152310023	
385.6856373	86	9	5	0.8741962642	0.0018119545	98.22002736	1.775539182	0.004433460106	7.029901155	54.78755872	38.18254013	0	0	0	-385.6856373	0.0018119545	-109031.500167116	
383.1256373	86	9	5	0.8744119247	0.001788521509	98.24296599	1.752924249	0.004109761772	6.86647211	54.88258253	38.25094536	0	0	0	-383.1256373	0.001788521509	-109452.450978207	
380.5656373	86	9	5	0.8746243842	0.00176517587	98.26603173	1.730162566	0.003805705093	6.704850292	54.97657209	38.31857762	0	0	0	-380.5656373	0.00176517587	-109848.897940564	
378.0056373	86	9	5	0.8748336684	0.001741911744	98.28922223	1.707257381	0.003520385592	6.545039783	55.06952474	38.38543548	0	0	0	-378.0056373	0.001741911744	-110220.789523764	
375.4456373	86	9	5	0.8750398016	0.001718723406	98.31253495	1.68421213	0.003252922645	6.387045039	55.16143759	38.45151737	0	0	0	-375.4456373	0.001718723406	-110568.133959369	
372.8856373	86	9	5	0.8752428075	0.001695605242	98.33596709	1.661030449	0.003002459816	6.230870892	55.25230754	38.51682157	0	0	0	-372.8856373	0.001695605242	-110890.994914942	
370.3256373	86	9	5	0.8754427087	0.001672551757	98.35951566	1.637716175	0.002768165119	6.076522533	55.34213126	38.58134621	0	0	0	-370.3256373	0.001672551757	-111189.500560681	
367.7656373	86	9	5	0.8756395269	0.001649557576	98.38317741	1.614273354	0.002549231235	5.924005516	55.43090521	38.64508928	0	0	0	-367.7656373	0.001649557576	-111463.836141482	
365.2056373	86	9	5	0.8758332828	0.001626617449	98.40694888	1.590706246	0.002344875676	5.773325746	55.51862562	38.70804863	0	0	0	-365.2056373	0.001626617449	-111714.255351716	
362.6456373	86	9	5	0.8760239964	0.001603726257	98.43082633	1.56701933	0.002154340893	5.624489471	55.60528854	38.77022199	0	0	0	-362.6456373	0.001603726257	-111941.072195381	
360.0856373	86	9	5	0.8762116866	0.001580879014	98.4548058	1.54321731	0.001976894335	5.477503273	55.69088979	38.83160693	0	0	0	-360.0856373	0.001580879014	-112144.674688529	
357.5256373	86	9	5	0.8763963716	0.001558070879	98.47888305	1.519305122	0.001811828456	5.332374063	55.77542502	38.89220092	0	0	0	-357.5256373	0.001558070879	-112325.535850981	
354.9656373	86	9	5	0.8765780689	0.001535297163	98.5030536	1.495287936	0.001658460675	5.189109066	55.85888966	38.95200128	0	0	0	-354.9656373	0.001535297163	-112484.192677363	
352.4056373	86	9	5	0.8767567949	0.001512553333	98.52731271	1.471171161	0.001516133288	5.04771581	55.94127896	39.01100523	0	0	0	-352.4056373	0.001512553333	-112621.246780294	
349.8456373	86	9	5	0.8769325656	0.00148983502	98.55165533	1.446960456	0.001384213331	4.908202117	56.02258802	39.06920987	0	0	0	-349.8456373	0.00148983502	-112737.377186852	
347.2856373	86	9	5	0.8771053961	0.001467138029	98.57607618	1.422661725	0.001262092402	4.770576084	56.10281173	39.12661219	0	0	0	-347.2856373	0.001467138029	-112833.345648561	
344.7256373	86	9	5	0.8772753007	0.00144445835	98.60056968	1.398281129	0.00114918644	4.634846075	56.18194484	39.18320908	0	0	0	-344.7256373	0.00144445835	-112909.994303382	
342.1656373	86	9	5	0.8774422931	0.001421792168	98.62512998	1.373825089	0.001044935457	4.501020698	56.25998196	39.23899735	0	0	0	-342.1656373	0.001421792168	-112968.243116387	
339.6056373	86	9	5	0.8776063865	0.001399135874	98.64975091	1.349300284	0.0009488032395	4.369108792	56.33691752	39.29397369	0	0	0	-339.6056373	0.001399135874	-113009.089605719	
337.0456373	86	9	5	0.8777675933	0.001376486076	98.67442606	1.324713663	0.0008602770068	4.239119409	56.41274586	39.34813473	0	0	0	-337.0456373	0.001376486076	-113033.618418158	
334.4856373	86	9	5	0.8779259253	0.001353839615	98.69914869	1.300072441	0.0007788670339	4.111061787	56.48746118	39.40147704	0	0	0	-334.4856373	0.001353839615	-113042.99581259	
331.9256373	86	9	5	0.8780813939	0.001331193575	98.72391179	1.275384105	0.0007041062441	3.984945337	56.56105757	39.4539971	0	0	0	-331.9256373	0.001331193575	-113038.47904527	
329.3656373	86	9	5	0.8782340099	0.001308545304	98.7487079	1.250656546	0.0006355498018	3.860779612	56.63352903	39.50569135	0	0	0	-329.3656373	0.001308545304	-113021.385776017	
326.8056373	86	9	5	0.8783837837	0.001285892413	98.77352968	1.225897541	0.0005727745059	3.738574284	56.70486951	39.55655621	0	0	0	-326.8056373	0.001285892413	-112993.138321611	
324.2456373	86	9	5	0.8785307249	0.001263232816	98.79836909	1.201115531	0.0005153785045	3.61833912	56.77507286	39.60658802	0	0	0	-324.2456373	0.001263232816	-112955.260613866	
321.6856373	86	9	5	0.8786748432	0.001240564729	98.82321791	1.176319105	0.0004629806316	3.500083945	56.8441329	39.65578315	0	0	0	-321.6856373	0.001240564729	-112909.33279836	
319.1256373	86	9	5	0.8788161477	0.001217886693	98.84806765	1.151517128	0.0004152199005	3.383818619	56.91204344	39.70413794	0	0	0	-319.1256373	0.001217886693	-112857.038386424	
316.5656373	86	9	5	0.878954647	0.001195197593	98.87290951	1.126718739	0.0003717549421	3.269552997	56.97879826	39.75164874	0	0	0	-316.5656373	0.001195197593	-112800.149293947	
314.0056373	86	9	5	0.8790903497	0.001172496676	98.89773438	1.101933354	0.0003322634247	3.157296898	57.04439118	39.79831192	0	0	0	-314.0056373	0.001172496676	-112740.531168502	
311.4456373	86	9	5	0.879223264	0.001149783573	98.9225329	1.077170658	0.000296441459	3.047060064	57.10881604	39.8441239	0	0	0	-311.4456373	0.001149783573	-112680.131830584	
308.8856373	86	9	5	0.8793533981	0.001127058313	98.94729539	1.052440604	0.0002640029905	2.938852123	57.17206674	39.88908114	0	0	0	-308.8856373	0.001127058313	-112620.995041808	
306.3256373	86	9	5	0.8794807597	0.001104321351	98.97201191	1.027753409	0.0002346791807	2.832682542	57.23413728	39.93318017	0	0	0	-306.3256373	0.001104321351	-112565.267571729	
303.7656373	86	9	5	0.8796053567	0.001081573585	98.99667223	1.003119549	0.0002082177806	2.728560588	57.29502178	39.97641764	0	0	0	-303.7656373	0.001081573585	-112515.187146648	
301.2056373	86	9	5	0.879727197	0.001058816379	99.02126587	0.9785497497	0.0001843824977	2.626495275	57.35471446	40.01879026	0	0	0	-301.2056373	0.001058816379	-108238.977524856	
300	86	9	5	0.8797836302	0.0004909877494	99.03282249	0.9670035115	0.0001740033174	2.579141716	57.38241135	40.03844693	0	0	0	-300	0.0004909877494	103992.494564498	
