T	w(AL)	w(SI)	fs	fw(@FCC_A1)	w(AL@FCC_A1)	w(SI@FCC_A1)	w(AL@LIQUID)	w(SI@LIQUID)	dwdT_L(AL@LIQUID)	dwdT_L(SI@LIQUID)	-T	fw(@FCC_A1)_1	-T//fw(@FCC_A1)	
K	%	%	mole/mole	kg/kg	%	%	%	%	SI	SI				
876.4882021	91	9	0	0	98.85226051	1.147739489	91	9	0.001432275874	-0.001432275874	-876.4882021	0	27.1759922148102	
876.4782021	91	9	0.0001831643771	0.0001825857781	98.85204851	1.147951492	90.99856735	9.00143265	0	0	-876.4782021	0.0001825857781	82.3615643687483	
876.4582021	91	9	0.0005488439761	0.00036461795	98.85162449	1.148375505	90.99570332	9.004296684	0	0	-876.4582021	0.00036461795	109.862551309139	
876.4182021	91	9	0.001279526622	0.0007287632102	98.85077641	1.149223587	90.98997507	9.010024932	0	0	-876.4182021	0.0007287632102	109.922831736821	
876.3382021	91	9	0.002737841342	0.001455536259	98.84908003	1.15091997	90.97852083	9.021479166	0	0	-876.3382021	0.001455536259	110.226604265399	
876.1782021	91	9	0.005642324866	0.002903142126	98.84568652	1.154313478	90.95562142	9.044378578	0	0	-876.1782021	0.002903142126	110.83111895023	
875.8582021	91	9	0.01140315519	0.00577480302	98.83889598	1.16110402	90.90985877	9.090141227	0	0	-875.8582021	0.00577480302	112.136261999844	
875.2182021	91	9	0.02272104191	0.01141280057	98.82530123	1.174698772	90.81847819	9.181521808	0	0	-875.2182021	0.01141280057	114.816988529274	
873.9382021	91	9	0.04460423436	0.02232171187	98.79805657	1.201943429	90.63629143	9.363708566	0	0	-873.9382021	0.02232171187	120.107200126816	
871.3782021	91	9	0.08558068523	0.04275288545	98.74334426	1.256655745	90.27419577	9.725804234	0	0	-871.3782021	0.04275288545	-1555.30450423648	
868.8182021	91	9	0.1231334526	0.0409314415	98.68832995	1.311670045	89.91509462	10.08490538	0	0	-868.8182021	0.0409314415	-1466.37904406931	
866.2582021	91	9	0.1576689645	0.03925010177	98.63300804	1.36699196	89.5589364	10.4410636	0	0	-866.2582021	0.03925010177	-1586.82180603329	
863.6982021	91	9	0.1895336792	0.03769502876	98.57737302	1.422626983	89.20566979	10.79433021	0	0	-863.6982021	0.03769502876	-1713.08633299918	
861.1382021	91	9	0.2190234433	0.03625285136	98.52141943	1.478580567	88.85524335	11.14475665	0	0	-861.1382021	0.03625285136	-1844.61291443419	
858.5782021	91	9	0.2463923507	0.03491200886	98.46514189	1.534858111	88.50760577	11.49239423	0	0	-858.5782021	0.03491200886	-1981.45376357768	
856.0182021	91	9	0.2718598174	0.03366246263	98.40853504	1.591464963	88.16270594	11.83729406	0	0	-856.0182021	0.03366246263	-2123.66709554716	
853.4582021	91	9	0.2956162698	0.03249545335	98.35159357	1.648406426	87.82049306	12.17950694	0	0	-853.4582021	0.03249545335	-2271.31196231249	
850.8982021	91	9	0.3178277524	0.03140330325	98.29431224	1.705687763	87.48091673	12.51908327	0	0	-850.8982021	0.03140330325	-2424.44827509331	
848.3382021	91	9	0.3386396875	0.03037925412	98.2366858	1.7633142	87.14392699	12.85607301	0	0	-848.3382021	0.03037925412	-2584.60653004177	
845.7782021	91	9	0.3581805567	0.02941833284	98.17870791	1.821292094	86.80946899	13.19053101	0	0	-845.7782021	0.02941833284	-2747.78739382078	
843.2182021	91	9	0.3765622654	0.02851266809	98.1203758	1.879624202	86.4775052	13.5224948	0	0	-843.2182021	0.02851266809	-2916.48660303747	
840.6582021	91	9	0.3938852153	0.02765964708	98.06168309	1.938316915	86.14798146	13.85201854	0	0	-840.6582021	0.02765964708	-3092.97563233903	
838.0982021	91	9	0.4102383567	0.02685453775	98.00262465	1.997375354	85.82085014	14.17914986	0	0	-838.0982021	0.02685453775	-3274.49988495139	
835.5382021	91	9	0.4257010304	0.02609356385	97.94319538	2.056804618	85.49606435	14.50393565	0	0	-835.5382021	0.02609356385	-3461.88678928582	
832.9782021	91	9	0.4403442252	0.02537333547	97.88339021	2.116609794	85.1735779	14.8264221	0	0	-832.9782021	0.02537333547	-3655.20603389893	
830.4182021	91	9	0.4542316422	0.02469079804	97.82320404	2.176795958	84.8533453	15.1466547	0	0	-830.4182021	0.02469079804	-3854.52275215259	
827.8582021	91	9	0.467420601	0.0240431923	97.76263183	2.237368174	84.53532183	15.46467817	0	0	-827.8582021	0.0240431923	-4059.90362190635	
825.2982021	91	9	0.4799628148	0.02342801946	97.70166849	2.298331506	84.21946351	15.78053649	0	0	-825.2982021	0.02342801946	-4271.41614412869	
822.7382021	91	9	0.4919050552	0.02284301128	97.64030899	2.359691012	83.9057271	16.0942729	0	0	-822.7382021	0.02284301128	-4489.12895145868	
820.1782021	91	9	0.5032897254	0.02228610417	97.57854825	2.421451751	83.59407016	16.40592984	0	0	-820.1782021	0.02228610417	-4713.11133762946	
817.6182021	91	9	0.5141553556	0.0217554166	97.51638121	2.483618785	83.284451	16.715549	0	0	-817.6182021	0.0217554166	-4943.43377901772	
815.0582021	91	9	0.5245370326	0.02124922963	97.45380282	2.546197182	82.97682869	17.02317131	0	0	-815.0582021	0.02124922963	-5180.16780443582	
812.4982021	91	9	0.5344667741	0.02076596969	97.39080798	2.609192015	82.67116306	17.32883694	0	0	-812.4982021	0.02076596969	-5423.38607352971	
809.9382021	91	9	0.5439738547	0.02030419367	97.32739163	2.672608371	82.36741473	17.63258527	0	0	-809.9382021	0.02030419367	-5673.16258099081	
807.3782021	91	9	0.5530850925	0.01986257569	97.26354865	2.736451347	82.06554503	17.93445497	0	0	-807.3782021	0.01986257569	-5929.57240903574	
804.8182021	91	9	0.5618250992	0.0194398955	97.19927395	2.800726053	81.76551607	18.23448393	0	0	-804.8182021	0.0194398955	-6192.6922808249	
802.2582021	91	9	0.5702165021	0.01903502825	97.13456238	2.865437618	81.46729067	18.53270933	0	0	-802.2582021	0.01903502825	-6462.60044226282	
799.6982021	91	9	0.5782801381	0.01864693538	97.06940881	2.930591189	81.17083241	18.82916759	0	0	-799.6982021	0.01864693538	-6739.37645192024	
797.1382021	91	9	0.586035227	0.01827465654	97.00380807	2.996191933	80.87610555	19.12389445	0	0	-797.1382021	0.01827465654	-7023.10179948436	
794.5782021	91	9	0.5934995244	0.01791730245	96.93775496	3.06224504	80.58307509	19.41692491	0	0	-794.5782021	0.01791730245	-7313.8600001323	
792.0182021	91	9	0.6006894576	0.01757404848	96.87124428	3.128755723	80.29170669	19.70829331	0	0	-792.0182021	0.01757404848	-7611.73597883961	
789.4582021	91	9	0.6076202471	0.01724412889	96.80427078	3.195729223	80.00196671	19.99803329	0	0	-789.4582021	0.01724412889	-7916.81710176504	
786.8982021	91	9	0.6143060148	0.01692683177	96.73682919	3.263170807	79.71382219	20.28617781	0	0	-786.8982021	0.01692683177	-8229.19294909403	
784.3382021	91	9	0.6207598807	0.01662149438	96.66891423	3.331085774	79.4272408	20.5727592	0	0	-784.3382021	0.01662149438	-8548.95544158187	
781.7782021	91	9	0.6269940499	0.01632749906	96.60052055	3.399479453	79.14219087	20.85780913	0	0	-781.7782021	0.01632749906	-8876.19866680701	
779.2182021	91	9	0.6330198907	0.01604426944	96.5316428	3.468357204	78.85864134	21.14135866	0	0	-779.2182021	0.01604426944	-9211.01983388045	
776.6582021	91	9	0.6388480045	0.01577126716	96.46227558	3.537724425	78.57656179	21.42343821	0	0	-776.6582021	0.01577126716	-9553.5185514298	
774.0982021	91	9	0.6444882894	0.01550798873	96.39241345	3.607586548	78.29592238	21.70407762	0	0	-774.0982021	0.01550798873	-9903.79755563756	
771.5382021	91	9	0.649949997	0.01525396287	96.32205096	3.677949042	78.01669387	21.98330613	0	0	-771.5382021	0.01525396287	-10261.9629680328	
768.9782021	91	9	0.6552417842	0.01500874794	96.25118258	3.748817418	77.73884758	22.26115242	0	0	-768.9782021	0.01500874794	-10628.123566707	
766.4182021	91	9	0.6603717603	0.0147719297	96.17980278	3.820197224	77.4623554	22.5376446	0	0	-766.4182021	0.0147719297	-11002.3925740626	
763.8582021	91	9	0.665347529	0.01454311926	96.10790595	3.892094053	77.18718978	22.81281022	0	0	-763.8582021	0.01454311926	-11384.8866929969	
761.2982021	91	9	0.6701762273	0.01432195117	96.03548646	3.964513539	76.91332366	23.08667634	0	0	-761.2982021	0.01432195117	-11775.7258406903	
758.7382021	91	9	0.6748645607	0.0141080817	95.96253864	4.037461362	76.64073055	23.35926945	0	0	-758.7382021	0.0141080817	-12175.0344639108	
756.1782021	91	9	0.679418835	0.01390118729	95.88905675	4.11094325	76.36938444	23.63061556	0	0	-756.1782021	0.01390118729	-12582.9424412975	
753.6182021	91	9	0.6838449856	0.01370096313	95.81503503	4.184964975	76.09925981	23.90074019	0	0	-753.6182021	0.01370096313	-12999.5834517209	
751.0582021	91	9	0.6881486043	0.0135071218	95.74046764	4.259532359	75.83033162	24.16966838	0	0	-751.0582021	0.0135071218	-13425.0959605009	
748.4982021	91	9	0.6923349637	0.0133193921	95.66534872	4.334651277	75.56257533	24.43742467	0	0	-748.4982021	0.0133193921	-13859.623961677	
745.9382021	91	9	0.6964090394	0.01313751792	95.58967235	4.410327652	75.29596681	24.70403319	0	0	-745.9382021	0.01313751792	-14303.316507977	
743.3782021	91	9	0.7003755309	0.01296125723	95.51343254	4.486567461	75.0304824	24.9695176	0	0	-743.3782021	0.01296125723	-14756.329952457	
740.8182021	91	9	0.7042388801	0.01279038117	95.43662326	4.563376735	74.76609887	25.23390113	0	0	-740.8182021	0.01279038117	-15218.8255534339	
738.2582021	91	9	0.7080032889	0.01262467313	95.35923844	4.640761562	74.5027934	25.4972066	0	0	-738.2582021	0.01262467313	-15690.9708685587	
735.6982021	91	9	0.7116727352	0.012463928	95.28127192	4.718728083	74.2405436	25.7594564	0	0	-735.6982021	0.012463928	-16172.9416965601	
733.1382021	91	9	0.7152509872	0.01230795142	95.2027175	4.7972825	73.97932744	26.02067256	0	0	-733.1382021	0.01230795142	-16664.9194797359	
730.5782021	91	9	0.7187416175	0.01215655908	95.12356893	4.876431073	73.71912332	26.28087668	0	0	-730.5782021	0.01215655908	-17167.0950925349	
728.0182021	91	9	0.7221480153	0.01200957614	95.04381988	4.956180122	73.45990998	26.54009002	0	0	-728.0182021	0.01200957614	-17679.763902902	
725.4582021	91	9	0.7254733986	0.01186683809	94.96346397	5.036536028	73.20166653	26.79833347	0	0	-725.4582021	0.01186683809	-18202.9280154864	
722.8982021	91	9	0.7287208235	0.01172818418	94.88249476	5.117505235	72.94437246	27.05562754	0	0	-722.8982021	0.01172818418	-18736.825308774	
720.3382021	91	9	0.7318931955	0.01159346611	94.80090575	5.199094252	72.68800758	27.31199242	0	0	-720.3382021	0.01159346611	-19281.8623173109	
717.7782021	91	9	0.7349932782	0.01146254135	94.71869035	5.281309651	72.43255204	27.56744796	0	0	-717.7782021	0.01146254135	-19829.2729566265	
715.2182021	91	9	0.7380236727	0.01133516454	94.63584193	5.364158072	72.17798728	27.82201272	0	0	-715.2182021	0.01133516454	-20407.1364666563	
712.6582021	91	9	0.7409869433	0.01121153676	94.55235378	5.447646221	71.92429212	28.07570788	0	0	-712.6582021	0.01121153676	-20994.6544376141	
710.0982021	91	9	0.743885447	0.01109120395	94.46821913	5.531780874	71.67144867	28.32855133	0	0	-710.0982021	0.01109120395	-21577.333990485	
707.5382021	91	9	0.7467214599	0.01097415963	94.38343113	5.616568875	71.41943831	28.58056169	0	0	-707.5382021	0.01097415963	-22181.3594163468	
704.9782021	91	9	0.7494971531	0.01086029211	94.29798286	5.702017139	71.16824273	28.83175727	0	0	-704.9782021	0.01086029211	-22798.0216721055	
702.4182021	91	9	0.7522145991	0.01074949484	94.21186734	5.788132655	70.91784389	29.08215611	0	0	-702.4182021	0.01074949484	-23427.6309797303	
699.8582021	91	9	0.7548757773	0.01064166615	94.12507752	5.874922484	70.66822403	29.33177597	0	0	-699.8582021	0.01064166615	-24070.5182498496	
697.2982021	91	9	0.7574825788	0.01053670901	94.03760624	5.96239376	70.41936563	29.58063437	0	0	-697.2982021	0.01053670901	-24727.0229571236	
694.7382021	91	9	0.7600368118	0.01043453069	93.94944631	6.050553694	70.17125145	29.82874855	0	0	-694.7382021	0.01043453069	-25397.5063489612	
692.1782021	91	9	0.7625402058	0.01033504265	93.86059043	6.139409574	69.92386447	30.07613553	0	0	-692.1782021	0.01033504265	-26082.3493258391	
689.6182021	91	9	0.7649944159	0.01023816022	93.77103124	6.228968764	69.67718795	30.32281205	0	0	-689.6182021	0.01023816022	-26781.9486692055	
687.0582021	91	9	0.7674010268	0.01014380246	93.68076129	6.319238709	69.43120535	30.56879465	0	0	-687.0582021	0.01014380246	-27496.7944756249	
684.4982021	91	9	0.7697615565	0.01005189238	93.58977306	6.410226936	69.18590034	30.81409966	0	0	-684.4982021	0.01005189238	-28227.2221928801	
681.9382021	91	9	0.7720774598	0.009962355218	93.49805895	6.501941046	68.94125685	31.05874315	0	0	-681.9382021	0.009962355218	-28973.6669189371	
679.3782021	91	9	0.7743501314	0.00987512024	93.40561127	6.594388727	68.69725899	31.30274101	0	0	-679.3782021	0.00987512024	-29736.7222850344	
676.8182021	91	9	0.7765809093	0.009790119574	93.31242225	6.687577749	68.45389109	31.54610891	0	0	-676.8182021	0.009790119574	-30516.8788931414	
674.2582021	91	9	0.7787710775	0.009707288169	93.21848403	6.781515969	68.21113767	31.78886233	0	0	-674.2582021	0.009707288169	-31314.6781279427	
671.6982021	91	9	0.7809218685	0.009626563699	93.12378867	6.876211326	67.96898342	32.03101658	0	0	-671.6982021	0.009626563699	-32130.6985937503	
669.1382021	91	9	0.7830344663	0.009547886428	93.02832815	6.97167185	67.72741324	32.27258676	0	0	-669.1382021	0.009547886428	-32965.5513457842	
666.5782021	91	9	0.7851100086	0.009471199086	92.93209434	7.067905656	67.48641221	32.51358779	0	0	-666.5782021	0.009471199086	-33819.8822405043	
664.0182021	91	9	0.7871495888	0.00939644675	92.83507905	7.164920948	67.24596555	32.75403445	0	0	-664.0182021	0.00939644675	-34694.3756321199	
661.4582021	91	9	0.7891542586	0.009323576739	92.73727398	7.262726023	67.00605867	32.99394133	0	0	-661.4582021	0.009323576739	-35589.7568513383	
658.8982021	91	9	0.7911250295	0.009252538507	92.63867073	7.361329267	66.76667713	33.23332287	0	0	-658.8982021	0.009252538507	-36506.794087322	
656.3382021	91	9	0.7930628753	0.009183283545	92.53926084	7.460739159	66.52780665	33.47219335	0	0	-656.3382021	0.009183283545	-37446.3020943844	
653.7782021	91	9	0.7949687333	0.009115765288	92.43903573	7.560964272	66.28943309	33.71056691	0	0	-653.7782021	0.009115765288	-38409.1466908576	
651.2182021	91	9	0.7968435063	0.009049939031	92.33798673	7.662013273	66.05154245	33.94845755	0	0	-651.2182021	0.009049939031	-39396.2467840998	
648.6582021	91	9	0.7986880641	0.00898576184	92.23610508	7.763894924	65.81412086	34.18587914	0	0	-648.6582021	0.00898576184	-40408.5804880258	
646.0982021	91	9	0.8005032451	0.008923192483	92.13338191	7.866618088	65.57715461	34.42284539	0	0	-646.0982021	0.008923192483	-41447.1887985851	
643.5382021	91	9	0.8022898578	0.008862191348	92.02980828	7.97019172	65.34063008	34.65936992	0	0	-643.5382021	0.008862191348	-42513.1800121825	
640.9782021	91	9	0.8040486817	0.008802720379	91.92537512	8.07462488	65.10453378	34.89546622	0	0	-640.9782021	0.008802720379	-43607.735411022	
638.4182021	91	9	0.8057804692	0.008744743004	91.82007328	8.179926724	64.86885235	35.13114765	0	0	-638.4182021	0.008744743004	-44732.1163731078	
635.8582021	91	9	0.8074859462	0.00868822408	91.71389349	8.286106512	64.63357252	35.36642748	0	0	-635.8582021	0.00868822408	-45887.6711369266	
633.2982021	91	9	0.8091658139	0.008633129829	91.60682639	8.393173605	64.39868114	35.60131886	0	0	-633.2982021	0.008633129829	-47075.839473719	
630.7382021	91	9	0.8108207494	0.008579427782	91.49886253	8.501137468	64.16416514	35.83583486	0	0	-630.7382021	0.008579427782	-48298.1628597255	
628.1782021	91	9	0.8124514067	0.008527086727	91.38999233	8.610007671	63.93001156	36.06998844	0	0	-628.1782021	0.008527086727	-49556.2945827494	
625.6182021	91	9	0.8140584182	0.008476076661	91.28020611	8.719793888	63.69620754	36.30379246	0	0	-625.6182021	0.008476076661	-50852.0054876311	
623.0582021	91	9	0.8156423949	0.008426368735	91.1694941	8.830505903	63.46274028	36.53725972	0	0	-623.0582021	0.008426368735	-52187.1996987721	
620.4982021	91	9	0.817203928	0.00837793522	91.0578464	8.942153605	63.22959706	36.77040294	0	0	-620.4982021	0.00837793522	-53563.9234816617	
617.9382021	91	9	0.8187435892	0.008330749452	90.94525301	9.054746993	62.99676527	37.00323473	0	0	-617.9382021	0.008330749452	-54984.3782929958	
615.3782021	91	9	0.8202619319	0.0082847858	90.83170382	9.168296177	62.76423234	37.23576766	0	0	-615.3782021	0.0082847858	-56450.9404548552	
612.8182021	91	9	0.8217594915	0.008240019625	90.71718862	9.282811376	62.53198577	37.46801423	0	0	-612.8182021	0.008240019625	-57966.1712964516	
610.2582021	91	9	0.8232367866	0.00819642724	90.60169708	9.398302922	62.30001313	37.69998687	0	0	-610.2582021	0.00819642724	-59532.8409977418	
607.6982021	91	9	0.8246943195	0.008153985881	90.48521874	9.51478126	62.06830204	37.93169796	0	0	-607.6982021	0.008153985881	-61153.9482127241	
605.1382021	91	9	0.8261325767	0.008112673669	90.36774305	9.632256951	61.83684018	38.16315982	0	0	-605.1382021	0.008112673669	-62832.7411050607	
602.5782021	91	9	0.8275520296	0.00807246958	90.24925933	9.750740667	61.60561529	38.39438471	0	0	-602.5782021	0.00807246958	-64572.7503226956	
600.0182021	91	9	0.8289531354	0.008033353419	90.1297568	9.870243199	61.37461511	38.62538489	0	0	-600.0182021	0.008033353419	-66377.8118324458	
597.4582021	91	9	0.8303363373	0.007995305784	90.00922454	9.990775455	61.14382748	38.85617252	0	0	-597.4582021	0.007995305784	-68252.10605757	
594.8982021	91	9	0.8317020651	0.007958308048	89.88765154	10.11234846	60.91324023	39.08675977	0	0	-594.8982021	0.007958308048	-70200.195620952	
592.3382021	91	9	0.8330507358	0.007922342326	89.76502664	10.23497336	60.68284124	39.31715876	0	0	-592.3382021	0.007922342326	-72227.0654370929	
589.7782021	91	9	0.834382754	0.007887391454	89.64133858	10.35866142	60.45261842	39.54738158	0	0	-589.7782021	0.007887391454	-74338.1816166509	
587.2182021	91	9	0.8356985128	0.007853438968	89.51657598	10.48342402	60.22255969	39.77744031	0	0	-587.2182021	0.007853438968	-76539.5432204512	
584.6582021	91	9	0.8369983934	0.007820469079	89.39072733	10.60927267	59.99265299	40.00734701	0	0	-584.6582021	0.007820469079	-78837.7473366155	
582.0982021	91	9	0.8382827663	0.007788466653	89.263781	10.736219	59.76288629	40.23711371	0	0	-582.0982021	0.007788466653	-81240.069505748	
579.5382021	91	9	0.8395519913	0.007757417192	89.13572524	10.86427476	59.53324755	40.46675245	0	0	-579.5382021	0.007757417192	-83754.551241035	
576.9782021	91	9	0.8408064183	0.007727306815	89.00654817	10.99345183	59.30372474	40.69627526	0	0	-576.9782021	0.007727306815	-86390.1032143406	
574.4182021	91	9	0.842046387	0.007698122241	88.87623779	11.12376221	59.07430585	40.92569415	0	0	-574.4182021	0.007698122241	-89156.6220522004	
571.8582021	91	9	0.843272228	0.00766985077	88.74478198	11.25521802	58.84497885	41.15502115	0	0	-571.8582021	0.00766985077	-92065.1378255327	
569.2982021	91	9	0.8444842625	0.007642480272	88.61216847	11.38783153	58.61573169	41.38426831	0	0	-569.2982021	0.007642480272	-95127.9701421917	
566.7382021	91	9	0.8456828033	0.007615999165	88.47838489	11.52161511	58.38655234	41.61344766	0	0	-566.7382021	0.007615999165	-98358.9249269561	
564.1782021	91	9	0.8468681543	0.007590396406	88.34341872	11.65658128	58.15742872	41.84257128	0	0	-564.1782021	0.007590396406	-101773.537552096	
561.6182021	91	9	0.8480406116	0.007565661478	88.20725734	11.79274266	57.92834876	42.07165124	0	0	-561.6182021	0.007565661478	-105389.328953809	
559.0582021	91	9	0.8492004634	0.007541784372	88.06988797	11.93011203	57.69930035	42.30069965	0	0	-559.0582021	0.007541784372	-109226.150266058	
556.4982021	91	9	0.8503479901	0.007518755582	87.93129772	12.06870228	57.47027135	42.52972865	0	0	-556.4982021	0.007518755582	-113306.572116356	
553.9382021	91	9	0.8514834651	0.007496566086	87.79147356	12.20852644	57.24124958	42.75875042	0	0	-553.9382021	0.007496566086	-117656.373413121	
551.3782021	91	9	0.8526071544	0.007475207343	87.65040234	12.34959766	57.01222284	42.98777716	0	0	-551.3782021	0.007475207343	-122305.130417923	
548.8182021	91	9	0.8537193175	0.007454671277	87.50807076	12.49192924	56.78317887	43.21682113	0	0	-548.8182021	0.007454671277	-127286.937267279	
546.2582021	91	9	0.8548202071	0.007434950272	87.36446541	12.63553459	56.55410537	43.44589463	0	0	-546.2582021	0.007434950272	-132641.306878568	
543.6982021	91	9	0.8559100696	0.00741603716	87.21957274	12.78042726	56.32498999	43.67501001	0	0	-543.6982021	0.00741603716	-138393.572417905	
541.1382021	91	9	0.8569891446	0.007397920122	87.07337906	12.92662094	56.09582032	43.90417968	0	0	-541.1382021	0.007397920122	-144663.621701434	
538.5782021	91	9	0.858057668	0.007380608142	86.92587057	13.07412943	55.86658388	44.13341612	0	0	-538.5782021	0.007380608142	-151462.5021982	
536.0182021	91	9	0.8591158676	0.007364080076	86.7770333	13.2229667	55.63726814	44.36273186	0	0	-536.0182021	0.007364080076	-158835.788697718	
533.4582021	91	9	0.8601639667	0.007348335567	86.62685319	13.37314681	55.40786049	44.59213951	0	0	-533.4582021	0.007348335567	-166932.686726248	
530.8982021	91	9	0.8612021828	0.007333369584	86.47531601	13.52468399	55.17834823	44.82165177	0	0	-530.8982021	0.007333369584	-175842.193989836	
528.3382021	91	9	0.8622307287	0.007319177499	86.32240744	13.67759256	54.94871861	45.05128139	0	0	-528.3382021	0.007319177499	-185698.170131492	
525.7782021	91	9	0.863249812	0.007305755089	86.16811298	13.83188702	54.71895876	45.28104124	0	0	-525.7782021	0.007305755089	-196665.695553453	
523.2182021	91	9	0.8642596354	0.00729309853	86.01241803	13.98758197	54.48905574	45.51094426	0	0	-523.2182021	0.00729309853	-208950.671667398	
520.6582021	91	9	0.865260397	0.00728120439	85.85530786	14.14469214	54.2589965	45.7410035	0	0	-520.6582021	0.00728120439	-222813.351784945	
518.0982021	91	9	0.8662522905	0.007270069629	85.69676759	14.30323241	54.0287679	45.9712321	0	0	-518.0982021	0.007270069629	-238587.552833217	
515.5382021	91	9	0.8672355051	0.007259691592	85.53678221	14.46321779	53.79835667	46.20164333	0	0	-515.5382021	0.007259691592	-256708.733247972	
512.9782021	91	9	0.8682102257	0.007250068011	85.37533661	14.62466339	53.56774945	46.43225055	0	0	-512.9782021	0.007250068011	-277755.901491374	
510.4182021	91	9	0.8691766333	0.007241196996	85.2124155	14.7875845	53.33693275	46.66306725	0	0	-510.4182021	0.007241196996	-302516.430532851	
507.8582021	91	9	0.8701349049	0.007233077041	85.04800352	14.95199648	53.10589295	46.89410705	0	0	-507.8582021	0.007233077041	-332089.309577344	
505.2982021	91	9	0.8710852135	0.007225707013	84.88208513	15.11791487	52.87461629	47.12538371	0	0	-505.2982021	0.007225707013	-346646.416254163	
504.0182021	91	9	0.8715571807	0.00361277704	84.79855595	15.20144405	52.75888469	47.24111531	0	0	-504.0182021	0.00361277704	-354.251486991764	
503.3782021	91	9	0.8717921797	0.001806070287	84.75664815	15.24335185	52.7009949	47.2990051	0	0	-503.3782021	0.001806070287	-1181144.44902615	
502.7382021	91	9	0.8720266308	0.001805528602	84.7146445	15.2853555	52.64308879	47.35691121	0	0	-502.7382021	0.001805528602	-1180790.17023515	
502.4182021	91	9	0.8721436477	0.0009027721503	84.69360663	15.30639337	52.61412953	47.38587047	0	0	-502.4182021	0.0009027721503	-354.448988830329	
502.2582021	91	9	0.8722020936	0.0004513539547	84.68307868	15.31692132	52.59964884	47.40035116	0	0	-502.2582021	0.0004513539547	-9554337.23995952	
502.0982021	91	9	0.8722605146	0.000451337209	84.67254471	15.32745529	52.58516661	47.41483339	0	0	-502.0982021	0.000451337209	-9553982.69015844	
502.0182021	91	9	0.87228971	0.0002256802852	84.66727478	15.33272522	52.57792475	47.42207525	0	0	-502.0182021	0.0002256802852	-4218632.03306562	
501.9382021	91	9	0.8723188997	0.0002256613233	84.66200403	15.33799597	52.57068298	47.42931702	0	0	-501.9382021	0.0002256613233	-4218277.83840327	
501.8982021	91	9	0.8723334885	0.000112799947	84.65936847	15.34063153	52.5670619	47.4329381	0	0	-501.8982021	0.000112799947	1383265.28004919	
501.8582021	91	9	0.8723480781	0.0001128288715	84.65673215	15.34326785	52.56344085	47.43655915	0	0	-501.8582021	0.0001128288715	1383620.06382709	
501.8382021	91	9	0.8723553705	5.639843255E-05	84.65541402	15.34458598	52.56163027	47.43836973	0	0	-501.8382021	5.639843255E-05	-354.551050474782	
501.8282021	91	9	0.8723590165	2.819901183E-05	84.65475491	15.34524509	52.56072498	47.43927502	0	0	-501.8282021	2.819901183E-05	-354.617213569162	
501.8182021	91	9	0.8723626632	2.820705815E-05	84.6540957	15.3459043	52.55981969	47.44018031	0	0	-501.8182021	2.820705815E-05	-354.538567694809	
501.7782021	91	9	0.8723772494	0.0001128369646	84.65145854	15.34854146	52.55619843	47.44380157	0	0	-501.7782021	0.0001128369646	-2009.9863645325	
501.7582021	91	9	0.8723845388	5.639909531E-05	84.65013969	15.34986031	52.55438774	47.44561226	0	0	-501.7582021	5.639909531E-05	32300095.9974546	
501.7182021	91	9	0.8723991231	0.000112835107	84.64750208	15.35249792	52.55076666	47.44923334	0	0	-501.7182021	0.000112835107	708.841484194072	
501.6382021	91	9	0.8724282885	0.0002256717103	84.6422253	15.3577747	52.543524	47.456476	0	0	-501.6382021	0.0002256717103	709.027140966719	
501.4782021	91	9	0.8724866023	0.0004513092623	84.63166867	15.36833133	52.52903805	47.47096195	0	0	-501.4782021	0.0004513092623	709.196352108528	
501.1582021	91	9	0.8726031641	0.000902404015	84.6105359	15.3894641	52.50006173	47.49993827	0	0	-501.1582021	0.000902404015	709.457865993559	
500.5182021	91	9	0.8728360208	0.00180431691	84.56819779	15.43180221	52.44209726	47.55790274	0	0	-500.5182021	0.00180431691	709.772755336767	
499.2382021	91	9	0.873300691	0.003606848871	84.48323042	15.51676958	52.32611618	47.67388382	0	0	-499.2382021	0.003606848871	-929134.142409275	
497.9582021	91	9	0.8737633703	0.003605470189	84.3978731	15.6021269	52.210064	47.789936	0	0	-497.9582021	0.003605470189	-1034176.25351948	
496.6782021	91	9	0.8742242202	0.003604329071	84.31212396	15.68787604	52.09393904	47.90606096	0	0	-496.6782021	0.003604329071	-1176462.89060009	
495.3982021	91	9	0.8746832605	0.003603285484	84.22598087	15.77401913	51.9777394	48.0222606	0	0	-495.3982021	0.003603285484	-1289197.42974865	
494.1182021	91	9	0.8751405103	0.003602334718	84.13944185	15.86055815	51.8614633	48.1385367	0	0	-494.1182021	0.003602334718	-1423891.82646003	
492.8382021	91	9	0.875595989	0.003601477863	84.05250489	15.94749511	51.74510891	48.25489109	0	0	-492.8382021	0.003601477863	-1591199.0395133	
491.5582021	91	9	0.8760497155	0.003600714997	83.96516794	16.03483206	51.62867439	48.37132561	0	0	-491.5582021	0.003600714997	-1803649.91833927	
490.2782021	91	9	0.8765017086	0.003600046208	83.87742896	16.12257104	51.5121579	48.4878421	0	0	-490.2782021	0.003600046208	-2082630.21106639	
488.9982021	91	9	0.8769519869	0.003599471597	83.78928591	16.21071409	51.39555757	48.60444243	0	0	-488.9982021	0.003599471597	-2465788.2960046	
487.7182021	91	9	0.8774005688	0.003598991278	83.70073673	16.29926327	51.27887154	48.72112846	0	0	-487.7182021	0.003598991278	-3026428.83590435	
486.4382021	91	9	0.8778474727	0.003598605375	83.61177936	16.38822064	51.16209791	48.83790209	0	0	-486.4382021	0.003598605375	-3317251.84128778	
483.8782021	91	9	0.8787379836	0.007193807629	83.43263196	16.56736804	50.92828046	49.07171954	0	0	-483.8782021	0.007193807629	-3563675.89535357	
481.3182021	91	9	0.8796215335	0.007193089126	83.25182671	16.74817329	50.69408965	49.30591035	0	0	-481.3182021	0.007193089126	20161681.9593213	
478.7582021	91	9	0.8804987171	0.007193519636	83.06934699	16.93065301	50.45951003	49.54048997	0	0	-478.7582021	0.007193519636	4938648.10730222	
476.1982021	91	9	0.8813696716	0.007194712793	82.88517597	17.11482403	50.22452591	49.77547409	0	0	-476.1982021	0.007194712793	1827867.85723562	
473.6382021	91	9	0.8822345318	0.007196673147	82.6992967	17.3007033	49.98912134	50.01087866	0	0	-473.6382021	0.007196673147	1151844.75906	
471.0782021	91	9	0.8830934301	0.007199404672	82.51169213	17.48830787	49.75328014	50.24671986	0	0	-471.0782021	0.007199404672	846462.092216617	
468.5182021	91	9	0.8839464963	0.007202911739	82.32234509	17.67765491	49.51698589	50.48301411	0	0	-468.5182021	0.007202911739	670177.550714138	
465.9582021	91	9	0.884793858	0.007207199128	82.13123835	17.86876165	49.28022192	50.71977808	0	0	-465.9582021	0.007207199128	554750.745625254	
463.3982021	91	9	0.8856356404	0.007212272026	81.93835457	18.06164543	49.04297131	50.95702869	0	0	-463.3982021	0.007212272026	473064.155802052	
460.8382021	91	9	0.8864719667	0.007218136038	81.74367633	18.25632367	48.80521687	51.19478313	0	0	-460.8382021	0.007218136038	412102.281040865	
458.2782021	91	9	0.8873029579	0.007224797179	81.54718615	18.45281385	48.56694111	51.43305889	0	0	-458.2782021	0.007224797179	364808.847491978	
455.7182021	91	9	0.8881287329	0.007232261922	81.34886644	18.65113356	48.32812629	51.67187371	0	0	-455.7182021	0.007232261922	327015.987211808	
453.1582021	91	9	0.8889494087	0.007240537153	81.14869959	18.85130041	48.08875434	51.91124566	0	0	-453.1582021	0.007240537153	296100.352043827	
450.5982021	91	9	0.8897651002	0.007249630204	80.94666787	19.05333213	47.84880689	52.15119311	0	0	-450.5982021	0.007249630204	270325.392327133	
448.0382021	91	9	0.8905759208	0.007259548861	80.74275355	19.25724645	47.60826525	52.39173475	0	0	-448.0382021	0.007259548861	248495.434530774	
445.4782021	91	9	0.8913819817	0.007270301368	80.53693881	19.46306119	47.36711039	52.63288961	0	0	-445.4782021	0.007270301368	229759.870074518	
442.9182021	91	9	0.8921833925	0.00728189644	80.32920581	19.67079419	47.12532293	52.87467707	0	0	-442.9182021	0.00728189644	213496.796051631	
440.3582021	91	9	0.8929802613	0.007294343269	80.11953666	19.88046334	46.88288314	53.11711686	0	0	-440.3582021	0.007294343269	199240.900941382	
437.7982021	91	9	0.8937726942	0.007307651536	79.90791345	20.09208655	46.6397709	53.3602291	0	0	-437.7982021	0.007307651536	186636.992766345	
435.2382021	91	9	0.8945607961	0.007321831422	79.69431826	20.30568174	46.39596572	53.60403428	0	0	-435.2382021	0.007321831422	175409.216684321	
432.6782021	91	9	0.89534467	0.007336893619	79.47873315	20.52126685	46.1514467	53.8485533	0	0	-432.6782021	0.007336893619	165340.057026854	
430.1182021	91	9	0.8961244178	0.007352849341	79.26114017	20.73885983	45.90619252	54.09380748	0	0	-430.1182021	0.007352849341	156255.663008035	
427.5582021	91	9	0.8969001395	0.007369710339	79.0415214	20.9584786	45.66018143	54.33981857	0	0	-427.5582021	0.007369710339	148015.407942038	
424.9982021	91	9	0.8976719342	0.007387488912	78.81985893	21.18014107	45.41339122	54.58660878	0	0	-424.9982021	0.007387488912	140504.320912611	
422.4382021	91	9	0.8984398993	0.007406197921	78.59613489	21.40386511	45.16579923	54.83420077	0	0	-422.4382021	0.007406197921	133627.467671077	
419.8782021	91	9	0.8992041311	0.007425850807	78.37033144	21.62966856	44.9173823	55.0826177	0	0	-419.8782021	0.007425850807	127312.773404466	
417.3182021	91	9	0.8999647243	0.007446459163	78.14243082	21.85756918	44.66811677	55.33188323	0	0	-417.3182021	0.007446459163	121480.91622319	
414.7582021	91	9	0.9007217728	0.007468042369	77.91241532	22.08758468	44.41797846	55.58202154	0	0	-414.7582021	0.007468042369	116073.327127495	
412.1982021	91	9	0.9014753693	0.007490613387	77.68026733	22.31973267	44.16694265	55.83305735	0	0	-412.1982021	0.007490613387	111057.806180412	
409.6382021	91	9	0.9022256052	0.00751418813	77.44596933	22.55403067	43.91498404	56.08501596	0	0	-409.6382021	0.00751418813	106321.504211334	
407.0782021	91	9	0.902972574	0.007538815135	77.20950394	22.79049606	43.66207588	56.33792412	0	0	-407.0782021	0.007538815135	101998.43115331	
404.5182021	91	9	0.9037163593	0.007564423292	76.97085388	23.02914612	43.4081934	56.5918066	0	0	-404.5182021	0.007564423292	97991.8930410359	
401.9582021	91	9	0.9044570516	0.007591108721	76.73000205	23.26999795	43.15330864	56.84669136	0	0	-401.9582021	0.007591108721	94108.2504813687	
399.3982021	91	9	0.9051947385	0.007618871328	76.48693152	23.51306848	42.89739383	57.10260617	0	0	-399.3982021	0.007618871328	90496.7078825428	
396.8382021	91	9	0.9059295062	0.0076477276	76.24162555	23.75837445	42.6404205	57.3595795	0	0	-396.8382021	0.0076477276	87098.1585073704	
394.2782021	91	9	0.9066614401	0.007677697746	75.99406761	24.00593239	42.38235948	57.61764052	0	0	-394.2782021	0.007677697746	83889.0227267462	
391.7182021	91	9	0.9073906247	0.007708802777	75.74424143	24.25575857	42.12318086	57.87681914	0	0	-391.7182021	0.007708802777	80853.300661511	
389.1582021	91	9	0.9081171437	0.007741064526	75.49213098	24.50786902	41.86285393	58.13714607	0	0	-389.1582021	0.007741064526	77976.778311102	
386.5982021	91	9	0.9088410798	0.007774505679	75.23772053	24.76227947	41.60134721	58.39865279	0	0	-386.5982021	0.007774505679	75246.775785966	
384.0382021	91	9	0.909562515	0.007809149805	74.98099466	25.01900534	41.33862837	58.66137163	0	0	-384.0382021	0.007809149805	72651.9512202063	
381.4782021	91	9	0.9102815305	0.007845021385	74.72193832	25.27806168	41.0746642	58.9253358	0	0	-381.4782021	0.007845021385	70182.1282554596	
378.9182021	91	9	0.9109982069	0.007882145846	74.46053681	25.53946319	40.80942058	59.19057942	0	0	-378.9182021	0.007882145846	67828.1489698325	
376.3582021	91	9	0.9117126238	0.007920549594	74.19677587	25.80322413	40.54286246	59.45713754	0	0	-376.3582021	0.007920549594	65581.7494760011	
373.7982021	91	9	0.9124248603	0.007960260052	73.93064165	26.06935835	40.27495377	59.72504623	0	0	-373.7982021	0.007960260052	63435.4520912636	
371.2382021	91	9	0.9131349947	0.008001305698	73.66212081	26.33787919	40.00565742	59.99434258	0	0	-371.2382021	0.008001305698	61382.4769681286	
368.6782021	91	9	0.9138431049	0.008043716103	73.39120053	26.60879947	39.73493526	60.26506474	0	0	-368.6782021	0.008043716103	59416.661330374	
366.1182021	91	9	0.914549268	0.008087521975	73.11786854	26.88213146	39.46274799	60.53725201	0	0	-366.1182021	0.008087521975	57532.3869941156	
363.5582021	91	9	0.9152535603	0.008132755207	72.84211319	27.15788681	39.18905513	60.81094487	0	0	-363.5582021	0.008132755207	55724.5242557324	
360.9982021	91	9	0.915956058	0.008179448921	72.56392348	27.43607652	38.91381498	61.08618502	0	0	-360.9982021	0.008179448921	55464.6346400255	
359.7182021	91	9	0.9163060138	0.00410522582	72.42391094	27.57608906	38.77560085	61.22439915	0	0	-359.7182021	0.00410522582	88101.0103742189	
358.4382021	91	9	0.9166554708	0.004119806968	72.28328798	27.71671202	38.63698437	61.36301563	0	0	-358.4382021	0.004119806968	88413.8530104009	
357.7982021	91	9	0.9168298702	0.002063908858	72.2127459	27.7872541	38.5675226	61.4324774	0	0	-357.7982021	0.002063908858	-310.757232884213	
357.4782021	91	9	0.916916978	0.001033264588	72.1774175	27.8225825	38.53275341	61.46724659	0	0	-357.4782021	0.001033264588	340071.882996509	
357.1582021	91	9	0.9170040663	0.001034206427	72.14205071	27.85794929	38.49795846	61.50204154	0	0	-357.1582021	0.001034206427	340381.660684788	
356.9982021	91	9	0.9170475849	0.000517356837	72.12435287	27.87564713	38.48055126	61.51944874	0	0	-356.9982021	0.000517356837	676034.037871662	
356.8382021	91	9	0.9170911021	0.00051759362	72.10664545	27.89335455	38.46313759	61.53686241	0	0	-356.8382021	0.00051759362	676343.433635237	
356.7582021	91	9	0.9171128526	0.0002588604353	72.09778722	27.90221278	38.45442831	61.54557169	0	0	-356.7582021	0.0002588604353	-309.021897715271	
356.7182021	91	9	0.9171237232	0.00012938267	72.09335819	27.90664181	38.45007379	61.54992621	0	0	-356.7182021	0.00012938267	-309.17497956907	
356.6982021	91	9	0.9171291601	6.471962068E-05	72.09114339	27.90885661	38.4478956	61.5521044	0	0	-356.6982021	6.471962068E-05	-309.116116284025	
356.6882021	91	9	0.9171318784	3.235991225E-05	72.09003593	27.90996407	38.44680651	61.55319349	0	0	-356.6882021	3.235991225E-05	-668.865462949351	
356.6482021	91	9	0.9171427563	0.0001295290687	72.08560437	27.91439563	38.44244998	61.55755002	0	0	-356.6482021	0.0001295290687	-1751.07288999062	
356.6282021	91	9	0.9171481916	6.472016226E-05	72.0833897	27.9166103	38.44027259	61.55972741	0	0	-356.6282021	6.472016226E-05	2430737.80546447	
356.5882021	91	9	0.9171590663	0.0001295043817	72.07895798	27.92104202	38.43591643	61.56408357	0	0	-356.5882021	0.0001295043817	617.405208009448	
356.5082021	91	9	0.91718082	0.0002590911477	72.07009262	27.92990738	38.42720136	61.57279864	0	0	-356.5082021	0.0002590911477	617.331484714744	
356.3482021	91	9	0.917224325	0.000518284211	72.05235669	27.94764331	38.40976776	61.59023224	0	0	-356.3482021	0.000518284211	1389110.55712396	
356.1882021	91	9	0.9172678171	0.0005183993415	72.03461021	27.96538979	38.39232762	61.60767238	0	0	-356.1882021	0.0005183993415	1175194.26826694	
356.0282021	91	9	0.917311303	0.0005185981766	72.01685413	27.98314587	38.37488095	61.62511905	0	0	-356.0282021	0.0005185981766	802894.815328963	
355.8682021	91	9	0.9173547828	0.0005187979033	71.99908842	28.00091158	38.35742773	61.64257227	0	0	-355.8682021	0.0005187979033	800566.098281654	
355.7082021	91	9	0.9173982565	0.0005189978941	71.98131309	28.01868691	38.33996794	61.66003206	0	0	-355.7082021	0.0005189978941	799262.188235843	
355.5482021	91	9	0.9174417241	0.0005191982733	71.96352814	28.03647186	38.32250157	61.67749843	0	0	-355.5482021	0.0005191982733	797713.065982235	
355.3882021	91	9	0.9174851856	0.0005193990416	71.94573356	28.05426644	38.30502862	61.69497138	0	0	-355.3882021	0.0005193990416	796167.361170993	
355.2282021	91	9	0.917528641	0.0005196001996	71.92792935	28.07207065	38.28754906	61.71245094	0	0	-355.2282021	0.0005196001996	794625.267035921	
355.0682021	91	9	0.9175720905	0.0005198017479	71.91011552	28.08988448	38.2700629	61.7299371	0	0	-355.0682021	0.0005198017479	793086.776397129	
354.9082021	91	9	0.9176155339	0.0005200036871	71.89229205	28.10770795	38.25257012	61.74742988	0	0	-354.9082021	0.0005200036871	791552.077104843	
354.7482021	91	9	0.9176589712	0.0005202060177	71.87445895	28.12554105	38.2350707	61.7649293	0	0	-354.7482021	0.0005202060177	790020.772637273	
354.5882021	91	9	0.9177024026	0.0005204087405	71.85661622	28.14338378	38.21756464	61.78243536	0	0	-354.5882021	0.0005204087405	788493.047053566	
354.4282021	91	9	0.9177458281	0.0005206118559	71.83876385	28.16123615	38.20005193	61.79994807	0	0	-354.4282021	0.0005206118559	787422.90360865	
354.1082021	91	9	0.9178326926	0.00104179778	71.8030302	28.1969698	38.16500649	61.83499351	0	0	-354.1082021	0.00104179778	613.628753008855	
353.4682021	91	9	0.9180064457	0.002085985993	71.7314472	28.2685528	38.0948353	61.9051647	0	0	-353.4682021	0.002085985993	612.210449889907	
352.1882021	91	9	0.9183540529	0.004181619584	71.587818	28.412182	37.95416909	62.04583091	0	0	-352.1882021	0.004181619584	609.233350759091	
349.6282021	91	9	0.9190495421	0.00840542709	71.29870286	28.70129714	37.6715174	62.3284826	0	0	-349.6282021	0.00840542709	45756.4617670822	
347.0682021	91	9	0.9197436388	0.008460662712	71.00710854	28.99289146	37.38706856	62.61293144	0	0	-347.0682021	0.008460662712	45637.235357486	
344.5082021	91	9	0.9204364194	0.008517672237	70.71302703	29.28697297	37.10076931	62.89923069	0	0	-344.5082021	0.008517672237	44233.1840827915	
341.9482021	91	9	0.9211279566	0.008576468005	70.41645384	29.58354616	36.81256665	63.18743335	0	0	-341.9482021	0.008576468005	42931.8394814147	
339.3882021	91	9	0.9218183181	0.008636980435	70.11738853	29.88261147	36.52240745	63.47759255	0	0	-339.3882021	0.008636980435	41681.237625217	
336.8282021	91	9	0.9225075775	0.008699361885	69.81582783	30.18417217	36.23023422	63.76976578	0	0	-336.8282021	0.008699361885	40442.0458122364	
334.2682021	91	9	0.9231958058	0.008763638023	69.51177115	30.48822885	35.93598821	64.06401179	0	0	-334.2682021	0.008763638023	39251.5447309079	
331.7082021	91	9	0.9238830739	0.008829860666	69.20521933	30.79478067	35.63960855	64.36039145	0	0	-331.7082021	0.008829860666	38099.1284487237	
329.1482021	91	9	0.9245694524	0.00889808382	68.89617476	31.10382524	35.34103208	64.65896792	0	0	-329.1482021	0.00889808382	36982.9819691791	
326.5882021	91	9	0.9252550115	0.008968363796	68.58464144	31.41535856	35.04019326	64.95980674	0	0	-326.5882021	0.008968363796	35901.4045944	
324.0282021	91	9	0.925939821	0.00904075935	68.27062512	31.72937488	34.73702404	65.26297596	0	0	-324.0282021	0.00904075935	34852.7993803132	
321.4682021	91	9	0.9266239507	0.009115331823	67.95413341	32.04586659	34.4314537	65.5685463	0	0	-321.4682021	0.009115331823	33835.6651925729	
318.9082021	91	9	0.92730747	0.009192145304	67.63517589	32.36482411	34.12340866	65.87659134	0	0	-318.9082021	0.009192145304	32848.5875495298	
316.3482021	91	9	0.9279904482	0.009271266802	67.31376424	32.68623576	33.8128124	66.1871876	0	0	-316.3482021	0.009271266802	31890.232115026	
313.7882021	91	9	0.9286729545	0.009352766438	66.98991241	33.01008759	33.49958519	66.50041481	0	0	-313.7882021	0.009352766438	30959.3367766702	
311.2282021	91	9	0.9293550577	0.009436717659	66.66363669	33.33636331	33.18364396	66.81635604	0	0	-311.2282021	0.009436717659	30054.7066243926	
308.6682021	91	9	0.9300368267	0.009523197465	66.33495595	33.66504405	32.86490202	67.13509798	0	0	-308.6682021	0.009523197465	29175.207954908	
306.1082021	91	9	0.9307183304	0.009612286672	66.00389176	33.99610824	32.54326893	67.45673107	0	0	-306.1082021	0.009612286672	28319.7618939023	
303.5482021	91	9	0.9313996377	0.009704070198	65.67046855	34.32953145	32.21865013	67.78134987	0	0	-303.5482021	0.009704070198	27487.3414956198	
300.9882021	91	9	0.9320808173	0.009798637375	65.33471382	34.66528618	31.89094679	68.10905321	0	0	-300.9882021	0.009798637375	27507.541786925	
300	91	9	0.9323429382	0.003808068727	65.2044894	34.7955106	31.76360162	68.23639838	0	0	-300	0.003808068727	-27837.4610844294	
