T	w(AL)	w(SI)	fs	fw(@FCC_A1)	w(AL@FCC_A1)	w(SI@FCC_A1)	w(AL@LIQUID)	w(SI@LIQUID)	dwdT_L(AL@LIQUID)	dwdT_L(SI@LIQUID)	-T	fw(@FCC_A1)_1	-T//fw(@FCC_A1)	
K	%	%	mole/mole	kg/kg	%	%	%	%	SI	SI				
909.4869339	96	4	0	0	99.52984127	0.470158735	96	4	0.001602318788	-0.001602318788	-909.4869339	0	10.9394507116477	
909.4769339	96	4	0.0004546226053	0.0004539859179	99.52964189	0.4703581139	95.99839741	4.001602587	0	0	-909.4769339	0.0004539859179	33.114779192053	
909.4569339	96	4	0.001362299219	0.0009067542027	99.52924312	0.4707568786	95.99519321	4.004806794	0	0	-909.4569339	0.0009067542027	44.1974406893113	
909.4169339	96	4	0.003173276927	0.001810773795	99.52844555	0.4715544484	95.98878491	4.011215088	0	0	-909.4169339	0.001810773795	44.3188694277024	
909.3369339	96	4	0.006777219923	0.003610052842	99.52685025	0.4731497451	95.97597094	4.02402906	0	0	-909.3369339	0.003610052842	44.604841364155	
909.1769339	96	4	0.01391383942	0.007174534032	99.52365911	0.4763408876	95.95035346	4.049646535	0	0	-909.1769339	0.007174534032	45.2237620752329	
908.8569339	96	4	0.02788550139	0.01414893722	99.51727436	0.48272564	95.89916074	4.100839263	0	0	-908.8569339	0.01414893722	46.4994907681092	
908.2169339	96	4	0.05472435385	0.02756961839	99.50449502	0.4955049753	95.79694304	4.203056957	0	0	-908.2169339	0.02756961839	49.0150365508751	
906.9369339	96	4	0.1043628179	0.05243625162	99.47889671	0.5211032874	95.59317748	4.406822524	0	0	-906.9369339	0.05243625162	54.3913419581827	
904.3769339	96	4	0.1900278446	0.09550282495	99.42753847	0.5724615278	95.18832005	4.811679949	0	0	-904.3769339	0.09550282495	-404.764686893739	
901.8169339	96	4	0.2609785266	0.08745222031	99.37595871	0.6240412928	94.7870071	5.212992897	0	0	-901.8169339	0.08745222031	-348.289285744693	
899.2569339	96	4	0.3206561723	0.0806081924	99.32415041	0.6758495901	94.38921127	5.610788732	0	0	-899.2569339	0.0806081924	-406.668865207706	
896.6969339	96	4	0.3715140822	0.07471955305	99.27210675	0.7278932467	93.9949013	6.005098703	0	0	-896.6969339	0.07471955305	-469.68241170982	
894.1369339	96	4	0.4153468841	0.06960020762	99.21982104	0.7801789594	93.60404225	6.395957754	0	0	-894.1369339	0.06960020762	-537.353673944199	
891.5769339	96	4	0.4534968021	0.06510948738	99.16728671	0.8327132862	93.21659605	6.783403948	0	0	-891.5769339	0.06510948738	-609.715134150771	
889.0169339	96	4	0.486987179	0.06113908943	99.11449735	0.8855026542	92.83252196	7.16747804	0	0	-889.0169339	0.06113908943	-686.802857633524	
886.4569339	96	4	0.5166114669	0.05760426665	99.06144663	0.9385533677	92.4517769	7.548223099	0	0	-886.4569339	0.05760426665	-768.655674951833	
883.8969339	96	4	0.5429940686	0.0544377477	99.00812838	0.9918716155	92.07431585	7.925684147	0	0	-883.8969339	0.0544377477	-855.314983840127	
881.3369339	96	4	0.5666328812	0.05158544856	98.95453652	1.045463479	91.70009215	8.299907846	0	0	-881.3369339	0.05158544856	-946.82453121164	
878.7769339	96	4	0.5879296426	0.04900338827	98.90066506	1.099334936	91.32905779	8.670942206	0	0	-878.7769339	0.04900338827	-1043.23021754426	
876.2169339	96	4	0.6072119673	0.04665543218	98.84650813	1.153491875	90.96116368	9.038836319	0	0	-876.2169339	0.04665543218	-1144.57990079346	
873.6569339	96	4	0.6247496061	0.04451161453	98.79205991	1.207940091	90.59635987	9.403640129	0	0	-873.6569339	0.04451161453	-1250.923217768	
871.0969339	96	4	0.6407666177	0.04254687409	98.7373147	1.2626853	90.23459578	9.765404215	0	0	-871.0969339	0.04254687409	-1362.31143100716	
868.5369339	96	4	0.6554506025	0.04074008876	98.68226686	1.317733144	89.87582039	10.12417961	0	0	-868.5369339	0.04074008876	-1478.79725338079	
865.9769339	96	4	0.6689597896	0.03907332973	98.62691081	1.373089191	89.51998239	10.48001761	0	0	-865.9769339	0.03907332973	-1600.43473371276	
863.4169339	96	4	0.6814285391	0.03753127917	98.57124105	1.428758949	89.16703035	10.83296965	0	0	-863.4169339	0.03753127917	-1727.27911542228	
860.8569339	96	4	0.6929716553	0.03610077091	98.51525214	1.484747864	88.81691283	11.18308717	0	0	-860.8569339	0.03610077091	-1859.3867557489	
858.2969339	96	4	0.7036878009	0.03477042501	98.45893867	1.541061328	88.46957854	11.53042146	0	0	-858.2969339	0.03477042501	-1996.81503247097	
855.7369339	96	4	0.7136622219	0.03353035437	98.40229531	1.597704685	88.12497641	11.87502359	0	0	-855.7369339	0.03353035437	-2139.62221803247	
853.1769339	96	4	0.7229689408	0.03237192742	98.34531677	1.654683234	87.78305566	12.21694434	0	0	-853.1769339	0.03237192742	-2287.86748642747	
850.6169339	96	4	0.7316725345	0.03128757481	98.28799777	1.712002232	87.44376595	12.55623405	0	0	-850.6169339	0.03128757481	-2441.61082674263	
848.0569339	96	4	0.7398295858	0.03027063072	98.2303331	1.769666902	87.10705739	12.89294261	0	0	-848.0569339	0.03027063072	-2602.38350859533	
845.4969339	96	4	0.7474901074	0.02931618845	98.17231641	1.827683589	86.7728752	13.2271248	0	0	-845.4969339	0.02931618845	-2766.18557731258	
842.9369339	96	4	0.7546976793	0.02841647806	98.11394493	1.886055067	86.44118185	13.55881815	0	0	-842.9369339	0.02841647806	-2935.51100209115	
840.3769339	96	4	0.761491415	0.02756891843	98.05521229	1.944787712	86.11192328	13.88807672	0	0	-840.3769339	0.02756891843	-3112.63457420429	
837.8169339	96	4	0.76790598	0.02676883546	97.99611336	2.003886644	85.78505195	14.21494805	0	0	-837.8169339	0.02676883546	-3294.80019642992	
835.2569339	96	4	0.7739723054	0.02601249762	97.93664304	2.063356962	85.46052104	14.53947896	0	0	-835.2569339	0.02601249762	-3482.83561617142	
832.6969339	96	4	0.7797180754	0.02529655406	97.87679625	2.123203749	85.13828442	14.86171558	0	0	-832.6969339	0.02529655406	-3676.81058430582	
830.1369339	96	4	0.78516814	0.02461798453	97.81656792	2.183432081	84.81829672	15.18170328	0	0	-830.1369339	0.02461798453	-3876.79025207566	
827.5769339	96	4	0.7903448661	0.02397405997	97.75595298	2.244047022	84.50051327	15.49948673	0	0	-827.5769339	0.02397405997	-4082.84148442839	
825.0169339	96	4	0.7952684387	0.02336230834	97.69494637	2.305053634	84.18489018	15.81510982	0	0	-825.0169339	0.02336230834	-4295.03194742607	
822.4569339	96	4	0.7999571188	0.02278048508	97.63354302	2.366456976	83.87138431	16.12861569	0	0	-822.4569339	0.02278048508	-4513.43014358415	
819.8969339	96	4	0.8044274662	0.02222654762	97.57173789	2.428262108	83.55995329	16.44004671	0	0	-819.8969339	0.02222654762	-4738.1056248323	
817.3369339	96	4	0.8086945317	0.02169863323	97.50952591	2.49047409	83.25055551	16.74944449	0	0	-817.3369339	0.02169863323	-4969.12903608108	
814.7769339	96	4	0.8127720242	0.02119503973	97.44690201	2.553097993	82.94315013	17.05684987	0	0	-814.7769339	0.02119503973	-5206.571920381	
812.2169339	96	4	0.8166724563	0.02071420858	97.38386111	2.61613889	82.63769707	17.36230293	0	0	-812.2169339	0.02071420858	-5450.50708251093	
809.6569339	96	4	0.820407271	0.02025471016	97.32039813	2.67960187	82.33415702	17.66584298	0	0	-809.6569339	0.02025471016	-5701.00858942122	
807.0969339	96	4	0.8239869532	0.01981523073	97.25650797	2.743492029	82.0324914	17.9675086	0	0	-807.0969339	0.01981523073	-5958.1519329385	
804.5369339	96	4	0.8274211271	0.01939456103	97.19218552	2.807814482	81.7326624	18.2673376	0	0	-804.5369339	0.01939456103	-6222.01392869507	
801.9769339	96	4	0.8307186426	0.0189915861	97.12742564	2.872574359	81.43463293	18.56536707	0	0	-801.9769339	0.0189915861	-6492.67260523173	
799.4169339	96	4	0.8338876508	0.01860527633	97.06222319	2.937776808	81.13836663	18.86163337	0	0	-799.4169339	0.01860527633	-6770.20815079061	
796.8569339	96	4	0.8369356715	0.01823467955	96.996573	3.003426999	80.84382786	19.15617214	0	0	-796.8569339	0.01823467955	-7054.70219273	
794.2969339	96	4	0.8398696527	0.01787891386	96.93046988	3.069530124	80.55098167	19.44901833	0	0	-794.2969339	0.01787891386	-7346.238017058	
791.7369339	96	4	0.8426960238	0.01753716136	96.8639086	3.1360914	80.25979382	19.74020618	0	0	-791.7369339	0.01753716136	-7644.90141997599	
789.1769339	96	4	0.8454207428	0.0172086625	96.79688393	3.203116071	79.97023074	20.02976926	0	0	-789.1769339	0.0172086625	-7950.77960167287	
786.6169339	96	4	0.8480493384	0.01689271095	96.72939059	3.270609406	79.68225953	20.31774047	0	0	-786.6169339	0.01689271095	-8263.96248487702	
784.0569339	96	4	0.8505869478	0.01658864915	96.66142329	3.338576708	79.39584793	20.60415207	0	0	-784.0569339	0.01658864915	-8584.54232080858	
781.4969339	96	4	0.8530383507	0.01629586413	96.59297669	3.407023309	79.11096436	20.88903564	0	0	-781.4969339	0.01629586413	-8912.61322762672	
778.9369339	96	4	0.8554079996	0.01601378386	96.52404543	3.475954574	78.82757782	21.17242218	0	0	-778.9369339	0.01601378386	-9248.27304666973	
776.3769339	96	4	0.8577000473	0.01574187396	96.4546241	3.545375904	78.54565794	21.45434206	0	0	-776.3769339	0.01574187396	-9591.62148669414	
773.8169339	96	4	0.8599183714	0.0154796346	96.38470727	3.615292735	78.26517497	21.73482503	0	0	-773.8169339	0.0154796346	-9942.76167024451	
771.2569339	96	4	0.862066597	0.01522659788	96.31428946	3.68571054	77.98609971	22.01390029	0	0	-771.2569339	0.01522659788	-10301.8002027469	
768.6969339	96	4	0.8641481162	0.01498232528	96.24336517	3.756634835	77.70840356	22.29159644	0	0	-768.6969339	0.01498232528	-10668.8461808239	
766.1369339	96	4	0.8661661072	0.01474640544	96.17192883	3.828071172	77.43205848	22.56794152	0	0	-766.1369339	0.01474640544	-11044.0130455782	
763.5769339	96	4	0.8681235502	0.01451845213	96.09997485	3.900025149	77.15703694	22.84296306	0	0	-763.5769339	0.01451845213	-11427.417959112	
761.0169339	96	4	0.8700232427	0.01429810237	96.02749759	3.972502405	76.88331198	23.11668802	0	0	-761.0169339	0.01429810237	-11819.1814054579	
758.4569339	96	4	0.8718678137	0.01408501472	95.95449137	4.045508626	76.61085714	23.38914286	0	0	-758.4569339	0.01408501472	-12219.428727914	
755.8969339	96	4	0.8736597353	0.01387886776	95.88095046	4.119049542	76.33964647	23.66035353	0	0	-755.8969339	0.01387886776	-12628.2898199718	
753.3369339	96	4	0.875401335	0.01367935864	95.80686907	4.193130933	76.06965451	23.93034549	0	0	-753.3369339	0.01367935864	-13045.8982188246	
750.7769339	96	4	0.8770948055	0.01348620177	95.73224137	4.267758627	75.80085627	24.19914373	0	0	-750.7769339	0.01348620177	-13472.3940472021	
748.2169339	96	4	0.8787422146	0.01329912768	95.6570615	4.342938502	75.53322725	24.46677275	0	0	-748.2169339	0.01329912768	-13907.92154115	
745.6569339	96	4	0.880345514	0.01311788184	95.58132351	4.418676489	75.26674339	24.73325661	0	0	-745.6569339	0.01311788184	-14352.6306804253	
743.0969339	96	4	0.8819065468	0.01294222373	95.50502143	4.494978569	75.00138106	24.99861894	0	0	-743.0969339	0.01294222373	-14806.6781334895	
740.5369339	96	4	0.8834270558	0.01277192586	95.42814922	4.571850781	74.73711709	25.26288291	0	0	-740.5369339	0.01277192586	-15270.2250721824	
737.9769339	96	4	0.8849086893	0.01260677292	95.35070078	4.649299217	74.4739287	25.5260713	0	0	-737.9769339	0.01260677292	-15743.4412787275	
735.4169339	96	4	0.8863530081	0.01244656103	95.27266997	4.727330027	74.21179353	25.78820647	0	0	-735.4169339	0.01244656103	-16226.5029010784	
732.8569339	96	4	0.8877614907	0.01229109696	95.19405058	4.805949417	73.95068962	26.04931038	0	0	-732.8569339	0.01229109696	-16719.5917524277	
730.2969339	96	4	0.8891355392	0.01214019747	95.11483635	4.885163654	73.69059538	26.30940462	0	0	-730.2969339	0.01214019747	-17222.8993272936	
727.7369339	96	4	0.8904764835	0.01199368871	95.03502094	4.964979065	73.43148962	26.56851038	0	0	-727.7369339	0.01199368871	-17736.7230486624	
725.1769339	96	4	0.8917855867	0.01185140712	94.95459796	5.045402038	73.17335148	26.82664852	0	0	-725.1769339	0.01185140712	-18261.0651143497	
722.6169339	96	4	0.8930640482	0.01171319283	94.87356098	5.126439025	72.91616048	27.08383952	0	0	-722.6169339	0.01171319283	-18796.1647365997	
720.0569339	96	4	0.8943130086	0.01157889838	94.79190346	5.20809654	72.65989647	27.34010353	0	0	-720.0569339	0.01157889838	-19342.4300982516	
717.4969339	96	4	0.8955335527	0.01144838201	94.70961884	5.290381164	72.40453964	27.59546036	0	0	-717.4969339	0.01144838201	-19891.0402633606	
714.9369339	96	4	0.8967267016	0.0113213991	94.62670046	5.373299543	72.15007147	27.84992853	0	0	-714.9369339	0.0113213991	-20470.2443272801	
712.3769339	96	4	0.8978934622	0.01119815138	94.54314161	5.456858391	71.89647081	28.10352919	0	0	-712.3769339	0.01119815138	-21059.1227108074	
709.8169339	96	4	0.8990347598	0.01107818551	94.45893551	5.541064491	71.64371979	28.35628021	0	0	-709.8169339	0.01107818551	-21643.0900011634	
707.2569339	96	4	0.9001514882	0.01096149559	94.3740753	5.625924696	71.39179984	28.60820016	0	0	-707.2569339	0.01096149559	-22248.4887907836	
704.6969339	96	4	0.9012444999	0.01084797052	94.28855407	5.711445928	71.14069268	28.85930732	0	0	-704.6969339	0.01084797052	-22866.5577402349	
702.1369339	96	4	0.9023146088	0.01073750429	94.20236482	5.797635185	70.89038029	29.10961971	0	0	-702.1369339	0.01073750429	-23497.6102810381	
699.5769339	96	4	0.9033625922	0.01062999577	94.11550047	5.884499534	70.64084494	29.35915506	0	0	-699.5769339	0.01062999577	-24141.9763356447	
697.0169339	96	4	0.904389193	0.01052534839	94.02795388	5.972046119	70.39206915	29.60793085	0	0	-697.0169339	0.01052534839	-24799.9982045774	
694.4569339	96	4	0.9053951213	0.01042346991	93.93971784	6.06028216	70.14403569	29.85596431	0	0	-694.4569339	0.01042346991	-25472.0410761247	
691.8969339	96	4	0.9063810563	0.01032427222	93.85078505	6.149214951	69.89672759	30.10327241	0	0	-691.8969339	0.01032427222	-26158.4855890759	
689.3369339	96	4	0.9073476484	0.01022767107	93.76114813	6.238851867	69.65012812	30.34987188	0	0	-689.3369339	0.01022767107	-26866.7908700459	
686.7769339	96	4	0.9082955259	0.01013363345	93.67079925	6.329200751	69.40422005	30.59577995	0	0	-686.7769339	0.01013363345	-27571.0465441159	
684.2169339	96	4	0.9092252706	0.0100419113	93.57973203	6.420267966	69.15898921	30.84101079	0	0	-684.2169339	0.0100419113	-28301.884244338	
681.6569339	96	4	0.9101374654	0.009952659346	93.4879377	6.512062297	68.91441743	31.08558257	0	0	-681.6569339	0.009952659346	-29061.20038659	
679.0969339	96	4	0.9110326555	0.009865673131	93.39540895	6.604591048	68.67048955	31.32951045	0	0	-679.0969339	0.009865673131	-29821.5939641747	
676.5369339	96	4	0.9119113668	0.00978091393	93.302138	6.697861999	68.42718991	31.57281009	0	0	-676.5369339	0.00978091393	-30603.6600589986	
673.9769339	96	4	0.9127741036	0.009698317015	93.20811698	6.791883016	68.18450306	31.81549694	0	0	-673.9769339	0.009698317015	-31403.4329363379	
671.4169339	96	4	0.9136213504	0.009617820347	93.11333795	6.886662048	67.94241372	32.05758628	0	0	-671.4169339	0.009617820347	-32221.4920817098	
668.8569339	96	4	0.9144535725	0.009539364468	93.01779287	6.982207134	67.7009068	32.2990932	0	0	-668.8569339	0.009539364468	-33058.4523909088	
666.2969339	96	4	0.9152712168	0.009462892369	92.9214736	7.078526399	67.4599674	32.5400326	0	0	-666.2969339	0.009462892369	-33914.9643894602	
663.7369339	96	4	0.9160747131	0.009388349382	92.82437194	7.175628059	67.21958075	32.78041925	0	0	-663.7369339	0.009388349382	-34791.7166726627	
661.1769339	96	4	0.9168644748	0.009315683063	92.72647958	7.273520417	66.9797323	33.0202677	0	0	-661.1769339	0.009315683063	-35689.4388094817	
658.6169339	96	4	0.9176408994	0.009244843096	92.62778813	7.372211871	66.74040761	33.25959239	0	0	-658.6169339	0.009244843096	-36608.9042245874	
656.0569339	96	4	0.9184043696	0.009175781189	92.52828909	7.471710911	66.50159241	33.49840759	0	0	-656.0569339	0.009175781189	-37550.9328841033	
653.4969339	96	4	0.919155254	0.009108450986	92.42797388	7.572026119	66.26327259	33.73672741	0	0	-653.4969339	0.009108450986	-38516.396334455	
650.9369339	96	4	0.9198939073	0.00904280798	92.32683383	7.673166173	66.02543416	33.97456584	0	0	-650.9369339	0.00904280798	-39506.2200550395	
648.3769339	96	4	0.9206206716	0.008978809429	92.22486015	7.775139847	65.78806327	34.21193673	0	0	-648.3769339	0.008978809429	-40521.3888205795	
645.8169339	96	4	0.9213358763	0.008916414282	92.12204399	7.877956012	65.55114621	34.44885379	0	0	-645.8169339	0.008916414282	-41562.9499562444	
643.2569339	96	4	0.9220398394	0.0088555831	92.01837636	7.981623636	65.31466939	34.68533061	0	0	-643.2569339	0.0088555831	-42632.0199238449	
640.6969339	96	4	0.9227328673	0.008796277994	91.91384821	8.086151789	65.07861933	34.92138067	0	0	-640.6969339	0.008796277994	-43729.7892968786	
638.1369339	96	4	0.9234152557	0.008738462553	91.80845036	8.191549639	64.84298267	35.15701733	0	0	-638.1369339	0.008738462553	-44857.5285035368	
635.5769339	96	4	0.9240872902	0.008682101787	91.70217354	8.297826456	64.60774616	35.39225384	0	0	-635.5769339	0.008682101787	-46016.5940600726	
633.0169339	96	4	0.9247492465	0.008627162062	91.59500839	8.404991612	64.37289665	35.62710335	0	0	-633.0169339	0.008627162062	-47208.4374552191	
630.4569339	96	4	0.9254013906	0.008573611052	91.48694541	8.513054585	64.13842111	35.86157889	0	0	-630.4569339	0.008573611052	-48434.612374992	
627.8969339	96	4	0.92604398	0.008521417679	91.37797504	8.622024956	63.90430657	36.09569343	0	0	-627.8969339	0.008521417679	-49696.783547993	
625.3369339	96	4	0.9266772631	0.008470552069	91.26808759	8.731912411	63.67054017	36.32945983	0	0	-625.3369339	0.008470552069	-50996.7373550911	
622.7769339	96	4	0.9273014803	0.0084209855	91.15727326	8.842726744	63.43710912	36.56289088	0	0	-622.7769339	0.0084209855	-52336.3912820833	
620.2169339	96	4	0.9279168641	0.008372690359	91.04552214	8.954477858	63.20400075	36.79599925	0	0	-620.2169339	0.008372690359	-53717.8091744906	
617.6569339	96	4	0.9285236394	0.008325640101	90.93282424	9.067175764	62.9712024	37.0287976	0	0	-617.6569339	0.008325640101	-55143.2113489211	
615.0969339	96	4	0.9291220236	0.008279809204	90.81916942	9.180830582	62.73870154	37.26129846	0	0	-615.0969339	0.008279809204	-56614.9915330415	
612.5369339	96	4	0.9297122276	0.008235173135	90.70454745	9.295452545	62.50648567	37.49351433	0	0	-612.5369339	0.008235173135	-58135.7339519012	
609.9769339	96	4	0.9302944551	0.00819170831	90.588948	9.411051998	62.27454237	37.72545763	0	0	-609.9769339	0.00819170831	-59708.2338691534	
607.4169339	96	4	0.9308689039	0.008149392065	90.4723606	9.527639397	62.04285927	37.95714073	0	0	-607.4169339	0.008149392065	-61335.5159026297	
604.8569339	96	4	0.9314357651	0.008108202616	90.35477468	9.645225316	61.81142405	38.18857595	0	0	-604.8569339	0.008108202616	-63020.8567008846	
602.2969339	96	4	0.9319952244	0.008068119031	90.23617956	9.76382044	61.58022444	38.41977556	0	0	-602.2969339	0.008068119031	-64767.8196503754	
599.7369339	96	4	0.9325474614	0.008029121204	90.11656443	9.883435573	61.34924822	38.65075178	0	0	-599.7369339	0.008029121204	-66580.2767834417	
597.1769339	96	4	0.9330926506	0.007991189819	89.99591836	10.00408164	61.11848319	38.88151681	0	0	-597.1769339	0.007991189819	-68462.4483713332	
594.6169339	96	4	0.933630961	0.007954306332	89.87423033	10.12576967	60.88791722	39.11208278	0	0	-594.6169339	0.007954306332	-70418.9411504422	
592.0569339	96	4	0.9341625567	0.007918452938	89.75148918	10.24851082	60.65753818	39.34246182	0	0	-592.0569339	0.007918452938	-72454.7911283577	
589.4969339	96	4	0.9346875969	0.007883612552	89.62768362	10.37231638	60.42733397	39.57266603	0	0	-589.4969339	0.007883612552	-74575.5201539771	
586.9369339	96	4	0.9352062362	0.007849768785	89.50280226	10.49719774	60.19729253	39.80270747	0	0	-586.9369339	0.007849768785	-76787.1875186978	
584.3769339	96	4	0.9357186246	0.00781690592	89.37683358	10.62316642	59.96740181	40.03259819	0	0	-584.3769339	0.00781690592	-79096.4612707445	
581.8169339	96	4	0.9362249078	0.007785008894	89.24976593	10.75023407	59.73764975	40.26235025	0	0	-581.8169339	0.007785008894	-81510.6979527463	
579.2569339	96	4	0.9367252275	0.007754063278	89.12158756	10.87841244	59.50802434	40.49197566	0	0	-579.2569339	0.007754063278	-84038.02941528	
576.6969339	96	4	0.9372197212	0.007724055258	88.99228656	11.00771344	59.27851354	40.72148646	0	0	-576.6969339	0.007724055258	-86687.4671339471	
574.1369339	96	4	0.9377085227	0.007694971617	88.86185093	11.13814907	59.04910533	40.95089467	0	0	-574.1369339	0.007694971617	-89469.0273085426	
571.5769339	96	4	0.938191762	0.00766679972	88.73026851	11.26973149	58.81978769	41.18021231	0	0	-571.5769339	0.00766679972	-92393.8707359393	
569.0169339	96	4	0.9386695657	0.007639527496	88.59752706	11.40247294	58.59054857	41.40945143	0	0	-569.0169339	0.007639527496	-95474.4698902225	
566.4569339	96	4	0.9391420566	0.007613143424	88.46361416	11.53638584	58.36137593	41.63862407	0	0	-566.4569339	0.007613143424	-98724.810677566	
563.8969339	96	4	0.9396093544	0.007587636519	88.3285173	11.6714827	58.13225771	41.86774229	0	0	-563.8969339	0.007587636519	-102160.629642143	
561.3369339	96	4	0.9400715758	0.00756299632	88.19222382	11.80777618	57.9031818	42.0968182	0	0	-561.3369339	0.00756299632	-105799.689816532	
558.7769339	96	4	0.9405288339	0.007539212875	88.05472094	11.94527906	57.67413612	42.32586388	0	0	-558.7769339	0.007539212875	-109662.119440536	
556.2169339	96	4	0.9409812394	0.007516276731	87.91599576	12.08400424	57.44510851	42.55489149	0	0	-556.2169339	0.007516276731	-113770.813020159	
553.6569339	96	4	0.9414288996	0.007494178919	87.77603523	12.22396477	57.21608679	42.78391321	0	0	-553.6569339	0.007494178919	-118151.94125596	
551.0969339	96	4	0.9418719193	0.007472910951	87.63482619	12.36517381	56.98705875	43.01294125	0	0	-551.0969339	0.007472910951	-122835.53339325	
548.5369339	96	4	0.9423104007	0.0074524648	87.49235532	12.50764468	56.75801214	43.24198786	0	0	-548.5369339	0.0074524648	-127856.232399356	
545.9769339	96	4	0.9427444432	0.007432832901	87.3486092	12.6513908	56.52893465	43.47106535	0	0	-545.9769339	0.007432832901	-133254.215331375	
543.4169339	96	4	0.9431741438	0.007414008135	87.20357425	12.79642575	56.29981391	43.70018609	0	0	-543.4169339	0.007414008135	-139107.838246269	
540.8569339	96	4	0.9435995976	0.007395991488	87.05723679	12.94276321	56.07063728	43.92936272	0	0	-540.8569339	0.007395991488	-145337.545498416	
538.2969339	96	4	0.9440208954	0.007378746078	86.90958299	13.09041701	55.84139298	44.15860702	0	0	-538.2969339	0.007378746078	-152197.857333434	
535.7369339	96	4	0.9444381287	0.007362312	86.76059887	13.23940113	55.61206776	44.38793224	0	0	-535.7369339	0.007362312	-159723.63309116	
533.1769339	96	4	0.9448513847	0.007346653267	86.61027036	13.38972964	55.38264923	44.61735077	0	0	-533.1769339	0.007346653267	-167869.64746717	
530.6169339	96	4	0.9452607492	0.007331772531	86.45858321	13.54141679	55.15312471	44.84687529	0	0	-530.6169339	0.007331772531	-176876.094689354	
528.0569339	96	4	0.945666306	0.007317665209	86.30552308	13.69447692	54.92348141	45.07651859	0	0	-528.0569339	0.007317665209	-186845.488884267	
525.4969339	96	4	0.9460681367	0.007304327124	86.15107547	13.84892453	54.69370647	45.30629353	0	0	-525.4969339	0.007304327124	-197946.847561573	
522.9369339	96	4	0.9464663211	0.007291754493	85.99522575	14.00477425	54.46378692	45.53621308	0	0	-522.9369339	0.007291754493	-210391.294554025	
520.3769339	96	4	0.9468609374	0.007279943928	85.83795918	14.16204082	54.23370972	45.76629028	0	0	-520.3769339	0.007279943928	-224446.106800603	
517.8169339	96	4	0.9472520616	0.007268892431	85.67926087	14.32073913	54.0034617	45.9965383	0	0	-517.8169339	0.007268892431	-240454.709720156	
515.2569339	96	4	0.9476397684	0.007258597391	85.5191158	14.4808842	53.7730296	46.2269704	0	0	-515.2569339	0.007258597391	-258865.929708004	
512.6969339	96	4	0.9480241304	0.007249056579	85.35750883	14.64249117	53.54240002	46.45759998	0	0	-512.6969339	0.007249056579	-280278.022184118	
510.1369339	96	4	0.9484052191	0.007240268151	85.19442468	14.80557532	53.31155948	46.68844052	0	0	-510.1369339	0.007240268151	-305506.599661304	
507.5769339	96	4	0.9487831039	0.007232230639	85.02984795	14.97015205	53.08049432	46.91950568	0	0	-507.5769339	0.007232230639	-335693.732834127	
505.0169339	96	4	0.9491578532	0.007224942954	84.8637631	15.1362369	52.8491908	47.1508092	0	0	-505.0169339	0.007224942954	-350571.026491475	
503.7369339	96	4	0.9493439724	0.003612417105	84.78015004	15.21984996	52.73344519	47.26655481	0	0	-503.7369339	0.003612417105	-354.289224824984	
503.0969339	96	4	0.9494366441	0.001805897973	84.73820014	15.26179986	52.67554825	47.32445175	0	0	-503.0969339	0.001805897973	-1194866.54906264	
502.4569339	96	4	0.9495291001	0.001805362507	84.69615428	15.30384572	52.61763489	47.38236511	0	0	-502.4569339	0.001805362507	-1194512.2359432	
502.1369339	96	4	0.9495752459	0.0009026904898	84.67509526	15.32490474	52.58867198	47.41132802	0	0	-502.1369339	0.0009026904898	-354.481617668192	
501.9769339	96	4	0.9495982941	0.0004513135109	84.66455673	15.33544327	52.57418945	47.42581055	0	0	-501.9769339	0.0004513135109	-354.519768025505	
501.8969339	96	4	0.9496098132	0.0002256716877	84.65928451	15.34071549	52.5669472	47.4330528	0	0	-501.8969339	0.0002256716877	-354.434714020381	
501.8569339	96	4	0.9496155707	0.0001127984832	84.65664857	15.34335143	52.56332604	47.43667396	0	0	-501.8569339	0.0001127984832	-354.533029004906	
501.8369339	96	4	0.9496184491	5.639841837E-05	84.65533043	15.34466957	52.56151546	47.43848454	0	0	-501.8369339	5.639841837E-05	-354.614674807863	
501.8269339	96	4	0.9496198881	2.819900066E-05	84.65467131	15.34532869	52.56061017	47.43938983	0	0	-501.8269339	2.819900066E-05	-354.617251422946	
501.8169339	96	4	0.9496213275	2.820704699E-05	84.6540121	15.3459879	52.55970488	47.44029512	0	0	-501.8169339	2.820704699E-05	-354.538605398581	
501.7769339	96	4	0.9496270847	0.0001128369201	84.65137492	15.34862508	52.55608362	47.44391638	0	0	-501.7769339	0.0001128369201	-2009.98715178311	
501.7569339	96	4	0.9496299618	5.639907311E-05	84.65005607	15.34994393	52.55427293	47.44572707	0	0	-501.7569339	5.639907311E-05	32298357.3022617	
501.7169339	96	4	0.9496357183	0.0001128350624	84.64741845	15.35258155	52.55065184	47.44934816	0	0	-501.7169339	0.0001128350624	708.841763892935	
501.6369339	96	4	0.9496472299	0.0002256716217	84.64214165	15.35785835	52.54340918	47.45659082	0	0	-501.6369339	0.0002256716217	709.02741704369	
501.4769339	96	4	0.9496702465	0.0004513090861	84.63158497	15.36841503	52.52892322	47.47107678	0	0	-501.4769339	0.0004513090861	709.196624961314	
501.1569339	96	4	0.9497162536	0.0009024036684	84.6104521	15.3895479	52.49994689	47.50005311	0	0	-501.1569339	0.0009024036684	709.458130763806	
500.5169339	96	4	0.9498081625	0.001804316235	84.5681138	15.4318862	52.44198239	47.55801761	0	0	-500.5169339	0.001804316235	709.773005977383	
499.2369339	96	4	0.9499915685	0.003606847599	84.48314605	15.51685395	52.32600123	47.67399877	0	0	-499.2369339	0.003606847599	710.437223840133	
496.6769339	96	4	0.9503567597	0.007206975531	84.31203897	15.68796103	52.09382405	47.90617595	0	0	-496.6769339	0.007206975531	-547806.119510155	
494.1169339	96	4	0.9507188955	0.007202296255	84.13935612	15.86064388	51.86134819	48.13865181	0	0	-494.1169339	0.007202296255	-673988.508820776	
491.5569339	96	4	0.9510782313	0.007198948826	83.96508142	16.03491858	51.62855913	48.37144087	0	0	-491.5569339	0.007198948826	-889300.424556597	
488.9969339	96	4	0.9514348267	0.007196352219	83.7891986	16.2108014	51.39544216	48.60455784	0	0	-488.9969339	0.007196352219	-1221488.35909795	
486.4369339	96	4	0.9517887405	0.007194508818	83.61169125	16.38830875	51.16198234	48.83801766	0	0	-486.4369339	0.007194508818	-1994810.33002138	
483.8769339	96	4	0.9521400299	0.00719342065	83.43254284	16.56745716	50.92816457	49.07183543	0	0	-483.8769339	0.00719342065	-6488855.21760435	
481.3169339	96	4	0.9524887515	0.007193090124	83.25173673	16.74826327	50.69397354	49.30602646	0	0	-481.3169339	0.007193090124	-53305824.4954805	
478.7569339	96	4	0.9528349603	0.007193520038	83.06925617	16.93074383	50.45939372	49.54060628	0	0	-478.7569339	0.007193520038	4945788.98400563	
476.1969339	96	4	0.9531787107	0.007194713574	82.88508431	17.11491569	50.2244094	49.7755906	0	0	-476.1969339	0.007194713574	1827323.98421018	
473.6369339	96	4	0.9535200558	0.007196674309	82.69920419	17.30079581	49.98900461	50.01099539	0	0	-473.6369339	0.007196674309	1151637.27811025	
471.0769339	96	4	0.9538590478	0.007199406217	82.51159876	17.48840124	49.75316319	50.24683681	0	0	-471.0769339	0.007199406217	846351.51900411	
468.5169339	96	4	0.954195738	0.00720291367	82.32225085	17.67774915	49.51686872	50.48313128	0	0	-468.5169339	0.00720291367	670108.464049477	
465.9569339	96	4	0.9545301767	0.007207201446	82.13114324	17.86885676	49.28010451	50.71989549	0	0	-465.9569339	0.007207201446	554703.421057752	
463.3969339	96	4	0.9548624135	0.007212274735	81.93825857	18.06174143	49.04285366	50.95714634	0	0	-463.3969339	0.007212274735	473029.562572943	
460.8369339	96	4	0.9551924968	0.00721813914	81.74357944	18.25642056	48.80509896	51.19490104	0	0	-460.8369339	0.00721813914	412075.927618391	
458.2769339	96	4	0.9555204744	0.007224800677	81.54708836	18.45291164	48.56682294	51.43317706	0	0	-458.2769339	0.007224800677	364788.04892596	
455.7169339	96	4	0.9558463934	0.00723226582	81.34876774	18.65123226	48.32800785	51.67199215	0	0	-455.7169339	0.00723226582	326999.140735583	
453.1569339	96	4	0.9561702998	0.007240541454	81.14859997	18.85140003	48.08863562	51.91136438	0	0	-453.1569339	0.007240541454	296086.419932582	
450.5969339	96	4	0.956492239	0.007249634913	80.94656732	19.05343268	47.84868788	52.15131212	0	0	-450.5969339	0.007249634913	270313.66713127	
448.0369339	96	4	0.9568122557	0.007259553981	80.74265206	19.25734794	47.60814594	52.39185406	0	0	-448.0369339	0.007259553981	248485.448420388	
445.4769339	96	4	0.9571303939	0.007270306903	80.53683638	19.46316362	47.36699077	52.63300923	0	0	-445.4769339	0.007270306903	229751.253327172	
442.9169339	96	4	0.9574466968	0.007281902394	80.32910242	19.67089758	47.12520299	52.87479701	0	0	-442.9169339	0.007281902394	213489.279019462	
440.3569339	96	4	0.957761207	0.007294349647	80.11943231	19.88056769	46.88276287	53.11723713	0	0	-440.3569339	0.007294349647	199234.271282065	
437.7969339	96	4	0.9580739666	0.007307658344	79.90780813	20.09219187	46.6396503	53.3603497	0	0	-437.7969339	0.007307658344	186631.106481503	
435.2369339	96	4	0.9583850167	0.007321838664	79.69421196	20.30578804	46.39584477	53.60415523	0	0	-435.2369339	0.007321838664	175403.95938786	
432.6769339	96	4	0.9586943982	0.007336901301	79.47862585	20.52137415	46.15132539	53.84867461	0	0	-432.6769339	0.007336901301	165335.322375834	
430.1169339	96	4	0.9590021511	0.007352857469	79.26103187	20.73896813	45.90607084	54.09392916	0	0	-430.1169339	0.007352857469	156251.3817177	
427.5569339	96	4	0.9593083151	0.007369718918	79.0414121	20.9585879	45.66005937	54.33994063	0	0	-427.5569339	0.007369718918	148011.516141297	
424.9969339	96	4	0.9596129291	0.007387497949	78.81974861	21.18025139	45.41326877	54.58673123	0	0	-424.9969339	0.007387497949	140500.76373924	
422.4369339	96	4	0.9599160317	0.007406207422	78.59602354	21.40397646	45.16567638	54.83432362	0	0	-422.4369339	0.007406207422	133624.205342244	
419.8769339	96	4	0.9602176608	0.007425860779	78.37021906	21.62978094	44.91725903	55.08274097	0	0	-419.8769339	0.007425860779	127309.767919759	
417.3169339	96	4	0.9605178539	0.007446469613	78.1423174	21.8576826	44.66799307	55.33200693	0	0	-417.3169339	0.007446469613	121478.139491049	
414.7569339	96	4	0.9608166479	0.007468053304	77.91230085	22.08769915	44.41785433	55.58214567	0	0	-414.7569339	0.007468053304	116070.750538768	
412.1969339	96	4	0.9611140795	0.007490624816	77.6801518	22.3198482	44.16681806	55.83318194	0	0	-412.1969339	0.007490624816	111055.408525496	
409.6369339	96	4	0.9614101847	0.00751420006	77.44585273	22.55414727	43.91485899	56.08514101	0	0	-409.6369339	0.00751420006	106319.271717005	
407.0769339	96	4	0.9617050005	0.007538827575	77.20938626	22.79061374	43.66195035	56.33804965	0	0	-407.0769339	0.007538827575	101996.342009411	
404.5169339	96	4	0.9619985599	0.00756443625	76.97073511	23.02926489	43.40806738	56.59193262	0	0	-404.5169339	0.00756443625	97989.9312189277	
401.9569339	96	4	0.9622908985	0.007591122207	76.72988219	23.27011781	43.15318212	56.84681788	0	0	-401.9569339	0.007591122207	94106.4081154358	
399.3969339	96	4	0.9625820509	0.007618885351	76.48681055	23.51318945	42.89726679	57.10273321	0	0	-399.3969339	0.007618885351	90494.9754321299	
396.8369339	96	4	0.9628720512	0.007647742169	76.24150347	23.75849653	42.64029293	57.35970707	0	0	-396.8369339	0.007647742169	87096.524332134	
394.2769339	96	4	0.963160933	0.007677712872	75.99394442	24.00605558	42.38223137	57.61776863	0	0	-394.2769339	0.007677712872	83887.4765148289	
391.7169339	96	4	0.9634487298	0.007708818471	75.74411711	24.25588289	42.12305218	57.87694782	0	0	-391.7169339	0.007708818471	80851.8374236852	
389.1569339	96	4	0.9637354745	0.007741080798	75.49200552	24.50799448	41.86272468	58.13727532	0	0	-389.1569339	0.007741080798	77975.3913791021	
386.5969339	96	4	0.9640211998	0.007774522541	75.23759392	24.76240608	41.60121737	58.39878263	0	0	-386.5969339	0.007774522541	75245.457721731	
384.0369339	96	4	0.964305938	0.007809167269	74.98086691	25.01913309	41.33849792	58.66150208	0	0	-384.0369339	0.007809167269	72650.6977460133	
381.4769339	96	4	0.9645897213	0.007845039463	74.72180941	25.27819059	41.07453312	58.92546688	0	0	-381.4769339	0.007845039463	70180.9345669984	
378.9169339	96	4	0.9648725813	0.007882164551	74.46040674	25.53959326	40.80928886	59.19071114	0	0	-378.9169339	0.007882164551	67827.0098059332	
376.3569339	96	4	0.9651545496	0.00792056894	74.19664462	25.80335538	40.54273008	59.45726992	0	0	-376.3569339	0.00792056894	65580.6609897832	
373.7969339	96	4	0.9654356573	0.007960280053	73.93050922	26.06949078	40.27482071	59.72517929	0	0	-373.7969339	0.007960280053	63434.4124057035	
371.2369339	96	4	0.9657159355	0.008001326367	73.66198719	26.33801281	40.00552367	59.99447633	0	0	-371.2369339	0.008001326367	61381.4829735507	
368.6769339	96	4	0.9659954146	0.008043737455	73.39106572	26.60893428	39.73480079	60.26519921	0	0	-368.6769339	0.008043737455	59415.7079995093	
366.1169339	96	4	0.9662741253	0.008087544027	73.11773253	26.88226747	39.46261278	60.53738722	0	0	-366.1169339	0.008087544027	57531.4723917157	
363.5569339	96	4	0.9665520977	0.008132777974	72.84197598	27.15802402	39.18891917	60.81108083	0	0	-363.5569339	0.008132777974	55723.6468924655	
360.9969339	96	4	0.9668293617	0.00817947242	72.56378507	27.43621493	38.91367824	61.08632176	0	0	-360.9969339	0.00817947242	55463.7735093281	
359.7169339	96	4	0.9669674834	0.004105237788	72.42377192	27.57622808	38.77546372	61.22453628	0	0	-359.7169339	0.004105237788	88099.5766734903	
358.4369339	96	4	0.9671054082	0.004119819174	72.28314835	27.71685165	38.63684683	61.36315317	0	0	-358.4369339	0.004119819174	88412.4184134029	
357.7969339	96	4	0.9671742407	0.002063915016	72.21260597	27.78739403	38.56738486	61.43261514	0	0	-357.7969339	0.002063915016	-310.756313480583	
357.4769339	96	4	0.9672086207	0.001033267688	72.17727742	27.82272258	38.53261557	61.46738443	0	0	-357.4769339	0.001033267688	340066.11030857	
357.1569339	96	4	0.967242993	0.001034209543	72.14191047	27.85808953	38.49782052	61.50217948	0	0	-357.1569339	0.001034209543	340375.887068428	
356.9969339	96	4	0.9672601691	0.0005173583986	72.12421256	27.87578744	38.48041326	61.51958674	0	0	-356.9969339	0.0005173583986	676024.048896108	
356.8369339	96	4	0.9672773446	0.0005175951851	72.10650506	27.89349494	38.46299954	61.53700046	0	0	-356.8369339	0.0005175951851	676333.443727541	
356.7569339	96	4	0.9672859292	0.0002588612188	72.09764679	27.90235321	38.45429024	61.54570976	0	0	-356.7569339	0.0002588612188	-309.020962510332	
356.7169339	96	4	0.9672902196	0.0001293830613	72.09321774	27.90678226	38.4499357	61.5500643	0	0	-356.7169339	0.0001293830613	-309.174045670815	
356.6969339	96	4	0.9672923655	6.471981693E-05	72.09100294	27.90899706	38.4477575	61.5522425	0	0	-356.6969339	6.471981693E-05	-309.115180622558	
356.6869339	96	4	0.9672934383	3.236001038E-05	72.08989547	27.91010453	38.44666841	61.55333159	0	0	-356.6869339	3.236001038E-05	-668.863432260221	
356.6469339	96	4	0.9672977317	0.0001295294618	72.08546389	27.91453611	38.44231187	61.55768813	0	0	-356.6469339	0.0001295294618	-1751.06759350778	
356.6269339	96	4	0.9672998769	6.472035826E-05	72.08324921	27.91675079	38.44013447	61.55986553	0	0	-356.6269339	6.472035826E-05	2430678.73611573	
356.5869339	96	4	0.9673041689	0.0001295047742	72.07881747	27.92118253	38.4357783	61.5642217	0	0	-356.5869339	0.0001295047742	617.403333517556	
356.5069339	96	4	0.9673127548	0.0002590919344	72.06995208	27.93004792	38.4270632	61.5729368	0	0	-356.5069339	0.0002590919344	617.329607176994	
356.3469339	96	4	0.9673299255	0.0005182857857	72.05221606	27.94778394	38.40962955	61.59037045	0	0	-356.3469339	0.0005182857857	617.183230562734	
356.0269339	96	4	0.9673642666	0.001036964396	72.01671336	27.98328664	38.37474265	61.62525735	0	0	-356.0269339	0.001036964396	616.568652055301	
355.3869339	96	4	0.9674329573	0.002076263255	71.94559253	28.05440747	38.30489018	61.69510982	0	0	-355.3869339	0.002076263255	188264.844016807	
354.7469339	96	4	0.9675016013	0.00207965171	71.87431753	28.12568247	38.234932	61.765068	0	0	-354.7469339	0.00207965171	193346.184745984	
354.1069339	96	4	0.9675702074	0.002082890281	71.80288857	28.19711143	38.16486764	61.83513236	0	0	-354.1069339	0.002082890281	196614.771082911	
353.4669339	96	4	0.9676387761	0.002086162245	71.73130522	28.26869478	38.09469616	61.90530384	0	0	-353.4669339	0.002086162245	195297.18195528	
352.1869339	96	4	0.9677759702	0.004181633189	71.58767539	28.41232461	37.95402951	62.04597049	0	0	-352.1869339	0.004181633189	609.2644872154	
349.6269339	96	4	0.9680504668	0.008405454059	71.29855902	28.70144098	37.67137694	62.32862306	0	0	-349.6269339	0.008405454059	45755.7640404616	
347.0669339	96	4	0.9683244139	0.008460690515	71.00696347	28.99303653	37.3869272	62.6130728	0	0	-347.0669339	0.008460690515	45636.5473549743	
344.5069339	96	4	0.9685978415	0.008517700898	70.71288073	29.28711927	37.10062701	62.89937299	0	0	-344.5069339	0.008517700898	44232.5204888062	
341.9469339	96	4	0.9688707783	0.008576497545	70.4163063	29.5836937	36.8124234	63.1875766	0	0	-341.9469339	0.008576497545	42931.1985618972	
339.3869339	96	4	0.9691432512	0.008637010877	70.11723976	29.88276024	36.52226322	63.47773678	0	0	-339.3869339	0.008637010877	41680.6175633668	
336.8269339	96	4	0.9694152891	0.008699393253	69.81567783	30.18432217	36.23008897	63.76991103	0	0	-336.8269339	0.008699393253	40441.4464320858	
334.2669339	96	4	0.9696869201	0.008763670342	69.51161991	30.48838009	35.93584192	64.06415808	0	0	-334.2669339	0.008763670342	39250.964501258	
331.7069339	96	4	0.9699581721	0.008829893963	69.20506685	30.79493315	35.63946119	64.36053881	0	0	-331.7069339	0.008829893963	38098.5667407471	
329.1469339	96	4	0.970229073	0.008898118121	68.89602105	31.10397895	35.34088361	64.65911639	0	0	-329.1469339	0.008898118121	36982.4377880443	
326.5869339	96	4	0.9704996505	0.008968399131	68.58448649	31.41551351	35.04004366	64.95995634	0	0	-326.5869339	0.008968399131	35900.8769033665	
324.0269339	96	4	0.9707699322	0.009040795748	68.27046895	31.72953105	34.73687327	65.26312673	0	0	-324.0269339	0.009040795748	34852.2878517314	
321.4669339	96	4	0.9710399456	0.009115369315	67.95397601	32.04602399	34.43130172	65.56869828	0	0	-321.4669339	0.009115369315	33835.1687946991	
318.9069339	96	4	0.9713097181	0.009192183923	67.63501727	32.36498273	34.12325544	65.87674456	0	0	-318.9069339	0.009192183923	32848.1057764734	
316.3469339	96	4	0.971579277	0.009271306581	67.31360442	32.68639558	33.81265789	66.18734211	0	0	-316.3469339	0.009271306581	31889.7643672725	
313.7869339	96	4	0.9718486497	0.009352807413	66.98975137	33.01024863	33.49942936	66.50057064	0	0	-313.7869339	0.009352807413	30958.8822775111	
311.2269339	96	4	0.9721178633	0.009436759867	66.66347446	33.33652554	33.18348676	66.81651324	0	0	-311.2269339	0.009436759867	30054.2649051679	
308.6669339	96	4	0.972386945	0.009523240945	66.33479254	33.66520746	32.86474342	67.13525658	0	0	-308.6669339	0.009523240945	29174.7782675099	
306.1069339	96	4	0.9726559221	0.009612331466	66.00372717	33.99627283	32.54310886	67.45689114	0	0	-306.1069339	0.009612331466	28319.3438713029	
303.5469339	96	4	0.9729248216	0.009704116348	65.6703028	34.3296972	32.21848857	67.78151143	0	0	-303.5469339	0.009704116348	27486.9347298906	
300.9869339	96	4	0.9731936707	0.009798684927	65.33454692	34.66545308	31.89078367	68.10921633	0	0	-300.9869339	0.009798684927	27506.7704233589	
300	96	4	0.9732969921	0.003803190956	65.2044894	34.7955106	31.76360162	68.23639838	0	0	-300	0.003803190956	-27835.9956397543	
