T	w(AL)	w(MG)	w(SI)	fs	fw(@FCC_A1)	w(AL@FCC_A1)	w(MG@FCC_A1)	w(SI@FCC_A1)	w(AL@LIQUID)	w(MG@LIQUID)	w(SI@LIQUID)	dwdT_L(AL@LIQUID)	dwdT_L(MG@LIQUID)	dwdT_L(SI@LIQUID)	-T	fw(@FCC_A1)_1	-T//fw(@FCC_A1)	
K	%	%	%	mole/mole	kg/kg	%	%	%	%	%	%	SI	SI	SI				
839.6259908	80	10	10	0	0	97.58876969	1.680492581	0.7307377298	80	10	10	0.002436768747	-0.001152595111	-0.001284173636	-839.6259908	0	35.7957685891444	
839.6159908	80	10	10	0.0001379677998	0.0001387015812	97.5886559	1.680540571	0.730803526	79.99756313	10.00115272	10.00128414	0	0	0	-839.6159908	0.0001387015812	108.398694278174	
839.5959908	80	10	10	0.0004134243156	0.0002770154314	97.58842842	1.680636457	0.7309351271	79.99268947	10.00345797	10.00385256	0	0	0	-839.5959908	0.0002770154314	144.570424798041	
839.5559908	80	10	10	0.000963964484	0.0005538054463	97.5879737	1.680828007	0.7311982955	79.98294118	10.00806894	10.00898988	0	0	0	-839.5559908	0.0005538054463	144.585444413128	
839.4759908	80	10	10	0.002063515367	0.001106565136	97.58706509	1.681210408	0.7317245055	79.96344124	10.01729261	10.01926615	0	0	0	-839.4759908	0.001106565136	144.845067731174	
839.3159908	80	10	10	0.004256562558	0.002209420662	97.58525239	1.681971345	0.7327762685	79.92442802	10.03574663	10.03982535	0	0	0	-839.3159908	0.002209420662	145.322561559989	
838.9959908	80	10	10	0.008618576942	0.004404067082	97.58164409	1.683478604	0.7348773035	79.84634825	10.07268142	10.08097033	0	0	0	-838.9959908	0.004404067082	146.374960768914	
838.3559908	80	10	10	0.01723857712	0.008743249037	97.57449663	1.686433375	0.7390699973	79.68997912	10.14665136	10.16336952	0	0	0	-838.3559908	0.008743249037	148.529458481874	
837.0759908	80	10	10	0.03409173456	0.01724486067	97.5604742	1.692109272	0.7474165295	79.37639473	10.29500826	10.32859702	0	0	0	-837.0759908	0.01724486067	152.734795682818	
834.5159908	80	10	10	0.06632399147	0.03356005188	97.53350391	1.702543149	0.7639529426	78.7458622	10.59339384	10.66074397	0	0	0	-834.5159908	0.03356005188	-3276.91649770935	
831.9559908	80	10	10	0.09670904309	0.03273512231	97.50794229	1.711775336	0.780282373	78.11089759	10.89397424	10.99512818	0	0	0	-831.9559908	0.03273512231	-3178.54988377152	
829.3959908	80	10	10	0.1253923866	0.03194752663	97.48375576	1.719840837	0.7964034037	77.47155736	11.19673764	11.33170499	0	0	0	-829.3959908	0.03194752663	-3328.06364956851	
826.8359908	80	10	10	0.1525054269	0.03119508603	97.46091093	1.726774877	0.8123141895	76.82790912	11.50166621	11.67042467	0	0	0	-826.8359908	0.03119508603	-3480.41379185426	
824.2759908	80	10	10	0.1781663575	0.03047501476	97.43937458	1.732612869	0.8280125476	76.1800303	11.80873622	12.01123348	0	0	0	-824.2759908	0.03047501476	-3633.6299213059	
821.7159908	80	10	10	0.2024817519	0.02978476605	97.4191137	1.737390372	0.8434959278	75.52800888	12.11791779	12.35407332	0	0	0	-821.7159908	0.02978476605	-3787.33403170615	
819.1559908	80	10	10	0.2255479458	0.02912202249	97.40009552	1.741143078	0.8587613988	74.87194355	12.42917489	12.69888156	0	0	0	-819.1559908	0.02912202249	-3941.18479851569	
816.5959908	80	10	10	0.247452229	0.0284846727	97.38228759	1.743906778	0.8738056357	74.21194391	12.74246523	13.04559086	0	0	0	-816.5959908	0.0284846727	-4094.84885496719	
814.0359908	80	10	10	0.2682738771	0.02787079106	97.36565776	1.74571733	0.8886249114	73.5481306	13.05774025	13.39412915	0	0	0	-814.0359908	0.02787079106	-4248.00675642504	
811.4759908	80	10	10	0.2880850477	0.02727862015	97.35017429	1.746610623	0.903215089	72.88063536	13.37494517	13.74441947	0	0	0	-811.4759908	0.02727862015	-4400.35888239032	
808.9159908	80	10	10	0.3069515605	0.02670655535	97.33580584	1.746622537	0.9175716185	72.20960099	13.69401897	14.09638004	0	0	0	-808.9159908	0.02670655535	-4551.63119566433	
806.3559908	80	10	10	0.3249335794	0.02615313139	97.32252158	1.745788888	0.9316895351	71.5351813	14.0148945	14.4499242	0	0	0	-806.3559908	0.02615313139	-4701.5809814146	
803.7959908	80	10	10	0.3420862095	0.02561701052	97.31029115	1.744145389	0.945563462	70.85754093	14.33749856	14.80496051	0	0	0	-803.7959908	0.02561701052	-4850.00168725188	
801.2359908	80	10	10	0.3584600222	0.02509697199	97.2990848	1.741727589	0.9591876154	70.1768551	14.66175205	15.16139285	0	0	0	-801.2359908	0.02509697199	-4996.72733586209	
798.6759908	80	10	10	0.3741015171	0.02459190275	97.28887337	1.738570819	0.9725558135	69.49330931	14.98757015	15.51912054	0	0	0	-798.6759908	0.02459190275	-5141.6359525094	
796.1159908	80	10	10	0.3890535301	0.02410078905	97.27962838	1.734710134	0.9856614893	68.80709889	15.31486254	15.87803857	0	0	0	-796.1159908	0.02410078905	-5284.65190112629	
793.5559908	80	10	10	0.4033555941	0.02362270889	97.27132204	1.730180254	0.9984977062	68.11842858	15.64353363	16.23803778	0	0	0	-793.5559908	0.02362270889	-5425.74793639772	
790.9959908	80	10	10	0.4170442592	0.02315682523	97.26392732	1.725015502	1.011057178	67.42751193	15.9734829	16.59900516	0	0	0	-790.9959908	0.02315682523	-5564.944909706	
788.4359908	80	10	10	0.430153377	0.02270237958	97.25741796	1.719249742	1.023332293	66.73457067	16.30460518	16.96082415	0	0	0	-788.4359908	0.02270237958	-5702.3147916493	
785.8759908	80	10	10	0.4427143532	0.02225868681	97.25176854	1.712916327	1.035315135	66.039834	16.63679103	17.32337496	0	0	0	-785.8759908	0.02225868681	-5837.96775734865	
783.3159908	80	10	10	0.4547563734	0.02182512796	97.24695446	1.70604802	1.046997524	65.34353786	16.96992715	17.68653499	0	0	0	-783.3159908	0.02182512796	-5972.02891622814	
780.7559908	80	10	10	0.4663066015	0.02140114299	97.24295199	1.698676993	1.058371016	64.64592421	17.30389669	18.0501791	0	0	0	-780.7559908	0.02140114299	-6104.83783586143	
778.1959908	80	10	10	0.4773903725	0.02098625171	97.23973837	1.690834557	1.069427071	63.94723945	17.63858009	18.41418046	0	0	0	-778.1959908	0.02098625171	-6236.45259554574	
775.6359908	80	10	10	0.4880313291	0.02057998241	97.23729164	1.682551532	1.080156829	63.24773498	17.97385483	18.77841019	0	0	0	-775.6359908	0.02057998241	-6367.15822132405	
773.0759908	80	10	10	0.4982515901	0.02018195636	97.23559082	1.673857768	1.090551414	62.54766477	18.30959658	19.14273865	0	0	0	-773.0759908	0.02018195636	-6497.40371031685	
770.5159908	80	10	10	0.5080718682	0.01979181751	97.23461583	1.664782316	1.10060185	61.84728518	18.6456794	19.50703542	0	0	0	-770.5159908	0.01979181751	-6627.37809412119	
767.9559908	80	10	10	0.5175115888	0.01940925493	97.23434753	1.655353341	1.110299125	61.14685382	18.98197624	19.87116994	0	0	0	-767.9559908	0.01940925493	-6757.45104434384	
765.3959908	80	10	10	0.5265889947	0.01903399465	97.23476768	1.645598084	1.119634241	60.44662858	19.31835949	20.23501193	0	0	0	-765.3959908	0.01903399465	-6887.97207758302	
762.8359908	80	10	10	0.5353212406	0.01866579606	97.23585891	1.635542831	1.12859826	59.7468667	19.65470143	20.59843187	0	0	0	-762.8359908	0.01866579606	-7023.28301640771	
760.2759908	80	10	10	0.5437246919	0.01830484672	97.23760424	1.625212842	1.137182917	59.04781482	19.99087781	20.96130736	0	0	0	-760.2759908	0.01830484672	-7152.82436166565	
757.7159908	80	10	10	0.5518142279	0.01794989443	97.23998921	1.614632206	1.145378584	58.34974543	20.32675418	21.32350039	0	0	0	-757.7159908	0.01794989443	-7283.09807924197	
755.1559908	80	10	10	0.5596043426	0.01760171858	97.24299838	1.603824459	1.15317716	57.65289796	20.66221035	21.68489169	0	0	0	-755.1559908	0.01760171858	-7421.71588143223	
752.5959908	80	10	10	0.5671086099	0.01725990952	97.24661775	1.592811842	1.160570412	56.95751801	20.99712292	22.04535907	0	0	0	-752.5959908	0.01725990952	-7559.87857238517	
750.0359908	80	10	10	0.5743398649	0.01692434394	97.25083406	1.581615551	1.167550392	56.26384633	21.33137058	22.40478309	0	0	0	-750.0359908	0.01692434394	-7700.62479570879	
747.4759908	80	10	10	0.5813102567	0.01659491515	97.25563478	1.570255741	1.174109483	55.57211799	21.66483453	22.76304748	0	0	0	-747.4759908	0.01659491515	-7844.30307251328	
744.9159908	80	10	10	0.5880312947	0.0162715291	97.26100804	1.558751528	1.180240436	54.88256183	21.99739882	23.12003935	0	0	0	-744.9159908	0.0162715291	-7991.23535912648	
742.3559908	80	10	10	0.5945138914	0.01595410238	97.26694259	1.547120997	1.185936411	54.19539986	22.32895061	23.47564953	0	0	0	-742.3559908	0.01595410238	-8141.73216088722	
739.7959908	80	10	10	0.6007684008	0.01564256019	97.27342778	1.535381212	1.191191011	53.51084673	22.65938054	23.82977274	0	0	0	-739.7959908	0.01564256019	-8296.09005152214	
737.2359908	80	10	10	0.6068046537	0.01533683457	97.28045345	1.523548237	1.19599831	52.82910932	22.98858284	24.18230783	0	0	0	-737.2359908	0.01533683457	-8454.59029815019	
734.6759908	80	10	10	0.6126319906	0.0150368627	97.28800996	1.511637151	1.200352889	52.15038641	23.31645567	24.53315792	0	0	0	-734.6759908	0.0150368627	-8617.49848286235	
732.1159908	80	10	10	0.6182592907	0.0147425855	97.29608807	1.499662076	1.204249856	51.47486831	23.64290116	24.88223053	0	0	0	-732.1159908	0.0147425855	-8785.06534887267	
729.5559908	80	10	10	0.6236949995	0.01445394637	97.30467893	1.487636198	1.207684872	50.8027367	23.96782564	25.22943766	0	0	0	-729.5559908	0.01445394637	-8957.52539025058	
726.9959908	80	10	10	0.6289471537	0.01417089004	97.31377403	1.4755718	1.21065417	50.13416441	24.29113972	25.57469587	0	0	0	-726.9959908	0.01417089004	-9135.09791615713	
724.4359908	80	10	10	0.6340234045	0.0138933617	97.32336514	1.463480288	1.213154571	49.46931537	24.61275832	25.91792631	0	0	0	-724.4359908	0.0138933617	-9317.98680036809	
721.8759908	80	10	10	0.6389310386	0.01362130614	97.33344428	1.451372226	1.215183498	48.80834451	24.93260076	26.25905472	0	0	0	-721.8759908	0.01362130614	-9506.38147883984	
719.3159908	80	10	10	0.6436769986	0.0133546672	97.34400364	1.439257371	1.216738987	48.15139782	25.25059077	26.59801141	0	0	0	-719.3159908	0.0133546672	-9700.45719287128	
716.7559908	80	10	10	0.6482679011	0.01309338718	97.35503561	1.427144702	1.21781969	47.49861237	25.56665644	26.93473119	0	0	0	-716.7559908	0.01309338718	-9900.37460597325	
714.1959908	80	10	10	0.6527100538	0.01283740648	97.36653266	1.415042459	1.218424885	46.85011641	25.88073024	27.26915335	0	0	0	-714.1959908	0.01283740648	-10106.2819671632	
711.6359908	80	10	10	0.6570094717	0.01258666333	97.37848735	1.402958177	1.218554474	46.20602954	26.19274893	27.60122153	0	0	0	-711.6359908	0.01258666333	-10318.3141182845	
709.0759908	80	10	10	0.6611718921	0.01234109355	97.39089229	1.390898723	1.218208982	45.56646285	26.5026535	27.93088365	0	0	0	-709.0759908	0.01234109355	-10536.5941904225	
706.5159908	80	10	10	0.6652027885	0.01210063051	97.40374012	1.378870328	1.217389556	44.93151917	26.81038907	28.25809176	0	0	0	-706.5159908	0.01210063051	-10761.2339140904	
703.9559908	80	10	10	0.6691073841	0.01186520504	97.41702342	1.366878624	1.216097954	44.30129324	27.11590481	28.58280195	0	0	0	-703.9559908	0.01186520504	-10992.3326316925	
701.3959908	80	10	10	0.6728906638	0.01163474545	97.43073478	1.354928678	1.214336544	43.67587204	27.4191538	28.90497416	0	0	0	-701.3959908	0.01163474545	-11229.9799135281	
698.8359908	80	10	10	0.6765573863	0.01140917765	97.44486669	1.343025024	1.212108286	43.055335	27.7200929	29.22457209	0	0	0	-698.8359908	0.01140917765	-11474.2576389056	
696.2759908	80	10	10	0.6801120951	0.01118842532	97.45941157	1.331171698	1.209416729	42.43975432	28.01868267	29.54156301	0	0	0	-696.2759908	0.01118842532	-11725.2326689161	
693.7159908	80	10	10	0.6835591285	0.01097240981	97.47436174	1.319372267	1.206265989	41.82919525	28.31488715	29.8559176	0	0	0	-693.7159908	0.01097240981	-11982.9673046343	
691.1559908	80	10	10	0.6869026301	0.01076105073	97.4897094	1.307629861	1.202660739	41.22371641	28.60867377	30.16760982	0	0	0	-691.1559908	0.01076105073	-12247.5155529012	
688.5959908	80	10	10	0.690146558	0.01055426578	97.50544661	1.295947201	1.198606194	40.62337009	28.9000132	30.47661671	0	0	0	-688.5959908	0.01055426578	-12518.9191638626	
686.0359908	80	10	10	0.6932946935	0.01035197117	97.52156528	1.284326628	1.194108089	40.02820257	29.18887917	30.78291826	0	0	0	-686.0359908	0.01035197117	-12797.2157562287	
683.4759908	80	10	10	0.6963506493	0.01015408178	97.53805721	1.272770129	1.189172665	39.43825442	29.47524835	31.08649723	0	0	0	-683.4759908	0.01015408178	-13082.4338892201	
680.9159908	80	10	10	0.6993178784	0.009960511393	97.55491399	1.261279364	1.183806647	38.85356082	29.75910019	31.38733899	0	0	0	-680.9159908	0.009960511393	-13374.5954373173	
678.3559908	80	10	10	0.7021996806	0.009771172931	97.57212709	1.249855689	1.178017224	38.27415183	30.04041677	31.6854314	0	0	0	-678.3559908	0.009771172931	-13673.7155558823	
675.7959908	80	10	10	0.7049992105	0.009585978673	97.58968779	1.238500179	1.171812033	37.70005276	30.31918265	31.98076459	0	0	0	-675.7959908	0.009585978673	-13979.8029315755	
673.2359908	80	10	10	0.7077194843	0.009404840479	97.60758722	1.22721365	1.165199132	37.13128438	30.59538475	32.27333087	0	0	0	-673.2359908	0.009404840479	-14292.8603130281	
670.6759908	80	10	10	0.7103633857	0.009227670001	97.62581634	1.21599668	1.15818698	36.56786326	30.86901216	32.56312458	0	0	0	-670.6759908	0.009227670001	-14612.8845795066	
668.1159908	80	10	10	0.712933673	0.009054378883	97.64436595	1.204849627	1.15078442	36.009802	31.14005608	32.85014192	0	0	0	-668.1159908	0.009054378883	-14939.8671256522	
665.5559908	80	10	10	0.7154329844	0.008884878954	97.6632267	1.193772649	1.14300065	35.45710953	31.40850962	33.13438084	0	0	0	-665.5559908	0.008884878954	-15273.7941590222	
662.9959908	80	10	10	0.7178638441	0.008719082406	97.68238907	1.18276572	1.134845206	34.90979137	31.67436771	33.41584092	0	0	0	-662.9959908	0.008719082406	-15614.6471006498	
660.4359908	80	10	10	0.720228667	0.008556901965	97.70184342	1.171828646	1.126327938	34.36784981	31.93762696	33.69452322	0	0	0	-660.4359908	0.008556901965	-15962.4026614271	
657.8759908	80	10	10	0.7225297646	0.00839825104	97.72157993	1.16096108	1.117458989	33.83128422	32.19828557	33.9704302	0	0	0	-657.8759908	0.00839825104	-16317.0331675939	
655.3159908	80	10	10	0.7247693493	0.008243043869	97.74158869	1.150162537	1.10824877	33.30009123	32.45634319	34.24356558	0	0	0	-655.3159908	0.008243043869	-16678.5068130282	
652.7559908	80	10	10	0.7269495393	0.008091195643	97.76185965	1.139432405	1.098707942	32.77426492	32.71180083	34.51393425	0	0	0	-652.7559908	0.008091195643	-17046.7880446038	
650.1959908	80	10	10	0.7290723629	0.007942622628	97.78238265	1.12876996	1.088847391	32.25379708	32.96466075	34.78154217	0	0	0	-650.1959908	0.007942622628	-17421.8376572289	
647.6359908	80	10	10	0.7311397627	0.007797242262	97.80314741	1.118174375	1.078678211	31.73867734	33.21492638	35.04639628	0	0	0	-647.6359908	0.007797242262	-17803.6131113064	
645.0759908	80	10	10	0.7331535997	0.007654973253	97.82414359	1.107644732	1.068211676	31.22889337	33.46260222	35.30850442	0	0	0	-645.0759908	0.007654973253	-18192.0688623195	
642.5159908	80	10	10	0.7351156569	0.007515735655	97.84536075	1.097180029	1.057459225	30.72443105	33.70769375	35.56787521	0	0	0	-642.5159908	0.007515735655	-18587.1564199322	
639.9559908	80	10	10	0.7370276431	0.00737945094	97.86678837	1.086779196	1.046432439	30.22527461	33.95020735	35.82451804	0	0	0	-639.9559908	0.00737945094	-18988.8249694804	
637.3959908	80	10	10	0.7388911965	0.007246042059	97.88841588	1.076441095	1.03514302	29.73140682	34.19015025	36.07844293	0	0	0	-637.3959908	0.007246042059	-19397.0212046232	
634.8359908	80	10	10	0.7407078873	0.007115433488	97.91023269	1.066164534	1.023602775	29.24280906	34.42753042	36.32966052	0	0	0	-634.8359908	0.007115433488	-19811.6896119465	
632.2759908	80	10	10	0.7424792217	0.006987551271	97.93222814	1.055948272	1.01182359	28.75946149	34.66235653	36.57818198	0	0	0	-632.2759908	0.006987551271	-20232.7732526301	
629.7159908	80	10	10	0.7442066444	0.006862323056	97.95439156	1.045791027	0.9998174178	28.28134317	34.89463788	36.82401895	0	0	0	-629.7159908	0.006862323056	-20660.2133037712	
627.1559908	80	10	10	0.7458915413	0.006739678113	97.97671227	1.035691479	0.987596254	27.80843217	35.12438434	37.06718349	0	0	0	-627.1559908	0.006739678113	-21093.9497363985	
624.5959908	80	10	10	0.7475352425	0.00661954736	97.99917959	1.025648283	0.9751721227	27.34070564	35.35160631	37.30768805	0	0	0	-624.5959908	0.00661954736	-21533.9216154122	
622.0359908	80	10	10	0.7491390249	0.006501863369	98.02178288	1.015660066	0.9625570572	26.87813995	35.57631464	37.5455454	0	0	0	-622.0359908	0.006501863369	-21980.0669280181	
619.4759908	80	10	10	0.7507041142	0.006386560374	98.04451148	1.005725439	0.9497630829	26.42071075	35.79852063	37.78076862	0	0	0	-619.4759908	0.006386560374	-22432.3234440867	
616.9159908	80	10	10	0.7522316876	0.006273574273	98.0673548	0.9958429979	0.9368022011	25.96839306	36.01823592	38.01337102	0	0	0	-616.9159908	0.006273574273	-22890.6284151698	
614.3559908	80	10	10	0.7537228759	0.00616284262	98.0903023	0.9860113295	0.9236863725	25.52116134	36.23547253	38.24336613	0	0	0	-614.3559908	0.00616284262	-23354.9187184585	
611.7959908	80	10	10	0.7551787658	0.006054304617	98.11334348	0.9762290153	0.9104275021	25.07898957	36.45024275	38.47076768	0	0	0	-611.7959908	0.006054304617	-23825.1319376562	
609.2359908	80	10	10	0.7566004014	0.005947901106	98.13646794	0.9664946355	0.8970374233	24.64185128	36.66255917	38.69558956	0	0	0	-609.2359908	0.005947901106	-24301.2058713491	
606.6759908	80	10	10	0.7579887867	0.005843574547	98.15966534	0.9568067728	0.8835278845	24.20971966	36.87243458	38.91784576	0	0	0	-606.6759908	0.005843574547	-24783.0787536423	
604.1159908	80	10	10	0.7593448867	0.005741269003	98.18292545	0.9471640154	0.869910534	23.78256757	37.07988202	39.13755042	0	0	0	-604.1159908	0.005741269003	-25270.6895576969	
601.5559908	80	10	10	0.76066963	0.005640930114	98.20623813	0.9375649606	0.8561969072	23.3603676	37.28491467	39.35471773	0	0	0	-601.5559908	0.005640930114	-25763.9788130018	
598.9959908	80	10	10	0.7619639098	0.005542505081	98.22959337	0.9280082176	0.8423984137	22.94309211	37.4875459	39.56936199	0	0	0	-598.9959908	0.005542505081	-26262.8881303258	
596.4359908	80	10	10	0.7632285854	0.005445942631	98.25298126	0.9184924106	0.8285263246	22.5307133	37.6877892	39.7814975	0	0	0	-596.4359908	0.005445942631	-26767.3600665689	
593.8759908	80	10	10	0.7644644844	0.005351192994	98.27639206	0.9090161811	0.8145917609	22.12320318	37.88565818	39.99113864	0	0	0	-593.8759908	0.005351192994	-27277.3394422024	
591.3159908	80	10	10	0.7656724033	0.005258207874	98.29981613	0.8995781908	0.8006056824	21.72053366	38.08116655	40.19829979	0	0	0	-591.3159908	0.005258207874	-27792.7728609923	
588.7559908	80	10	10	0.7668531092	0.005166940418	98.323244	0.8901771238	0.7865788765	21.32267657	38.27432809	40.40299535	0	0	0	-588.7559908	0.005166940418	-28313.6089071918	
586.1959908	80	10	10	0.7680073412	0.005077345185	98.34666636	0.8808116887	0.7725219488	20.92960365	38.46515665	40.6052397	0	0	0	-586.1959908	0.005077345185	-28839.798415464	
583.6359908	80	10	10	0.7691358115	0.004989378114	98.37007407	0.8714806213	0.7584453129	20.54128661	38.65366614	40.80504725	0	0	0	-583.6359908	0.004989378114	-29371.294354093	
581.0759908	80	10	10	0.7702392064	0.00490299649	98.39345813	0.8621826859	0.7443591817	20.15769714	38.83987051	41.00243235	0	0	0	-581.0759908	0.00490299649	-29908.0523126661	
578.5159908	80	10	10	0.7713181876	0.004818158913	98.41680976	0.852916678	0.7302735586	19.77880692	39.02378372	41.19740937	0	0	0	-578.5159908	0.004818158913	-30450.0313119705	
575.9559908	80	10	10	0.7723733935	0.004734825267	98.44012034	0.8436814257	0.7161982301	19.40458764	39.20541976	41.3899926	0	0	0	-575.9559908	0.004734825267	-30997.1924026762	
573.3959908	80	10	10	0.7734054395	0.00465295668	98.46338145	0.8344757916	0.7021427578	19.035011	39.38479265	41.58019635	0	0	0	-573.3959908	0.00465295668	-31549.4993972415	
570.8359908	80	10	10	0.7744149197	0.004572515496	98.48658485	0.8252986743	0.6881164721	18.67004877	39.56191637	41.76803485	0	0	0	-570.8359908	0.004572515496	-32106.9206443081	
568.2759908	80	10	10	0.7754024072	0.004493465244	98.50972252	0.8161490106	0.6741284654	18.30967274	39.73680494	41.95352232	0	0	0	-568.2759908	0.004493465244	-32669.4265840451	
565.7159908	80	10	10	0.7763684557	0.004415770597	98.53278664	0.8070257765	0.6601875868	17.95385474	39.90947234	42.13667292	0	0	0	-565.7159908	0.004415770597	-33236.9910316875	
563.1559908	80	10	10	0.7773135994	0.004339397347	98.55576957	0.7979279888	0.6463024364	17.60256669	40.07993255	42.31750077	0	0	0	-563.1559908	0.004339397347	-33809.5918238041	
560.5959908	80	10	10	0.7782383547	0.004264312368	98.57866393	0.7888547069	0.6324813608	17.25578056	40.24819951	42.49601994	0	0	0	-560.5959908	0.004264312368	-34387.2105516221	
558.0359908	80	10	10	0.7791432202	0.004190483589	98.60146252	0.7798050337	0.618732449	16.91346838	40.41428715	42.67224446	0	0	0	-558.0359908	0.004190483589	-34969.8320580566	
555.4759908	80	10	10	0.780028678	0.004117879956	98.62415835	0.7707781173	0.6050635283	16.57560229	40.57820939	42.84618832	0	0	0	-555.4759908	0.004117879956	-35557.4446415638	
552.9159908	80	10	10	0.7808951941	0.004046471406	98.64674469	0.7617731522	0.5914821614	16.24215446	40.73998008	43.01786545	0	0	0	-552.9159908	0.004046471406	-36150.041978023	
550.3559908	80	10	10	0.7817432191	0.003976228838	98.66921498	0.7527893804	0.5779956436	15.91309717	40.89961308	43.18728975	0	0	0	-550.3559908	0.003976228838	-36747.6210261031	
547.7959908	80	10	10	0.7825731887	0.003907124079	98.69156291	0.7438260927	0.5646110004	15.58840277	41.05712217	43.35447506	0	0	0	-547.7959908	0.003907124079	-37350.1820161276	
545.2359908	80	10	10	0.7833855245	0.003839129856	98.71378238	0.7348826297	0.5513349857	15.26804368	41.21252114	43.51943518	0	0	0	-545.2359908	0.003839129856	-37957.730538451	
542.6759908	80	10	10	0.7841806346	0.003772219771	98.73586754	0.7259583832	0.5381740808	14.95199241	41.36582372	43.68218388	0	0	0	-542.6759908	0.003772219771	-38570.2803824326	
540.1159908	80	10	10	0.7849589139	0.003706368283	98.75781271	0.7170527969	0.525134493	14.64022154	41.51704359	43.84273487	0	0	0	-540.1159908	0.003706368283	-39187.8376094988	
537.5559908	80	10	10	0.7857207449	0.003641550631	98.77961248	0.7081653678	0.5122221555	14.33270373	41.66619442	44.00110186	0	0	0	-537.5559908	0.003641550631	-39810.4175837514	
534.9959908	80	10	10	0.7864664978	0.003577742873	98.80126163	0.6992956463	0.4994427272	14.02941171	41.81328982	44.15729847	0	0	0	-534.9959908	0.003577742873	-40438.0553114264	
532.4359908	80	10	10	0.7871965315	0.003514921846	98.82275517	0.690443238	0.486801593	13.73031829	41.95834339	44.31133833	0	0	0	-532.4359908	0.003514921846	-41070.7788846595	
529.8759908	80	10	10	0.7879111935	0.003453065116	98.84408833	0.6816078041	0.474303865	13.43539634	42.10136865	44.46323501	0	0	0	-529.8759908	0.003453065116	-41708.6171461648	
527.3159908	80	10	10	0.7886108209	0.003392150966	98.86525655	0.6727890624	0.4619543829	13.1446188	42.24237912	44.61300208	0	0	0	-527.3159908	0.003392150966	-42351.6083050473	
524.7559908	80	10	10	0.7892957403	0.003332158375	98.8862555	0.6639867877	0.4497577163	12.85795868	42.38138826	44.76065306	0	0	0	-524.7559908	0.003332158375	-42999.7956286848	
522.1959908	80	10	10	0.7899662686	0.003273066993	98.90708102	0.6552008129	0.437718166	12.57538904	42.51840951	44.90620145	0	0	0	-522.1959908	0.003273066993	-43653.2286533085	
519.6359908	80	10	10	0.7906227129	0.003214857124	98.9277292	0.6464310294	0.4258397662	12.296883	42.65345628	45.04966072	0	0	0	-519.6359908	0.003214857124	-44311.9611653155	
517.0759908	80	10	10	0.7912653715	0.003157509697	98.94819632	0.6376773875	0.4141262877	12.02241373	42.78654192	45.19104435	0	0	0	-517.0759908	0.003157509697	-44976.0521162006	
514.5159908	80	10	10	0.7918945337	0.003101006252	98.96847886	0.6289398974	0.4025812399	11.75195446	42.91767976	45.33036578	0	0	0	-514.5159908	0.003101006252	-45645.5681476715	
511.9559908	80	10	10	0.7925104805	0.003045328919	98.9885735	0.6202186292	0.3912078745	11.48547845	43.04688313	45.46763842	0	0	0	-511.9559908	0.003045328919	-46320.5815086783	
509.3959908	80	10	10	0.7931134845	0.002990460399	99.0084771	0.6115137135	0.3800091886	11.22295901	43.17416527	45.60287571	0	0	0	-509.3959908	0.002990460399	-47001.1699959954	
506.8359908	80	10	10	0.7937038107	0.002936383944	99.02818673	0.6028253416	0.3689879287	10.96436949	43.29953946	45.73609105	0	0	0	-506.8359908	0.002936383944	-47687.4174177673	
504.2759908	80	10	10	0.7942817165	0.00288308334	99.04769964	0.594153766	0.3581465944	10.70968327	43.42301889	45.86729784	0	0	0	-504.2759908	0.00288308334	-48379.4159138645	
501.7159908	80	10	10	0.7948474519	0.002830542893	99.06701326	0.5854993002	0.3474874427	10.45887375	43.54461677	45.99650948	0	0	0	-501.7159908	0.002830542893	-49077.2638380007	
499.1559908	80	10	10	0.79540126	0.002778747408	99.08612519	0.5768623191	0.3370124925	10.21191437	43.66434628	46.12373935	0	0	0	-499.1559908	0.002778747408	-49781.0665028061	
496.5959908	80	10	10	0.7959433773	0.002727682177	99.10503321	0.5682432592	0.3267235288	9.968778577	43.78222055	46.24900087	0	0	0	-496.5959908	0.002727682177	-50490.9381314883	
494.0359908	80	10	10	0.7964740335	0.002677332963	99.12373527	0.5596426179	0.3166221083	9.729439847	43.89825273	46.37230742	0	0	0	-494.0359908	0.002677332963	-51206.9992495903	
491.4759908	80	10	10	0.7969934523	0.002627685983	99.14222948	0.5510609542	0.3067095634	9.493871659	44.01245594	46.49367241	0	0	0	-491.4759908	0.002627685983	-51929.3794636993	
488.9159908	80	10	10	0.7975018513	0.002578727898	99.1605141	0.5424988879	0.2969870082	9.262047501	44.12484325	46.61310924	0	0	0	-488.9159908	0.002578727898	-52658.2182470242	
486.3559908	80	10	10	0.7979994421	0.002530445798	99.17858756	0.5339570998	0.2874553433	9.033940865	44.23542778	46.73063135	0	0	0	-486.3559908	0.002530445798	-53393.662196485	
483.7959908	80	10	10	0.7984864309	0.002482827187	99.19644841	0.5254363307	0.2781152615	8.809525242	44.34422259	46.84625217	0	0	0	-483.7959908	0.002482827187	-54135.8692784539	
481.2359908	80	10	10	0.7989630185	0.002435859976	99.21409536	0.5169373818	0.2689672533	8.588774118	44.45124074	46.95998514	0	0	0	-481.2359908	0.002435859976	-54885.0056681113	
478.6759908	80	10	10	0.7994294005	0.002389532463	99.23152727	0.5084611133	0.2600116124	8.371660966	44.5564953	47.07184373	0	0	0	-478.6759908	0.002389532463	-55641.2495479579	
476.1159908	80	10	10	0.7998857672	0.002343833332	99.24874311	0.5000084446	0.2512484417	8.158159249	44.65999933	47.18184143	0	0	0	-476.1159908	0.002343833332	-56404.789968149	
473.5559908	80	10	10	0.8003323044	0.002298751632	99.26574199	0.4915803528	0.2426776591	7.948242408	44.76176586	47.28999173	0	0	0	-473.5559908	0.002298751632	-57175.8268329937	
470.9959908	80	10	10	0.8007691932	0.002254276775	99.28252312	0.4831778726	0.2342990032	7.741883862	44.86180796	47.39630818	0	0	0	-470.9959908	0.002254276775	-57954.5741721619	
468.4359908	80	10	10	0.8011966099	0.002210398521	99.29908587	0.4748020947	0.2261120397	7.539057002	44.96013867	47.50080432	0	0	0	-468.4359908	0.002210398521	-58741.2560963667	
465.8759908	80	10	10	0.8016147267	0.002167106969	99.31542967	0.4664541655	0.2181161669	7.339735185	45.05677106	47.60349375	0	0	0	-465.8759908	0.002167106969	-59536.1126882383	
463.3159908	80	10	10	0.8020237116	0.002124392551	99.33155409	0.4581352855	0.2103106223	7.143891734	45.15171819	47.70439008	0	0	0	-463.3159908	0.002124392551	-60339.3989270548	
460.7559908	80	10	10	0.8024237285	0.002082246021	99.3474588	0.4498467084	0.2026944881	6.95149993	45.24499313	47.80350694	0	0	0	-460.7559908	0.002082246021	-61151.3806743535	
458.1959908	80	10	10	0.8028149375	0.002040658443	99.36314356	0.4415897395	0.1952666978	6.762533005	45.33660896	47.90085804	0	0	0	-458.1959908	0.002040658443	-61972.3444205371	
455.6359908	80	10	10	0.8031974946	0.001999621193	99.37860822	0.4333657347	0.1880260419	6.576964145	45.42657878	47.99645707	0	0	0	-455.6359908	0.001999621193	-62802.5921656786	
453.0759908	80	10	10	0.8035715527	0.00195912594	99.39385273	0.4251760985	0.1809711745	6.394766477	45.51491571	48.09031781	0	0	0	-453.0759908	0.00195912594	-63642.4408936718	
450.5159908	80	10	10	0.8039372608	0.001919164646	99.4088771	0.417022283	0.1741006185	6.21591307	45.60163288	48.18245405	0	0	0	-450.5159908	0.001919164646	-64492.2301860497	
447.9559908	80	10	10	0.8042947647	0.001879729557	99.42368144	0.4089057858	0.1674127726	6.040376927	45.68674344	48.27287964	0	0	0	-447.9559908	0.001879729557	-65352.3177065912	
445.3959908	80	10	10	0.8046442068	0.001840813196	99.43826594	0.4008281482	0.1609059165	5.868130983	45.77026056	48.36160845	0	0	0	-445.3959908	0.001840813196	-66223.0803701347	
442.8359908	80	10	10	0.8049857266	0.001802408355	99.45263083	0.3927909535	0.1545782173	5.699148097	45.85219746	48.44865444	0	0	0	-442.8359908	0.001802408355	-67104.9193866085	
440.2759908	80	10	10	0.8053194603	0.001764508093	99.46677644	0.3847958249	0.1484277355	5.533401051	45.93256737	48.53403158	0	0	0	-440.2759908	0.001764508093	-67998.2582931457	
437.7159908	80	10	10	0.8056455415	0.001727105725	99.48070315	0.3768444233	0.1424524303	5.370862542	46.01138355	48.61775391	0	0	0	-437.7159908	0.001727105725	-68903.5450919924	
435.1559908	80	10	10	0.8059641006	0.001690194821	99.49441139	0.3689384454	0.1366501657	5.211505178	46.0886593	48.69983552	0	0	0	-435.1559908	0.001690194821	-69821.2527053336	
432.5959908	80	10	10	0.8062752657	0.001653769195	99.50790166	0.3610796211	0.1310187165	5.055301473	46.16440795	48.78029057	0	0	0	-432.5959908	0.001653769195	-70751.8814324968	
430.0359908	80	10	10	0.806579162	0.001617822905	99.52117452	0.3532697111	0.1255557733	4.902223843	46.23864289	48.85913327	0	0	0	-430.0359908	0.001617822905	-71695.9636726463	
427.4759908	80	10	10	0.8068759122	0.001582350246	99.53423055	0.3455105047	0.1202589484	4.7522446	46.31137753	48.93637787	0	0	0	-427.4759908	0.001582350246	-72654.0565067582	
424.9159908	80	10	10	0.8071656368	0.001547345741	99.5470704	0.337803817	0.1151257811	4.605335947	46.38262534	49.01203871	0	0	0	-424.9159908	0.001547345741	-73626.7543728959	
422.3559908	80	10	10	0.8074484538	0.001512804145	99.55969477	0.3301514863	0.1101537434	4.461469974	46.45239982	49.0861302	0	0	0	-422.3559908	0.001512804145	-74614.6827515549	
419.7959908	80	10	10	0.8077244789	0.001478720429	99.57210438	0.3225553713	0.1053402445	4.320618651	46.52071455	49.1586668	0	0	0	-419.7959908	0.001478720429	-75618.5028993366	
417.2359908	80	10	10	0.8079938259	0.001445089786	99.58430002	0.3150173483	0.1006826366	4.182753826	46.58758314	49.22966304	0	0	0	-417.2359908	0.001445089786	-76638.9170119904	
414.6759908	80	10	10	0.8082566061	0.001411907619	99.59628247	0.3075393082	0.09617821987	4.047847217	46.65301926	49.29913353	0	0	0	-414.6759908	0.001411907619	-77676.6620526766	
412.1159908	80	10	10	0.8085129292	0.001379169539	99.6080526	0.3001231539	0.09182424684	3.915870408	46.71703664	49.36709295	0	0	0	-412.1159908	0.001379169539	-78732.5241638706	
409.5559908	80	10	10	0.8087629028	0.001346871364	99.61961128	0.2927707964	0.08761792777	3.786794846	46.77964909	49.43355607	0	0	0	-409.5559908	0.001346871364	-79807.3303539271	
406.9959908	80	10	10	0.8090066327	0.001315009108	99.63095941	0.2854841526	0.08355643503	3.660591832	46.84087045	49.49853771	0	0	0	-406.9959908	0.001315009108	-80901.9537318722	
404.4359908	80	10	10	0.8092442229	0.001283578982	99.64209795	0.2782651414	0.07963690777	3.53723252	46.90071467	49.56205281	0	0	0	-404.4359908	0.001283578982	-82017.3219108522	
401.8759908	80	10	10	0.8094757757	0.001252577388	99.65302786	0.2711156809	0.0758564563	3.416687909	46.95919573	49.62411636	0	0	0	-401.8759908	0.001252577388	-83154.4141031155	
399.3159908	80	10	10	0.8097013917	0.001222000915	99.66375015	0.2640376846	0.07221216642	3.29892884	47.01632771	49.68474345	0	0	0	-399.3159908	0.001222000915	-84314.2638743511	
396.7559908	80	10	10	0.8099211702	0.001191846333	99.67426584	0.2570330584	0.06870110361	3.183925994	47.07212474	49.74394926	0	0	0	-396.7559908	0.001191846333	-85497.9697501499	
394.1959908	80	10	10	0.8101352086	0.001162110594	99.68457599	0.2501036974	0.06532031707	3.071649879	47.12660107	49.80174905	0	0	0	-394.1959908	0.001162110594	-86706.6900095934	
391.6359908	80	10	10	0.8103436033	0.00113279082	99.69468167	0.2432514816	0.0620668437	2.962070834	47.17977099	49.85815817	0	0	0	-391.6359908	0.00113279082	-87941.6487580337	
389.0759908	80	10	10	0.8105464488	0.001103884305	99.70458401	0.2364782732	0.05893771182	2.855159022	47.23164889	49.91319209	0	0	0	-389.0759908	0.001103884305	-89204.1499754595	
386.5159908	80	10	10	0.8107438389	0.00107538851	99.71428414	0.229785913	0.05592994493	2.750884423	47.28224925	49.96686633	0	0	0	-386.5159908	0.00107538851	-90495.5675647724	
383.9559908	80	10	10	0.8109358656	0.001047301055	99.72378322	0.2231762165	0.05304056519	2.649216834	47.33158663	50.01919654	0	0	0	-383.9559908	0.001047301055	-91817.3548022449	
381.3959908	80	10	10	0.8111226199	0.001019619717	99.73308243	0.2166509704	0.05026659687	2.55012586	47.37967567	50.07019847	0	0	0	-381.3959908	0.001019619717	-93171.0573409413	
378.8359908	80	10	10	0.8113041918	0.0009923424268	99.742183	0.2102119296	0.04760506964	2.453580916	47.42653114	50.11988795	0	0	0	-378.8359908	0.0009923424268	-94558.3106335579	
376.2759908	80	10	10	0.81148067	0.0009654672617	99.75108617	0.2038608128	0.04505302171	2.359551219	47.47216785	50.16828093	0	0	0	-376.2759908	0.0009654672617	-95980.8460417537	
373.7159908	80	10	10	0.8116521423	0.0009389924421	99.7597932	0.1975992999	0.04260750288	2.268005788	47.51660076	50.21539345	0	0	0	-373.7159908	0.0009389924421	-97440.5015886723	
371.1559908	80	10	10	0.8118186952	0.0009129163266	99.76830539	0.1914290276	0.04026557746	2.178913438	47.5598449	50.26124167	0	0	0	-371.1559908	0.0009129163266	-98939.2264145995	
368.5959908	80	10	10	0.8119804147	0.0008872374068	99.77662409	0.1853515866	0.03802432702	2.092242778	47.60191539	50.30584183	0	0	0	-368.5959908	0.0008872374068	-100479.088649921	
366.0359908	80	10	10	0.8121373855	0.0008619543023	99.78475063	0.1793685177	0.03588085307	2.00796221	47.64282747	50.34921032	0	0	0	-366.0359908	0.0008619543023	-102062.283734646	
363.4759908	80	10	10	0.8122896918	0.0008370657553	99.79268641	0.1734813085	0.03383227963	1.926039925	47.68259649	50.39136359	0	0	0	-363.4759908	0.0008370657553	-103691.143340749	
360.9159908	80	10	10	0.8124374166	0.0008125706253	99.80043285	0.1676913903	0.0318757556	1.846443902	47.72123787	50.43231823	0	0	0	-360.9159908	0.0008125706253	-105368.145466878	
358.3559908	80	10	10	0.8125806423	0.0007884678836	99.80799141	0.1620001345	0.03000845707	1.769141908	47.75876717	50.47209092	0	0	0	-358.3559908	0.0007884678836	-107095.92367351	
355.7959908	80	10	10	0.8127194507	0.0007647566071	99.81536356	0.1564088492	0.02822758954	1.694101492	47.79520004	50.51069846	0	0	0	-355.7959908	0.0007647566071	-108877.278994446	
353.2359908	80	10	10	0.8128539228	0.0007414359727	99.82255083	0.1509187768	0.02653038994	1.62128999	47.83055224	50.54815777	0	0	0	-353.2359908	0.0007414359727	-110715.192301127	
350.6759908	80	10	10	0.8129841387	0.0007185052508	99.82955478	0.1455310899	0.02491412865	1.550674522	47.86483962	50.58448586	0	0	0	-350.6759908	0.0007185052508	-112612.837274489	
348.1159908	80	10	10	0.8131101783	0.0006959637991	99.836377	0.1402468893	0.02337611127	1.482221991	47.89807816	50.61969985	0	0	0	-348.1159908	0.0006959637991	-114573.59617042	
345.5559908	80	10	10	0.8132321206	0.0006738110562	99.84301912	0.1350672004	0.02191368042	1.415899088	47.93028393	50.65381698	0	0	0	-345.5559908	0.0006738110562	-116601.073707699	
342.9959908	80	10	10	0.813350044	0.0006520465342	99.84948281	0.1299929709	0.02052421735	1.351672288	47.96147312	50.68685459	0	0	0	-342.9959908	0.0006520465342	-118699.114710522	
340.4359908	80	10	10	0.8134640267	0.000630669812	99.85576979	0.1250250681	0.01920514346	1.289507856	47.99166201	50.71883013	0	0	0	-340.4359908	0.000630669812	-120871.824604535	
337.8759908	80	10	10	0.813574146	0.0006096805281	99.8618818	0.1201642761	0.01795392173	1.229371846	48.02086699	50.74976116	0	0	0	-337.8759908	0.0006096805281	-123123.587716248	
335.3159908	80	10	10	0.8136804789	0.0005890783726	99.86782065	0.1154112937	0.01676805807	1.171230108	48.04910456	50.77966533	0	0	0	-335.3159908	0.0005890783726	-125459.091209106	
332.7559908	80	10	10	0.813783102	0.00056886308	99.87358817	0.1107667323	0.01564510252	1.115048287	48.07639131	50.8085604	0	0	0	-332.7559908	0.00056886308	-127883.062812519	
330.1959908	80	10	10	0.8138820913	0.0005490343343	99.87918624	0.1062311141	0.01458265034	1.060791834	48.10274395	50.83646422	0	0	0	-330.1959908	0.0005490343343	-130403.91759407	
327.6359908	80	10	10	0.8139775227	0.0005295928199	99.88461679	0.1018048654	0.01357834372	1.008425943	48.12817924	50.86339481	0	0	0	-327.6359908	0.0005295928199	-133019.991446745	
325.0759908	80	10	10	0.8140694711	0.0005105361845	99.8898818	0.09748833031	0.01262987058	0.9579157934	48.15271408	50.88937012	0	0	0	-325.0759908	0.0005105361845	-135742.018544254	
322.5159908	80	10	10	0.8141580116	0.0004918662838	99.89498328	0.09328174733	0.01173496851	0.9092262141	48.17636545	50.91440834	0	0	0	-322.5159908	0.0004918662838	-138581.240060501	
319.9559908	80	10	10	0.8142432187	0.0004735822878	99.89992331	0.08918526267	0.0108914235	0.8623219153	48.1991504	50.93852769	0	0	0	-319.9559908	0.0004735822878	-141537.95764876	
317.3959908	80	10	10	0.8143251665	0.0004556840187	99.904704	0.08519892524	0.01009707116	0.8171674415	48.22108609	50.96174647	0	0	0	-317.3959908	0.0004556840187	-144622.091248107	
314.8359908	80	10	10	0.8144039288	0.0004381712805	99.90932752	0.08132268574	0.009349797327	0.7737271798	48.24218974	50.98408308	0	0	0	-314.8359908	0.0004381712805	-147841.863115527	
312.2759908	80	10	10	0.8144795792	0.0004210438499	99.91379607	0.0775563959	0.008647538623	0.7319653696	48.26247866	51.00555597	0	0	0	-312.2759908	0.0004210438499	-151206.133137263	
309.7159908	80	10	10	0.8145521907	0.0004043014665	99.91811191	0.07389980791	0.007988282906	0.691846113	48.28197022	51.02618367	0	0	0	-309.7159908	0.0004043014665	-154724.455336989	
307.1559908	80	10	10	0.8146218361	0.0003879438227	99.92227736	0.07035257419	0.007370069657	0.6533333865	48.30068185	51.04598476	0	0	0	-307.1559908	0.0003879438227	-158407.141307082	
304.5959908	80	10	10	0.814688588	0.0003719705532	99.92629476	0.06691424716	0.006790990293	0.6163910529	48.31863105	51.0649779	0	0	0	-304.5959908	0.0003719705532	-162265.330731462	
302.0359908	80	10	10	0.8147525185	0.0003563812243	99.93016653	0.06358427948	0.006249188415	0.5809828749	48.33583536	51.08318176	0	0	0	-302.0359908	0.0003563812243	-142266.945838577	
300	80	10	10	0.8148013968	0.0002725896944	99.93314344	0.06101285696	0.005843699658	0.5538935406	48.34899796	51.09710849	0	0	0	-300	0.0002725896944	93670.3680596585	
