T	w(AL)	w(MG)	w(SI)	fs	fw(@FCC_A1)	w(AL@FCC_A1)	w(MG@FCC_A1)	w(SI@FCC_A1)	w(AL@LIQUID)	w(MG@LIQUID)	w(SI@LIQUID)	dwdT_L(AL@LIQUID)	dwdT_L(MG@LIQUID)	dwdT_L(SI@LIQUID)	-T	fw(@FCC_A1)_1	-T//fw(@FCC_A1)	
K	%	%	%	mole/mole	kg/kg	%	%	%	%	%	%	SI	SI	SI				
902.3168531	94	3	3	0	0	98.90277834	0.8062416918	0.2909799703	94	3	3	0.001991033286	-0.0008908684795	-0.001100164807	-902.3168531	0	12.2545142704404	
902.3068531	94	3	3	0.0004055618775	0.0004061018277	98.90249984	0.806424055	0.2910761054	93.99800894	3.00089092	3.00110014	0	0	0	-902.3068531	0.0004061018277	36.9942175396426	
902.2868531	94	3	3	0.001215651081	0.0008114446519	98.90194294	0.8067886746	0.2912683811	93.99402675	3.002672638	3.003300614	0	0	0	-902.2868531	0.0008114446519	49.3665182299847	
902.2468531	94	3	3	0.002832511725	0.001620873273	98.90082945	0.8075176151	0.2916529374	93.98606178	3.006235999	3.007702226	0	0	0	-902.2468531	0.001620873273	49.479510827447	
902.1668531	94	3	3	0.006052991155	0.003233681596	98.89860435	0.8089736751	0.292421971	93.9701296	3.013362369	3.016508029	0	0	0	-902.1668531	0.003233681596	49.7273478541909	
902.0068531	94	3	3	0.01244144178	0.006435323612	98.8941612	0.8118790094	0.2939597928	93.93825635	3.02761373	3.034129918	0	0	0	-902.0068531	0.006435323612	50.2692198627056	
901.6868531	94	3	3	0.02499453303	0.01272849022	98.88530405	0.8176610371	0.2970349133	93.87447583	3.056105849	3.069418321	0	0	0	-901.6868531	0.01272849022	51.3844333677271	
901.0468531	94	3	3	0.04927485997	0.0249367528	98.8677034	0.8291145894	0.3031820113	93.74677474	3.113060739	3.140164517	0	0	0	-901.0468531	0.0249367528	53.5644777155783	
899.7668531	94	3	3	0.09476331705	0.0479121677	98.83295148	0.8515860416	0.3154624771	93.49080866	3.226870633	3.282320705	0	0	0	-899.7668531	0.0479121677	58.1760296195501	
897.2068531	94	3	3	0.1750619906	0.08882975641	98.76520416	0.8948356228	0.339960217	92.97660902	3.454220211	3.569170768	0	0	0	-897.2068531	0.08882975641	-515.82656011118	
894.6468531	94	3	3	0.2433500756	0.08290486019	98.69964415	0.9360382457	0.3643175993	92.45925079	3.681862069	3.858887146	0	0	0	-894.6468531	0.08290486019	-465.143195075724	
892.0868531	94	3	3	0.3020645725	0.07772332881	98.63621192	0.9752591438	0.3885289354	91.93869825	3.909956294	4.15134546	0	0	0	-892.0868531	0.07772332881	-529.278617315624	
889.5268531	94	3	3	0.3530340863	0.07315459215	98.57485218	1.012557652	0.4125901681	91.41491646	4.138643687	4.446439853	0	0	0	-889.5268531	0.07315459215	-597.694204073777	
886.9668531	94	3	3	0.3976558563	0.06909676868	98.51551319	1.047988285	0.436498524	90.88787136	4.368049038	4.744079605	0	0	0	-886.9668531	0.06909676868	-670.404386863868	
884.4068531	94	3	3	0.4370148195	0.06546935205	98.45814606	1.081601698	0.4602522399	90.35752947	4.598283848	5.044186678	0	0	0	-884.4068531	0.06546935205	-747.421785493632	
881.8468531	94	3	3	0.4719654648	0.06220780136	98.40270436	1.113445204	0.4838504343	89.82385852	4.829448148	5.346693327	0	0	0	-881.8468531	0.06220780136	-828.771083239692	
879.2868531	94	3	3	0.5031894567	0.05925992082	98.34914352	1.143563648	0.5072928349	89.28682649	5.061632542	5.65154097	0	0	0	-879.2868531	0.05925992082	-914.470175064722	
876.7268531	94	3	3	0.5312368083	0.05658290461	98.29742061	1.171999668	0.5305797204	88.74640225	5.294919261	5.958678487	0	0	0	-876.7268531	0.05658290461	-1004.52838483239	
874.1668531	94	3	3	0.5565559241	0.05414137883	98.24749409	1.198794115	0.553711794	88.20255553	5.529383291	6.268061177	0	0	0	-874.1668531	0.05414137883	-1098.95952998554	
871.6068531	94	3	3	0.5795158148	0.05190584283	98.19932354	1.223986368	0.5766900926	87.65525696	5.765093238	6.579649804	0	0	0	-871.6068531	0.05190584283	-1197.77209077062	
869.0468531	94	3	3	0.6004227631	0.04985149743	98.15286951	1.247614581	0.5995159103	87.10447818	6.002112027	6.893409793	0	0	0	-869.0468531	0.04985149743	-1300.97078758011	
866.4868531	94	3	3	0.6195329853	0.04795734353	98.10809337	1.269715899	0.6221907334	86.550192	6.240497483	7.20931052	0	0	0	-866.4868531	0.04795734353	-1408.55544059122	
863.9268531	94	3	3	0.6370623633	0.04620547871	98.06495719	1.29032663	0.6447161832	85.9923725	6.480302797	7.527324706	0	0	0	-863.9268531	0.04620547871	-1520.52033270658	
861.3668531	94	3	3	0.6531940053	0.04458054601	98.02342364	1.309482395	0.667093967	85.43099521	6.721576908	7.847427881	0	0	0	-861.3668531	0.04458054601	-1636.8535709565	
858.8068531	94	3	3	0.6680841777	0.04306929552	97.98345592	1.327218249	0.6893258338	84.86603727	6.964364825	8.169597901	0	0	0	-858.8068531	0.04306929552	-1757.53596314432	
856.2468531	94	3	3	0.6818670012	0.0416602337	97.94501768	1.343568782	0.7114135345	84.2974776	7.208707877	8.493814519	0	0	0	-856.2468531	0.0416602337	-1882.54009489763	
853.6868531	94	3	3	0.6946582009	0.04034334035	97.908073	1.358568211	0.7333587865	83.72529708	7.454643923	8.820058995	0	0	0	-853.6868531	0.04034334035	-2011.82938004644	
851.1268531	94	3	3	0.7065581239	0.03910983869	97.87258631	1.372250448	0.75516324	83.14947875	7.702207512	9.148313736	0	0	0	-851.1268531	0.03910983869	-2145.35711461019	
848.5668531	94	3	3	0.7176541853	0.03795200715	97.83852239	1.384649164	0.7768284479	82.57000801	7.951430017	9.478561969	0	0	0	-848.5668531	0.03795200715	-2283.06547401182	
846.0068531	94	3	3	0.728022865	0.03686302436	97.80584633	1.395797831	0.7983558367	81.98687284	8.202339728	9.810787436	0	0	0	-846.0068531	0.03686302436	-2424.88448189584	
843.4468531	94	3	3	0.7377313479	0.03583684065	97.77452355	1.405729773	0.819746679	81.40006396	8.454961931	10.14497411	0	0	0	-843.4468531	0.03583684065	-2570.73112681495	
840.8868531	94	3	3	0.746838879	0.03486807107	97.74451974	1.414478188	0.8410020681	80.80957513	8.70931895	10.48110592	0	0	0	-840.8868531	0.03486807107	-2720.50847592608	
838.3268531	94	3	3	0.7553978904	0.03395190569	97.71580093	1.422076182	0.8621228924	80.2154033	8.965430188	10.81916651	0	0	0	-838.3268531	0.03395190569	-2874.1048027192	
835.7668531	94	3	3	0.7634549426	0.03308403411	97.68833341	1.428556782	0.8831098115	79.61754887	9.223312134	11.15913899	0	0	0	-835.7668531	0.03308403411	-3031.39300254102	
833.2068531	94	3	3	0.7710515147	0.03226058166	97.66208382	1.433952951	0.9039632328	79.01601589	9.482978371	11.50100573	0	0	0	-833.2068531	0.03226058166	-3192.22985151383	
830.6468531	94	3	3	0.7782246718	0.03147805507	97.63701912	1.438297596	0.9246832882	78.41081232	9.744439561	11.84474812	0	0	0	-830.6468531	0.03147805507	-3356.45572639219	
828.0868531	94	3	3	0.7850076298	0.0307332963	97.61310661	1.441623574	0.9452698123	77.80195019	10.00770343	12.19034638	0	0	0	-828.0868531	0.0307332963	-3523.89442950002	
825.5268531	94	3	3	0.7914302377	0.03002344287	97.59031399	1.443963687	0.9657223202	77.18944591	10.27277473	12.53777936	0	0	0	-825.5268531	0.03002344287	-3694.35306710186	
822.9668531	94	3	3	0.797519388	0.02934589382	97.56860933	1.445350679	0.9860399864	76.57332041	10.53965522	12.88702437	0	0	0	-822.9668531	0.02934589382	-3867.6223288081	
820.4068531	94	3	3	0.8032993702	0.02869828032	97.54796115	1.445817231	1.006221624	75.95359938	10.80834362	13.238057	0	0	0	-820.4068531	0.02869828032	-4043.4770939529	
817.8468531	94	3	3	0.8087921748	0.02807844029	97.52833839	1.445395943	1.026265664	75.33031347	11.07883558	13.59085095	0	0	0	-817.8468531	0.02807844029	-4221.67724163866	
815.2868531	94	3	3	0.8140177558	0.02748439632	97.50971054	1.444119326	1.046170137	74.70349852	11.35112361	13.94537787	0	0	0	-815.2868531	0.02748439632	-4401.96875056708	
812.7268531	94	3	3	0.8189942587	0.02691433648	97.49204757	1.44201978	1.065932653	74.07319567	11.62519707	14.30160726	0	0	0	-812.7268531	0.02691433648	-4584.08505940078	
810.1668531	94	3	3	0.8237382188	0.02636659752	97.47532004	1.439129576	1.085550383	73.43945162	11.9010421	14.65950628	0	0	0	-810.1668531	0.02636659752	-4767.74893857022	
807.6068531	94	3	3	0.8282647338	0.02583965023	97.45949912	1.435480834	1.105020043	72.80231871	12.17864162	15.01903967	0	0	0	-807.6068531	0.02583965023	-4952.67465758199	
805.0468531	94	3	3	0.8325876156	0.02533208655	97.44455662	1.431105499	1.12433788	72.16185514	12.45797523	15.38016963	0	0	0	-805.0468531	0.02533208655	-5138.57009334255	
802.4868531	94	3	3	0.8367195229	0.02484260821	97.43046503	1.426035314	1.143499651	71.51812504	12.73901926	15.7428557	0	0	0	-802.4868531	0.02484260821	-5325.13947794721	
799.9268531	94	3	3	0.8406720781	0.02437001675	97.41719759	1.42030179	1.162500616	70.87119862	13.02174666	16.10705472	0	0	0	-799.9268531	0.02437001675	-5512.08645268048	
797.3668531	94	3	3	0.8444559706	0.02391320469	97.4047283	1.413936182	1.181335521	70.22115221	13.30612706	16.47272074	0	0	0	-797.3668531	0.02391320469	-5699.11663911346	
794.8068531	94	3	3	0.8480810477	0.02347114763	97.39303195	1.406969454	1.199998592	69.56806839	13.59212668	16.83980493	0	0	0	-794.8068531	0.02347114763	-5885.9412355353	
792.2468531	94	3	3	0.851556396	0.02304289736	97.38208423	1.399432248	1.218483522	68.912036	13.8797084	17.2082556	0	0	0	-792.2468531	0.02304289736	-6072.28016813186	
789.6868531	94	3	3	0.8548904129	0.02262757559	97.37186168	1.391354853	1.236783469	68.25315016	14.16883173	17.57801811	0	0	0	-789.6868531	0.02262757559	-6257.86499217418	
787.1268531	94	3	3	0.8580908706	0.02222436842	97.36234178	1.38276717	1.254891049	67.59151229	14.45945281	17.9490349	0	0	0	-787.1268531	0.02222436842	-6442.44233464671	
784.5668531	94	3	3	0.8611649733	0.02183252136	97.35350298	1.373698683	1.272798334	66.92723004	14.75152448	18.32124548	0	0	0	-784.5668531	0.02183252136	-6625.77686388985	
782.0068531	94	3	3	0.8641194084	0.02145133487	97.34532473	1.364178419	1.290496856	66.26041729	15.04499628	18.69458643	0	0	0	-782.0068531	0.02145133487	-6807.65385840243	
779.4468531	94	3	3	0.866960392	0.0210801603	97.33778747	1.354234921	1.307977605	65.59119402	15.33981454	19.06899144	0	0	0	-779.4468531	0.0210801603	-6987.88177898678	
776.8868531	94	3	3	0.8696937104	0.02071839626	97.33087275	1.343896211	1.325231039	64.91968622	15.63592241	19.44439138	0	0	0	-776.8868531	0.02071839626	-7166.2960643545	
774.3268531	94	3	3	0.8723247562	0.02036548544	97.32456315	1.333189761	1.342247094	64.24602575	15.93325993	19.82071432	0	0	0	-774.3268531	0.02036548544	-7342.69233179709	
771.7668531	94	3	3	0.8748585619	0.02002090537	97.31884235	1.32214243	1.359015218	63.57035039	16.23176405	20.19788556	0	0	0	-771.7668531	0.02002090537	-7517.22815832641	
769.2068531	94	3	3	0.8772998327	0.01968420125	97.31369516	1.310780582	1.375524261	62.89280262	16.53136918	20.5758282	0	0	0	-769.2068531	0.01968420125	-7689.46233982828	
766.6468531	94	3	3	0.8796529666	0.01935489476	97.30910749	1.299129761	1.391762754	62.21353144	16.83200638	20.95446218	0	0	0	-766.6468531	0.01935489476	-7859.39223699953	
764.0868531	94	3	3	0.8819220862	0.01903260048	97.30506637	1.287214961	1.407718665	61.53269009	17.13360438	21.33370552	0	0	0	-764.0868531	0.01903260048	-8027.30473302487	
761.5268531	94	3	3	0.8841110576	0.01871693401	97.30155999	1.275060452	1.423379559	60.85043683	17.4360893	21.71347388	0	0	0	-761.5268531	0.01871693401	-8192.9407084381	
758.9668531	94	3	3	0.8862235105	0.01840754612	97.29857761	1.262689786	1.438732601	60.16693439	17.73938482	22.09368078	0	0	0	-758.9668531	0.01840754612	-8356.40816930822	
756.4068531	94	3	3	0.8882628572	0.01810411479	97.29610964	1.250125772	1.453764587	59.48234975	18.04341242	22.47423784	0	0	0	-756.4068531	0.01810411479	-8522.44509267812	
753.8468531	94	3	3	0.8902323533	0.01780666066	97.29414692	1.237390275	1.468462803	58.79684609	18.348093	22.85506092	0	0	0	-753.8468531	0.01780666066	-8677.78593162096	
751.2868531	94	3	3	0.8921349505	0.01751402389	97.2926833	1.224504626	1.482812075	58.11061523	18.65333811	23.23604665	0	0	0	-751.2868531	0.01751402389	-8830.91472657946	
748.7268531	94	3	3	0.8939735311	0.01722677901	97.29171172	1.211489453	1.496798827	57.42382484	18.95906787	23.61710729	0	0	0	-748.7268531	0.01722677901	-8990.36890537662	
746.1668531	94	3	3	0.8957507889	0.01694444103	97.29122681	1.198364436	1.510408756	56.73665523	19.26519642	23.99814835	0	0	0	-746.1668531	0.01694444103	-9144.46164309493	
743.6068531	94	3	3	0.8974692701	0.01666679853	97.29122416	1.185148442	1.523627396	56.04928917	19.57163655	24.37907428	0	0	0	-743.6068531	0.01666679853	-9297.11821419373	
741.0468531	94	3	3	0.8991313831	0.01639365912	97.29170032	1.171859517	1.536440162	55.36191145	19.87829987	24.75978868	0	0	0	-741.0468531	0.01639365912	-9448.54330053004	
738.4868531	94	3	3	0.9007394088	0.01612484696	97.29265271	1.158514884	1.548832407	54.67470855	20.18509699	25.14019446	0	0	0	-738.4868531	0.01612484696	-9598.93766278348	
735.9268531	94	3	3	0.902295509	0.01586020167	97.29407959	1.145130937	1.56078947	53.98786818	20.49193774	25.52019409	0	0	0	-735.9268531	0.01586020167	-9748.51561096743	
733.3668531	94	3	3	0.9038017344	0.01559957724	97.29598002	1.131723247	1.57229673	53.30157892	20.79873135	25.89968973	0	0	0	-733.3668531	0.01559957724	-9897.49990486904	
730.8068531	94	3	3	0.9052600326	0.01534284088	97.29835377	1.118306559	1.583339666	52.61602983	21.10538666	26.2785835	0	0	0	-730.8068531	0.01534284088	-10046.1187728731	
728.2468531	94	3	3	0.9066722542	0.01508987199	97.30120129	1.104894806	1.593903909	51.93141009	21.4118123	26.65677762	0	0	0	-728.2468531	0.01508987199	-10194.6044368169	
725.6868531	94	3	3	0.9080401594	0.01484056115	97.30452359	1.091501108	1.6039753	51.24790854	21.71791686	27.0341746	0	0	0	-725.6868531	0.01484056115	-10343.1907986334	
723.1268531	94	3	3	0.9093654236	0.01459480917	97.30832227	1.078137787	1.613539947	50.56571341	22.02360914	27.41067745	0	0	0	-723.1268531	0.01459480917	-10492.1125453951	
720.5668531	94	3	3	0.9106496432	0.01435252622	97.31259933	1.064816382	1.622584283	49.88501188	22.32879826	27.78618985	0	0	0	-720.5668531	0.01435252622	-10641.6027767084	
718.0068531	94	3	3	0.9118943395	0.01411363094	97.31735722	1.051547657	1.631095121	49.2059898	22.63339389	28.16061631	0	0	0	-718.0068531	0.01411363094	-10791.8912988311	
715.4468531	94	3	3	0.9131009641	0.01387804965	97.32259867	1.038341622	1.639059709	48.52883131	22.93730637	28.53386232	0	0	0	-715.4468531	0.01387804965	-10943.204604967	
712.8868531	94	3	3	0.9142709026	0.01364571561	97.32832667	1.025207546	1.646465787	47.85371853	23.24044692	28.90583456	0	0	0	-712.8868531	0.01364571561	-11095.7636230617	
710.3268531	94	3	3	0.9154054787	0.01341656827	97.33454438	1.012153983	1.653301636	47.18083128	23.54272776	29.27644097	0	0	0	-710.3268531	0.01341656827	-11249.7835692966	
707.7668531	94	3	3	0.9165059575	0.01319055265	97.34125508	0.9991887855	1.659556133	46.51034678	23.84406227	29.64559095	0	0	0	-707.7668531	0.01319055265	-11405.4736710635	
705.2068531	94	3	3	0.9175735487	0.0129676187	97.34846207	0.9863191322	1.665218795	45.84243941	24.14436512	30.01319546	0	0	0	-705.2068531	0.0129676187	-11563.0352244927	
702.6468531	94	3	3	0.9186094102	0.01274772071	97.35616862	0.9735515462	1.670279831	45.17728042	24.44355243	30.37916715	0	0	0	-702.6468531	0.01274772071	-11722.6625338462	
700.0868531	94	3	3	0.9196146502	0.01253081681	97.3643779	0.9608919207	1.674730181	44.51503775	24.74154181	30.74342044	0	0	0	-700.0868531	0.01253081681	-11884.5422285848	
697.5268531	94	3	3	0.9205903305	0.01231686845	97.3730929	0.948345543	1.678561556	43.85587576	25.03825258	31.10587166	0	0	0	-697.5268531	0.01231686845	-12048.8549012589	
694.9668531	94	3	3	0.9215374685	0.01210584004	97.3823164	0.935917119	1.681766483	43.19995513	25.33360577	31.4664391	0	0	0	-694.9668531	0.01210584004	-12215.7679533601	
692.4068531	94	3	3	0.9224570396	0.01189769827	97.39205087	0.9236107984	1.68433833	42.5474326	25.62752427	31.82504313	0	0	0	-692.4068531	0.01189769827	-12385.4469792339	
689.8468531	94	3	3	0.9233499794	0.0116924122	97.40229846	0.9114302001	1.686271341	41.89846088	25.91993289	32.18160623	0	0	0	-689.8468531	0.0116924122	-12558.0500351424	
687.2868531	94	3	3	0.9242171856	0.01148995248	97.4130609	0.8993784375	1.687560665	41.25318849	26.21075844	32.53605307	0	0	0	-687.2868531	0.01148995248	-12733.7225881739	
684.7268531	94	3	3	0.9250595201	0.0112902913	97.42433948	0.887458144	1.688202374	40.61175963	26.49992981	32.88831056	0	0	0	-684.7268531	0.0112902913	-12912.608283424	
682.1668531	94	3	3	0.9258778102	0.01109340205	97.43613501	0.8756714983	1.688193489	39.97431413	26.78737798	33.2383079	0	0	0	-682.1668531	0.01109340205	-13094.8419287431	
679.6068531	94	3	3	0.9266728507	0.01089925908	97.44844776	0.8640202494	1.687531989	39.3409873	27.07303611	33.58597659	0	0	0	-679.6068531	0.01089925908	-13280.5533412169	
677.0468531	94	3	3	0.9274454056	0.01070783753	97.46127743	0.8525057412	1.686216827	38.71190993	27.35683956	33.93125051	0	0	0	-677.0468531	0.01070783753	-13469.8658473377	
674.4868531	94	3	3	0.9281962087	0.01051911309	97.47462313	0.8411289371	1.684247938	38.0872082	27.63872593	34.27406587	0	0	0	-674.4868531	0.01051911309	-13662.8978930751	
671.9268531	94	3	3	0.9289259661	0.01033306191	97.48848332	0.8298904435	1.681626239	37.46700362	27.91863509	34.61436129	0	0	0	-671.9268531	0.01033306191	-13859.7637911071	
669.3668531	94	3	3	0.9296353564	0.01014966042	97.50285583	0.8187905332	1.678353635	36.85141306	28.19650917	34.95207777	0	0	0	-669.3668531	0.01014966042	-14060.5727768965	
666.8068531	94	3	3	0.9303250327	0.009968885239	97.51773782	0.8078291679	1.674433007	36.24054868	28.47229263	35.2871587	0	0	0	-666.8068531	0.009968885239	-14265.431280831	
664.2468531	94	3	3	0.9309956232	0.009790713085	97.53312576	0.7970060203	1.669868215	35.63451797	28.74593218	35.61954985	0	0	0	-664.2468531	0.009790713085	-14474.4423465009	
661.6868531	94	3	3	0.9316477329	0.00961512069	97.54901543	0.7863204956	1.664664078	35.03342373	29.01737687	35.94919939	0	0	0	-661.6868531	0.00961512069	-14687.7065904574	
659.1268531	94	3	3	0.9322819438	0.009442084753	97.56540188	0.7757717516	1.658826363	34.4373641	29.28657804	36.27605786	0	0	0	-659.1268531	0.009442084753	-14905.3224132136	
656.5668531	94	3	3	0.9328988167	0.009271581878	97.58227951	0.7653587191	1.652361771	33.84643256	29.55348929	36.60007815	0	0	0	-656.5668531	0.009271581878	-15127.3866617912	
654.0068531	94	3	3	0.9334988915	0.009103588555	97.59964197	0.7550801206	1.64527791	33.26071799	29.81806653	36.92121548	0	0	0	-654.0068531	0.009103588555	-15353.9952510626	
651.4468531	94	3	3	0.9340826884	0.008938081125	97.61748224	0.7449344887	1.637583273	32.68030469	30.08026792	37.23942738	0	0	0	-651.4468531	0.008938081125	-15585.2437078232	
648.8868531	94	3	3	0.9346507086	0.00877503578	97.6357926	0.7349201839	1.629287216	32.10527245	30.34005385	37.5546737	0	0	0	-648.8868531	0.00877503578	-15821.2272921112	
646.3268531	94	3	3	0.9352034352	0.008614428539	97.65456467	0.725035411	1.620399922	31.53569656	30.59738692	37.86691652	0	0	0	-646.3268531	0.008614428539	-16062.0413922764	
643.7668531	94	3	3	0.935741334	0.00845623526	97.67378939	0.7152782357	1.610932375	30.97164789	30.85223194	38.17612017	0	0	0	-643.7668531	0.00845623526	-16307.7824696554	
641.2068531	94	3	3	0.9362648539	0.00830043164	97.69345708	0.7056465992	1.600896321	30.41319295	31.10455587	38.48225118	0	0	0	-641.2068531	0.00830043164	-16558.5479702382	
638.6468531	94	3	3	0.9367744279	0.008146993226	97.71355743	0.6961383332	1.59030424	29.86039394	31.35432781	38.78527825	0	0	0	-638.6468531	0.008146993226	-16814.4368879432	
636.0868531	94	3	3	0.9372704736	0.007995895427	97.73407953	0.6867511739	1.579169299	29.31330884	31.60151894	39.08517222	0	0	0	-636.0868531	0.007995895427	-17075.550004922	
633.5268531	94	3	3	0.9377533941	0.007847113529	97.7550119	0.6774827743	1.567505321	28.77199145	31.84610253	39.38190602	0	0	0	-633.5268531	0.007847113529	-17341.9903511556	
630.9668531	94	3	3	0.9382235781	0.007700622714	97.77634254	0.6683307176	1.55532674	28.23649147	32.08805386	39.67545467	0	0	0	-630.9668531	0.007700622714	-17613.863119136	
628.4068531	94	3	3	0.938681401	0.007556398072	97.79805891	0.6592925284	1.542648562	27.70685459	32.32735021	39.9657952	0	0	0	-628.4068531	0.007556398072	-17891.2763695302	
625.8468531	94	3	3	0.9391272248	0.007414414629	97.820148	0.6503656839	1.529486321	27.18312253	32.56397082	40.25290665	0	0	0	-625.8468531	0.007414414629	-18174.3409735329	
623.2868531	94	3	3	0.9395613995	0.007274647356	97.84259634	0.6415476242	1.515856036	26.66533315	32.79789683	40.53677002	0	0	0	-623.2868531	0.007274647356	-18463.1708101843	
620.7268531	94	3	3	0.9399842628	0.007137071196	97.86539007	0.6328357628	1.50177417	26.15352053	33.02911127	40.8173682	0	0	0	-620.7268531	0.007137071196	-18757.8829689183	
618.1668531	94	3	3	0.9403961409	0.007001661074	97.88851492	0.6242274952	1.487257582	25.64771501	33.257599	41.09468599	0	0	0	-618.1668531	0.007001661074	-19058.5977639083	
615.6068531	94	3	3	0.940797349	0.00686839192	97.91195631	0.6157202079	1.472323486	25.14794332	33.48334666	41.36871003	0	0	0	-615.6068531	0.00686839192	-19365.4392728581	
613.0468531	94	3	3	0.9411881917	0.006737238684	97.93569931	0.6073112867	1.456989408	24.6542286	33.70634266	41.63942874	0	0	0	-613.0468531	0.006737238684	-19678.534813284	
610.4868531	94	3	3	0.9415689633	0.006608176348	97.95972874	0.5989981244	1.441273139	24.16659057	33.92657711	41.90683233	0	0	0	-610.4868531	0.006608176348	-19998.0152323144	
607.9268531	94	3	3	0.9419399484	0.006481179942	97.98402918	0.5907781278	1.425192695	23.6850455	34.14404178	42.17091272	0	0	0	-607.9268531	0.006481179942	-20324.015032629	
605.3668531	94	3	3	0.9423014221	0.006356224555	98.008585	0.5826487245	1.408766271	23.2096064	34.35873008	42.43166352	0	0	0	-605.3668531	0.006356224555	-20656.6722916225	
602.8068531	94	3	3	0.9426536504	0.006233285347	98.03338043	0.5746073692	1.392012203	22.74028302	34.57063698	42.68908	0	0	0	-602.8068531	0.006233285347	-20996.1285972785	
600.2468531	94	3	3	0.9429968906	0.006112337557	98.05839952	0.5666515496	1.374948926	22.277082	34.77975899	42.94315901	0	0	0	-600.2468531	0.006112337557	-21342.5290711401	
597.6868531	94	3	3	0.9433313916	0.005993356513	98.08362628	0.5587787918	1.357594932	21.8200069	34.98609412	43.19389898	0	0	0	-597.6868531	0.005993356513	-21696.0223409156	
595.1268531	94	3	3	0.9436573943	0.005876317638	98.1090446	0.550986665	1.339968733	21.3690583	35.18964182	43.44129988	0	0	0	-595.1268531	0.005876317638	-22056.7603298353	
592.5668531	94	3	3	0.9439751318	0.005761196456	98.13463839	0.5432727867	1.322088825	20.92423392	35.39040295	43.68536313	0	0	0	-592.5668531	0.005761196456	-22424.8982647567	
590.0068531	94	3	3	0.9442848297	0.005647968597	98.16039153	0.5356348266	1.303973646	20.48552864	35.58837974	43.92609163	0	0	0	-590.0068531	0.005647968597	-22800.5945742438	
587.4468531	94	3	3	0.9445867064	0.005536609801	98.18628794	0.5280705106	1.285641549	20.05293464	35.7835757	44.16348966	0	0	0	-587.4468531	0.005536609801	-23184.0121636212	
584.8868531	94	3	3	0.9448809734	0.005427095934	98.21231161	0.5205776243	1.267110763	19.62644145	35.97599565	44.3975629	0	0	0	-584.8868531	0.005427095934	-23575.3217539174	
582.3268531	94	3	3	0.9451678356	0.00531940302	98.23844662	0.5131540169	1.248399364	19.20603606	36.16564563	44.62831831	0	0	0	-582.3268531	0.00531940302	-23974.6710288931	
579.7668531	94	3	3	0.9454474913	0.005213506985	98.26467716	0.505797603	1.229525241	18.79170299	36.35253285	44.85576416	0	0	0	-579.7668531	0.005213506985	-24382.2350670897	
577.2068531	94	3	3	0.9457201329	0.005109384128	98.29098756	0.4985063661	1.210506073	18.38342437	36.53666568	45.07990996	0	0	0	-577.2068531	0.005109384128	-24798.2037238443	
574.6468531	94	3	3	0.9459859466	0.005007010775	98.31736234	0.4912783611	1.191359299	17.98118003	36.71805357	45.3007664	0	0	0	-574.6468531	0.005007010775	-25222.7418958366	
572.0868531	94	3	3	0.9462451128	0.004906363372	98.34378619	0.4841117159	1.172102094	17.5849476	36.89670705	45.51834536	0	0	0	-572.0868531	0.004906363372	-25656.0270939913	
569.5268531	94	3	3	0.9464978066	0.004807418488	98.37024402	0.4770046335	1.152751343	17.19470255	37.07263764	45.73265981	0	0	0	-569.5268531	0.004807418488	-26098.2388511239	
566.9668531	94	3	3	0.9467441975	0.004710152812	98.39672098	0.4699553938	1.133323623	16.81041832	37.24585784	45.94372384	0	0	0	-566.9668531	0.004710152812	-26549.5589154814	
564.4068531	94	3	3	0.9469844501	0.004614543158	98.42320247	0.4629623547	1.113835179	16.43206639	37.41638108	46.15155253	0	0	0	-564.4068531	0.004614543158	-27010.171214031	
561.8468531	94	3	3	0.9472187238	0.004520566463	98.44967414	0.4560239533	1.094301911	16.05961634	37.58422167	46.35616198	0	0	0	-561.8468531	0.004520566463	-27480.2613585063	
559.2868531	94	3	3	0.9474471734	0.004428199789	98.47612194	0.449138707	1.074739352	15.69303596	37.74939478	46.55756926	0	0	0	-559.2868531	0.004428199789	-27960.0165740221	
556.7268531	94	3	3	0.9476699488	0.004337420322	98.50253213	0.4423052138	1.055162654	15.3322913	37.91191638	46.75579232	0	0	0	-556.7268531	0.004337420322	-28449.6260348189	
554.1668531	94	3	3	0.9478871958	0.004248205377	98.52889127	0.4355221533	1.035586579	14.97734679	38.07180318	46.95085002	0	0	0	-554.1668531	0.004248205377	-28949.2806812478	
551.6068531	94	3	3	0.9480990555	0.004160532397	98.55518623	0.4287882868	1.016025482	14.62816529	38.22907266	47.14276205	0	0	0	-551.6068531	0.004160532397	-29459.1729771546	
549.0468531	94	3	3	0.948305665	0.004074378957	98.58140424	0.4221024574	0.9964933036	14.28470817	38.38374295	47.33154888	0	0	0	-549.0468531	0.004074378957	-29979.4970433169	
546.4868531	94	3	3	0.9485071575	0.003989722765	98.60753285	0.4154635898	0.9770035589	13.94693539	38.53583286	47.51723175	0	0	0	-546.4868531	0.003989722765	-30510.448000807	
543.9268531	94	3	3	0.948703662	0.003906541663	98.63355998	0.4088706904	0.9575693326	13.6148056	38.68536178	47.69983262	0	0	0	-543.9268531	0.003906541663	-31052.2232969711	
541.3668531	94	3	3	0.9488953041	0.003824813636	98.65947388	0.4023228468	0.938203272	13.28827616	38.83234971	47.87937413	0	0	0	-541.3668531	0.003824813636	-31605.0220153321	
538.8068531	94	3	3	0.9490822053	0.00374451681	98.68526319	0.395819227	0.9189175819	12.96730328	38.97681715	48.05587957	0	0	0	-538.8068531	0.00374451681	-32169.0436835052	
536.2468531	94	3	3	0.949264484	0.003665629455	98.7109169	0.389359079	0.8997240219	12.65184203	39.11878514	48.22937283	0	0	0	-536.2468531	0.003665629455	-32744.4909420051	
533.6868531	94	3	3	0.949442255	0.003588129997	98.73642437	0.3829417299	0.8806339036	12.34184646	39.25827517	48.39987837	0	0	0	-533.6868531	0.003588129997	-33331.5676008827	
531.1268531	94	3	3	0.9496156298	0.003511997012	98.76177533	0.3765665849	0.8616580898	12.03726964	39.39530917	48.56742119	0	0	0	-531.1268531	0.003511997012	-33930.4792540515	
528.5668531	94	3	3	0.9497847168	0.00343720924	98.78695988	0.3702331259	0.8428069947	11.73806373	39.52990948	48.73202679	0	0	0	-528.5668531	0.00343720924	-34541.4336653349	
526.0068531	94	3	3	0.9499496211	0.003363745582	98.8119685	0.3639409108	0.8240905844	11.44418005	39.66209881	48.89372114	0	0	0	-526.0068531	0.003363745582	-35164.6408863419	
523.4468531	94	3	3	0.9501104452	0.003291585113	98.83679205	0.3576895717	0.8055183793	11.15556914	39.79190021	49.05253064	0	0	0	-523.4468531	0.003291585113	-35800.3135940355	
520.8868531	94	3	3	0.9502672884	0.003220707081	98.86142173	0.3514788138	0.7870994567	10.87218085	39.91933705	49.2084821	0	0	0	-520.8868531	0.003220707081	-36448.6661787778	
518.3268531	94	3	3	0.9504202472	0.003151090915	98.88584913	0.3453084135	0.7688424544	10.59396435	40.04443297	49.36160268	0	0	0	-518.3268531	0.003151090915	-37109.9165291211	
515.7668531	94	3	3	0.9505694155	0.003082716231	98.91006621	0.3391782168	0.7507555753	10.32086822	40.16721188	49.5119199	0	0	0	-515.7668531	0.003082716231	-37784.2858418708	
513.2068531	94	3	3	0.9507148846	0.003015562838	98.93406527	0.3330881376	0.7328465922	10.05284051	40.28769791	49.65946158	0	0	0	-513.2068531	0.003015562838	-38471.9989256834	
510.6468531	94	3	3	0.9508567432	0.002949610744	98.95783899	0.3270381559	0.7151228538	9.789828767	40.40591541	49.80425582	0	0	0	-510.6468531	0.002949610744	-39173.2833113166	
508.0868531	94	3	3	0.9509950776	0.002884840158	98.98138039	0.3210283158	0.6975912909	9.531780123	40.52188889	49.94633099	0	0	0	-508.0868531	0.002884840158	-39888.3714518846	
505.5268531	94	3	3	0.9511299715	0.002821231502	99.00468285	0.3150587233	0.6802584231	9.278641319	40.63564303	50.08571565	0	0	0	-505.5268531	0.002821231502	-40617.5007413602	
502.9668531	94	3	3	0.9512615066	0.002758765412	99.02774009	0.3091295446	0.6631303664	9.030358763	40.74720264	50.2224386	0	0	0	-502.9668531	0.002758765412	-41360.9129566193	
500.4068531	94	3	3	0.9513897622	0.002697422746	99.05054616	0.3032410035	0.6462128406	8.786878577	40.85659263	50.35652879	0	0	0	-500.4068531	0.002697422746	-42118.8552313359	
497.8468531	94	3	3	0.9515148154	0.002637184587	99.07309544	0.2973933794	0.6295111774	8.548146637	40.96383803	50.48801533	0	0	0	-497.8468531	0.002637184587	-42891.5811514211	
495.2868531	94	3	3	0.9516367413	0.002578032252	99.09538267	0.2915870051	0.6130303292	8.314108623	41.06896391	50.61692747	0	0	0	-495.2868531	0.002578032252	-43679.3517434396	
492.7268531	94	3	3	0.9517556128	0.002519947296	99.11740286	0.2858222644	0.5967748771	8.08471005	41.17199541	50.74329454	0	0	0	-492.7268531	0.002519947296	-44482.4337139127	
490.1668531	94	3	3	0.9518715012	0.002462911514	99.13915137	0.2800995896	0.5807490407	7.859896315	41.2729577	50.86714599	0	0	0	-490.1668531	0.002462911514	-45301.1021046623	
487.6068531	94	3	3	0.9519844753	0.00240690695	99.16062385	0.2744194589	0.5649566862	7.639612729	41.37187597	50.9885113	0	0	0	-487.6068531	0.00240690695	-46135.641062256	
485.0468531	94	3	3	0.9520946027	0.002351915899	99.18181627	0.2687823947	0.5494013365	7.423804552	41.46877542	51.10742003	0	0	0	-485.0468531	0.002351915899	-46986.3437757061	
482.4868531	94	3	3	0.9522019487	0.002297920913	99.20272486	0.2631889601	0.5340861804	7.21241703	41.56368123	51.22390174	0	0	0	-482.4868531	0.002297920913	-47853.5133186531	
479.9268531	94	3	3	0.952306577	0.002244904803	99.22334616	0.2576397572	0.5190140816	7.005395419	41.65661854	51.33798604	0	0	0	-479.9268531	0.002244904803	-48737.4643246925	
477.3668531	94	3	3	0.9524085499	0.002192850646	99.24367699	0.2521354239	0.504187589	6.802685019	41.74761248	51.4497025	0	0	0	-477.3668531	0.002192850646	-49638.5231048014	
474.8068531	94	3	3	0.9525079276	0.002141741785	99.26371442	0.2466766318	0.4896089455	6.604231202	41.83668812	51.55908068	0	0	0	-474.8068531	0.002141741785	-50557.0285989763	
472.2468531	94	3	3	0.9526047691	0.002091561835	99.28345582	0.2412640832	0.4752800985	6.409979435	41.92387044	51.66615012	0	0	0	-472.2468531	0.002091561835	-51493.3334420022	
469.6868531	94	3	3	0.9526991317	0.002042294683	99.30289878	0.235898509	0.4612027084	6.219875303	42.00918439	51.77094031	0	0	0	-469.6868531	0.002042294683	-52447.8050282903	
467.1268531	94	3	3	0.9527910712	0.001993924493	99.32204118	0.2305806654	0.447378159	6.033864537	42.09265479	51.87348067	0	0	0	-467.1268531	0.001993924493	-53420.8290864984	
464.5668531	94	3	3	0.952880642	0.00194643571	99.3408811	0.225311332	0.4338075666	5.851893028	42.17430642	51.97380056	0	0	0	-464.5668531	0.00194643571	-54412.8069343101	
462.0068531	94	3	3	0.9529678972	0.001899813057	99.3594169	0.2200913085	0.4204917893	5.673906852	42.2541639	52.07192925	0	0	0	-462.0068531	0.001899813057	-55424.1571105615	
459.4468531	94	3	3	0.9530528883	0.001854041539	99.37764715	0.2149214125	0.4074314364	5.499852282	42.3322518	52.16789592	0	0	0	-459.4468531	0.001854041539	-56455.320430403	
456.8868531	94	3	3	0.9531356658	0.001809106446	99.39557065	0.2098024768	0.3946268777	5.329675811	42.40859453	52.26172966	0	0	0	-456.8868531	0.001809106446	-57506.7596617409	
454.3268531	94	3	3	0.9532162787	0.001764993353	99.4131864	0.2047353466	0.3820782523	5.16332416	42.48321639	52.35345945	0	0	0	-454.3268531	0.001764993353	-58578.9596286192	
451.7668531	94	3	3	0.9532947748	0.00172168812	99.43049365	0.1997208771	0.3697854777	5.000744295	42.55614157	52.44311413	0	0	0	-451.7668531	0.00172168812	-59672.428355498	
449.2068531	94	3	3	0.953371201	0.001679176891	99.44749181	0.1947599308	0.3577482586	4.841883442	42.62739411	52.53072244	0	0	0	-449.2068531	0.001679176891	-60787.7027571293	
446.6468531	94	3	3	0.9534456026	0.001637446099	99.46418053	0.189853375	0.3459660954	4.686689091	42.69699792	52.61631299	0	0	0	-446.6468531	0.001637446099	-61925.3487486875	
444.0868531	94	3	3	0.9535180241	0.001596482462	99.48055963	0.1850020792	0.3344382925	4.535109012	42.76497676	52.69991423	0	0	0	-444.0868531	0.001596482462	-63085.9586496502	
441.5268531	94	3	3	0.9535885088	0.001556272981	99.49662912	0.1802069124	0.3231639671	4.387091262	42.83135424	52.7815545	0	0	0	-441.5268531	0.001556272981	-64270.1595432198	
438.9668531	94	3	3	0.953657099	0.001516804944	99.5123892	0.1754687411	0.3121420568	4.24258419	42.89615385	52.86126196	0	0	0	-438.9668531	0.001516804944	-65478.6151958052	
436.4068531	94	3	3	0.953723836	0.001478065923	99.52784025	0.1707884263	0.3013713277	4.101536448	42.95939891	52.93906464	0	0	0	-436.4068531	0.001478065923	-66712.0225089034	
433.8468531	94	3	3	0.9537887601	0.00144004377	99.5429828	0.1661668213	0.2908503824	3.963896993	43.02111258	53.01499043	0	0	0	-433.8468531	0.00144004377	-67971.1194171731	
431.2868531	94	3	3	0.9538519106	0.00140272662	99.55781756	0.1616047693	0.2805776672	3.829615094	43.08131788	53.08906702	0	0	0	-431.2868531	0.00140272662	-69256.6868840632	
428.7268531	94	3	3	0.953913326	0.001366102886	99.57234542	0.1571031011	0.2705514796	3.698640335	43.14003768	53.16132199	0	0	0	-428.7268531	0.001366102886	-70569.5489269345	
426.1668531	94	3	3	0.9539730439	0.001330161258	99.58656739	0.1526626328	0.2607699755	3.570922617	43.19729467	53.23178272	0	0	0	-426.1668531	0.001330161258	-71910.5785745585	
423.6068531	94	3	3	0.9540311009	0.001294890701	99.60048466	0.1482841633	0.2512311764	3.446412163	43.2531114	53.30047644	0	0	0	-423.6068531	0.001294890701	-73280.6996748254	
421.0468531	94	3	3	0.954087533	0.001260280452	99.61409855	0.1439684723	0.241932976	3.325059518	43.30751027	53.36743022	0	0	0	-421.0468531	0.001260280452	-74680.8874195554	
418.4868531	94	3	3	0.9541423751	0.001226320015	99.62741054	0.1397163182	0.2328731467	3.206815549	43.36051349	53.43267096	0	0	0	-418.4868531	0.001226320015	-76112.180247623	
415.9268531	94	3	3	0.9541956617	0.001192999165	99.64042222	0.1355284359	0.2240493464	3.091631447	43.41214317	53.49622539	0	0	0	-415.9268531	0.001192999165	-77575.6759044483	
413.3668531	94	3	3	0.9542474261	0.001160307936	99.65313534	0.1314055347	0.2154591245	2.979458725	43.4624212	53.55812008	0	0	0	-413.3668531	0.001160307936	-79072.5370033117	
410.8068531	94	3	3	0.9542977014	0.001128236625	99.66555178	0.1273482963	0.207099928	2.870249221	43.51136935	53.61838143	0	0	0	-410.8068531	0.001128236625	-80603.9967948075	
408.2468531	94	3	3	0.9543465195	0.001096775782	99.67767352	0.1233573732	0.1989691077	2.763955092	43.55900924	53.67703567	0	0	0	-408.2468531	0.001096775782	-82171.3631109127	
405.6868531	94	3	3	0.954393912	0.001065916212	99.68950269	0.1194333863	0.1910639233	2.660528814	43.60536232	53.73410887	0	0	0	-405.6868531	0.001065916212	-83776.025404962	
403.1268531	94	3	3	0.9544399096	0.001035648967	99.70104153	0.1155769236	0.1833815496	2.559923183	43.65044989	53.78962693	0	0	0	-403.1268531	0.001035648967	-85419.454665812	
400.5668531	94	3	3	0.9544845426	0.001005965343	99.71229238	0.1117885383	0.1759190814	2.462091307	43.69429311	53.84361559	0	0	0	-400.5668531	0.001005965343	-87103.2182060815	
398.0068531	94	3	3	0.9545278404	0.0009768568784	99.72325771	0.1080687472	0.1686735391	2.36698661	43.73691298	53.89610041	0	0	0	-398.0068531	0.0009768568784	-88828.9755881402	
395.4468531	94	3	3	0.9545698321	0.0009483153437	99.7339401	0.1044180289	0.1616418734	2.274562822	43.77833035	53.94710682	0	0	0	-395.4468531	0.0009483153437	-90598.4888348505	
392.8868531	94	3	3	0.954610546	0.0009203327417	99.74434221	0.1008368228	0.1548209703	2.184773981	43.81856595	53.99666007	0	0	0	-392.8868531	0.0009203327417	-92413.6345440161	
390.3268531	94	3	3	0.95465001	0.0008929013007	99.75446682	0.09732552715	0.148207656	2.097574429	43.85764034	54.04478524	0	0	0	-390.3268531	0.0008929013007	-94276.4051811738	
387.7668531	94	3	3	0.9546882514	0.0008660134699	99.7643168	0.09388449824	0.1417987013	2.012918805	43.89557394	54.09150726	0	0	0	-387.7668531	0.0008660134699	-96188.9190823368	
385.2068531	94	3	3	0.9547252971	0.0008396619137	99.77389513	0.09051404879	0.1355908259	1.930762045	43.93238704	54.13685092	0	0	0	-385.2068531	0.0008396619137	-98153.4295311548	
382.6468531	94	3	3	0.9547611733	0.0008138395069	99.78320485	0.08721444697	0.1295807032	1.851059379	43.96809979	54.18084083	0	0	0	-382.6468531	0.0008138395069	-100172.721336948	
380.0868531	94	3	3	0.9547959059	0.0007885395185	99.79224912	0.08398591588	0.1237649629	1.773766326	44.00273223	54.22350144	0	0	0	-380.0868531	0.0007885395185	-102248.534054616	
377.5268531	94	3	3	0.9548295203	0.0007637548368	99.80103117	0.08082863079	0.1181401985	1.698838685	44.03630421	54.2648571	0	0	0	-377.5268531	0.0007637548368	-104380.03411267	
374.9668531	94	3	3	0.9548620413	0.0007394775004	99.80955431	0.07774271546	0.1127029739	1.626232664	44.06883539	54.30493195	0	0	0	-374.9668531	0.0007394775004	-106581.90987485	
372.4068531	94	3	3	0.9548934936	0.000715706016	99.81782194	0.07472825969	0.107449803	1.55590436	44.10034556	54.34375008	0	0	0	-372.4068531	0.000715706016	-108848.947055555	
369.8468531	94	3	3	0.9549239012	0.0006924294278	99.82583752	0.07178528984	0.1023771923	1.487810548	44.13085413	54.38133533	0	0	0	-369.8468531	0.0006924294278	-111178.091898841	
367.2868531	94	3	3	0.9549532878	0.0006696433328	99.83360459	0.06891378766	0.09748161787	1.421908133	44.16038046	54.41771141	0	0	0	-367.2868531	0.0006696433328	-113583.176424264	
364.7268531	94	3	3	0.9549816767	0.0006473419107	99.84112678	0.06611368487	0.09275953581	1.358154288	44.18894379	54.45290192	0	0	0	-364.7268531	0.0006473419107	-116064.432734355	
362.1668531	94	3	3	0.9550090908	0.0006255195054	99.84840775	0.06338486279	0.08820738519	1.296506453	44.21656325	54.4869303	0	0	0	-362.1668531	0.0006255195054	-118625.860525391	
359.6068531	94	3	3	0.9550355527	0.0006041706154	99.85545126	0.06072715207	0.08382159147	1.236922327	44.24325782	54.51981985	0	0	0	-359.6068531	0.0006041706154	-121271.725824933	
357.0468531	94	3	3	0.9550610846	0.0005832898873	99.8622611	0.05814033249	0.07959856957	1.17935987	44.26904639	54.55159374	0	0	0	-357.0468531	0.0005832898873	-124006.587522235	
354.4868531	94	3	3	0.9550857084	0.0005628721084	99.86884114	0.05562413288	0.07553472691	1.1237773	44.2939477	54.582275	0	0	0	-354.4868531	0.0005628721084	-126835.320339721	
351.9268531	94	3	3	0.9551094457	0.0005429121999	99.8751953	0.05317823115	0.07162646631	1.070133088	44.3179804	54.61188651	0	0	0	-351.9268531	0.0005429121999	-129763.138779056	
349.3668531	94	3	3	0.9551323176	0.000523405209	99.88132756	0.05080225443	0.06787018884	1.018385962	44.341163	54.64045104	0	0	0	-349.3668531	0.000523405209	-132795.625395265	
346.8068531	94	3	3	0.9551543452	0.0005043463021	99.88724192	0.04849577926	0.06426229663	0.9684949001	44.36351392	54.66799118	0	0	0	-346.8068531	0.0005043463021	-135938.758928344	
344.2468531	94	3	3	0.9551755491	0.0004857307563	99.89294247	0.04625833196	0.06079919553	0.9204191347	44.38505144	54.69452942	0	0	0	-344.2468531	0.0004857307563	-139198.948494079	
341.6868531	94	3	3	0.9551959495	0.0004675539527	99.89843331	0.04408938904	0.05747729771	0.8741181487	44.40579374	54.72008811	0	0	0	-341.6868531	0.0004675539527	-142583.068006417	
339.1268531	94	3	3	0.9552155667	0.0004498113675	99.9037186	0.04198837776	0.05429302423	0.8295516768	44.42575888	54.74468944	0	0	0	-339.1268531	0.0004498113675	-146098.493898343	
336.5668531	94	3	3	0.9552344203	0.0004324985646	99.90880252	0.03995467679	0.05124280751	0.7866797065	44.4449648	54.76835549	0	0	0	-336.5668531	0.0004324985646	-149753.011313918	
334.0068531	94	3	3	0.9552525299	0.000415611157	99.91368929	0.03798761701	0.04832309359	0.7454624795	44.46342934	54.79110818	0	0	0	-334.0068531	0.000415611157	-153556.907070669	
331.4468531	94	3	3	0.9552699149	0.0003991452264	99.91838317	0.03608648064	0.04553034663	0.7058604625	44.48117021	54.81296933	0	0	0	-331.4468531	0.0003991452264	-157514.723182387	
328.8868531	94	3	3	0.9552865941	0.0003830956007	99.92288845	0.03425050802	0.0428610442	0.6678344672	44.49820498	54.83396055	0	0	0	-328.8868531	0.0003830956007	-161639.495245861	
326.3268531	94	3	3	0.9553025865	0.0003674590323	99.92720942	0.0324788906	0.04031168916	0.631345476	44.51455115	54.85410337	0	0	0	-326.3268531	0.0003674590323	-165944.473449035	
323.7668531	94	3	3	0.9553179105	0.0003522310888	99.93135042	0.03077077713	0.03787880576	0.596354765	44.53022608	54.87341916	0	0	0	-323.7668531	0.0003522310888	-170436.818151554	
321.2068531	94	3	3	0.9553325845	0.0003374076852	99.93531578	0.02912527372	0.03555894323	0.5628238774	44.54524699	54.89192913	0	0	0	-321.2068531	0.0003374076852	-175130.394720046	
318.6468531	94	3	3	0.9553466265	0.0003229847637	99.93910988	0.02754144515	0.03334867791	0.5307146276	44.55963102	54.90965435	0	0	0	-318.6468531	0.0003229847637	-180250.332996222	
316.0868531	94	3	3	0.9553600544	0.0003089898546	99.94273707	0.02601831599	0.03124461503	0.4999891107	44.57339513	54.92661576	0	0	0	-316.0868531	0.0003089898546	-185385.884760139	
313.5268531	94	3	3	0.9553728857	0.0002953571975	99.94620174	0.02455487331	0.02924339164	0.4706096909	44.58655621	54.9428341	0	0	0	-313.5268531	0.0002953571975	-190578.051368695	
310.9668531	94	3	3	0.955385138	0.0002821129951	99.94950826	0.02315006652	0.02734167709	0.4425390343	44.59913097	54.95832999	0	0	0	-310.9668531	0.0002821129951	-196224.473301064	
308.4068531	94	3	3	0.9553968284	0.0002692533062	99.95266101	0.02180281016	0.02553617603	0.415740098	44.61113603	54.97312387	0	0	0	-308.4068531	0.0002692533062	-202152.060576269	
305.8468531	94	3	3	0.9554079739	0.0002567741023	99.95566438	0.02051198541	0.02382363	0.3901761417	44.62258785	54.98723601	0	0	0	-305.8468531	0.0002567741023	-208380.416512931	
303.2868531	94	3	3	0.9554185911	0.0002446713328	99.95852274	0.01927644188	0.02220081921	0.3658107365	44.63350274	55.00068652	0	0	0	-303.2868531	0.0002446713328	-214931.407123204	
300.7268531	94	3	3	0.9554286968	0.0002329409169	99.96124044	0.01809499954	0.02066456442	0.3426077736	44.64389689	55.01349534	0	0	0	-300.7268531	0.0002329409169	-204342.185467179	
300	94	3	3	0.9554314751	6.405132505E-05	99.96198703	0.01776925029	0.02024372043	0.3362267334	44.64675538	55.01701789	0	0	0	-300	6.405132505E-05	195734.750372592	
