T	w(AL)	w(MG)	w(SI)	fs	fw(@FCC_A1)	w(AL@FCC_A1)	w(MG@FCC_A1)	w(SI@FCC_A1)	w(AL@LIQUID)	w(MG@LIQUID)	w(SI@LIQUID)	dwdT_L(AL@LIQUID)	dwdT_L(MG@LIQUID)	dwdT_L(SI@LIQUID)	-T	fw(@FCC_A1)_1	-T//fw(@FCC_A1)	
K	%	%	%	mole/mole	kg/kg	%	%	%	%	%	%	SI	SI	SI				
864.9219904	86	7	7	0	0	97.98605242	1.440575156	0.5733724293	86	7	7	0.002243184837	-0.001040440969	-0.001202743868	-864.9219904	0	26.5569208404131	
864.9119904	86	7	7	0.0001866304652	0.0001872815784	97.98587782	1.440672813	0.5734493657	85.99775674	7.001040551	7.001202708	0	0	0	-864.9119904	0.0001872815784	80.2341483658992	
864.8919904	86	7	7	0.000559389001	0.0003741690293	97.98552873	1.440868027	0.5736032483	85.99327021	7.003121488	7.003608298	0	0	0	-864.8919904	0.0003741690293	107.02577255862	
864.8519904	86	7	7	0.001304206118	0.0007478445241	97.98483084	1.441258177	0.5739109789	85.98429628	7.007283763	7.00841996	0	0	0	-864.8519904	0.0007478445241	107.10247354404	
864.7719904	86	7	7	0.002791052921	0.001493989747	97.98343608	1.442037576	0.5745263397	85.96634525	7.015609636	7.018045113	0	0	0	-864.7719904	0.001493989747	107.340025420321	
864.6119904	86	7	7	0.005753640438	0.002981202835	97.98065205	1.443591495	0.5757564576	85.93043059	7.032266684	7.037302724	0	0	0	-864.6119904	0.002981202835	107.829642111659	
864.2919904	86	7	7	0.01163474176	0.005935466023	97.9751047	1.446680865	0.578214439	85.85855082	7.065602052	7.075847126	0	0	0	-864.2919904	0.005935466023	108.894690422016	
863.6519904	86	7	7	0.02320811212	0.0117520591	97.96409421	1.452783562	0.5831222286	85.71459345	7.132348856	7.153057689	0	0	0	-863.6519904	0.0117520591	111.081587166404	
862.3719904	86	7	7	0.04565737895	0.02306676666	97.94240441	1.464692291	0.5929033014	85.42587384	7.266171812	7.307954344	0	0	0	-862.3719904	0.02306676666	115.356620974267	
859.8119904	86	7	7	0.08794479185	0.04447588524	97.90033192	1.487341575	0.6123265002	84.84520865	7.535165656	7.619625692	0	0	0	-859.8119904	0.04447588524	-1890.59288699045	
857.2519904	86	7	7	0.1270258714	0.04301596141	97.85996195	1.508479797	0.6315582495	84.26020194	7.806062202	7.933735856	0	0	0	-857.2519904	0.04301596141	-1816.00857683899	
854.6919904	86	7	7	0.1632389357	0.04165024102	97.82125936	1.528141161	0.650599476	83.67083333	8.078902997	8.250263677	0	0	0	-854.6919904	0.04165024102	-1940.12503748327	
852.1319904	86	7	7	0.1968784494	0.04037127121	97.78418931	1.546359838	0.6694508497	83.07708903	8.353724968	8.569186005	0	0	0	-852.1319904	0.04037127121	-2069.16496989957	
849.5719904	86	7	7	0.2282003626	0.03917084198	97.7487171	1.563169936	0.6881129627	82.47895981	8.6305606	8.890479591	0	0	0	-849.5719904	0.03917084198	-2201.91969171151	
847.0119904	86	7	7	0.2574281116	0.03804167208	97.71480821	1.578605515	0.7065862724	81.8764419	8.909437704	9.214120395	0	0	0	-847.0119904	0.03804167208	-2338.21289201613	
844.4519904	86	7	7	0.2847575654	0.03697730939	97.68242828	1.592700648	0.7248710717	81.26953738	9.190379413	9.540083203	0	0	0	-844.4519904	0.03697730939	-2477.87309822014	
841.8919904	86	7	7	0.3103611019	0.03597201497	97.65154309	1.605489448	0.742967459	80.65825458	9.47340415	9.868341269	0	0	0	-841.8919904	0.03597201497	-2620.70767692606	
839.3319904	86	7	7	0.3343909864	0.03502066625	97.62211858	1.61700611	0.7608753114	80.04260845	9.758525579	10.19886597	0	0	0	-839.3319904	0.03502066625	-2766.50271152642	
836.7719904	86	7	7	0.3569821888	0.03411867573	97.59412081	1.627284927	0.7785942583	79.42262096	10.04575254	10.5316265	0	0	0	-836.7719904	0.03411867573	-2915.02332604896	
834.2119904	86	7	7	0.3782547433	0.03326192247	97.56751604	1.636360308	0.7961236567	78.79832149	10.33508897	10.86658954	0	0	0	-834.2119904	0.03326192247	-3066.0144677689	
831.6519904	86	7	7	0.3983157349	0.03244669404	97.54227065	1.644266788	0.8134625671	78.16974716	10.62653384	11.203719	0	0	0	-831.6519904	0.03244669404	-3219.20222169619	
829.0919904	86	7	7	0.4172609806	0.0316696372	97.51835124	1.651039028	0.830609732	77.53694324	10.92008103	11.54297573	0	0	0	-829.0919904	0.0316696372	-3374.29571123856	
826.5319904	86	7	7	0.4351764574	0.0309277158	97.49572463	1.656711813	0.8475635539	76.89996341	11.21571929	11.8843173	0	0	0	-826.5319904	0.0309277158	-3530.98948006828	
823.9719904	86	7	7	0.4521395202	0.03021817471	97.47435788	1.661320046	0.8643220768	76.25887011	11.51343213	12.22769776	0	0	0	-823.9719904	0.03021817471	-3688.96658583444	
821.4119904	86	7	7	0.4682199457	0.02953850887	97.45421831	1.664898725	0.880882967	75.61373481	11.81319775	12.57306744	0	0	0	-821.4119904	0.02953850887	-3847.90223729017	
818.8519904	86	7	7	0.4834808298	0.02888643659	97.43527357	1.667482935	0.8972434976	74.96463824	12.11498896	12.92037279	0	0	0	-818.8519904	0.02888643659	-4007.46774155397	
816.2919904	86	7	7	0.4979793614	0.02825987643	97.41749165	1.669107813	0.9134005335	74.31167061	12.41877317	13.26955621	0	0	0	-816.2919904	0.02825987643	-4167.33526344659	
813.7319904	86	7	7	0.5117674937	0.02765692724	97.40084095	1.669808526	0.9293505191	73.65493174	12.72451231	13.62055595	0	0	0	-813.7319904	0.02765692724	-4327.18254365897	
811.1719904	86	7	7	0.5248925259	0.02707585066	97.3852903	1.669620236	0.9450894674	72.9945312	13.03216281	13.97330598	0	0	0	-811.1719904	0.02707585066	-4486.69818868764	
808.6119904	86	7	7	0.5373976111	0.026515056	97.37080899	1.66857806	0.9606129527	72.33058837	13.34167565	14.32773599	0	0	0	-808.6119904	0.026515056	-4645.58682228352	
806.0519904	86	7	7	0.5493222	0.02597308684	97.35736686	1.666717035	0.975916105	71.66323239	13.65299632	14.68377129	0	0	0	-806.0519904	0.02597308684	-4803.57414551147	
803.4919904	86	7	7	0.5607024296	0.02544860936	97.34493432	1.664072068	0.9909936069	70.9926022	13.96606493	15.04133288	0	0	0	-803.4919904	0.02544860936	-4960.41212786993	
800.9319904	86	7	7	0.5715714652	0.02494040199	97.33348241	1.660677895	1.005839695	70.31884632	14.28081625	15.40033743	0	0	0	-800.9319904	0.02494040199	-5115.88333949885	
798.3719904	86	7	7	0.5819598014	0.02444734622	97.32298281	1.656569027	1.020448161	69.64212276	14.59717984	15.76069739	0	0	0	-798.3719904	0.02444734622	-5269.8051189785	
795.8119904	86	7	7	0.591895528	0.02396841844	97.31340794	1.651779702	1.034812363	68.96259872	14.91508018	16.12232111	0	0	0	-795.8119904	0.02396841844	-5422.03318012107	
793.2519904	86	7	7	0.6014045653	0.02350268263	97.30473094	1.646343828	1.04892523	68.28045027	15.23443681	16.48511292	0	0	0	-793.2519904	0.02350268263	-5572.46382215989	
790.6919904	86	7	7	0.6105108738	0.02304928369	97.29692578	1.640294937	1.062779279	67.59586203	15.55516459	16.84897338	0	0	0	-790.6919904	0.02304928369	-5721.03605859485	
788.1319904	86	7	7	0.6192366388	0.02260744151	97.28996725	1.633666121	1.076366631	66.9090267	15.87717386	17.21379944	0	0	0	-788.1319904	0.02260744151	-5867.73270330892	
785.5719904	86	7	7	0.6276024366	0.02217644546	97.28383098	1.626489986	1.089679033	66.22014456	16.20037073	17.57948471	0	0	0	-785.5719904	0.02217644546	-6012.58368461472	
783.0119904	86	7	7	0.635627382	0.02175564984	97.27849353	1.618798597	1.102707877	65.5294229	16.52465738	17.94591972	0	0	0	-783.0119904	0.02175564984	-6155.57846862368	
780.4519904	86	7	7	0.6433292563	0.02134445792	97.27393237	1.610623356	1.115444275	64.83707579	16.84993216	18.31299205	0	0	0	-780.4519904	0.02134445792	-6297.11365384404	
777.8919904	86	7	7	0.6507246423	0.0209423749	97.27012583	1.601995324	1.127878844	64.14332184	17.17609071	18.68058745	0	0	0	-777.8919904	0.0209423749	-6437.00076686837	
775.3319904	86	7	7	0.6578289989	0.02054887141	97.2670534	1.59294425	1.140002353	63.44838641	17.50302491	19.04858868	0	0	0	-775.3319904	0.02054887141	-6575.40126231605	
772.7719904	86	7	7	0.6646567846	0.02016354357	97.2646953	1.583499771	1.151804927	62.75249822	17.83062452	19.41687726	0	0	0	-772.7719904	0.02016354357	-6712.8782192795	
770.2119904	86	7	7	0.6712215313	0.01978599951	97.26303286	1.573690415	1.163276723	62.0558897	18.15877704	19.78533326	0	0	0	-770.2119904	0.01978599951	-6849.44402508931	
767.6519904	86	7	7	0.6775359218	0.01941588981	97.26204834	1.563543947	1.174407714	61.35879612	18.48736815	20.15383574	0	0	0	-767.6519904	0.01941588981	-6985.39744799474	
765.0919904	86	7	7	0.6836118596	0.01905290351	97.26172495	1.553087272	1.185187778	60.6614547	18.81628214	20.52226316	0	0	0	-765.0919904	0.01905290351	-7121.04197575259	
762.5319904	86	7	7	0.6894605317	0.01869676356	97.26204686	1.542346399	1.195606737	59.96410388	19.14540231	20.89049381	0	0	0	-762.5319904	0.01869676356	-7256.6851525499	
759.9719904	86	7	7	0.6950924643	0.01834722375	97.26299918	1.531346412	1.205654411	59.26698246	19.47461141	21.25840613	0	0	0	-759.9719904	0.01834722375	-7396.74605690372	
757.4119904	86	7	7	0.7005177066	0.01800443562	97.26456736	1.520111367	1.215321269	58.5703204	19.80379463	21.62588496	0	0	0	-757.4119904	0.01800443562	-7530.26901706772	
754.8519904	86	7	7	0.7057453987	0.01766721016	97.26673943	1.508664308	1.224596259	57.87437322	20.13282752	21.99279926	0	0	0	-754.8519904	0.01766721016	-7663.9933425962	
752.2919904	86	7	7	0.7107844513	0.01733625877	97.26950248	1.497027649	1.23346987	57.17936624	20.46159817	22.35903558	0	0	0	-752.2919904	0.01733625877	-7805.71922920405	
749.7319904	86	7	7	0.715643213	0.01701117587	97.27284503	1.485222589	1.241932385	56.48553203	20.78999103	22.72447694	0	0	0	-749.7319904	0.01701117587	-7946.25333444696	
747.1719904	86	7	7	0.7203295831	0.01669182789	97.27675635	1.47326933	1.249974319	55.79309985	21.11789182	23.08900833	0	0	0	-747.1719904	0.01669182789	-8088.74742302098	
744.6119904	86	7	7	0.7248510427	0.01637809806	97.28122645	1.461187078	1.25758647	55.10229495	21.44518799	23.45251706	0	0	0	-744.6119904	0.01637809806	-8233.53386276158	
742.0519904	86	7	7	0.7292146831	0.0160698829	97.286246	1.448994043	1.26475996	54.413338	21.77176897	23.81489303	0	0	0	-742.0519904	0.0160698829	-8380.92176294308	
739.4919904	86	7	7	0.7334272321	0.01576709049	97.29180627	1.436707449	1.271486283	53.72644453	22.09752646	24.17602902	0	0	0	-739.4919904	0.01576709049	-8531.2117125688	
736.9319904	86	7	7	0.7374950771	0.01546963866	97.29789912	1.424343545	1.27775734	53.04182443	22.42235471	24.53582086	0	0	0	-736.9319904	0.01546963866	-8684.69281252524	
734.3719904	86	7	7	0.7414242872	0.0151774534	97.3045169	1.411917619	1.283565483	52.35968151	22.74615079	24.8941677	0	0	0	-734.3719904	0.0151774534	-8841.64180908433	
731.8119904	86	7	7	0.7452206326	0.01489046735	97.31165244	1.399444015	1.288903548	51.68021311	23.06881473	25.25097216	0	0	0	-731.8119904	0.01489046735	-9002.32156812121	
729.2519904	86	7	7	0.7488896028	0.01460861844	97.31929895	1.386936159	1.293764889	51.00360975	23.39024977	25.60614048	0	0	0	-729.2519904	0.01460861844	-9166.9809606502	
726.6919904	86	7	7	0.7524364233	0.01433184869	97.32745002	1.374406574	1.298143409	50.33005489	23.71036247	25.95958264	0	0	0	-726.6919904	0.01433184869	-9335.85497758983	
724.1319904	86	7	7	0.755866071	0.01406010315	97.3360995	1.361866915	1.302033586	49.65972465	24.02906288	26.31121247	0	0	0	-724.1319904	0.01406010315	-9509.16456679252	
721.5719904	86	7	7	0.7591832882	0.01379332896	97.34524151	1.34932799	1.305430499	48.99278767	24.34626463	26.6609477	0	0	0	-721.5719904	0.01379332896	-9687.11568977062	
719.0119904	86	7	7	0.7623925957	0.01353147449	97.35487036	1.336799795	1.308329846	48.32940496	24.66188499	27.00871004	0	0	0	-719.0119904	0.01353147449	-9869.90074235076	
716.4519904	86	7	7	0.7654983051	0.01327448871	97.36498049	1.324291539	1.310727967	47.66972986	24.97584497	27.35442517	0	0	0	-716.4519904	0.01327448871	-10057.6985924057	
713.8919904	86	7	7	0.7685045296	0.01302232055	97.37556646	1.311811681	1.312621855	47.01390795	25.28806932	27.69802274	0	0	0	-713.8919904	0.01302232055	-10250.6740356742	
711.3319904	86	7	7	0.7714151949	0.01277491843	97.38662287	1.29936796	1.314009166	46.3620771	25.59848653	28.03943637	0	0	0	-711.3319904	0.01277491843	-10448.979367897	
708.7719904	86	7	7	0.7742340487	0.01253222988	97.39814434	1.286967427	1.314888232	45.71436751	25.90702887	28.37860362	0	0	0	-708.7719904	0.01253222988	-10652.7542565655	
706.2119904	86	7	7	0.7769646698	0.01229420122	97.41012546	1.27461648	1.315258065	45.07090177	26.21363233	28.7154659	0	0	0	-706.2119904	0.01229420122	-10862.1256948316	
703.6519904	86	7	7	0.7796104766	0.01206077732	97.42256075	1.262320896	1.315118358	44.43179498	26.5182366	29.04996842	0	0	0	-703.6519904	0.01206077732	-11077.2097071151	
701.0919904	86	7	7	0.7821747353	0.01183190148	97.43544465	1.250085867	1.314469486	43.79715489	26.820785	29.38206012	0	0	0	-701.0919904	0.01183190148	-11298.1105875797	
698.5319904	86	7	7	0.7846605671	0.01160751527	97.44877147	1.237916025	1.313312506	43.16708206	27.12122439	29.71169355	0	0	0	-698.5319904	0.01160751527	-11524.9240620207	
695.9719904	86	7	7	0.7870709555	0.01138755862	97.46253537	1.225815482	1.311649148	42.54167004	27.41950515	30.0388248	0	0	0	-695.9719904	0.01138755862	-11757.7316325511	
693.4119904	86	7	7	0.7894087525	0.01117196954	97.47673034	1.213787856	1.309481809	41.92100559	27.71558105	30.36341335	0	0	0	-693.4119904	0.01117196954	-11996.609176078	
690.8519904	86	7	7	0.7916766855	0.01096068457	97.49135015	1.201836305	1.306813544	41.30516886	28.00940916	30.68542198	0	0	0	-690.8519904	0.01096068457	-12241.623269844	
688.2919904	86	7	7	0.7938773629	0.01075363846	97.50638839	1.189963553	1.303648056	40.69423363	28.30094974	31.00481663	0	0	0	-688.2919904	0.01075363846	-12492.8282004624	
685.7319904	86	7	7	0.7960132796	0.01055076451	97.5218384	1.178171919	1.299989678	40.08826757	28.59016614	31.32156629	0	0	0	-685.7319904	0.01055076451	-12750.2743347777	
683.1719904	86	7	7	0.7980868225	0.01035199461	97.53769329	1.166463347	1.295843364	39.48733245	28.87702469	31.63564286	0	0	0	-683.1719904	0.01035199461	-13014.0021708642	
680.6119904	86	7	7	0.8001002756	0.01015725938	97.5539459	1.154839429	1.291214667	38.8914844	29.16149459	31.94702101	0	0	0	-680.6119904	0.01015725938	-13284.045270764	
678.0519904	86	7	7	0.8020558245	0.009966488328	97.57058884	1.143301433	1.286109725	38.30077417	29.44354775	32.25567807	0	0	0	-678.0519904	0.009966488328	-13560.4304333917	
675.4919904	86	7	7	0.8039555612	0.009779610002	97.58761444	1.131850323	1.280535238	37.71524736	29.72315874	32.56159389	0	0	0	-675.4919904	0.009779610002	-13843.1781643324	
672.9319904	86	7	7	0.8058014884	0.009596552161	97.60501476	1.120486787	1.274498453	37.13494468	30.00030462	32.8647507	0	0	0	-672.9319904	0.009596552161	-14132.3030255413	
670.3719904	86	7	7	0.8075955235	0.009417241933	97.62278161	1.109211255	1.268007138	36.55990218	30.27496482	33.165133	0	0	0	-670.3719904	0.009417241933	-14427.8137326016	
667.8119904	86	7	7	0.8093395025	0.009241605979	97.64090652	1.098023918	1.261069561	35.99015152	30.54712105	33.46272742	0	0	0	-667.8119904	0.009241605979	-14729.713777517	
665.2519904	86	7	7	0.8110351838	0.009069570655	97.65938078	1.086924754	1.253694468	35.42572019	30.81675719	33.75752261	0	0	0	-665.2519904	0.009069570655	-15038.0018466182	
662.6919904	86	7	7	0.8126842519	0.00890106217	97.6781954	1.075913539	1.245891062	34.86663174	31.08385914	34.04950912	0	0	0	-662.6919904	0.00890106217	-15352.6721523859	
660.1319904	86	7	7	0.8142883203	0.008736006737	97.69734116	1.064989868	1.237668972	34.312906	31.34841474	34.33867925	0	0	0	-660.1319904	0.008736006737	-15673.7145296935	
657.5719904	86	7	7	0.8158489354	0.008574330713	97.71680859	1.054153171	1.229038238	33.76455932	31.61041365	34.62502703	0	0	0	-657.5719904	0.008574330713	-16001.1150932187	
655.0119904	86	7	7	0.8173675789	0.008415960742	97.73658799	1.043402729	1.220009279	33.22160475	31.86984726	34.908548	0	0	0	-655.0119904	0.008415960742	-16334.8566085232	
652.4519904	86	7	7	0.8188456711	0.00826082388	97.75666945	1.032737685	1.21059287	32.68405225	32.12670856	35.18923919	0	0	0	-652.4519904	0.00826082388	-16674.9185599058	
649.8919904	86	7	7	0.8202845737	0.008108847715	97.77704282	1.022157061	1.200800121	32.15190892	32.38099208	35.46709899	0	0	0	-649.8919904	0.008108847715	-17021.2776489355	
647.3319904	86	7	7	0.8216855924	0.007959960478	97.79769778	1.011659768	1.190642448	31.62517913	32.6326938	35.74212707	0	0	0	-647.3319904	0.007959960478	-17373.9079443785	
644.7719904	86	7	7	0.8230499791	0.007814091142	97.81862383	1.00124462	1.180131548	31.10386471	32.88181101	36.01432428	0	0	0	-644.7719904	0.007814091142	-17732.7816417855	
642.2119904	86	7	7	0.8243789351	0.007671169522	97.83981028	0.9909103444	1.169279377	30.58796516	33.12834227	36.28369257	0	0	0	-642.2119904	0.007671169522	-18097.8688554536	
639.6519904	86	7	7	0.8256736124	0.007531126348	97.86124629	0.9806555895	1.158098123	30.07747775	33.37228734	36.55023492	0	0	0	-639.6519904	0.007531126348	-18469.1381601951	
637.0919904	86	7	7	0.8269351169	0.00739389335	97.88292088	0.9704789378	1.146600183	29.57239769	33.61364706	36.81395525	0	0	0	-637.0919904	0.00739389335	-18846.5568655639	
634.5319904	86	7	7	0.8281645098	0.007259403315	97.90482295	0.960378913	1.134798138	29.07271832	33.85242331	37.07485837	0	0	0	-634.5319904	0.007259403315	-19230.0914685258	
631.9719904	86	7	7	0.8293628098	0.007127590156	97.92694128	0.9503539886	1.122704729	28.57843117	34.08861893	37.33294991	0	0	0	-631.9719904	0.007127590156	-19619.7077646846	
629.4119904	86	7	7	0.830530995	0.006998388952	97.94926457	0.9404025957	1.110332835	28.08952611	34.32223766	37.58823623	0	0	0	-629.4119904	0.006998388952	-20015.3711046	
626.8519904	86	7	7	0.8316700049	0.006871736	97.97178142	0.9305231303	1.097695446	27.60599152	34.55328408	37.8407244	0	0	0	-626.8519904	0.006871736	-20417.0468960734	
624.2919904	86	7	7	0.8327807419	0.006747568845	97.99448039	0.9207139598	1.084805646	27.12781433	34.78176354	38.09042214	0	0	0	-624.2919904	0.006747568845	-20824.7006983661	
621.7319904	86	7	7	0.8338640729	0.006625826315	98.01734998	0.9109734295	1.071676587	26.65498014	35.00768212	38.33733774	0	0	0	-621.7319904	0.006625826315	-21238.2985465183	
619.1719904	86	7	7	0.8349208312	0.00650644854	98.04037866	0.9012998684	1.058321467	26.18747337	35.23104657	38.58148006	0	0	0	-619.1719904	0.00650644854	-21657.8071663255	
616.6119904	86	7	7	0.8359518177	0.006389376974	98.06355489	0.8916915946	1.044753512	25.72527727	35.45186428	38.82285845	0	0	0	-616.6119904	0.006389376974	-22083.1944411897	
614.0519904	86	7	7	0.8369578023	0.006274554406	98.08686713	0.8821469203	1.030985952	25.26837408	35.67014321	39.06148271	0	0	0	-614.0519904	0.006274554406	-22514.4291254019	
611.4919904	86	7	7	0.8379395258	0.006161924966	98.11030384	0.8726641567	1.017032001	24.81674505	35.88589186	39.29736309	0	0	0	-611.4919904	0.006161924966	-22951.4817828496	
608.9319904	86	7	7	0.8388977003	0.006051434134	98.13385354	0.8632416186	1.002904842	24.37037055	36.09911923	39.53051022	0	0	0	-608.9319904	0.006051434134	-23394.3247411317	
606.3719904	86	7	7	0.8398330112	0.005943028735	98.15750477	0.8538776278	0.9886176024	23.92923012	36.30983479	39.76093509	0	0	0	-606.3719904	0.005943028735	-23842.9319096959	
603.8119904	86	7	7	0.8407461182	0.005836656936	98.18124614	0.8445705181	0.9741833393	23.49330253	36.51804844	39.98864903	0	0	0	-603.8119904	0.005836656936	-24297.2793466027	
601.2519904	86	7	7	0.8416376561	0.005732268238	98.20506634	0.8353186378	0.9596150209	23.06256585	36.72377049	40.21366366	0	0	0	-601.2519904	0.005732268238	-24757.3456396068	
598.6919904	86	7	7	0.8425082364	0.005629813468	98.22895414	0.8261203539	0.9449255098	22.63699751	36.9270116	40.43599089	0	0	0	-598.6919904	0.005629813468	-25223.1119322343	
596.1319904	86	7	7	0.8433584476	0.005529244764	98.2528984	0.8169740548	0.9301275466	22.21657431	37.12778279	40.6556429	0	0	0	-596.1319904	0.005529244764	-25694.5616189766	
593.5719904	86	7	7	0.8441888572	0.005430515558	98.27688811	0.8078781537	0.9152337343	21.80127253	37.32609539	40.87263209	0	0	0	-593.5719904	0.005430515558	-26171.6811808347	
591.0119904	86	7	7	0.8450000116	0.005333580562	98.30091239	0.7988310911	0.9002565237	21.39106789	37.52196102	41.08697109	0	0	0	-591.0119904	0.005333580562	-26654.4603254732	
588.4519904	86	7	7	0.8457924375	0.005238395747	98.32496046	0.7898313373	0.8852081991	20.98593566	37.71539159	41.29867275	0	0	0	-588.4519904	0.005238395747	-27142.8913958191	
585.8919904	86	7	7	0.8465666429	0.00514491832	98.34902174	0.7808773955	0.870100865	20.58585067	37.90639926	41.50775007	0	0	0	-585.8919904	0.00514491832	-27636.970022208	
583.3319904	86	7	7	0.8473231175	0.005053106704	98.37308576	0.7719678033	0.8549464328	20.19078733	38.0949964	41.71421627	0	0	0	-583.3319904	0.005053106704	-28136.6956071422	
580.7719904	86	7	7	0.8480623337	0.004962920515	98.39714225	0.7631011357	0.8397566096	19.80071966	38.28119563	41.9180847	0	0	0	-580.7719904	0.004962920515	-28642.0705563616	
578.2119904	86	7	7	0.8487847473	0.004874320534	98.42118111	0.7542760065	0.824542886	19.41562135	38.46500976	42.11936889	0	0	0	-578.2119904	0.004874320534	-29153.1008106259	
575.6519904	86	7	7	0.8494907981	0.004787268685	98.4451924	0.7454910709	0.8093165262	19.03546575	38.64645178	42.31808247	0	0	0	-575.6519904	0.004787268685	-29669.7966350908	
573.0919904	86	7	7	0.8501809108	0.00470172801	98.46916642	0.7367450266	0.7940885575	18.6602259	38.82553486	42.51423925	0	0	0	-573.0919904	0.00470172801	-30192.171397169	
570.5319904	86	7	7	0.8508554954	0.004617662638	98.49309362	0.7280366164	0.7788697615	18.28987455	39.00227232	42.70785313	0	0	0	-570.5319904	0.004617662638	-30720.2419393998	
567.9719904	86	7	7	0.8515149479	0.004535037761	98.51696471	0.7193646291	0.7636706651	17.92438419	39.17667766	42.89893815	0	0	0	-567.9719904	0.004535037761	-31254.0295894586	
565.4119904	86	7	7	0.8521596508	0.004453819608	98.54077057	0.7107279015	0.748501533	17.56372706	39.34876449	43.08750845	0	0	0	-565.4119904	0.004453819608	-31793.5594036248	
562.8519904	86	7	7	0.852789974	0.004373975416	98.56450232	0.7021253196	0.7333723605	17.20787518	39.51854656	43.27357826	0	0	0	-562.8519904	0.004373975416	-32338.8604596878	
560.2919904	86	7	7	0.8534062748	0.004295473405	98.58815131	0.6935558202	0.7182928667	16.85680031	39.68603774	43.45716195	0	0	0	-560.2919904	0.004295473405	-32889.9654018867	
557.7319904	86	7	7	0.8540088987	0.004218282747	98.61170912	0.6850183921	0.7032724891	16.51047405	39.851252	43.63827394	0	0	0	-557.7319904	0.004218282747	-33446.9111188703	
555.1719904	86	7	7	0.8545981799	0.004142373544	98.63516754	0.6765120773	0.688320378	16.16886778	40.01420345	43.81692878	0	0	0	-555.1719904	0.004142373544	-34009.739759939	
552.6119904	86	7	7	0.8551744417	0.004067716802	98.65851864	0.6680359722	0.6734453922	15.83195269	40.17490625	43.99314106	0	0	0	-552.6119904	0.004067716802	-34578.5003566511	
550.0519904	86	7	7	0.8557379968	0.003994284415	98.68175468	0.6595892288	0.6586560948	15.4996998	40.33337469	44.1669255	0	0	0	-550.0519904	0.003994284415	-35153.2272961099	
547.4919904	86	7	7	0.856289148	0.003922049052	98.70486819	0.6511710551	0.6439607503	15.17207999	40.48962313	44.33829688	0	0	0	-547.4919904	0.003922049052	-35733.9798018993	
544.9319904	86	7	7	0.8568281885	0.003850984301	98.72785196	0.6427807168	0.6293673216	14.84906396	40.64366599	44.50727004	0	0	0	-544.9319904	0.003850984301	-36320.8287618699	
542.3719904	86	7	7	0.857355402	0.00378106451	98.75069899	0.6344175376	0.6148834678	14.53062226	40.7955178	44.67385993	0	0	0	-542.3719904	0.00378106451	-36913.8269534749	
539.8119904	86	7	7	0.8578710634	0.0037122648	98.77340256	0.6260809002	0.6005165429	14.21672531	40.94519314	44.83808155	0	0	0	-539.8119904	0.0037122648	-37513.0410504105	
537.2519904	86	7	7	0.8583754392	0.003644561044	98.79595616	0.6177702471	0.5862735945	13.90734338	41.09270664	44.99994998	0	0	0	-537.2519904	0.003644561044	-38118.5416650936	
534.6919904	86	7	7	0.8588687874	0.003577929839	98.81835356	0.6094850811	0.5721613637	13.60244663	41.23807301	45.15948036	0	0	0	-534.6919904	0.003577929839	-38730.4037398817	
532.1319904	86	7	7	0.8593513584	0.003512348487	98.84058875	0.6012249658	0.5581862847	13.30200508	41.38130702	45.3166879	0	0	0	-532.1319904	0.003512348487	-39348.7066956136	
529.5719904	86	7	7	0.8598233947	0.003447794969	98.86265599	0.5929895265	0.5443544854	13.00598863	41.52242349	45.47158788	0	0	0	-529.5719904	0.003447794969	-39973.5345935678	
527.0119904	86	7	7	0.8602851316	0.003384247927	98.88454976	0.58477845	0.5306717886	12.71436709	41.66143726	45.62419565	0	0	0	-527.0119904	0.003384247927	-40604.9766737156	
524.4519904	86	7	7	0.8607367975	0.003321686641	98.9062648	0.5765914855	0.5171437134	12.42711014	41.79836326	45.7745266	0	0	0	-524.4519904	0.003321686641	-41243.1262003511	
521.8919904	86	7	7	0.8611786138	0.003260091008	98.92779608	0.5684284446	0.5037754771	12.14418736	41.93321643	45.9225962	0	0	0	-521.8919904	0.003260091008	-41888.0820997839	
519.3319904	86	7	7	0.8616107956	0.003199441525	98.9491388	0.5602892015	0.4905719972	11.86556823	42.06601178	46.06841999	0	0	0	-519.3319904	0.003199441525	-42539.9475866371	
516.7719904	86	7	7	0.8620335516	0.003139719265	98.97028841	0.5521736935	0.4775378947	11.59122214	42.19676433	46.21201353	0	0	0	-516.7719904	0.003139719265	-43198.8313898869	
514.2119904	86	7	7	0.8624470845	0.003080905864	98.99124058	0.5440819204	0.4646774966	11.32111837	42.32548915	46.35339248	0	0	0	-514.2119904	0.003080905864	-43864.8480179323	
511.6519904	86	7	7	0.8628515911	0.003022983499	99.01199121	0.5360139451	0.4519948399	11.05522612	42.45220135	46.49257254	0	0	0	-511.6519904	0.003022983499	-44538.1173377056	
509.0919904	86	7	7	0.8632472627	0.002965934874	99.03253643	0.5279698933	0.4394936748	10.7935145	42.57691605	46.62956945	0	0	0	-509.0919904	0.002965934874	-45218.764054476	
506.5319904	86	7	7	0.8636342853	0.002909743198	99.05287258	0.5199499531	0.4271774694	10.53595256	42.69964841	46.76439903	0	0	0	-506.5319904	0.002909743198	-45906.9200354073	
503.9719904	86	7	7	0.8640128394	0.002854392177	99.07299621	0.5119543752	0.4150494136	10.28250923	42.82041364	46.89707714	0	0	0	-503.9719904	0.002854392177	-46602.7234361976	
501.4119904	86	7	7	0.8643831009	0.002799865991	99.0929041	0.5039834719	0.4031124241	10.03315338	42.93922693	47.02761969	0	0	0	-501.4119904	0.002799865991	-47306.317953513	
498.8519904	86	7	7	0.8647452404	0.002746149284	99.11259323	0.4960376175	0.3913691493	9.787853807	43.05610354	47.15604266	0	0	0	-498.8519904	0.002746149284	-48017.8548769333	
496.2919904	86	7	7	0.8650994242	0.002693227147	99.13206078	0.4881172472	0.3798219743	9.546579234	43.17105872	47.28236205	0	0	0	-496.2919904	0.002693227147	-48737.4927249532	
493.7319904	86	7	7	0.865445814	0.002641085107	99.15130412	0.4802228567	0.3684730263	9.309298308	43.28410775	47.40659394	0	0	0	-493.7319904	0.002641085107	-49465.3973973291	
491.1719904	86	7	7	0.8657845672	0.002589709111	99.17032082	0.4723550016	0.3573241807	9.075979609	43.39526595	47.52875444	0	0	0	-491.1719904	0.002589709111	-50201.7426560967	
488.6119904	86	7	7	0.8661158368	0.002539085516	99.18910864	0.4645142963	0.3463770661	8.84659165	43.50454863	47.64885972	0	0	0	-488.6119904	0.002539085516	-50946.7103406727	
486.0519904	86	7	7	0.8664397722	0.002489201074	99.20766552	0.456701414	0.3356330708	8.621102877	43.61197114	47.76692598	0	0	0	-486.0519904	0.002489201074	-51700.492010958	
483.4919904	86	7	7	0.8667565185	0.002440042925	99.22598957	0.4489170846	0.3250933488	8.399481675	43.71754884	47.88296949	0	0	0	-483.4919904	0.002440042925	-52463.2882322181	
480.9319904	86	7	7	0.8670662173	0.002391598581	99.24407908	0.4411620948	0.3147588257	8.181696366	43.8212971	47.99700654	0	0	0	-480.9319904	0.002391598581	-53235.3082401442	
478.3719904	86	7	7	0.8673690065	0.002343855918	99.26193251	0.4334372861	0.3046302056	7.96771521	43.9232313	48.10905349	0	0	0	-478.3719904	0.002343855918	-54016.7724654909	
475.8119904	86	7	7	0.8676650204	0.002296803165	99.27954847	0.4257435544	0.2947079769	7.757506409	44.02336687	48.21912672	0	0	0	-475.8119904	0.002296803165	-54807.9140481417	
473.2519904	86	7	7	0.86795439	0.002250428898	99.29692573	0.418081848	0.2849924194	7.551038107	44.12171922	48.32724268	0	0	0	-473.2519904	0.002250428898	-55608.9759295118	
470.6919904	86	7	7	0.8682372433	0.002204722024	99.31406322	0.4104531667	0.2754836104	7.348278391	44.21830378	48.43341783	0	0	0	-470.6919904	0.002204722024	-56420.2130207521	
468.1319904	86	7	7	0.8685137047	0.002159671778	99.33096001	0.4028585602	0.2661814317	7.14919529	44.313136	48.53766871	0	0	0	-468.1319904	0.002159671778	-57241.894528839	
465.5719904	86	7	7	0.8687838958	0.002115267711	99.3476153	0.3952991267	0.2570855758	6.953756779	44.40623135	48.64001187	0	0	0	-465.5719904	0.002115267711	-58074.3020558136	
463.0119904	86	7	7	0.8690479354	0.002071499683	99.36402844	0.3877760111	0.2481955532	6.761930777	44.49760531	48.74046391	0	0	0	-463.0119904	0.002071499683	-58917.7344076729	
460.4519904	86	7	7	0.8693059392	0.002028357858	99.3801989	0.3802904031	0.2395106987	6.57368515	44.58727336	48.83904149	0	0	0	-460.4519904	0.002028357858	-59772.5054205623	
457.8919904	86	7	7	0.8695580203	0.001985832693	99.39612629	0.372843536	0.2310301781	6.388987709	44.675251	48.93576129	0	0	0	-457.8919904	0.001985832693	-60638.9423674998	
455.3319904	86	7	7	0.8698042892	0.00194391493	99.41181032	0.3654366843	0.222752995	6.207806208	44.76155376	49.03064003	0	0	0	-455.3319904	0.00194391493	-61517.3919945132	
452.7719904	86	7	7	0.8700448538	0.001902595593	99.42725084	0.3580711618	0.2146779974	6.030108352	44.84619717	49.12369448	0	0	0	-452.7719904	0.001902595593	-62408.2220000461	
450.2119904	86	7	7	0.8702798195	0.001861865981	99.4424478	0.3507483198	0.2068038846	5.855861786	44.92919677	49.21494145	0	0	0	-450.2119904	0.001861865981	-63311.8182246948	
447.6519904	86	7	7	0.8705092893	0.00182171766	99.45740124	0.3434695447	0.1991292132	5.685034104	45.01056812	49.30439778	0	0	0	-447.6519904	0.00182171766	-64228.5843934368	
445.0919904	86	7	7	0.8707333641	0.001782142455	99.47211134	0.3362362561	0.1916524042	5.517592844	45.0903268	49.39208035	0	0	0	-445.0919904	0.001782142455	-65158.9502081667	
442.5319904	86	7	7	0.8709521423	0.001743132451	99.48657835	0.3290499041	0.1843717493	5.353505486	45.16848841	49.4780061	0	0	0	-442.5319904	0.001743132451	-66103.3680434943	
439.9719904	86	7	7	0.8711657204	0.00170467998	99.50080262	0.3219119672	0.1772854172	5.192739456	45.24506856	49.56219199	0	0	0	-439.9719904	0.00170467998	-67062.3136648316	
437.4119904	86	7	7	0.8713741928	0.001666777621	99.51478459	0.31482395	0.1703914599	5.035262119	45.32008286	49.64465502	0	0	0	-437.4119904	0.001666777621	-68036.2911250872	
434.8519904	86	7	7	0.8715776517	0.001629418192	99.5285248	0.3077873803	0.1636878192	4.881040785	45.39354697	49.72541224	0	0	0	-434.8519904	0.001629418192	-69025.8318612711	
432.2919904	86	7	7	0.8717761877	0.001592594747	99.54202386	0.300803807	0.1571723325	4.7300427	45.46547656	49.80448074	0	0	0	-432.2919904	0.001592594747	-70031.4966784491	
429.7319904	86	7	7	0.8719698892	0.001556300569	99.55528246	0.293874797	0.1508427392	4.582235052	45.5358873	49.88187765	0	0	0	-429.7319904	0.001556300569	-71053.8774233483	
427.1719904	86	7	7	0.872158843	0.001520529167	99.56830138	0.287001933	0.1446966864	4.437584963	45.6047949	49.95762014	0	0	0	-427.1719904	0.001520529167	-72093.6004005686	
424.6119904	86	7	7	0.8723431342	0.001485274271	99.58108145	0.2801868103	0.1387317349	4.296059492	45.6722151	50.03172541	0	0	0	-424.6119904	0.001485274271	-73151.3262703757	
422.0519904	86	7	7	0.8725228461	0.001450529827	99.5936236	0.2734310341	0.1329453647	4.157625631	45.73816364	50.10421072	0	0	0	-422.0519904	0.001450529827	-74227.7540180353	
419.4919904	86	7	7	0.8726980605	0.001416289994	99.6059288	0.266736217	0.127334981	4.022250306	45.80265632	50.17509338	0	0	0	-419.4919904	0.001416289994	-75323.6218757299	
416.9319904	86	7	7	0.8728688577	0.001382549138	99.61799811	0.2601039756	0.1218979193	3.88990037	45.86570892	50.24439071	0	0	0	-416.9319904	0.001382549138	-76439.7120254009	
414.3719904	86	7	7	0.8730353163	0.001349301831	99.62983262	0.2535359279	0.116631451	3.760542606	45.92733728	50.31212012	0	0	0	-414.3719904	0.001349301831	-77576.8480930732	
411.8119904	86	7	7	0.8731975135	0.001316542841	99.64143352	0.2470336901	0.1115327888	3.63414372	45.98755726	50.37829901	0	0	0	-411.8119904	0.001316542841	-78735.9028745179	
409.2519904	86	7	7	0.8733555254	0.001284267135	99.65280203	0.2405988738	0.1065990914	3.510670346	46.04638476	50.44294489	0	0	0	-409.2519904	0.001284267135	-79917.801744863	
406.6919904	86	7	7	0.8735094264	0.00125246987	99.66393945	0.2342330827	0.1018274688	3.390089036	46.1038357	50.50607526	0	0	0	-406.6919904	0.00125246987	-81123.5176735101	
404.1319904	86	7	7	0.8736592897	0.001221146389	99.6748471	0.2279379099	0.09721498709	3.272366262	46.15992603	50.5677077	0	0	0	-404.1319904	0.001221146389	-82354.0881976271	
401.5719904	86	7	7	0.8738051875	0.001190292223	99.68552639	0.2217149345	0.09275867328	3.157468414	46.21467175	50.62785984	0	0	0	-401.5719904	0.001190292223	-83610.6070224571	
399.0119904	86	7	7	0.8739471904	0.001159903078	99.69597876	0.2155657183	0.08845551969	3.045361795	46.26808888	50.68654933	0	0	0	-399.0119904	0.001159903078	-84894.2298745989	
396.4519904	86	7	7	0.8740853683	0.001129974838	99.70620571	0.2094918036	0.08430248861	2.936012623	46.32019349	50.74379389	0	0	0	-396.4519904	0.001129974838	-86206.1858538923	
393.8919904	86	7	7	0.8742197896	0.001100503558	99.71620877	0.203494709	0.08029651651	2.829387022	46.37100167	50.79961131	0	0	0	-393.8919904	0.001100503558	-87547.771260545	
391.3319904	86	7	7	0.8743505218	0.001071485459	99.72598955	0.1975759271	0.07643451832	2.725451028	46.42052958	50.85401939	0	0	0	-391.3319904	0.001071485459	-88920.3612864375	
388.7719904	86	7	7	0.8744776315	0.001042916926	99.73554969	0.191736921	0.07271339145	2.62417058	46.46879341	50.90703601	0	0	0	-388.7719904	0.001042916926	-90325.4184590926	
386.2119904	86	7	7	0.8746011841	0.001014794505	99.74489086	0.1859791212	0.06913001973	2.525511523	46.51580937	50.95867911	0	0	0	-386.2119904	0.001014794505	-91764.4874390635	
383.6519904	86	7	7	0.8747212441	0.0009871148941	99.7540148	0.180303923	0.06568127722	2.4294396	46.56159374	51.00896666	0	0	0	-383.6519904	0.0009871148941	-93239.2037324209	
381.0919904	86	7	7	0.8748378753	0.0009598749422	99.76292329	0.1747126831	0.06236403186	2.335920458	46.60616285	51.0579167	0	0	0	-381.0919904	0.0009598749422	-94751.3072794881	
378.5319904	86	7	7	0.8749511404	0.0009330716447	99.77161813	0.1692067166	0.05917514904	2.244919638	46.64953305	51.10554731	0	0	0	-378.5319904	0.0009330716447	-96302.6429938507	
375.9719904	86	7	7	0.8750611014	0.0009067021381	99.78010121	0.1637872942	0.05611149496	2.156402579	46.69172076	51.15187666	0	0	0	-375.9719904	0.0009067021381	-97895.167885421	
373.4119904	86	7	7	0.8751678194	0.0008807636955	99.78837442	0.1584556395	0.05316993995	2.070334616	46.73274245	51.19692294	0	0	0	-373.4119904	0.0008807636955	-99530.9601387111	
370.8519904	86	7	7	0.8752713547	0.0008552537218	99.79643971	0.1532129256	0.05034736161	1.986680976	46.77261461	51.24070441	0	0	0	-370.8519904	0.0008552537218	-101212.22722243	
368.2919904	86	7	7	0.8753717671	0.0008301697488	99.80429908	0.1480602731	0.04764064782	1.905406777	46.81135383	51.2832394	0	0	0	-368.2919904	0.0008301697488	-102941.315059802	
365.7319904	86	7	7	0.8754691155	0.0008055094302	99.81195455	0.1429987467	0.0450466997	1.826477032	46.8489767	51.32454627	0	0	0	-365.7319904	0.0008055094302	-104720.717341173	
363.1719904	86	7	7	0.8755634581	0.0007812705362	99.81940821	0.138029353	0.04256243433	1.749856643	46.8854999	51.36464346	0	0	0	-363.1719904	0.0007812705362	-106553.086549479	
360.6119904	86	7	7	0.8756548526	0.0007574509484	99.82666217	0.133153038	0.04018478746	1.675510402	46.92094013	51.40354946	0	0	0	-360.6119904	0.0007574509484	-108441.245188886	
358.0519904	86	7	7	0.8757433559	0.000734048654	99.8337186	0.1283706842	0.03791071605	1.603402994	46.95531418	51.44128283	0	0	0	-358.0519904	0.000734048654	-110388.197397172	
355.4919904	86	7	7	0.8758290245	0.00071106174	99.84057969	0.1236831088	0.03573720071	1.533498994	46.98863886	51.47786215	0	0	0	-355.4919904	0.00071106174	-112397.143665855	
352.9319904	86	7	7	0.8759119143	0.0006884883876	99.84724769	0.1190910612	0.03366124801	1.465762869	47.02093104	51.5133061	0	0	0	-352.9319904	0.0006884883876	-114471.495162411	
350.3719904	86	7	7	0.8759920804	0.0006663268659	99.85372489	0.1145952209	0.03167989271	1.400158978	47.05220764	51.54763338	0	0	0	-350.3719904	0.0006663268659	-116614.888916636	
347.8119904	86	7	7	0.8760695777	0.0006445755256	99.8600136	0.1101961954	0.02979019986	1.336651576	47.08248565	51.58086277	0	0	0	-347.8119904	0.0006445755256	-118831.095349114	
345.2519904	86	7	7	0.8761444604	0.000623232754	99.86611621	0.1058945192	0.02798926665	1.275204817	47.11178211	51.61301307	0	0	0	-345.2519904	0.000623232754	-121125.481995416	
342.6919904	86	7	7	0.8762167824	0.0006022974582	99.87203513	0.1016906452	0.02627422601	1.215782715	47.14011406	51.64410322	0	0	0	-342.6919904	0.0006022974582	-123499.484600128	
340.1319904	86	7	7	0.876286597	0.0005817671798	99.87777279	0.09758496386	0.02464224297	1.158349282	47.16749864	51.67415208	0	0	0	-340.1319904	0.0005817671798	-125959.667666905	
337.5719904	86	7	7	0.876353957	0.0005616414751	99.8833317	0.09357777279	0.02309052406	1.102868346	47.19395302	51.70317863	0	0	0	-337.5719904	0.0005616414751	-128512.971025549	
335.0119904	86	7	7	0.8764189149	0.0005419186959	99.88871439	0.08966929446	0.02161631383	1.049303671	47.21949442	51.73120191	0	0	0	-335.0119904	0.0005419186959	-131162.075870232	
332.4519904	86	7	7	0.8764815227	0.0005225975397	99.89392343	0.08585967014	0.02021689761	0.9976189362	47.24414009	51.75824097	0	0	0	-332.4519904	0.0005225975397	-133913.699554206	
329.8919904	86	7	7	0.8765418322	0.0005036767354	99.89896144	0.08214895898	0.01888960302	0.9477777387	47.26790734	51.78431492	0	0	0	-329.8919904	0.0005036767354	-136774.068311012	
327.3319904	86	7	7	0.8765998945	0.0004851550359	99.90383106	0.07853713706	0.01763180122	0.8997435999	47.2908135	51.8094429	0	0	0	-327.3319904	0.0004851550359	-139749.863398453	
324.7719904	86	7	7	0.8766557607	0.0004670312094	99.908535	0.07502409678	0.0164409082	0.8534799719	47.31287595	51.83364408	0	0	0	-324.7719904	0.0004670312094	-142848.261995151	
322.2119904	86	7	7	0.8767094811	0.0004493040319	99.91307597	0.07160964631	0.01531438596	0.8089502441	47.33411209	51.85693767	0	0	0	-322.2119904	0.0004493040319	-146076.977240486	
319.6519904	86	7	7	0.876761106	0.0004319722774	99.91745675	0.06829350926	0.01424974356	0.7661177515	47.35453934	51.8793429	0	0	0	-319.6519904	0.0004319722774	-149444.307168259	
317.0919904	86	7	7	0.8768106852	0.0004150347102	99.92168014	0.06507532453	0.01324453812	0.7249457826	47.37417518	51.90087903	0	0	0	-317.0919904	0.0004150347102	-152959.188573479	
314.5319904	86	7	7	0.8768582682	0.0003984900752	99.92574898	0.06195464631	0.0122963758	0.6853975885	47.39303708	51.92156533	0	0	0	-314.5319904	0.0003984900752	-156631.251946697	
311.9719904	86	7	7	0.8769039042	0.000382337089	99.92966614	0.05893094431	0.01140291257	0.647436393	47.41114252	51.94142109	0	0	0	-311.9719904	0.000382337089	-160470.887086742	
309.4119904	86	7	7	0.876947642	0.0003665744303	99.93343454	0.05600360418	0.01056185506	0.6110254033	47.42850901	51.96046559	0	0	0	-309.4119904	0.0003665744303	-164489.313937673	
306.8519904	86	7	7	0.8769895302	0.0003512007306	99.93705711	0.05317192804	0.009770961197	0.5761278212	47.44515406	51.97871812	0	0	0	-306.8519904	0.0003512007306	-168698.663339652	
304.2919904	86	7	7	0.8770296168	0.0003362145647	99.94053682	0.05043513531	0.009028040886	0.5427068551	47.46109517	51.99619797	0	0	0	-304.2919904	0.0003362145647	-173112.059818277	
301.7319904	86	7	7	0.8770679498	0.0003216144403	99.94387668	0.04779236365	0.008330956545	0.5107257337	47.47634984	52.01292442	0	0	0	-301.7319904	0.0003216144403	-156914.116890341	
300	86	7	7	0.877092914	0.0002095304409	99.9460585	0.04605722118	0.007884276924	0.489886646	47.48629001	52.02382334	0	0	0	-300	0.0002095304409	126008.895640715	
