T	w(AL)	w(MG)	w(SI)	fs	fw(@FCC_A1)	w(AL@FCC_A1)	w(MG@FCC_A1)	w(SI@FCC_A1)	w(AL@LIQUID)	w(MG@LIQUID)	w(SI@LIQUID)	dwdT_L(AL@LIQUID)	dwdT_L(MG@LIQUID)	dwdT_L(SI@LIQUID)	-T	fw(@FCC_A1)_1	-T//fw(@FCC_A1)	
K	%	%	%	mole/mole	kg/kg	%	%	%	%	%	%	SI	SI	SI				
870.9063234	87	10	3	0	0	97.15981357	2.658830586	0.1813558456	87	10	3	0.002255077703	-0.001629432115	-0.0006256455881	-870.9063234	0	22.4332330960827	
870.8963234	87	10	3	0.000220523805	0.0002220430523	97.15945537	2.659169703	0.1813749307	86.99774491	10.00162951	3.000625572	0	0	0	-870.8963234	0.0002220430523	67.6393892751862	
870.8763234	87	10	3	0.0006611109812	0.0004437518045	97.158739	2.659847891	0.1814131049	86.99323459	10.00488842	3.001876986	0	0	0	-870.8763234	0.0004437518045	90.2296769699544	
870.8363234	87	10	3	0.001541334306	0.000886856463	97.15730613	2.661204452	0.1814894179	86.98421318	10.01140657	3.004380255	0	0	0	-870.8363234	0.000886856463	90.3258657545219	
870.7563234	87	10	3	0.003298036883	0.001771487799	97.15444207	2.663916086	0.1816418435	86.9661674	10.02444394	3.009388659	0	0	0	-870.7563234	0.001771487799	90.547097793443	
870.5963234	87	10	3	0.006796531089	0.003534104459	97.14871895	2.669335104	0.1819459477	86.93006407	10.05052301	3.01941292	0	0	0	-870.5963234	0.003534104459	91.003391937539	
870.2763234	87	10	3	0.01373439693	0.007032959975	97.13729266	2.680156169	0.1825511674	86.85781031	10.10269848	3.039491211	0	0	0	-870.2763234	0.007032959975	91.9940532282434	
869.6363234	87	10	3	0.02735904932	0.01391121038	97.11452404	2.701725364	0.1837505951	86.71311354	10.2071078	3.079778657	0	0	0	-869.6363234	0.01391121038	94.0308197125992	
868.3563234	87	10	3	0.05368051966	0.02725297986	97.06931197	2.744584504	0.1861035282	86.42296477	10.41618445	3.160850774	0	0	0	-868.3563234	0.02725297986	98.0352082756294	
865.7963234	87	10	3	0.1028734456	0.05235624233	96.98017578	2.829198384	0.1906258376	85.83966001	10.83537705	3.324962941	0	0	0	-865.7963234	0.05235624233	-1458.96493110493	
863.2363234	87	10	3	0.147794272	0.0504460629	96.89259863	2.912527142	0.194874229	85.25246095	11.25628684	3.491252214	0	0	0	-863.2363234	0.0504460629	-1390.01187639475	
860.6763234	87	10	3	0.1889457932	0.04866394764	96.80654724	2.994601622	0.1988511359	84.66143173	11.678899	3.65966927	0	0	0	-860.6763234	0.04866394764	-1488.43830593251	
858.1163234	87	10	3	0.2267580882	0.04699834942	96.72198795	3.075452757	0.202559291	84.06665187	12.1031876	3.830160526	0	0	0	-858.1163234	0.04699834942	-1589.99785405251	
855.5563234	87	10	3	0.2615991896	0.04543707857	96.63888726	3.155110883	0.2060018561	83.46821505	12.52911493	4.002670024	0	0	0	-855.5563234	0.04543707857	-1693.63443045022	
852.9963234	87	10	3	0.2937857236	0.04396947693	96.5572119	3.23360571	0.2091823902	82.86622976	12.95663125	4.177138988	0	0	0	-852.9963234	0.04396947693	-1799.08688236763	
850.4363234	87	10	3	0.3235914697	0.04258620572	96.47692884	3.310966334	0.2121048231	82.26081965	13.38567483	4.35350552	0	0	0	-850.4363234	0.04258620572	-1906.09481898659	
847.8763234	87	10	3	0.351254283	0.04127905293	96.39800533	3.387221242	0.2147734306	81.65212365	13.81617202	4.531704331	0	0	0	-847.8763234	0.04127905293	-2014.39462968545	
845.3163234	87	10	3	0.376981732	0.04004077468	96.32040888	3.462398305	0.2171928114	81.04029612	14.24803735	4.711666532	0	0	0	-845.3163234	0.04004077468	-2123.724869321	
842.7563234	87	10	3	0.4009557189	0.03886496383	96.24410737	3.536524767	0.219367865	80.42550681	14.68117371	4.893319485	0	0	0	-842.7563234	0.03886496383	-2233.83214387383	
840.1963234	87	10	3	0.4233362898	0.0377459405	96.169069	3.609627228	0.2213037703	79.80794066	15.11547264	5.076586699	0	0	0	-840.1963234	0.0377459405	-2344.4773443377	
837.6363234	87	10	3	0.4442647941	0.03667866038	96.09526241	3.681731626	0.2230059641	79.18779752	15.55081469	5.261387789	0	0	0	-837.6363234	0.03667866038	-2455.44181998335	
835.0763234	87	10	3	0.463866519	0.03565863732	96.02265667	3.752863209	0.2244801208	78.56529169	15.98706982	5.447638493	0	0	0	-835.0763234	0.03565863732	-2566.53344134418	
832.5163234	87	10	3	0.4822528963	0.03468187777	95.95122135	3.823046515	0.2257321312	77.94065132	16.42409793	5.635250751	0	0	0	-832.5163234	0.03468187777	-2677.5921718362	
829.9563234	87	10	3	0.4995233608	0.03374482469	95.88092658	3.892305344	0.2267680814	77.31411763	16.86174953	5.824132839	0	0	0	-829.9563234	0.03374482469	-2788.49494038825	
827.3963234	87	10	3	0.5157669212	0.03284430939	95.81174303	3.960662735	0.2275942315	76.68594398	17.29986645	6.014189562	0	0	0	-827.3963234	0.03284430939	-2899.1595724752	
824.8363234	87	10	3	0.5310634946	0.03197750971	95.74364206	4.028140946	0.2282169942	76.05639486	17.73828263	6.205322507	0	0	0	-824.8363234	0.03197750971	-3009.54767335971	
822.2763234	87	10	3	0.5454850438	0.03114191357	95.67659566	4.09476143	0.228642913	75.42574462	18.17682503	6.397430349	0	0	0	-822.2763234	0.03114191357	-3119.66639477972	
819.7163234	87	10	3	0.5590965499	0.03033528684	95.61057654	4.160544825	0.2288786398	74.7942762	18.6153146	6.5904092	0	0	0	-819.7163234	0.03033528684	-3229.56869072635	
817.1563234	87	10	3	0.571956848	0.02955564473	95.54555815	4.225510936	0.2289309134	74.16227963	19.05356736	6.784153012	0	0	0	-817.1563234	0.02955564473	-3339.35281434549	
814.5963234	87	10	3	0.5841193462	0.02880122636	95.48151473	4.289678734	0.2288065366	73.53005055	19.49139543	6.978554014	0	0	0	-814.5963234	0.02880122636	-3449.16029703329	
812.0363234	87	10	3	0.5956326475	0.02807047158	95.4184213	4.353066348	0.2285123547	72.89788859	19.92860823	7.173503178	0	0	0	-812.0363234	0.02807047158	-3559.17309193815	
809.4763234	87	10	3	0.6065410882	0.02736200012	95.35625369	4.415691074	0.2280552336	72.2660957	20.36501358	7.368890717	0	0	0	-809.4763234	0.02736200012	-3669.61011757168	
806.9163234	87	10	3	0.6168852051	0.02667459243	95.29498858	4.47756938	0.2274420382	71.63497448	20.80041894	7.564606589	0	0	0	-806.9163234	0.02667459243	-3780.72320897643	
804.3563234	87	10	3	0.6267021433	0.02600717225	95.23460347	4.538716919	0.2266796117	71.0048265	21.23463248	7.760541018	0	0	0	-804.3563234	0.02600717225	-3892.79301587854	
801.7963234	87	10	3	0.6360260118	0.02535879058	95.17507669	4.59914855	0.2257747563	70.37595067	21.66746432	7.956585014	0	0	0	-801.7963234	0.02535879058	-4006.1211245629	
799.2363234	87	10	3	0.6448881941	0.02472860992	95.11638743	4.65887836	0.2247342129	69.74864159	22.09872754	8.152630876	0	0	0	-799.2363234	0.02472860992	-4121.02151222173	
796.6763234	87	10	3	0.653317621	0.0241158897	95.05851565	4.717919707	0.2235646428	69.1231881	22.52823923	8.348572672	0	0	0	-796.6763234	0.0241158897	-4237.82914977707	
794.1163234	87	10	3	0.6613410108	0.02351997682	95.00144215	4.776285234	0.2222726121	68.49987179	22.95582149	8.54430672	0	0	0	-794.1163234	0.02351997682	-4356.89467671524	
791.5563234	87	10	3	0.6689830809	0.02294029281	94.94514852	4.833986903	0.2208645765	67.87896563	23.38130234	8.739732032	0	0	0	-791.5563234	0.02294029281	-4478.56487910759	
788.9963234	87	10	3	0.6762667343	0.02237632177	94.88961709	4.891036041	0.2193468666	67.26073284	23.80451645	8.934750711	0	0	0	-788.9963234	0.02237632177	-4603.18504556185	
786.4363234	87	10	3	0.6832132242	0.02182760149	94.83483095	4.947443374	0.2177256756	66.64542574	24.22530595	9.129268311	0	0	0	-786.4363234	0.02182760149	-4731.10162172217	
783.8763234	87	10	3	0.6898423012	0.02129371496	94.78077388	5.003219073	0.2160070479	66.03328491	24.64352093	9.323194156	0	0	0	-783.8763234	0.02129371496	-4862.65690218974	
781.3163234	87	10	3	0.6961723432	0.02077428255	94.72743034	5.058372792	0.2141968701	65.42453836	25.05902002	9.516441616	0	0	0	-781.3163234	0.02077428255	-4998.18638451674	
778.7563234	87	10	3	0.7022204714	0.02026895518	94.67478543	5.112913708	0.2123008629	64.81940091	25.47167075	9.708928332	0	0	0	-778.7563234	0.02026895518	-5138.01685121431	
776.1963234	87	10	3	0.7080026549	0.01977740821	94.62282486	5.166850564	0.2103245749	64.21807375	25.88134986	9.900576397	0	0	0	-776.1963234	0.01977740821	-5282.46505833998	
773.6363234	87	10	3	0.7135338031	0.01929933626	94.57153492	5.220191703	0.2082733776	63.62074403	26.28794348	10.09131249	0	0	0	-773.6363234	0.01929933626	-5431.83689039778	
771.0763234	87	10	3	0.7188278496	0.0188344487	94.52090242	5.272945113	0.2061524619	63.02758476	26.69134727	10.28106797	0	0	0	-771.0763234	0.0188344487	-5586.42670246974	
768.5163234	87	10	3	0.7238978278	0.01838246592	94.47091471	5.325118456	0.2039668359	62.43875467	27.09146642	10.46977891	0	0	0	-768.5163234	0.01838246592	-5746.51693658712	
765.9563234	87	10	3	0.7287559386	0.01794311618	94.42155957	5.376719105	0.2017213237	61.85439832	27.48821556	10.65738612	0	0	0	-765.9563234	0.01794311618	-5912.37795756551	
763.3963234	87	10	3	0.7334136126	0.01751613311	94.37282526	5.427754174	0.1994205661	61.27464621	27.88151869	10.8438351	0	0	0	-763.3963234	0.01751613311	-6087.18769631061	
760.8363234	87	10	3	0.7378816786	0.01710163488	94.32469843	5.478232567	0.1970690059	60.69960848	28.27131414	11.02907737	0	0	0	-760.8363234	0.01710163488	-6263.30990486646	
758.2763234	87	10	3	0.7421700132	0.01669836564	94.27717176	5.528157327	0.1946709159	60.12940273	28.65753349	11.21306378	0	0	0	-758.2763234	0.01669836564	-6445.28940833651	
755.7163234	87	10	3	0.7462881131	0.01630690541	94.230233	5.577536583	0.192230416	59.56411164	29.04013247	11.3957559	0	0	0	-755.7163234	0.01630690541	-6638.43902144161	
753.1563234	87	10	3	0.7502448412	0.01592676776	94.18387189	5.626376682	0.1897514315	59.00381295	29.4190699	11.57711716	0	0	0	-753.1563234	0.01592676776	-6836.80262752258	
750.5963234	87	10	3	0.7540485257	0.01555769082	94.13807846	5.674683825	0.1872377167	58.44857246	29.79431244	11.7571151	0	0	0	-750.5963234	0.01555769082	-7042.31256133	
748.0363234	87	10	3	0.7577069964	0.01519941324	94.09284305	5.722464087	0.1846928604	57.89844452	30.16583423	11.93572125	0	0	0	-748.0363234	0.01519941324	-7255.17152246754	
745.4763234	87	10	3	0.7612276176	0.01485167285	94.04815627	5.769723436	0.1821202898	57.35347263	30.53361646	12.11291091	0	0	0	-745.4763234	0.01485167285	-7475.56304951668	
742.9163234	87	10	3	0.7646173194	0.01451420694	94.00400898	5.816467741	0.1795232762	56.81369005	30.89764697	12.28866298	0	0	0	-742.9163234	0.01451420694	-7703.66384478869	
740.3563234	87	10	3	0.7678826259	0.01418675261	93.96039228	5.862702784	0.1769049398	56.27912043	31.25791981	12.46295976	0	0	0	-740.3563234	0.01418675261	-7939.64252257854	
737.7963234	87	10	3	0.7710296814	0.01386904708	93.91729748	5.908434267	0.1742682556	55.74977843	31.61443481	12.63578676	0	0	0	-737.7963234	0.01386904708	-8183.66035941875	
735.2363234	87	10	3	0.7740642747	0.0135608282	93.87471612	5.953667819	0.1716160586	55.22567034	31.96719717	12.80713249	0	0	0	-735.2363234	0.0135608282	-8435.87127098114	
732.6763234	87	10	3	0.7769918623	0.01326183484	93.83263995	5.998409003	0.1689510493	54.70679468	32.31621705	12.97698827	0	0	0	-732.6763234	0.01326183484	-8696.42279155676	
730.1163234	87	10	3	0.7798175892	0.01297180748	93.79106088	6.042663317	0.1662757993	54.19314281	32.66150913	13.14534806	0	0	0	-730.1163234	0.01297180748	-8965.45654518981	
727.5563234	87	10	3	0.7825463082	0.01269048864	93.74997104	6.086436202	0.1635927569	53.68469949	33.00309228	13.31220823	0	0	0	-727.5563234	0.01269048864	-9243.10779320475	
724.9963234	87	10	3	0.7851825989	0.01241762339	93.70936271	6.129733038	0.1609042519	53.18144347	33.34098912	13.47756741	0	0	0	-724.9963234	0.01241762339	-9529.50658738572	
722.4363234	87	10	3	0.7877307841	0.01215295981	93.66922835	6.17255915	0.1582125013	52.68334799	33.67522572	13.64142628	0	0	0	-722.4363234	0.01215295981	-9824.77806372504	
719.8763234	87	10	3	0.790194946	0.01189624944	93.62956058	6.214919806	0.1555196142	52.19038133	34.00583122	13.80378745	0	0	0	-719.8763234	0.01189624944	-10129.0426321241	
717.3163234	87	10	3	0.7925789413	0.01164724767	93.59035218	6.25682022	0.1528275966	51.70250724	34.33283751	13.96465525	0	0	0	-717.3163234	0.01164724767	-10442.4161816375	
714.7563234	87	10	3	0.7948864146	0.01140571411	93.5515961	6.298265546	0.150138356	51.21968545	34.65627895	14.12403559	0	0	0	-714.7563234	0.01140571411	-10765.0097662966	
712.1963234	87	10	3	0.7971208114	0.01117141288	93.51328541	6.339260885	0.1474537062	50.74187209	34.97619206	14.28193585	0	0	0	-712.1963234	0.01117141288	-11096.9315956889	
709.6363234	87	10	3	0.7992853906	0.01094411297	93.47541335	6.379811275	0.1447753716	50.26902008	35.29261525	14.43836467	0	0	0	-709.6363234	0.01094411297	-11438.28545013	
707.0763234	87	10	3	0.8013832354	0.01072358838	93.43797331	6.419921697	0.142104991	49.80107951	35.6055886	14.59333189	0	0	0	-707.0763234	0.01072358838	-11789.1715562902	
704.5163234	87	10	3	0.8034172643	0.01050961841	93.40095881	6.459597072	0.1394441219	49.337998	35.9151536	14.7468484	0	0	0	-704.5163234	0.01050961841	-12149.6872875305	
701.9563234	87	10	3	0.8053902405	0.01030198776	93.3643635	6.498842254	0.136794244	48.87972105	36.22135295	14.898926	0	0	0	-701.9563234	0.01030198776	-12519.92561354	
699.3963234	87	10	3	0.8073047815	0.01010048667	93.3281812	6.537662036	0.134156763	48.42619228	36.52423036	15.04957735	0	0	0	-699.3963234	0.01010048667	-12899.9798501345	
696.8363234	87	10	3	0.8091633679	0.009904911103	93.29240584	6.576061145	0.1315330136	47.97735379	36.82383037	15.19881584	0	0	0	-696.8363234	0.009904911103	-13289.9348428694	
694.2763234	87	10	3	0.810968351	0.009715062554	93.2570315	6.614044236	0.1289242631	47.53314635	37.12019817	15.34665548	0	0	0	-694.2763234	0.009715062554	-13689.8775381271	
691.7163234	87	10	3	0.8127219609	0.00953074845	93.22205239	6.651615898	0.126331714	47.09350968	37.41337946	15.49311086	0	0	0	-691.7163234	0.00953074845	-14099.8925014033	
689.1563234	87	10	3	0.8144263133	0.009351781823	93.18746284	6.688780648	0.1237565073	46.65838264	37.70342033	15.63819704	0	0	0	-689.1563234	0.009351781823	-14520.0574896314	
686.5963234	87	10	3	0.8160834165	0.009177981478	93.15325735	6.725542929	0.1211997246	46.22770344	37.99036708	15.78192947	0	0	0	-686.5963234	0.009177981478	-14950.452001761	
684.0363234	87	10	3	0.8176951773	0.009009171892	93.1194305	6.761907111	0.1186623912	45.80140984	38.27426617	15.92432398	0	0	0	-684.0363234	0.009009171892	-15391.1516927984	
681.4763234	87	10	3	0.819263407	0.008845183172	93.08597703	6.797877487	0.1161454782	45.37943927	38.55516407	16.06539665	0	0	0	-681.4763234	0.008845183172	-15842.2303078823	
678.9163234	87	10	3	0.8207898269	0.008685850974	93.05289182	6.833458274	0.1136499046	44.96172901	38.83310719	16.2051638	0	0	0	-678.9163234	0.008685850974	-16303.7595902457	
676.3563234	87	10	3	0.8222760734	0.008531016424	93.02016985	6.868653609	0.1111765396	44.5482163	39.10814177	16.34364192	0	0	0	-676.3563234	0.008531016424	-16775.8093671399	
673.7963234	87	10	3	0.8237237029	0.008380526013	92.98780624	6.903467551	0.1087262046	44.1388385	39.38031386	16.48084764	0	0	0	-673.7963234	0.008380526013	-17258.4474657023	
671.2363234	87	10	3	0.8251341961	0.008234231492	92.95579625	6.937904078	0.1062996751	43.73353317	39.64966917	16.61679766	0	0	0	-671.2363234	0.008234231492	-17751.7398761822	
668.6763234	87	10	3	0.8265089626	0.008091989752	92.92413523	6.971967087	0.1038976823	43.33223814	39.91625311	16.75150875	0	0	0	-668.6763234	0.008091989752	-18255.7510529488	
666.1163234	87	10	3	0.8278493445	0.007953662707	92.89281869	7.005660391	0.1015209147	42.93489166	40.18011066	16.88499768	0	0	0	-666.1163234	0.007953662707	-18770.5436577577	
663.5563234	87	10	3	0.8291566204	0.007819117158	92.86184226	7.038987722	0.09917001999	42.54143244	40.44128634	17.01728122	0	0	0	-663.5563234	0.007819117158	-19296.1785477318	
660.9963234	87	10	3	0.830432009	0.007688224665	92.83120167	7.071952726	0.09684560621	42.1517997	40.69982421	17.14837609	0	0	0	-660.9963234	0.007688224665	-19832.7153002565	
658.4363234	87	10	3	0.8316766718	0.007560861412	92.80089279	7.104558966	0.09454824327	41.76593327	40.95576778	17.27829895	0	0	0	-658.4363234	0.007560861412	-20380.2117526232	
655.8763234	87	10	3	0.832891717	0.007436908067	92.77091162	7.136809919	0.09227846424	41.38377361	41.20916002	17.40706637	0	0	0	-655.8763234	0.007436908067	-20938.7241656573	
653.3163234	87	10	3	0.8340782018	0.007316249646	92.74125426	7.168708977	0.0900367666	41.00526188	41.46004332	17.5346948	0	0	0	-653.3163234	0.007316249646	-21508.3074831213	
650.7563234	87	10	3	0.8352371353	0.007198775375	92.71191694	7.200259446	0.08782361337	40.63033995	41.70845947	17.66120057	0	0	0	-650.7563234	0.007198775375	-22089.015488901	
648.1963234	87	10	3	0.8363694812	0.007084378555	92.68289602	7.231464546	0.08563943424	40.25895047	41.95444965	17.78659988	0	0	0	-648.1963234	0.007084378555	-22680.9000733973	
645.6363234	87	10	3	0.8374761602	0.006972956418	92.65418796	7.262327409	0.08348462665	39.89103685	42.19805439	17.91090876	0	0	0	-645.6363234	0.006972956418	-23284.0118195905	
643.0763234	87	10	3	0.8385580521	0.00686441	92.62578936	7.292851082	0.08135955672	39.52654334	42.43931358	18.03414308	0	0	0	-643.0763234	0.00686441	-23898.4004993589	
640.5163234	87	10	3	0.8396159979	0.006758644006	92.59769692	7.323038522	0.07926456025	39.165415	42.67826647	18.15631853	0	0	0	-640.5163234	0.006758644006	-24524.1142028357	
637.9563234	87	10	3	0.8406508021	0.006655566678	92.56990745	7.352892601	0.07719994362	38.80759775	42.91495165	18.2774506	0	0	0	-637.9563234	0.006655566678	-25161.1994961078	
635.3963234	87	10	3	0.8416632344	0.006555089667	92.54241791	7.382416103	0.0751659846	38.45303836	43.14940702	18.39755462	0	0	0	-635.3963234	0.006555089667	-25809.7021040473	
632.8363234	87	10	3	0.8426540315	0.006457127912	92.51522534	7.411611723	0.07316293323	38.10168446	43.38166986	18.51664568	0	0	0	-632.8363234	0.006457127912	-26469.6661269185	
630.2763234	87	10	3	0.8436238988	0.006361599512	92.48832692	7.440482069	0.07119101258	37.75348457	43.61177675	18.63473869	0	0	0	-630.2763234	0.006361599512	-27141.1348078227	
627.7163234	87	10	3	0.8445735119	0.006268425616	92.46171992	7.469029659	0.0692504195	37.40838806	43.8397636	18.75184834	0	0	0	-627.7163234	0.006268425616	-27824.149855009	
625.1563234	87	10	3	0.8455035182	0.006177530298	92.43540175	7.497256926	0.06734132533	37.0663452	44.0656657	18.8679891	0	0	0	-625.1563234	0.006177530298	-28518.7517004088	
622.5963234	87	10	3	0.8464145383	0.006088840454	92.40936991	7.52516621	0.06546387662	36.72730714	44.28951763	18.98317523	0	0	0	-622.5963234	0.006088840454	-29224.979909385	
620.0363234	87	10	3	0.8473071673	0.006002285688	92.38362204	7.552759767	0.06361819579	36.39122587	44.51135335	19.09742078	0	0	0	-620.0363234	0.006002285688	-29942.8722510346	
617.4763234	87	10	3	0.8481819761	0.005917798209	92.35815586	7.580039761	0.06180438179	36.05805428	44.73120616	19.21073956	0	0	0	-617.4763234	0.005917798209	-30672.465577339	
614.9163234	87	10	3	0.8490395124	0.00583531273	92.33296922	7.607008267	0.06002251069	35.72774612	44.94910872	19.32314516	0	0	0	-614.9163234	0.00583531273	-31413.7957417343	
612.3563234	87	10	3	0.849880302	0.005754766371	92.30806009	7.633667272	0.05827263633	35.40025599	45.16509304	19.43465096	0	0	0	-612.3563234	0.005754766371	-32166.8968144604	
609.7963234	87	10	3	0.8507048498	0.005676098561	92.28342654	7.660018672	0.05655479086	35.07553934	45.37919054	19.54527012	0	0	0	-609.7963234	0.005676098561	-32931.8017317745	
607.2363234	87	10	3	0.8515136409	0.005599250951	92.25906674	7.686064276	0.05486898538	34.75355245	45.59143198	19.65501557	0	0	0	-607.2363234	0.005599250951	-33708.5426908838	
604.6763234	87	10	3	0.8523071414	0.005524167325	92.23497899	7.7118058	0.05321521045	34.43425245	45.80184754	19.76390001	0	0	0	-604.6763234	0.005524167325	-34497.1497767695	
602.1163234	87	10	3	0.8530857993	0.005450793513	92.21116169	7.73724487	0.05159343663	34.11759729	46.01046678	19.87193593	0	0	0	-602.1163234	0.005450793513	-35297.6521792743	
599.5563234	87	10	3	0.8538500453	0.005379077314	92.18761336	7.762383021	0.05000361508	33.8035457	46.21731868	19.97913562	0	0	0	-599.5563234	0.005379077314	-36110.0780371452	
596.9963234	87	10	3	0.8546002939	0.005308968415	92.16433262	7.7872217	0.04844567799	33.49205725	46.42243163	20.08551113	0	0	0	-596.9963234	0.005308968415	-36934.4529404935	
594.4363234	87	10	3	0.8553369438	0.005240418314	92.1413182	7.811762257	0.0469195392	33.18309225	46.62583345	20.19107429	0	0	0	-594.4363234	0.005240418314	-37770.8022253875	
591.8763234	87	10	3	0.8560603786	0.005173380254	92.11856895	7.836005955	0.04542509462	32.87661183	46.82755141	20.29583676	0	0	0	-591.8763234	0.005173380254	-38619.1498537985	
589.3163234	87	10	3	0.8567709679	0.005107809148	92.09608382	7.85995396	0.04396222278	32.57257784	47.02761222	20.39980994	0	0	0	-589.3163234	0.005107809148	-39479.5172361113	
586.7563234	87	10	3	0.8574690676	0.005043661514	92.07386187	7.883607347	0.04253078531	32.27095291	47.22604204	20.50300505	0	0	0	-586.7563234	0.005043661514	-40351.9252448931	
584.1963234	87	10	3	0.8581550204	0.004980895413	92.05190228	7.906967096	0.04113062741	31.97170038	47.42286651	20.60543311	0	0	0	-584.1963234	0.004980895413	-41236.3925713558	
581.6363234	87	10	3	0.8588291568	0.004919470384	92.03020433	7.930034094	0.03976157839	31.67478433	47.61811075	20.70710492	0	0	0	-581.6363234	0.004919470384	-42132.9360358429	
579.0763234	87	10	3	0.8594917952	0.004859347388	92.00876742	7.95280913	0.03842345206	31.38016954	47.81179936	20.8080311	0	0	0	-579.0763234	0.004859347388	-43041.5722066331	
576.5163234	87	10	3	0.8601432428	0.004800488753	91.98759106	7.975292897	0.03711604729	31.08782148	48.00395646	20.90822206	0	0	0	-576.5163234	0.004800488753	-43962.3142757036	
573.9563234	87	10	3	0.8607837958	0.004742858114	91.96667486	7.997485993	0.03583914843	30.79770632	48.19460565	21.00768803	0	0	0	-573.9563234	0.004742858114	-44895.173697071	
571.3963234	87	10	3	0.8614137399	0.004686420367	91.94601856	8.019388915	0.03459252578	30.5097909	48.38377007	21.10643903	0	0	0	-571.3963234	0.004686420367	-45840.1612912069	
568.8363234	87	10	3	0.8620333511	0.004631141617	91.925622	8.041002061	0.03337593609	30.22404269	48.5714724	21.20448491	0	0	0	-568.8363234	0.004631141617	-46797.2849769517	
566.2763234	87	10	3	0.8626428957	0.00457698913	91.90548515	8.062325729	0.03218912297	29.94042983	48.75773483	21.30183534	0	0	0	-566.2763234	0.00457698913	-47766.5503186898	
563.7163234	87	10	3	0.8632426307	0.004523931287	91.88560807	8.083360115	0.03103181741	29.65892107	48.94257913	21.3984998	0	0	0	-563.7163234	0.004523931287	-48747.9618900826	
561.1563234	87	10	3	0.8638328045	0.004471937543	91.86599095	8.104105311	0.02990373817	29.37948581	49.12602661	21.49448758	0	0	0	-561.1563234	0.004471937543	-49741.5209333479	
558.5963234	87	10	3	0.8644136572	0.00442097838	91.8466341	8.124561306	0.02880459231	29.10209402	49.30809815	21.58980783	0	0	0	-558.5963234	0.00442097838	-50747.226615885	
556.0363234	87	10	3	0.8649854207	0.004371025272	91.82753794	8.144727981	0.0277340756	28.82671629	49.48881422	21.68446949	0	0	0	-556.0363234	0.004371025272	-51765.0758696733	
553.4763234	87	10	3	0.8655483192	0.004322050642	91.80870302	8.16460511	0.02669187297	28.55332377	49.66819487	21.77848136	0	0	0	-553.4763234	0.004322050642	-52795.0624571976	
550.9163234	87	10	3	0.8661025695	0.004274027828	91.79012998	8.184192357	0.02567765899	28.28188819	49.84625975	21.87185205	0	0	0	-550.9163234	0.004274027828	-53837.1786674174	
548.3563234	87	10	3	0.8666483813	0.004226931047	91.77181963	8.203489275	0.0246910983	28.01238185	50.02302811	21.96459004	0	0	0	-548.3563234	0.004226931047	-54891.4125410401	
545.7963234	87	10	3	0.8671859574	0.004180735359	91.75377285	8.222495302	0.0237318461	27.74477756	50.19851882	22.05670362	0	0	0	-545.7963234	0.004180735359	-55957.7507635078	
543.2363234	87	10	3	0.8677154941	0.004135416639	91.73599069	8.241209762	0.02279954853	27.4790487	50.37275036	22.14820094	0	0	0	-543.2363234	0.004135416639	-57036.1753840658	
540.6763234	87	10	3	0.8682371815	0.004090951539	91.71847429	8.259631862	0.02189384319	27.21516916	50.54574086	22.23908998	0	0	0	-540.6763234	0.004090951539	-58126.665545185	
538.1163234	87	10	3	0.8687512035	0.004047317465	91.70122495	8.277760686	0.02101435955	26.95311334	50.71750807	22.32937859	0	0	0	-538.1163234	0.004047317465	-59229.1984435723	
535.5563234	87	10	3	0.8692577382	0.004004492544	91.68424408	8.295595198	0.02016071939	26.69285614	50.88806941	22.41907445	0	0	0	-535.5563234	0.004004492544	-60343.7445800169	
532.9963234	87	10	3	0.8697569582	0.003962455596	91.66753323	8.313134236	0.01933253728	26.43437295	51.05744192	22.50818512	0	0	0	-532.9963234	0.003962455596	-61470.2726474395	
530.4363234	87	10	3	0.8702490306	0.003921186111	91.65109407	8.330376508	0.01852942099	26.17763965	51.22564235	22.596718	0	0	0	-530.4363234	0.003921186111	-62608.7493551214	
527.8763234	87	10	3	0.8707341175	0.003880664223	91.63492843	8.347320594	0.01775097195	25.92263258	51.39268707	22.68468034	0	0	0	-527.8763234	0.003880664223	-63759.1339807869	
525.3163234	87	10	3	0.8712123758	0.003840870682	91.61903828	8.363964939	0.01699678568	25.66932855	51.55859217	22.77207928	0	0	0	-525.3163234	0.003840870682	-64921.38195549	
522.7563234	87	10	3	0.8716839578	0.003801786835	91.6034257	8.380307849	0.01626645224	25.41770481	51.72337339	22.8589218	0	0	0	-522.7563234	0.003801786835	-66095.4460902462	
520.1963234	87	10	3	0.872149011	0.003763394602	91.58809295	8.396347491	0.01555955667	25.16773906	51.88704618	22.94521476	0	0	0	-520.1963234	0.003763394602	-67281.2708235377	
517.6363234	87	10	3	0.8726076786	0.003725676452	91.57304243	8.412081886	0.01487567939	24.91940943	52.04962568	23.03096489	0	0	0	-517.6363234	0.003725676452	-68478.7991873767	
515.0763234	87	10	3	0.8730600996	0.003688615389	91.55827669	8.427508909	0.01421439667	24.67269447	52.21112675	23.11617878	0	0	0	-515.0763234	0.003688615389	-69687.9680217577	
512.5163234	87	10	3	0.8735064086	0.003652194925	91.54379844	8.44262628	0.01357528105	24.42757315	52.37156394	23.20086292	0	0	0	-512.5163234	0.003652194925	-70908.7058330914	
509.9563234	87	10	3	0.8739467364	0.003616399065	91.52961053	8.457431564	0.01295790176	24.18402484	52.53095153	23.28502363	0	0	0	-509.9563234	0.003616399065	-72140.9380173147	
507.3963234	87	10	3	0.87438121	0.003581212288	91.51571601	8.471922165	0.01236182514	23.94202932	52.68930351	23.36866717	0	0	0	-507.3963234	0.003581212288	-73384.5825601078	
504.8363234	87	10	3	0.8748099526	0.003546619529	91.50211806	8.48609532	0.01178661506	23.70156674	52.84663363	23.45179963	0	0	0	-504.8363234	0.003546619529	-74639.5512740851	
502.2763234	87	10	3	0.8752330839	0.003512606163	91.48882007	8.499948097	0.01123183334	23.46261766	53.00295533	23.53442701	0	0	0	-502.2763234	0.003512606163	-75905.7490333811	
499.7163234	87	10	3	0.8756507201	0.003479157988	91.47582557	8.513477387	0.01069704016	23.22516299	53.15828184	23.61655518	0	0	0	-499.7163234	0.003479157988	-77183.0732027311	
497.1563234	87	10	3	0.8760629742	0.00344626121	91.46313831	8.526679899	0.01018179447	22.98918401	53.31262608	23.69818991	0	0	0	-497.1563234	0.00344626121	-78471.4128312987	
494.5963234	87	10	3	0.8764699557	0.003413902427	91.45076219	8.539552157	0.009685654384	22.75466238	53.46600078	23.77933685	0	0	0	-494.5963234	0.003413902427	-79770.6596175407	
492.0363234	87	10	3	0.8768717714	0.003382068624	91.43870133	8.552090489	0.009208177571	22.52158008	53.61841838	23.86000154	0	0	0	-492.0363234	0.003382068624	-81080.6697866227	
489.4763234	87	10	3	0.8772685249	0.003350747129	91.42696005	8.564291027	0.008748921667	22.28991947	53.7698911	23.94018943	0	0	0	-489.4763234	0.003350747129	-82401.3048784931	
486.9163234	87	10	3	0.8776603168	0.00331992564	91.41554286	8.576149692	0.008307444645	22.05966323	53.92043094	24.01990583	0	0	0	-486.9163234	0.00331992564	-83732.4388336615	
484.3563234	87	10	3	0.878047245	0.00328959219	91.4044545	8.587662197	0.007883305195	21.83079437	54.07004965	24.09915598	0	0	0	-484.3563234	0.00328959219	-85073.9099291728	
481.7963234	87	10	3	0.8784294049	0.003259735136	91.39369991	8.598824031	0.007476063106	21.60329624	54.21875876	24.177945	0	0	0	-481.7963234	0.003259735136	-86425.5514178718	
479.2363234	87	10	3	0.8788068889	0.00323034315	91.38328426	8.609630455	0.007085279622	21.37715251	54.36656958	24.25627791	0	0	0	-479.2363234	0.00323034315	-87787.1857613976	
476.6763234	87	10	3	0.8791797872	0.003201405205	91.37321299	8.620076496	0.006710517807	21.15234715	54.51349322	24.33415963	0	0	0	-476.6763234	0.003201405205	-89158.6248921824	
474.1163234	87	10	3	0.8795481874	0.003172910567	91.36349172	8.630156932	0.006351342898	20.92886446	54.65954055	24.41159498	0	0	0	-474.1163234	0.003172910567	-90539.6745056455	
471.5563234	87	10	3	0.8799121748	0.003144848785	91.35412639	8.639866291	0.006007322645	20.70668903	54.80472227	24.48858871	0	0	0	-471.5563234	0.003144848785	-91930.1196843351	
468.9963234	87	10	3	0.8802718322	0.003117209675	91.34512314	8.649198835	0.005678027649	20.48580574	54.94904883	24.56514542	0	0	0	-468.9963234	0.003117209675	-93329.7328710818	
466.4363234	87	10	3	0.8806272405	0.003089983316	91.33648841	8.658148554	0.005363031691	20.2661998	55.09253053	24.64126968	0	0	0	-466.4363234	0.003089983316	-94738.2780508106	
463.8763234	87	10	3	0.8809784783	0.003063160038	91.32822893	8.666709153	0.005061912047	20.04785666	55.23517743	24.71696591	0	0	0	-463.8763234	0.003063160038	-96155.5012814044	
461.3163234	87	10	3	0.881325622	0.003036730413	91.3203517	8.674874045	0.004774249804	19.83076209	55.37699943	24.79223847	0	0	0	-461.3163234	0.003036730413	-97581.1336662507	
458.7563234	87	10	3	0.8816687462	0.003010685246	91.31286403	8.682636335	0.004499630155	19.61490214	55.51800623	24.86709164	0	0	0	-458.7563234	0.003010685246	-99014.8895011532	
456.1963234	87	10	3	0.8820079233	0.002985015566	91.30577355	8.689988811	0.004237642692	19.4002631	55.65820733	24.94152957	0	0	0	-456.1963234	0.002985015566	-100456.468302203	
453.6363234	87	10	3	0.8823432241	0.002959712619	91.29908819	8.696923929	0.003987881689	19.18683157	55.79761208	25.01555635	0	0	0	-453.6363234	0.002959712619	-101905.352666053	
451.0763234	87	10	3	0.8826747172	0.002934767763	91.29281625	8.703433806	0.003749946368	18.9745944	55.93622962	25.08917598	0	0	0	-451.0763234	0.002934767763	-103361.643488771	
448.5163234	87	10	3	0.8830024698	0.002910172859	91.28696763	8.709508926	0.003523440894	18.7635387	56.07406893	25.16239237	0	0	0	-448.5163234	0.002910172859	-104824.896320964	
445.9563234	87	10	3	0.8833265471	0.002885919625	91.28154885	8.71514317	0.003307975713	18.55365184	56.21113882	25.23520934	0	0	0	-445.9563234	0.002885919625	-106294.356198515	
443.3963234	87	10	3	0.8836470126	0.002862000109	91.27657053	8.720326303	0.003103166138	18.34492145	56.34744791	25.30763064	0	0	0	-443.3963234	0.002862000109	-107769.892266067	
440.8363234	87	10	3	0.8839639283	0.002838406523	91.27204245	8.72504892	0.002908633691	18.13733542	56.48300466	25.37965992	0	0	0	-440.8363234	0.002838406523	-109251.04895334	
438.2763234	87	10	3	0.8842773546	0.002815131247	91.2679748	8.72930119	0.002724006034	17.93088186	56.61781739	25.45130075	0	0	0	-438.2763234	0.002815131247	-110737.380621509	
435.7163234	87	10	3	0.8845873503	0.002792166827	91.26437823	8.73307285	0.002548917177	17.72554917	56.75189422	25.52255661	0	0	0	-435.7163234	0.002792166827	-112228.424942655	
433.1563234	87	10	3	0.8848939727	0.002769505967	91.26126382	8.736353176	0.002383007665	17.52132595	56.88524313	25.59343092	0	0	0	-433.1563234	0.002769505967	-113723.692391482	
430.5963234	87	10	3	0.8851972777	0.002747141523	91.2586431	8.739130971	0.002225924766	17.31820106	57.01787194	25.663927	0	0	0	-430.5963234	0.002747141523	-115222.666328859	
428.0363234	87	10	3	0.8854973196	0.002725066496	91.25652814	8.741394541	0.002077322631	17.11616361	57.14978831	25.73404808	0	0	0	-428.0363234	0.002725066496	-116724.801020522	
425.4763234	87	10	3	0.8857941516	0.002703274026	91.25493146	8.743131675	0.001936862455	16.91520291	57.28099975	25.80379734	0	0	0	-425.4763234	0.002703274026	-118229.530470782	
422.9163234	87	10	3	0.8860878253	0.002681757389	91.25386616	8.744329622	0.001804212618	16.71530854	57.41151362	25.87317784	0	0	0	-422.9163234	0.002681757389	-119736.255583252	
420.3563234	87	10	3	0.8863783911	0.002660509987	91.25334588	8.74497507	0.001679048816	16.51647029	57.54133711	25.94219259	0	0	0	-420.3563234	0.002660509987	-121244.342705893	
417.7963234	87	10	3	0.8866658982	0.002639525345	91.25338483	8.745054116	0.001561054181	16.31867818	57.6704773	26.01084452	0	0	0	-417.7963234	0.002639525345	-122753.135198396	
415.2363234	87	10	3	0.8869503945	0.002618797106	91.25399783	8.744552249	0.001449919382	16.12192247	57.79894108	26.07913645	0	0	0	-415.2363234	0.002618797106	-124261.937455502	
412.6763234	87	10	3	0.8872319265	0.002598319023	91.25520034	8.743454317	0.001345342723	15.92619362	57.92673523	26.14707115	0	0	0	-412.6763234	0.002598319023	-125770.018980369	
410.1163234	87	10	3	0.8875105399	0.002578084956	91.25700847	8.741744499	0.00124703022	15.73148233	58.05386637	26.2146513	0	0	0	-410.1163234	0.002578084956	-127276.627821276	
407.5563234	87	10	3	0.8877862788	0.002558088869	91.25943902	8.739406283	0.001154695669	15.53777952	58.18034098	26.2818795	0	0	0	-407.5563234	0.002558088869	-128780.96384516	
404.9963234	87	10	3	0.8880591866	0.002538324819	91.26250951	8.736422425	0.001068060701	15.34507635	58.30616539	26.34875826	0	0	0	-404.9963234	0.002538324819	-130282.190260198	
402.4363234	87	10	3	0.8883293053	0.002518786957	91.26623822	8.732774928	0.0009868548246	15.15336415	58.43134581	26.41529004	0	0	0	-402.4363234	0.002518786957	-131779.443912221	
399.8763234	87	10	3	0.8885966759	0.002499469521	91.27064418	8.728445003	0.0009108154544	14.96263453	58.55588829	26.48147718	0	0	0	-399.8763234	0.002499469521	-133271.807878726	
397.3163234	87	10	3	0.8888613385	0.002480366829	91.27574728	8.723413036	0.0008396879306	14.77287927	58.67979877	26.54732197	0	0	0	-397.3163234	0.002480366829	-134758.333516779	
394.7563234	87	10	3	0.8891233321	0.002461473279	91.28156822	8.717658554	0.000773225523	14.58409038	58.80308302	26.6128266	0	0	0	-394.7563234	0.002461473279	-136238.038766378	
392.1963234	87	10	3	0.8893826944	0.002442783342	91.28812862	8.711160188	0.0007111894241	14.39626011	58.92574669	26.6779932	0	0	0	-392.1963234	0.002442783342	-137709.885967939	
389.6363234	87	10	3	0.8896394626	0.002424291556	91.29545102	8.703895634	0.0006533487311	14.20938091	59.0477953	26.74282379	0	0	0	-389.6363234	0.002424291556	-139172.801987593	
387.0763234	87	10	3	0.8898936727	0.002405992525	91.3035589	8.695841616	0.0005994804155	14.02344543	59.16923423	26.80732034	0	0	0	-387.0763234	0.002405992525	-140625.676951633	
384.5163234	87	10	3	0.8901453597	0.002387880913	91.31247679	8.686973843	0.0005493692811	13.83844657	59.29006872	26.87148472	0	0	0	-384.5163234	0.002387880913	-142067.34452978	
381.9563234	87	10	3	0.8903945578	0.002369951438	91.32223022	8.67726697	0.000502807912	13.65437742	59.41030388	26.9353187	0	0	0	-381.9563234	0.002369951438	-143496.612452213	
379.3963234	87	10	3	0.8906413002	0.002352198874	91.33284585	8.666694554	0.0004595966087	13.4712313	59.52994469	26.99882401	0	0	0	-379.3963234	0.002352198874	-144912.228777819	
376.8363234	87	10	3	0.8908856193	0.002334618037	91.34435145	8.65522901	0.0004195433142	13.28900176	59.64899599	27.06200225	0	0	0	-376.8363234	0.002334618037	-146312.899421097	
374.2763234	87	10	3	0.8911275466	0.002317203791	91.35677597	8.64284157	0.0003824635299	13.10768255	59.76746249	27.12485497	0	0	0	-374.2763234	0.002317203791	-147697.306335893	
371.7163234	87	10	3	0.8913671127	0.002299951039	91.37014958	8.629502237	0.0003481802216	12.92726764	59.88534876	27.1873836	0	0	0	-371.7163234	0.002299951039	-149064.067526545	
369.1563234	87	10	3	0.8916043475	0.002282854719	91.38450374	8.615179735	0.0003165237166	12.74775123	60.00265925	27.24958952	0	0	0	-369.1563234	0.002282854719	-150411.761271654	
366.5963234	87	10	3	0.8918392798	0.002265909801	91.3998712	8.599841473	0.0002873315906	12.56912775	60.11939826	27.31147399	0	0	0	-366.5963234	0.002265909801	-151738.88997569	
364.0363234	87	10	3	0.8920719379	0.002249111275	91.41628606	8.583453491	0.0002604485476	12.39139183	60.23556996	27.3730382	0	0	0	-364.0363234	0.002249111275	-153044.032835954	
361.4763234	87	10	3	0.8923023492	0.002232454181	91.43378385	8.565980423	0.0002357262907	12.21453836	60.35117839	27.43428325	0	0	0	-361.4763234	0.002232454181	-154325.660859259	
358.9163234	87	10	3	0.8925305401	0.002215933557	91.45240153	8.547385447	0.000213023385	12.03856243	60.46622745	27.49521012	0	0	0	-358.9163234	0.002215933557	-155582.130662895	
356.3563234	87	10	3	0.8927565366	0.002199544466	91.47217755	8.527630249	0.0001922051145	11.86345937	60.58072089	27.55581974	0	0	0	-356.3563234	0.002199544466	-156811.871986344	
353.7963234	87	10	3	0.8929803636	0.002183281986	91.49315188	8.506674981	0.0001731433307	11.68922475	60.69466233	27.61611292	0	0	0	-353.7963234	0.002183281986	-158013.146798283	
351.2363234	87	10	3	0.8932020454	0.002167141185	91.51536473	8.484479552	0.0001557163095	11.51585436	60.80805527	27.67609037	0	0	0	-351.2363234	0.002167141185	-159184.887035954	
348.6763234	87	10	3	0.8934216057	0.002151117279	91.53886217	8.460998019	0.0001398085335	11.34334425	60.92090304	27.73575272	0	0	0	-348.6763234	0.002151117279	-160324.551354042	
346.1163234	87	10	3	0.8936390671	0.002135205181	91.56368741	8.436187276	0.0001253106123	11.17169069	61.03320883	27.79510048	0	0	0	-346.1163234	0.002135205181	-161430.317893167	
343.5563234	87	10	3	0.8938544518	0.002119400086	91.58988687	8.410001008	0.000112119048	11.0008902	61.1449757	27.85413409	0	0	0	-343.5563234	0.002119400086	-162501.403370053	
340.9963234	87	10	3	0.8940677812	0.002103697099	91.61750863	8.382391235	0.0001001360757	10.83093957	61.25620656	27.91285387	0	0	0	-340.9963234	0.002103697099	-163535.643983933	
338.4363234	87	10	3	0.8942790759	0.002088091323	91.64660243	8.3533083	8.92694835E-05	10.66183582	61.36690416	27.97126002	0	0	0	-338.4363234	0.002088091323	-164531.324504362	
335.8763234	87	10	3	0.8944883558	0.002072577857	91.67721969	8.322700874	7.943243011E-05	10.49357623	61.47707111	28.02935266	0	0	0	-335.8763234	0.002072577857	-165486.705240213	
333.3163234	87	10	3	0.8946956403	0.002057151788	91.70941178	8.290517677	7.054326708E-05	10.32615835	61.58670984	28.08713181	0	0	0	-333.3163234	0.002057151788	-166400.654801807	
330.7563234	87	10	3	0.8949009479	0.002041808304	91.74323606	8.256701418	6.252532346E-05	10.15957999	61.69582266	28.14459735	0	0	0	-330.7563234	0.002041808304	-167270.645636912	
328.1963234	87	10	3	0.8951042966	0.002026542319	91.77874771	8.22119698	5.530675668E-05	9.993839236	61.80441169	28.20174907	0	0	0	-328.1963234	0.002026542319	-168094.839988537	
325.6363234	87	10	3	0.8953057035	0.002011348962	91.81600452	8.18394666	4.882033961E-05	9.828934449	61.91247891	28.25858665	0	0	0	-325.6363234	0.002011348962	-168872.492958843	
323.0763234	87	10	3	0.8955051853	0.001996223284	91.85506567	8.144891327	4.300327644E-05	9.664864273	62.02002609	28.31510964	0	0	0	-323.0763234	0.001996223284	-169601.701430371	
320.5163234	87	10	3	0.8957027578	0.001981160325	91.89599168	8.103970528	3.779701354E-05	9.501627642	62.12705487	28.37131749	0	0	0	-320.5163234	0.001981160325	-170280.990537799	
317.9563234	87	10	3	0.8958984363	0.001966155114	91.93884423	8.061122622	3.314705099E-05	9.339223787	62.23356669	28.42720952	0	0	0	-317.9563234	0.001966155114	-170908.934926035	
315.3963234	87	10	3	0.8960922354	0.001951202665	91.98368605	8.016284951	2.900275545E-05	9.177652242	62.33956281	28.48278495	0	0	0	-315.3963234	0.001951202665	-171484.187963711	
312.8363234	87	10	3	0.896284169	0.001936297981	92.03058064	7.969394038	2.53171747E-05	9.01691285	62.4450443	28.53804285	0	0	0	-312.8363234	0.001936297981	-172005.528170303	
310.2763234	87	10	3	0.8964742505	0.001921436057	92.07959213	7.920385825	2.204685436E-05	8.857005773	62.55001203	28.59298219	0	0	0	-310.2763234	0.001921436057	-172471.796459382	
307.7163234	87	10	3	0.8966624925	0.001906611872	92.1307849	7.86919595	1.91516573E-05	8.697931503	62.65446669	28.64760181	0	0	0	-307.7163234	0.001906611872	-172882.042504213	
305.1563234	87	10	3	0.8968489072	0.001891820416	92.18422333	7.815760071	1.659458598E-05	8.539690865	62.75840872	28.70190042	0	0	0	-305.1563234	0.001891820416	-173235.200705691	
302.5963234	87	10	3	0.897033506	0.001877056626	92.23997142	7.760014236	1.434160834E-05	8.382285031	62.86183837	28.7558766	0	0	0	-302.5963234	0.001877056626	-173530.555907265	
300.0363234	87	10	3	0.8972162996	0.001862315491	92.29809234	7.701895298	1.23614874E-05	8.22571553	62.96475566	28.80952881	0	0	0	-300.0363234	0.001862315491	-172280.417006479	
300	87	10	3	0.8972188937	2.659353103E-05	92.29894181	7.701045855	1.2335229E-05	8.223495447	62.96621046	28.81029409	0	0	0	-300	2.659353103E-05	172240.843039623	
