T	w(AL)	w(MG)	w(SI)	fs	fw(@FCC_A1)	w(AL@FCC_A1)	w(MG@FCC_A1)	w(SI@FCC_A1)	w(AL@LIQUID)	w(MG@LIQUID)	w(SI@LIQUID)	dwdT_L(AL@LIQUID)	dwdT_L(MG@LIQUID)	dwdT_L(SI@LIQUID)	-T	fw(@FCC_A1)_1	-T//fw(@FCC_A1)	
K	%	%	%	mole/mole	kg/kg	%	%	%	%	%	%	SI	SI	SI				
873.849259	88	6	6	0	0	98.16738445	1.32089224	0.5117233082	88	6	6	0.002177798199	-0.001002233793	-0.001175564406	-873.849259	0	23.2183130225408	
873.839259	88	6	6	0.0002136898114	0.0002143128349	98.16718636	1.321009184	0.5118044603	87.99782213	6.001002335	6.001175532	0	0	0	-873.839259	0.0002143128349	70.1032092713244	
873.819259	88	6	6	0.000640534608	0.0004282149145	98.16679026	1.321242969	0.5119667736	87.99346637	6.003006853	6.003526777	0	0	0	-873.819259	0.0004282149145	93.5172708011416	
873.779259	88	6	6	0.001493302289	0.0008557921936	98.16599824	1.321710373	0.5122913875	87.98475402	6.007016224	6.008229756	0	0	0	-873.779259	0.0008557921936	93.6087703537395	
873.699259	88	6	6	0.00319517221	0.001709349391	98.16441574	1.322643802	0.5129404604	87.96732634	6.015036055	6.017637601	0	0	0	-873.699259	0.001709349391	93.848343097633	
873.539259	88	6	6	0.006584316587	0.003409790283	98.16125626	1.32450567	0.5142380696	87.93245908	6.031080084	6.036460831	0	0	0	-873.539259	0.003409790283	94.3405807058705	
873.219259	88	6	6	0.01330475312	0.006784199906	98.15495937	1.328209486	0.5168311394	87.86267691	6.063185695	6.074137395	0	0	0	-873.219259	0.006784199906	95.4139461963833	
872.579259	88	6	6	0.02649877015	0.01341232704	98.14245553	1.335534812	0.5220096559	87.72292615	6.12745678	6.149617069	0	0	0	-872.579259	0.01341232704	97.6213219514644	
871.299259	88	6	6	0.05197863132	0.02625329446	98.11780089	1.349865032	0.5323340765	87.44266411	6.256267914	6.301067981	0	0	0	-871.299259	0.02625329446	101.948240996263	
868.739259	88	6	6	0.09957063834	0.0503577858	98.06988452	1.377264296	0.5528511874	86.87908776	6.515006883	6.60590536	0	0	0	-868.739259	0.0503577858	-1480.94021766462	
866.179259	88	6	6	0.1430736207	0.04847084883	98.02377333	1.403045863	0.5731808023	86.31137808	6.775409903	6.913212013	0	0	0	-866.179259	0.04847084883	-1412.38417918495	
863.619259	88	6	6	0.1829753716	0.04672220412	97.97943068	1.427245353	0.5933239702	85.73950168	7.037534978	7.222963342	0	0	0	-863.619259	0.04672220412	-1522.8244314021	
861.059259	88	6	6	0.2196922209	0.04509930819	97.93682041	1.449898024	0.6132815641	85.16343069	7.301435238	7.535134071	0	0	0	-861.059259	0.04509930819	-1638.35895898594	
858.499259	88	6	6	0.2535795826	0.04358903916	97.89590673	1.471038744	0.6330545216	84.58314003	7.567159257	7.849700716	0	0	0	-858.499259	0.04358903916	-1758.03003819963	
855.939259	88	6	6	0.2849425498	0.04217995217	97.85665418	1.490702054	0.652643771	83.99860836	7.83475092	8.166640723	0	0	0	-855.939259	0.04217995217	-1881.73880778963	
853.379259	88	6	6	0.3140444016	0.04086205898	97.81902755	1.508922257	0.6720501923	83.40981844	8.10424956	8.485931999	0	0	0	-853.379259	0.04086205898	-2009.39317721258	
850.819259	88	6	6	0.3411134528	0.03962660181	97.78299192	1.525733496	0.6912745814	82.81675746	8.37569005	8.80755249	0	0	0	-850.819259	0.03962660181	-2140.88405501312	
848.259259	88	6	6	0.3663486084	0.03846586776	97.74851256	1.541169818	0.7103176166	82.21941737	8.649102851	9.13147978	0	0	0	-848.259259	0.03846586776	-2276.08412613812	
845.699259	88	6	6	0.389923899	0.03737303609	97.71555494	1.555265229	0.7291798276	81.61779524	8.924514044	9.457690714	0	0	0	-845.699259	0.03737303609	-2414.84699190028	
843.139259	88	6	6	0.4119922083	0.03634205159	97.6840847	1.568053733	0.7478615653	81.01189364	9.201945317	9.786161042	0	0	0	-843.139259	0.03634205159	-2557.00640025478	
840.579259	88	6	6	0.432688354	0.03536751906	97.65406765	1.579569371	0.7663629744	80.40172096	9.481413948	10.11686509	0	0	0	-840.579259	0.03536751906	-2702.37577790466	
838.019259	88	6	6	0.4521316495	0.03444461492	97.62546979	1.589846243	0.7846839661	79.78729182	9.762932759	10.44977542	0	0	0	-838.019259	0.03444461492	-2850.74811248625	
835.459259	88	6	6	0.4704280452	0.03356901284	97.59825728	1.598918531	0.8028241927	79.16862735	10.04651006	10.78486258	0	0	0	-835.459259	0.03356901284	-3001.89628207372	
832.899259	88	6	6	0.487671927	0.0327368209	97.57239647	1.60682051	0.8207830235	78.54575564	10.33214959	11.12209477	0	0	0	-832.899259	0.0327368209	-3155.57357946674	
830.339259	88	6	6	0.5039476342	0.03194452814	97.54785393	1.613586551	0.8385595211	77.91871198	10.61985044	11.46143758	0	0	0	-830.339259	0.03194452814	-3311.51502209206	
827.779259	88	6	6	0.519330747	0.03118895918	97.52459645	1.619251126	0.8561524194	77.28753925	10.90960696	11.80285379	0	0	0	-827.779259	0.03118895918	-3469.43898935142	
825.219259	88	6	6	0.5338891821	0.03046723525	97.5025911	1.623848798	0.8735601029	76.65228818	11.20140873	12.14630309	0	0	0	-825.219259	0.03046723525	-3629.04938441179	
822.659259	88	6	6	0.5476841302	0.02977674086	97.4818052	1.627414214	0.8907805868	76.01301768	11.49524043	12.4917419	0	0	0	-822.659259	0.02977674086	-3790.03846177477	
820.099259	88	6	6	0.5607708597	0.02911509504	97.46220642	1.629982085	0.9078114991	75.36979504	11.79108181	12.83912316	0	0	0	-820.099259	0.02911509504	-3952.08993303514	
817.539259	88	6	6	0.57319941	0.0284801265	97.44376277	1.631587171	0.9246500635	74.7226962	12.08890761	13.18839618	0	0	0	-817.539259	0.0284801265	-4114.8828258127	
814.979259	88	6	6	0.58501519	0.02786985215	97.42644266	1.632264253	0.9412930849	74.07180594	12.38868754	13.53950652	0	0	0	-814.979259	0.02786985215	-4278.09573443116	
812.419259	88	6	6	0.5962594982	0.02728245842	97.41021496	1.632048105	0.957736936	73.41721802	12.69038618	13.8923958	0	0	0	-812.419259	0.02728245842	-4441.41102510775	
809.859259	88	6	6	0.6069699742	0.02671628491	97.39504899	1.63097346	0.9739775464	72.75903527	12.99396305	14.24700168	0	0	0	-809.859259	0.02671628491	-4604.51979205328	
807.299259	88	6	6	0.6171809935	0.02616981021	97.38091463	1.629074977	0.9900103936	72.09736971	13.29937252	14.60325777	0	0	0	-807.299259	0.02616981021	-4767.12673470207	
804.739259	88	6	6	0.6269240128	0.02564163936	97.3677823	1.626387199	1.005830497	71.43234253	13.60656389	14.96109359	0	0	0	-804.739259	0.02564163936	-4928.95483901984	
802.179259	88	6	6	0.6362278733	0.02513049286	97.35562307	1.622944513	1.021432414	70.76408406	13.91548139	15.32043455	0	0	0	-802.179259	0.02513049286	-5089.75019704036	
799.619259	88	6	6	0.6451190677	0.02463519694	97.34440866	1.618781103	1.036810239	70.09273369	14.2260643	15.68120201	0	0	0	-799.619259	0.02463519694	-5249.28625143279	
797.059259	88	6	6	0.6536219749	0.02415467491	97.33411149	1.613930907	1.051957605	69.41843972	14.53824695	16.04331333	0	0	0	-797.059259	0.02415467491	-5407.36805039145	
794.499259	88	6	6	0.6617590691	0.02368793951	97.32470475	1.608427562	1.06686769	68.74135917	14.85195892	16.40668191	0	0	0	-794.499259	0.02368793951	-5563.83539313667	
791.939259	88	6	6	0.6695511038	0.02323408595	97.31616241	1.602304362	1.081533224	68.06165749	15.16712513	16.77121737	0	0	0	-791.939259	0.02323408595	-5718.56570406529	
789.379259	88	6	6	0.677017276	0.02279228575	97.30845929	1.595594202	1.095946503	67.3795083	15.48366603	17.13682567	0	0	0	-789.379259	0.02279228575	-5871.47616296613	
786.819259	88	6	6	0.684175372	0.02236178107	97.30157107	1.58832953	1.110099402	66.69509294	15.80149779	17.50340927	0	0	0	-786.819259	0.02236178107	-6022.52477439039	
784.259259	88	6	6	0.6910418975	0.02194187959	97.29547431	1.580542294	1.123983393	66.00860012	16.12053251	17.87086737	0	0	0	-784.259259	0.02194187959	-6171.71473890544	
781.699259	88	6	6	0.6976321941	0.02153195027	97.29014653	1.572263897	1.137589569	65.32022538	16.44067847	18.23909616	0	0	0	-781.699259	0.02153195027	-6319.00609051456	
779.139259	88	6	6	0.7039605405	0.02113140816	97.28556621	1.563525085	1.150908709	64.63017089	16.76184027	18.60798883	0	0	0	-779.139259	0.02113140816	-6464.77924192033	
776.579259	88	6	6	0.7100402588	0.02073976656	97.28171269	1.55435624	1.163931071	63.93864342	17.0839198	18.97743678	0	0	0	-776.579259	0.02073976656	-6608.76435541024	
774.019259	88	6	6	0.7158837722	0.02035649843	97.2785665	1.544786463	1.176647033	63.24585662	17.40681516	19.34732822	0	0	0	-774.019259	0.02035649843	-6751.15541873002	
771.459259	88	6	6	0.7215027066	0.01998120999	97.27610898	1.534844743	1.189046279	62.55202746	17.7304224	19.71755014	0	0	0	-771.459259	0.01998120999	-6892.48030269259	
768.899259	88	6	6	0.7269079445	0.0196135051	97.27432253	1.524558964	1.201118503	61.85737702	18.05463514	20.08798784	0	0	0	-768.899259	0.0196135051	-7032.66432772577	
766.339259	88	6	6	0.7321096894	0.01925303491	97.27319056	1.51395627	1.212853175	61.1621295	18.37934506	20.45852544	0	0	0	-766.339259	0.01925303491	-7172.02461595567	
763.779259	88	6	6	0.7371175206	0.01889948604	97.27269742	1.503062954	1.224239625	60.46651151	18.70444229	20.8290462	0	0	0	-763.779259	0.01889948604	-7310.8253592561	
761.219259	88	6	6	0.7419404425	0.01855257769	97.27282847	1.491904436	1.235267096	59.77075131	19.02981575	21.19943294	0	0	0	-761.219259	0.01855257769	-7453.55553998042	
758.659259	88	6	6	0.7465870441	0.01821243242	97.27356943	1.480505127	1.24592544	59.07506952	19.35535611	21.56957437	0	0	0	-758.659259	0.01821243242	-7588.83539744733	
756.099259	88	6	6	0.7510651256	0.0178778119	97.27490871	1.468888517	1.256202771	58.37971441	19.68094368	21.93934191	0	0	0	-756.099259	0.0178778119	-7723.75634014784	
753.539259	88	6	6	0.7553822904	0.01754942531	97.27683376	1.45707747	1.266088768	57.68490466	20.00647081	22.30862453	0	0	0	-753.539259	0.01754942531	-7866.26939491967	
750.979259	88	6	6	0.759545654	0.01722682859	97.27933354	1.445093679	1.275572785	56.990868	20.33182531	22.67730669	0	0	0	-750.979259	0.01722682859	-8006.72537182589	
748.419259	88	6	6	0.7635619433	0.01690986371	97.28239781	1.432957865	1.284644325	56.29783033	20.65689557	23.0452741	0	0	0	-748.419259	0.01690986371	-8148.44423558193	
745.859259	88	6	6	0.7674375241	0.01659839177	97.28601713	1.42068978	1.293293089	55.60601505	20.98157093	23.41241403	0	0	0	-745.859259	0.01659839177	-8291.75399236047	
743.299259	88	6	6	0.7711784269	0.01629228941	97.29018277	1.408308204	1.301509027	54.9156424	21.30574197	23.77861563	0	0	0	-743.299259	0.01629228941	-8436.9624951179	
740.739259	88	6	6	0.7747903689	0.01599144713	97.29488667	1.395830945	1.309282383	54.22692895	21.62930085	24.14377021	0	0	0	-740.739259	0.01599144713	-8584.3733483547	
738.179259	88	6	6	0.7782787756	0.01569576747	97.30012141	1.383274849	1.316603742	53.54008701	21.95214153	24.50777146	0	0	0	-738.179259	0.01569576747	-8734.28200018117	
735.619259	88	6	6	0.7816487991	0.01540516339	97.30588012	1.37065581	1.323464071	52.85532419	22.27416009	24.87051572	0	0	0	-735.619259	0.01540516339	-8886.97364303441	
733.059259	88	6	6	0.7849053361	0.01511955666	97.31215645	1.357988781	1.329854768	52.17284287	22.59525494	25.23190219	0	0	0	-733.059259	0.01511955666	-9042.7219627746	
730.499259	88	6	6	0.7880530434	0.01483887648	97.31894451	1.345287795	1.335767692	51.4928399	22.91532702	25.59183309	0	0	0	-730.499259	0.01483887648	-9201.78876639691	
727.939259	88	6	6	0.7910963527	0.01456305816	97.32623881	1.33256598	1.34119521	50.81550615	23.23428002	25.95021383	0	0	0	-727.939259	0.01456305816	-9364.42315913443	
725.379259	88	6	6	0.7940394841	0.01429204197	97.33403419	1.319835587	1.346130225	50.14102627	23.55202055	26.30695317	0	0	0	-725.379259	0.01429204197	-9530.86121272971	
722.819259	88	6	6	0.796886458	0.01402577207	97.34232578	1.307108007	1.35056621	49.46957842	23.86845826	26.66196332	0	0	0	-722.819259	0.01402577207	-9701.32512769244	
720.259259	88	6	6	0.7996411072	0.01376419556	97.35110896	1.294393805	1.354497236	48.80133403	24.18350597	27.01516	0	0	0	-720.259259	0.01376419556	-9876.02371250116	
717.699259	88	6	6	0.802307087	0.01350726167	97.36037926	1.281702743	1.357918	48.13645765	24.49707976	27.36646258	0	0	0	-717.699259	0.01350726167	-10055.1522706089	
715.139259	88	6	6	0.8048878847	0.01325492102	97.37013235	1.26904381	1.360823844	47.47510686	24.80909909	27.71579405	0	0	0	-715.139259	0.01325492102	-10238.8928886362	
712.579259	88	6	6	0.8073868292	0.01300712502	97.38036397	1.256425255	1.363210776	46.81743212	25.1194868	28.06308108	0	0	0	-712.579259	0.01300712502	-10427.4147736336	
710.019259	88	6	6	0.8098070991	0.01276382533	97.3910699	1.243854613	1.365075487	46.1635768	25.42816918	28.40825402	0	0	0	-710.019259	0.01276382533	-10620.8734912925	
707.459259	88	6	6	0.8121517304	0.01252497339	97.40224589	1.231338743	1.366415362	45.51367713	25.73507597	28.7512469	0	0	0	-707.459259	0.01252497339	-10819.4129104133	
704.899259	88	6	6	0.8144236241	0.01229052012	97.41388765	1.218883855	1.367228491	44.86786224	26.04014037	29.09199739	0	0	0	-704.899259	0.01229052012	-11023.1654984582	
702.339259	88	6	6	0.8166255527	0.0120604156	97.42599078	1.206495544	1.367513677	44.22625424	26.34329902	29.43044674	0	0	0	-702.339259	0.0120604156	-11232.2502246482	
699.779259	88	6	6	0.8187601667	0.0118346088	97.43855074	1.19417882	1.367270437	43.58896825	26.64449198	29.76653977	0	0	0	-699.779259	0.0118346088	-11446.7783396222	
697.219259	88	6	6	0.8208300009	0.0116130476	97.45156285	1.181938144	1.366499006	42.9561126	26.94366267	30.10022473	0	0	0	-697.219259	0.0116130476	-11666.8459679597	
694.659259	88	6	6	0.8228374795	0.01139567834	97.46502222	1.169777452	1.365200331	42.32778888	27.24075783	30.4314533	0	0	0	-694.659259	0.01139567834	-11892.5430918352	
692.099259	88	6	6	0.8247849216	0.01118244623	97.47892373	1.157700192	1.363376075	41.70409213	27.53572744	30.76018044	0	0	0	-692.099259	0.01118244623	-12123.9507575459	
689.539259	88	6	6	0.8266745466	0.01097329491	97.49326205	1.145709351	1.361028599	41.08511102	27.82852466	31.08636432	0	0	0	-689.539259	0.01097329491	-12361.1357822322	
686.979259	88	6	6	0.8285084782	0.01076816668	97.50803155	1.133807483	1.358160963	40.47092802	28.11910574	31.40996623	0	0	0	-686.979259	0.01076816668	-12604.1614258638	
684.419259	88	6	6	0.8302887494	0.01056700252	97.52322635	1.121996738	1.35477691	39.86161959	28.40742995	31.73095045	0	0	0	-684.419259	0.01056700252	-12853.0813318818	
681.859259	88	6	6	0.8320173066	0.01036974213	97.53884026	1.11027889	1.350880854	39.2572564	28.69345946	32.04928414	0	0	0	-681.859259	0.01036974213	-13107.9412687818	
679.299259	88	6	6	0.8336960135	0.01017632404	97.55486678	1.098655359	1.346477863	38.6579035	28.97715924	32.36493725	0	0	0	-679.299259	0.01017632404	-13368.7801376225	
676.739259	88	6	6	0.835326655	0.009986685706	97.57129911	1.087127243	1.341573645	38.06362061	29.25849701	32.67788238	0	0	0	-676.739259	0.009986685706	-13635.6303493108	
674.179259	88	6	6	0.8369109407	0.009800763642	97.58813014	1.075695333	1.33617453	37.47446225	29.53744308	32.98809467	0	0	0	-674.179259	0.009800763642	-13908.5179321619	
671.619259	88	6	6	0.8384505084	0.009618493529	97.60535241	1.064360145	1.330287446	36.89047802	29.81397027	33.29555171	0	0	0	-671.619259	0.009618493529	-14187.4630548392	
669.059259	88	6	6	0.8399469276	0.009439810362	97.62295816	1.053121934	1.323919905	36.3117128	30.08805382	33.60023337	0	0	0	-669.059259	0.009439810362	-14472.4807630138	
666.499259	88	6	6	0.841401702	0.009264648578	97.64093931	1.041980717	1.317079975	35.73820698	30.35967126	33.90212176	0	0	0	-666.499259	0.009264648578	-14763.5811620593	
663.939259	88	6	6	0.842816273	0.009092942199	97.65928745	1.030936297	1.309776258	35.16999663	30.62880233	34.20120104	0	0	0	-663.939259	0.009092942199	-15060.7697746236	
661.379259	88	6	6	0.8441920223	0.00892462496	97.67799386	1.019988273	1.30201787	34.60711377	30.89542885	34.49745739	0	0	0	-661.379259	0.00892462496	-15364.0480521587	
658.819259	88	6	6	0.8455302746	0.00875963045	97.69704953	1.009136064	1.293814411	34.04958654	31.15953464	34.79087882	0	0	0	-658.819259	0.00875963045	-15673.4137897013	
656.259259	88	6	6	0.8468323003	0.008597892235	97.71644513	0.9983789245	1.285175944	33.49743941	31.42110544	35.08145514	0	0	0	-656.259259	0.008597892235	-15988.8613639068	
653.699259	88	6	6	0.8480993176	0.008439343986	97.73617107	0.9877159572	1.276112968	32.95069339	31.68012878	35.36917783	0	0	0	-653.699259	0.008439343986	-16310.3822542461	
651.139259	88	6	6	0.849332495	0.008283919595	97.75621748	0.9771461297	1.266636391	32.40936619	31.93659388	35.65403993	0	0	0	-651.139259	0.008283919595	-16637.9651853621	
648.579259	88	6	6	0.8505329538	0.008131553286	97.77657421	0.9666682879	1.256757504	31.87347241	32.19049162	35.93603597	0	0	0	-648.579259	0.008131553286	-16971.5970555177	
646.019259	88	6	6	0.8517017697	0.007982179728	97.79723088	0.9562811682	1.246487954	31.34302375	32.44181438	36.21516187	0	0	0	-646.019259	0.007982179728	-17311.2626737572	
643.459259	88	6	6	0.8528399752	0.007835734121	97.81817687	0.9459834103	1.235839719	30.81802912	32.69055601	36.49141487	0	0	0	-643.459259	0.007835734121	-17656.9450069551	
640.899259	88	6	6	0.8539485613	0.007692152292	97.83940135	0.9357735675	1.224825079	30.29849486	32.93671171	36.76479342	0	0	0	-640.899259	0.007692152292	-18008.6263507923	
638.339259	88	6	6	0.8550284796	0.007551370781	97.86089329	0.9256501181	1.213456592	29.78442485	33.180278	37.03529715	0	0	0	-638.339259	0.007551370781	-18366.287891072	
635.779259	88	6	6	0.8560806438	0.007413326909	97.88264146	0.9156114746	1.201747063	29.27582066	33.4212526	37.30292674	0	0	0	-635.779259	0.007413326909	-18729.9103035084	
633.219259	88	6	6	0.8571059314	0.007277958853	97.90463449	0.9056559934	1.189709521	28.77268172	33.65963437	37.5676839	0	0	0	-633.219259	0.007277958853	-19099.4741842313	
630.659259	88	6	6	0.8581051854	0.007145205702	97.92686082	0.8957819826	1.177357195	28.27500543	33.89542328	37.82957129	0	0	0	-630.659259	0.007145205702	-19474.9600817363	
628.099259	88	6	6	0.8590792159	0.007015007513	97.94930881	0.885987711	1.16470348	27.78278726	34.12862029	38.08859244	0	0	0	-628.099259	0.007015007513	-19856.3490989834	
625.539259	88	6	6	0.8600288012	0.006887305358	97.97196667	0.8762714147	1.15176192	27.29602092	34.35922735	38.34475173	0	0	0	-625.539259	0.006887305358	-20243.6228246732	
622.979259	88	6	6	0.8609546897	0.006762041362	97.99482252	0.8666313044	1.138546178	26.81469843	34.58724727	38.5980543	0	0	0	-622.979259	0.006762041362	-20636.7639789279	
620.419259	88	6	6	0.8618576007	0.006639158742	98.01786441	0.8570655721	1.125070014	26.33881024	34.81268375	38.84850601	0	0	0	-620.419259	0.006639158742	-21035.75647772	
617.859259	88	6	6	0.8627382261	0.006518601831	98.04108034	0.8475723969	1.111347258	25.86834532	35.03554125	39.09611343	0	0	0	-617.859259	0.006518601831	-21440.5857636964	
615.299259	88	6	6	0.8635972314	0.006400316106	98.06445826	0.8381499506	1.097391789	25.40329126	35.25582501	39.34088372	0	0	0	-615.299259	0.006400316106	-21851.2389429184	
612.739259	88	6	6	0.8644352567	0.006284248201	98.08798609	0.8287964033	1.083217511	24.94363435	35.47354096	39.58282468	0	0	0	-612.739259	0.006284248201	-22267.70495659	
610.179259	88	6	6	0.8652529181	0.006170345924	98.11165174	0.8195099278	1.068838328	24.48935968	35.68869569	39.82194464	0	0	0	-610.179259	0.006170345924	-22689.9754520145	
607.619259	88	6	6	0.8660508087	0.006058558268	98.13544317	0.810288705	1.054268127	24.04045116	35.9012964	40.05825244	0	0	0	-607.619259	0.006058558268	-23118.0438508973	
605.059259	88	6	6	0.8668294994	0.005948835408	98.15934832	0.8011309273	1.039520754	23.59689167	36.1113509	40.29175744	0	0	0	-605.059259	0.005948835408	-23551.9063728647	
602.499259	88	6	6	0.8675895399	0.005841128712	98.1833552	0.7920348034	1.024609993	23.15866305	36.31886752	40.52246943	0	0	0	-602.499259	0.005841128712	-23991.5622404285	
599.939259	88	6	6	0.8683314598	0.005735390732	98.20745189	0.7829985614	1.009549548	22.72574622	36.52385513	40.75039864	0	0	0	-599.939259	0.005735390732	-24437.0131255387	
597.379259	88	6	6	0.8690557693	0.005631575201	98.23162652	0.7740204529	0.994353023	22.29812121	36.72632307	40.97555572	0	0	0	-597.379259	0.005631575201	-24888.2643672609	
594.819259	88	6	6	0.8697629601	0.005529637028	98.25586734	0.7650987558	0.9790339031	21.87576718	36.92628114	41.19795168	0	0	0	-594.819259	0.005529637028	-25345.3239557441	
592.259259	88	6	6	0.8704535063	0.00542953228	98.28016268	0.7562317776	0.9636055385	21.45866256	37.12373957	41.41759788	0	0	0	-592.259259	0.00542953228	-25808.2035588661	
589.699259	88	6	6	0.8711278646	0.005331218179	98.30450101	0.7474178585	0.9480811265	21.04678498	37.31870898	41.63450604	0	0	0	-589.699259	0.005331218179	-26276.9182846045	
587.139259	88	6	6	0.8717864759	0.005234653078	98.32887093	0.7386553736	0.9324736964	20.64011143	37.51120039	41.84868819	0	0	0	-587.139259	0.005234653078	-26751.4866431133	
584.579259	88	6	6	0.8724297652	0.005139796452	98.35326117	0.7299427358	0.9167960938	20.23861819	37.70122515	42.06015665	0	0	0	-584.579259	0.005139796452	-27231.9307743414	
582.019259	88	6	6	0.8730581428	0.005046608873	98.37766064	0.7212783982	0.9010609664	19.84228096	37.88879499	42.26892405	0	0	0	-582.019259	0.005046608873	-27718.2765012026	
579.459259	88	6	6	0.8736720046	0.004955051997	98.40205839	0.712660856	0.8852807504	19.45107482	38.07392191	42.47500327	0	0	0	-579.459259	0.004955051997	-28210.5537985637	
576.899259	88	6	6	0.8742717327	0.00486508854	98.42644369	0.7040886488	0.8694676578	19.06497432	38.25661823	42.67840745	0	0	0	-576.899259	0.00486508854	-28708.7958756	
574.339259	88	6	6	0.8748576964	0.004776682256	98.45080597	0.6955603627	0.8536336646	18.68395346	38.43689655	42.87914999	0	0	0	-574.339259	0.004776682256	-29213.0402379032	
571.779259	88	6	6	0.8754302519	0.004689797918	98.47513487	0.6870746319	0.8377904991	18.30798576	38.61476974	43.0772445	0	0	0	-571.779259	0.004689797918	-29723.3281166977	
569.219259	88	6	6	0.8759897439	0.004604401291	98.49942023	0.6786301404	0.8219496322	17.93704427	38.79025091	43.27270482	0	0	0	-569.219259	0.004604401291	-30239.7047616401	
566.659259	88	6	6	0.876536505	0.004520459113	98.52365211	0.6702256236	0.8061222675	17.57110157	38.96335342	43.46554501	0	0	0	-566.659259	0.004520459113	-30762.219339673	
564.099259	88	6	6	0.877070857	0.004437939067	98.5478208	0.6618598701	0.7903193324	17.21012983	39.13409083	43.65577934	0	0	0	-564.099259	0.004437939067	-31290.9245825228	
561.539259	88	6	6	0.877593111	0.004356809759	98.57191681	0.6535317228	0.7745514706	16.8541008	39.30247695	43.84342225	0	0	0	-561.539259	0.004356809759	-31825.8777420001	
558.979259	88	6	6	0.8781035679	0.004277040695	98.59593089	0.64524008	0.758829034	16.50298587	39.46852575	44.02848838	0	0	0	-558.979259	0.004277040695	-32367.1460308509	
556.419259	88	6	6	0.8786025186	0.004198602284	98.61985403	0.6369838973	0.7431620771	16.15675603	39.6322514	44.21099256	0	0	0	-556.419259	0.004198602284	-32914.7814592038	
553.859259	88	6	6	0.8790902449	0.004121465697	98.64367746	0.6287621879	0.7275603506	15.81538195	39.79366827	44.39094978	0	0	0	-553.859259	0.004121465697	-33468.8519133591	
551.299259	88	6	6	0.8795670192	0.004045603013	98.66739268	0.6205740239	0.7120332966	15.47883394	39.95279088	44.56837519	0	0	0	-551.299259	0.004045603013	-34029.445218599	
548.739259	88	6	6	0.8800331054	0.003970987105	98.69099142	0.6124185375	0.6965900446	15.147082	40.10963389	44.74328411	0	0	0	-548.739259	0.003970987105	-34596.6339993591	
546.179259	88	6	6	0.8804887591	0.003897591613	98.71446567	0.6042949214	0.6812394074	14.82009584	40.26421214	44.91569201	0	0	0	-546.179259	0.003897591613	-35170.4966931526	
543.619259	88	6	6	0.8809342278	0.003825390934	98.73780769	0.5962024299	0.6659898781	14.49784486	40.41654061	45.08561452	0	0	0	-543.619259	0.003825390934	-35751.1184979048	
541.059259	88	6	6	0.8813697512	0.003754360199	98.76100999	0.5881403794	0.6508496284	14.1802982	40.5666344	45.2530674	0	0	0	-541.059259	0.003754360199	-36338.5884299991	
538.499259	88	6	6	0.8817955618	0.00368447525	98.78406534	0.5801081491	0.6358265061	13.86742471	40.71450874	45.41806655	0	0	0	-538.499259	0.00368447525	-36932.9996263827	
535.939259	88	6	6	0.8822118847	0.003615712619	98.80696678	0.5721051813	0.6209280348	13.559193	40.86017899	45.58062801	0	0	0	-535.939259	0.003615712619	-37534.4496585667	
533.379259	88	6	6	0.8826189384	0.003548049507	98.82970761	0.5641309821	0.6061614129	13.25557146	41.0036606	45.74076794	0	0	0	-533.379259	0.003548049507	-38143.0400503582	
530.819259	88	6	6	0.8830169347	0.003481463762	98.85228136	0.5561851216	0.5915335139	12.95652821	41.14496916	45.89850263	0	0	0	-530.819259	0.003481463762	-38758.8763079611	
528.259259	88	6	6	0.883406079	0.003415933859	98.87468188	0.548267234	0.5770508871	12.66203119	41.28412033	46.05384849	0	0	0	-528.259259	0.003415933859	-39382.0685157758	
525.699259	88	6	6	0.8837865707	0.003351438881	98.89690322	0.5403770181	0.5627197587	12.37204809	41.42112988	46.20682204	0	0	0	-525.699259	0.003351438881	-40012.7310943388	
523.139259	88	6	6	0.8841586032	0.003287958499	98.91893973	0.5325142373	0.5485460333	12.08654642	41.55601365	46.35743992	0	0	0	-523.139259	0.003287958499	-40650.9828717903	
520.579259	88	6	6	0.8845223645	0.003225472954	98.94078598	0.5246787192	0.5345352966	11.80549352	41.6887876	46.50571888	0	0	0	-520.579259	0.003225472954	-41296.9481288113	
518.019259	88	6	6	0.8848780367	0.003163963041	98.96243683	0.5168703564	0.5206928172	11.5288565	41.81946773	46.65167577	0	0	0	-518.019259	0.003163963041	-41950.7546459662	
515.459259	88	6	6	0.8852257972	0.003103410086	98.98388734	0.5090891054	0.5070235505	11.25660234	41.94807014	46.79532752	0	0	0	-515.459259	0.003103410086	-42612.5359467357	
512.899259	88	6	6	0.8855658178	0.003043795937	99.00513287	0.501334987	0.4935321412	10.98869783	42.07461098	46.9366912	0	0	0	-512.899259	0.003043795937	-43282.4312323423	
510.339259	88	6	6	0.8858982658	0.002985102942	99.02616899	0.4936080857	0.4802229282	10.72510961	42.19910646	47.07578393	0	0	0	-510.339259	0.002985102942	-43960.5828058624	
507.779259	88	6	6	0.8862233037	0.002927313933	99.0469915	0.4859085496	0.4670999479	10.46580419	42.32157287	47.21262294	0	0	0	-507.779259	0.002927313933	-44647.1409573616	
505.219259	88	6	6	0.8865410893	0.002870412218	99.06759647	0.4782365894	0.4541669389	10.2107479	42.44202655	47.34722555	0	0	0	-505.219259	0.002870412218	-45342.2618779161	
502.659259	88	6	6	0.8868517764	0.00281438156	99.08798017	0.4705924783	0.4414273472	9.959906964	42.56048388	47.47960915	0	0	0	-502.659259	0.00281438156	-46046.1052404919	
500.099259	88	6	6	0.8871555143	0.002759206163	99.10813912	0.4629765512	0.428884331	9.71324748	42.6769613	47.60979122	0	0	0	-500.099259	0.002759206163	-46758.8391462908	
497.539259	88	6	6	0.8874524482	0.002704870664	99.12807003	0.4553892039	0.4165407662	9.470735417	42.79147527	47.73778931	0	0	0	-497.539259	0.002704870664	-47480.6392383426	
494.979259	88	6	6	0.8877427196	0.002651360117	99.14776986	0.4478308922	0.4043992519	9.232336633	42.90404233	47.86362104	0	0	0	-494.979259	0.002651360117	-48211.6865836502	
492.419259	88	6	6	0.888026466	0.00259865998	99.16723575	0.4403021314	0.3924621163	8.998016881	43.01467902	47.9873041	0	0	0	-492.419259	0.00259865998	-48952.1701162702	
489.859259	88	6	6	0.8883038215	0.002546756105	99.18646508	0.4328034949	0.380731423	8.767741814	43.12340193	48.10885625	0	0	0	-489.859259	0.002546756105	-49702.2870477591	
487.299259	88	6	6	0.8885749165	0.002495634726	99.20545541	0.4253356129	0.3692089769	8.541476988	43.23022769	48.22829532	0	0	0	-487.299259	0.002495634726	-50462.2434696928	
484.739259	88	6	6	0.8888398779	0.00244528245	99.2242045	0.4178991722	0.3578963306	8.319187872	43.33517294	48.34563919	0	0	0	-484.739259	0.00244528245	-51232.2538163317	
482.179259	88	6	6	0.8890988295	0.002395686244	99.24271029	0.4104949139	0.3467947912	8.100839852	43.43825436	48.46090579	0	0	0	-482.179259	0.002395686244	-52012.5414977229	
479.619259	88	6	6	0.889351892	0.002346833427	99.26097094	0.4031236325	0.3359054269	7.886398235	43.53948864	48.57411313	0	0	0	-479.619259	0.002346833427	-52803.3421249415	
477.059259	88	6	6	0.8895991827	0.002298711663	99.27898475	0.3957861748	0.3252290734	7.675828255	43.6388925	48.68527925	0	0	0	-477.059259	0.002298711663	-53604.8999081682	
474.499259	88	6	6	0.8898408163	0.002251308946	99.29675022	0.3884834377	0.3147663412	7.469095077	43.73648267	48.79442225	0	0	0	-474.499259	0.002251308946	-54417.4707762158	
471.939259	88	6	6	0.8900769045	0.002204613598	99.31426601	0.3812163674	0.3045176224	7.266163802	43.83227591	48.90156028	0	0	0	-471.939259	0.002204613598	-55241.3240601185	
469.379259	88	6	6	0.8903075561	0.002158614257	99.33153095	0.373985957	0.2944830975	7.066999471	43.92628899	49.00671154	0	0	0	-469.379259	0.002158614257	-56076.7402070604	
466.819259	88	6	6	0.8905328775	0.00211329987	99.34854401	0.3667932453	0.2846627426	6.871567071	44.01853868	49.10989424	0	0	0	-466.819259	0.00211329987	-56924.014590717	
464.259259	88	6	6	0.8907529724	0.002068659687	99.36530435	0.3596393148	0.2750563362	6.679831532	44.10904179	49.21112668	0	0	0	-464.259259	0.002068659687	-57783.4574242208	
461.699259	88	6	6	0.8909679419	0.002024683253	99.38181124	0.3525252897	0.2656634668	6.491757738	44.19781509	49.31042717	0	0	0	-461.699259	0.002024683253	-58655.3922961717	
459.139259	88	6	6	0.8911778848	0.001981360399	99.39806413	0.3454523341	0.2564835391	6.307310528	44.28487542	49.40781405	0	0	0	-459.139259	0.001981360399	-59540.1614400087	
456.579259	88	6	6	0.8913828977	0.001938681241	99.41406257	0.3384216499	0.2475157817	6.126454695	44.37023958	49.50330572	0	0	0	-456.579259	0.001938681241	-60438.1256371768	
454.019259	88	6	6	0.8915830747	0.00189663617	99.42980627	0.3314344744	0.238759254	5.949154993	44.4539244	49.5969206	0	0	0	-454.019259	0.00189663617	-61349.6594186549	
451.459259	88	6	6	0.8917785079	0.001855215843	99.44529507	0.3244920788	0.2302128528	5.775376138	44.53594671	49.68867715	0	0	0	-451.459259	0.001855215843	-62275.1619799468	
448.899259	88	6	6	0.8919692872	0.001814411187	99.46052892	0.3175957651	0.2218753196	5.605082811	44.61632335	49.77859384	0	0	0	-448.899259	0.001814411187	-63215.0517907862	
446.339259	88	6	6	0.8921555006	0.001774213382	99.47550789	0.3107468644	0.2137452473	5.438239655	44.69507115	49.8666892	0	0	0	-446.339259	0.001774213382	-64169.7682913064	
443.779259	88	6	6	0.892337234	0.001734613865	99.49023218	0.3039467342	0.205821087	5.274811285	44.77220696	49.95298176	0	0	0	-443.779259	0.001734613865	-65139.7768252831	
441.219259	88	6	6	0.8925145716	0.001695604319	99.50470209	0.2971967561	0.1981011546	5.114762281	44.84774762	50.0374901	0	0	0	-441.219259	0.001695604319	-66125.5673949228	
438.659259	88	6	6	0.8926875955	0.001657176673	99.51891803	0.2904983332	0.1905836377	4.958057195	44.92170998	50.12023282	0	0	0	-438.659259	0.001657176673	-67127.6561633657	
436.099259	88	6	6	0.8928563862	0.001619323092	99.53288051	0.2838528875	0.1832666019	4.804660548	44.9941109	50.20122855	0	0	0	-436.099259	0.001619323092	-68146.5863497067	
433.539259	88	6	6	0.8930210226	0.001582035976	99.54659015	0.2772618576	0.1761479971	4.654536834	45.06496724	50.28049592	0	0	0	-433.539259	0.001582035976	-69182.9357568598	
430.979259	88	6	6	0.8931815818	0.001545307957	99.56004764	0.2707266954	0.1692256644	4.507650519	45.13429586	50.35805362	0	0	0	-430.979259	0.001545307957	-70237.3092753776	
428.419259	88	6	6	0.8933381393	0.001509131888	99.57325379	0.2642488641	0.1624973418	4.363966038	45.20211362	50.43392034	0	0	0	-428.419259	0.001509131888	-71310.3474988125	
425.859259	88	6	6	0.893490769	0.001473500847	99.58620949	0.2578298351	0.1559606702	4.2234478	45.26843739	50.50811481	0	0	0	-425.859259	0.001473500847	-72402.730085838	
423.299259	88	6	6	0.8936395435	0.001438408128	99.59891571	0.2514710851	0.1496132002	4.086060186	45.33328404	50.58065577	0	0	0	-423.299259	0.001438408128	-73515.170403385	
420.739259	88	6	6	0.893784534	0.001403847237	99.61137351	0.2451740935	0.143452397	3.951767548	45.39667046	50.65156199	0	0	0	-420.739259	0.001403847237	-74648.4245223965	
418.179259	88	6	6	0.89392581	0.00136981189	99.62358401	0.2389403397	0.1374756466	3.820534208	45.45861353	50.72085226	0	0	0	-418.179259	0.00136981189	-75803.2926427383	
415.619259	88	6	6	0.89406344	0.001336296008	99.63554844	0.2327712995	0.1316802617	3.69232446	45.51913015	50.78854539	0	0	0	-415.619259	0.001336296008	-76980.6208289638	
413.059259	88	6	6	0.894197491	0.001303293714	99.64726807	0.2266684432	0.1260634866	3.567102564	45.5782372	50.85466023	0	0	0	-413.059259	0.001303293714	-78181.3023925744	
410.499259	88	6	6	0.8943280289	0.001270799327	99.65874427	0.2206332321	0.1206225029	3.444832753	45.6359516	50.91921564	0	0	0	-410.499259	0.001270799327	-79406.2821311248	
407.939259	88	6	6	0.8944551184	0.00123880736	99.66997845	0.2146671153	0.1153544346	3.325479222	45.69229027	50.98223051	0	0	0	-407.939259	0.00123880736	-80656.5631177037	
405.379259	88	6	6	0.8945788227	0.001207312517	99.68097212	0.2087715277	0.1102563534	3.209006136	45.74727013	51.04372373	0	0	0	-405.379259	0.001207312517	-81933.204006557	
402.819259	88	6	6	0.8946992045	0.001176309686	99.69172683	0.2029478862	0.1053252832	3.095377623	45.80090812	51.10371426	0	0	0	-402.819259	0.001176309686	-83237.3254034181	
400.259259	88	6	6	0.8948163249	0.001145793938	99.70224421	0.1971975871	0.1005582054	2.984557774	45.85322119	51.16222103	0	0	0	-400.259259	0.001145793938	-84570.1176433365	
397.699259	88	6	6	0.8949302442	0.001115760523	99.71252593	0.1915220033	0.09595206328	2.876510642	45.90422631	51.21926305	0	0	0	-397.699259	0.001115760523	-85932.8370430878	
395.139259	88	6	6	0.8950410217	0.001086204863	99.72257375	0.1859224813	0.09150376656	2.771200243	45.95394044	51.27485932	0	0	0	-395.139259	0.001086204863	-87326.8177867702	
392.579259	88	6	6	0.8951487157	0.001057122553	99.73238947	0.1804003382	0.0872101959	2.668590548	46.00238059	51.32902887	0	0	0	-392.579259	0.001057122553	-88753.4734795484	
390.019259	88	6	6	0.8952533835	0.001028509352	99.74197493	0.174956859	0.08306820705	2.568645488	46.04956375	51.38179076	0	0	0	-390.019259	0.001028509352	-90214.2985836069	
387.459259	88	6	6	0.8953550817	0.001000361181	99.75133207	0.1695932938	0.07907463503	2.471328949	46.09550696	51.43316409	0	0	0	-387.459259	0.001000361181	-91710.8853646628	
384.899259	88	6	6	0.8954538659	0.0009726741214	99.76046285	0.164310855	0.07522629812	2.376604773	46.14022727	51.48316796	0	0	0	-384.899259	0.0009726741214	-93244.9183968956	
382.339259	88	6	6	0.8955497909	0.0009454444056	99.76936928	0.1591107142	0.07152000168	2.284436753	46.18374172	51.53182153	0	0	0	-382.339259	0.0009454444056	-94818.1829393869	
379.779259	88	6	6	0.8956429108	0.0009186684162	99.77805346	0.1539940003	0.0679525419	2.194788636	46.22606741	51.57914395	0	0	0	-379.779259	0.0009186684162	-96432.578522028	
377.219259	88	6	6	0.8957332787	0.0008923426807	99.78651749	0.1489617961	0.06452070936	2.107624119	46.26722144	51.62515444	0	0	0	-377.219259	0.0008923426807	-98090.1202165768	
374.659259	88	6	6	0.8958209473	0.0008664638666	99.79476357	0.1440151362	0.06122129255	2.022906849	46.30722094	51.66987221	0	0	0	-374.659259	0.0008664638666	-99792.9479838282	
372.099259	88	6	6	0.8959059684	0.0008410287767	99.80279391	0.1391550041	0.05805108113	1.940600421	46.34608305	51.71331653	0	0	0	-372.099259	0.0008410287767	-101543.336395689	
369.539259	88	6	6	0.895988393	0.0008160343445	99.8106108	0.1343823302	0.0550068692	1.860668379	46.38382495	51.75550667	0	0	0	-369.539259	0.0008160343445	-103343.703820758	
366.979259	88	6	6	0.8960682718	0.0007914776291	99.81821655	0.1296979893	0.05208545837	1.783074214	46.42046382	51.79646196	0	0	0	-366.979259	0.0007914776291	-105196.621999173	
364.419259	88	6	6	0.8961456545	0.00076735581	99.82561354	0.125102798	0.04928366068	1.707781365	46.45601689	51.83620174	0	0	0	-364.419259	0.00076735581	-107104.826759067	
361.859259	88	6	6	0.8962205905	0.0007436661816	99.83280419	0.1205975132	0.04659830154	1.634753216	46.49050141	51.87474538	0	0	0	-361.859259	0.0007436661816	-109071.230864679	
359.299259	88	6	6	0.8962931286	0.0007204061481	99.83979095	0.1161828294	0.04402622238	1.563953102	46.52393463	51.91211227	0	0	0	-359.299259	0.0007204061481	-111098.937253131	
356.739259	88	6	6	0.8963633167	0.0006975732178	99.84657634	0.1118593771	0.04156428331	1.495344302	46.55633385	51.94832185	0	0	0	-356.739259	0.0006975732178	-113191.251580667	
354.179259	88	6	6	0.8964312026	0.000675164997	99.85316291	0.1076277206	0.03920936559	1.428890046	46.58771638	51.98339357	0	0	0	-354.179259	0.000675164997	-115351.672421617	
351.619259	88	6	6	0.8964968334	0.0006531791747	99.85955327	0.1034883573	0.03695837386	1.364553516	46.61809959	52.0173469	0	0	0	-351.619259	0.0006531791747	-117584.292484772	
349.059259	88	6	6	0.8965602557	0.0006316136544	99.86575005	0.09944170902	0.03480824083	1.302297824	46.64750078	52.05020139	0	0	0	-349.059259	0.0006316136544	-119892.300669265	
346.499259	88	6	6	0.8966215156	0.0006104660051	99.87175594	0.09548814222	0.03275592167	1.242086078	46.67593739	52.08197653	0	0	0	-346.499259	0.0006104660051	-122280.475220354	
343.939259	88	6	6	0.8966806589	0.0005897344348	99.87757366	0.09162793607	0.03079840714	1.183881306	46.70342681	52.11269189	0	0	0	-343.939259	0.0005897344348	-124753.923862839	
341.379259	88	6	6	0.8967377307	0.000569416862	99.88320598	0.08786130134	0.02893271828	1.127646505	46.72998646	52.14236704	0	0	0	-341.379259	0.000569416862	-127316.806928649	
338.819259	88	6	6	0.896792776	0.0005495113496	99.88865572	0.08418837425	0.02715591014	1.073344631	46.7556338	52.17102157	0	0	0	-338.819259	0.0005495113496	-129974.60464393	
336.259259	88	6	6	0.8968458391	0.0005300160122	99.89392571	0.08060921549	0.0254650736	1.020938609	46.78038628	52.19867511	0	0	0	-336.259259	0.0005300160122	-132732.931903144	
333.699259	88	6	6	0.8968969641	0.0005109290096	99.89901885	0.0771238094	0.02385733707	0.9703913298	46.8042614	52.22534727	0	0	0	-333.699259	0.0005109290096	-135597.807008391	
331.139259	88	6	6	0.8969461947	0.0004922485386	99.90393807	0.07373206338	0.0223298681	0.9216656601	46.82727663	52.25105771	0	0	0	-331.139259	0.0004922485386	-138575.682984486	
328.579259	88	6	6	0.896993574	0.0004739728253	99.90868632	0.0704338073	0.02087987493	0.8747244455	46.84944949	52.27582606	0	0	0	-328.579259	0.0004739728253	-141673.487747218	
326.019259	88	6	6	0.8970391451	0.0004561001174	99.9132666	0.06722879325	0.01950460792	0.8295305169	46.87079749	52.29967199	0	0	0	-326.019259	0.0004561001174	-144898.662562274	
323.459259	88	6	6	0.8970829505	0.0004386286755	99.91768194	0.06411669531	0.01820136094	0.7860466972	46.89133815	52.32261516	0	0	0	-323.459259	0.0004386286755	-148259.208760424	
320.899259	88	6	6	0.8971250325	0.0004215567654	99.92193542	0.06109710957	0.01696747263	0.7442358085	46.91108898	52.34467522	0	0	0	-320.899259	0.0004215567654	-151763.735420498	
318.339259	88	6	6	0.8971654329	0.0004048826487	99.92603012	0.05816955427	0.01580032761	0.7040606798	46.9300675	52.36587182	0	0	0	-318.339259	0.0004048826487	-155421.516169991	
315.779259	88	6	6	0.8972041933	0.0003886045751	99.92996917	0.05533347012	0.01469735766	0.6654841556	46.94829123	52.38622461	0	0	0	-315.779259	0.0003886045751	-159242.547093017	
313.219259	88	6	6	0.897241355	0.0003727207723	99.93375574	0.05258822082	0.01365604271	0.6284691053	46.96577767	52.40575322	0	0	0	-313.219259	0.0003727207723	-163237.61435775	
310.659259	88	6	6	0.8972769588	0.000357229438	99.93739299	0.04993309372	0.01267391185	0.5929784332	46.98254431	52.42447726	0	0	0	-310.659259	0.000357229438	-167418.370267699	
308.099259	88	6	6	0.8973110454	0.0003421287301	99.94088416	0.04736730065	0.01174854428	0.5589750888	46.99860861	52.4424163	0	0	0	-308.099259	0.0003421287301	-171796.874059369	
305.539259	88	6	6	0.8973436552	0.000327416669	99.94423245	0.04488997677	0.01087757065	0.5264220875	47.01398801	52.4595899	0	0	0	-305.539259	0.000327416669	-176388.449539753	
302.979259	88	6	6	0.8973748279	0.0003130915741	99.94744114	0.04250019039	0.01005867168	0.4952824872	47.02869994	52.47601757	0	0	0	-302.979259	0.0003130915741	-181443.827944188	
300.419259	88	6	6	0.8974046035	0.0002991860978	99.95051349	0.04019693093	0.009289582109	0.4655194578	47.04276175	52.49171879	0	0	0	-300.419259	0.0002991860978	-174541.303022712	
300	88	6	6	0.8974093496	4.770152352E-05	99.95100389	0.03982789172	0.009168219853	0.4607737304	47.04500392	52.49422235	0	0	0	-300	4.770152352E-05	171207.03092113	
