T	w(AL)	w(MG)	w(SI)	fs	fw(@FCC_A1)	w(AL@FCC_A1)	w(MG@FCC_A1)	w(SI@FCC_A1)	w(AL@LIQUID)	w(MG@LIQUID)	w(SI@LIQUID)	dwdT_L(AL@LIQUID)	dwdT_L(MG@LIQUID)	dwdT_L(SI@LIQUID)	-T	fw(@FCC_A1)_1	-T//fw(@FCC_A1)	
K	%	%	%	mole/mole	kg/kg	%	%	%	%	%	%	SI	SI	SI				
875.5631551	89	4	7	0	0	98.47680398	0.8346156991	0.6885803177	89	4	7	0.001957949363	-0.0006539818928	-0.001303967471	-875.5631551	0	24.1353200159809	
875.5531551	89	4	7	0.0002064647895	0.0002066566088	98.47662123	0.8346787203	0.6887000481	88.9980427	4.000653812	7.001303487	0	0	0	-875.5531551	0.0002066566088	72.6435834805803	
875.5331551	89	4	7	0.0006190742874	0.0004131105129	98.47625581	0.8348046716	0.6889395171	88.99412607	4.001962016	7.003911914	0	0	0	-875.5331551	0.0004131105129	96.9193640155847	
875.4931551	89	4	7	0.001443246319	0.0008254386514	98.47552519	0.8350563612	0.6894184476	88.9862939	4.00457808	7.009128017	0	0	0	-875.4931551	0.0008254386514	97.0673051668986	
875.4131551	89	4	7	0.003088014227	0.00164864073	98.47406472	0.8355589693	0.6903763097	88.97062858	4.009810557	7.019560858	0	0	0	-875.4131551	0.00164864073	97.3137521522424	
875.2531551	89	4	7	0.00636331134	0.003288367796	98.47114762	0.8365605023	0.6922918809	88.93929403	4.02027691	7.040429062	0	0	0	-875.2531551	0.003288367796	97.8433873066818	
874.9331551	89	4	7	0.01285747947	0.006541344655	98.46532811	0.8385493513	0.6961225394	88.87660923	4.04121527	7.0821755	0	0	0	-874.9331551	0.006541344655	98.99518963266	
874.2931551	89	4	7	0.02560563466	0.01292731511	98.45374854	0.8424689021	0.7037825588	88.75118054	4.0831082	7.16571126	0	0	0	-874.2931551	0.01292731511	101.3635972399	
873.0131551	89	4	7	0.05021814414	0.02528524193	98.43082263	0.850081239	0.7190961309	88.50007531	4.166977924	7.332946769	0	0	0	-873.0131551	0.02528524193	106.018687108243	
870.4531551	89	4	7	0.09617092421	0.04843341897	98.38588488	0.8644178077	0.7496973152	87.99687235	4.335082554	7.668045093	0	0	0	-870.4531551	0.04843341897	-1455.74657200135	
867.8931551	89	4	7	0.1381540263	0.04650136172	98.34213401	0.8775988027	0.7802671915	87.49234232	4.503701239	8.00395644	0	0	0	-867.8931551	0.04650136172	-1381.30173432523	
865.3331551	89	4	7	0.1766473867	0.04471531967	98.2995318	0.8896585657	0.8108096367	86.98647544	4.672868675	8.340655888	0	0	0	-865.3331551	0.04471531967	-1492.91701189632	
862.7731551	89	4	7	0.2120596024	0.04306165945	98.25804111	0.9006304822	0.8413284091	86.47926169	4.84261715	8.678121159	0	0	0	-862.7731551	0.04306165945	-1610.08032608624	
860.2131551	89	4	7	0.2447388234	0.04152655122	98.21762559	0.9105470255	0.8718273845	85.97068867	5.012976905	9.016334421	0	0	0	-860.2131551	0.04152655122	-1732.06378206453	
857.6531551	89	4	7	0.274983409	0.04009799624	98.17824968	0.9194398297	0.9023104925	85.46074214	5.183976262	9.355281602	0	0	0	-857.6531551	0.04009799624	-1858.91180167441	
855.0931551	89	4	7	0.3030504468	0.03876556644	98.13987854	0.9273397698	0.9327816947	84.94940603	5.355641895	9.69495208	0	0	0	-855.0931551	0.03876556644	-1990.6897951274	
852.5331551	89	4	7	0.3291625895	0.03752015526	98.102478	0.93427703	0.9632449655	84.43666253	5.527999052	10.03533842	0	0	0	-852.5331551	0.03752015526	-2127.46665140387	
849.9731551	89	4	7	0.3535135843	0.0363537744	98.06601456	0.9402811612	0.9937042754	83.92249213	5.701071753	10.37643612	0	0	0	-849.9731551	0.0363537744	-2269.31471777945	
847.4131551	89	4	7	0.3762727756	0.03525938697	98.03045529	0.9453811291	1.024163577	83.40687363	5.87488296	10.71824341	0	0	0	-847.4131551	0.03525938697	-2416.30977672786	
844.8531551	89	4	7	0.3975887954	0.03423076962	97.99576785	0.9496053559	1.054626789	82.8897842	6.049454725	11.06076108	0	0	0	-844.8531551	0.03423076962	-2568.53113547103	
842.2931551	89	4	7	0.4175926085	0.03326239806	97.96192045	0.952981755	1.085097791	82.37119945	6.224808314	11.40399224	0	0	0	-842.2931551	0.03326239806	-2726.06153319406	
839.7331551	89	4	7	0.4364000379	0.03234935125	97.92888184	0.9555377606	1.115580403	81.85109344	6.400964327	11.74794223	0	0	0	-839.7331551	0.03234935125	-2888.98720430676	
837.1731551	89	4	7	0.4541138717	0.03148723108	97.89662126	0.9573003528	1.146078384	81.32943875	6.577942791	12.09261846	0	0	0	-837.1731551	0.03148723108	-3057.39784541184	
834.6131551	89	4	7	0.4708256301	0.03067209442	97.8651085	0.9582960792	1.176595418	80.80620651	6.755763249	12.43803024	0	0	0	-834.6131551	0.03067209442	-3231.38663158059	
832.0531551	89	4	7	0.4866170535	0.02990039562	97.83431382	0.9585510722	1.207135107	80.28136645	6.934444833	12.78418871	0	0	0	-832.0531551	0.02990039562	-3411.05019677105	
829.4931551	89	4	7	0.5015613627	0.02916893742	97.80420798	0.9580910647	1.237700959	79.75488695	7.114006338	13.13110671	0	0	0	-829.4931551	0.02916893742	-3596.48855203975	
826.9331551	89	4	7	0.5157243301	0.02847482902	97.77476221	0.9569414024	1.268296386	79.22673506	7.294466273	13.47879867	0	0	0	-826.9331551	0.02847482902	-3787.80513657824	
824.3731551	89	4	7	0.5291651941	0.02781545005	97.74594826	0.9551270548	1.298924688	78.69687657	7.475842917	13.82728051	0	0	0	-824.3731551	0.02781545005	-3985.10688394266	
821.8131551	89	4	7	0.5419374428	0.02718841955	97.71773833	0.9526726233	1.329589049	78.16527603	7.658154366	14.1765696	0	0	0	-821.8131551	0.02718841955	-4188.50396935772	
819.2531551	89	4	7	0.5540894884	0.02659156903	97.69010512	0.9496023488	1.360292531	77.63189681	7.841418571	14.52668462	0	0	0	-819.2531551	0.02659156903	-4398.10978183949	
816.6931551	89	4	7	0.5656652493	0.02602291918	97.66302182	0.9459401177	1.391038059	77.09670112	8.025653375	14.8776455	0	0	0	-816.6931551	0.02602291918	-4614.0410948169	
814.1331551	89	4	7	0.5767046542	0.02548065956	97.63646212	0.9417094657	1.421828416	76.55965006	8.210876545	15.2294734	0	0	0	-814.1331551	0.02548065956	-4836.4176823832	
811.5731551	89	4	7	0.5872440803	0.0249631308	97.61040018	0.9369335824	1.452666235	76.02070365	8.397105798	15.58219055	0	0	0	-811.5731551	0.0249631308	-5065.36236094168	
809.0131551	89	4	7	0.5973167358	0.02446880908	97.5848107	0.9316353131	1.483553987	75.47982088	8.584358828	15.93582029	0	0	0	-809.0131551	0.02446880908	-5301.00085573483	
806.4531551	89	4	7	0.6069529934	0.02399629242	97.55966887	0.9258371612	1.514493973	74.93695975	8.772653321	16.29038693	0	0	0	-806.4531551	0.02399629242	-5543.46136700489	
803.8931551	89	4	7	0.6161806836	0.02354428861	97.5349504	0.9195612892	1.545488312	74.39207727	8.962006983	16.64591574	0	0	0	-803.8931551	0.02354428861	-5792.87463848139	
801.3331551	89	4	7	0.6250253522	0.02311160458	97.51063155	0.9128295195	1.576538932	73.84512956	9.152437544	17.0024329	0	0	0	-801.3331551	0.02311160458	-6049.37350274255	
798.7731551	89	4	7	0.6335104873	0.02269713692	97.48668911	0.9056633342	1.607647558	73.29607182	9.343962781	17.3599654	0	0	0	-798.7731551	0.02269713692	-6313.09253541543	
796.2131551	89	4	7	0.6416577199	0.02229986351	97.46310043	0.8980838752	1.638815699	72.7448584	9.536600522	17.71854108	0	0	0	-796.2131551	0.02229986351	-6584.16742353786	
793.6531551	89	4	7	0.6494870018	0.021918836	97.43984342	0.8901119431	1.670044637	72.19144286	9.730368658	18.07818848	0	0	0	-793.6531551	0.021918836	-6862.73476142191	
791.0931551	89	4	7	0.6570167634	0.02155317319	97.41689659	0.8817679965	1.701335412	71.63577795	9.925285149	18.4389369	0	0	0	-791.0931551	0.02155317319	-7148.93139456606	
788.5331551	89	4	7	0.6642640541	0.02120205502	97.39423904	0.8730721504	1.732688809	71.07781571	10.12136803	18.80081627	0	0	0	-788.5331551	0.02120205502	-7442.89296994293	
785.9731551	89	4	7	0.6712446678	0.02086471719	97.37185048	0.864044175	1.764105343	70.51750744	10.3186354	19.16385716	0	0	0	-785.9731551	0.02086471719	-7744.75355626121	
783.4131551	89	4	7	0.6779732542	0.02054044637	97.34971126	0.8547034938	1.795585244	69.95480382	10.51710545	19.52809073	0	0	0	-783.4131551	0.02054044637	-8054.64478852763	
780.8531551	89	4	7	0.6844634199	0.02022857586	97.32780238	0.8450691818	1.827128437	69.3896549	10.71679643	19.89354867	0	0	0	-780.8531551	0.02022857586	-8372.69361534265	
778.2931551	89	4	7	0.6907278176	0.01992848162	97.30610551	0.8351599637	1.858734527	68.82201014	10.91772667	20.26026319	0	0	0	-778.2931551	0.01992848162	-8699.02120507955	
775.7331551	89	4	7	0.6967782272	0.01963957876	97.28460301	0.8249942114	1.890402782	68.25181849	11.11991457	20.62826694	0	0	0	-775.7331551	0.01963957876	-9033.74119928032	
773.1731551	89	4	7	0.7026256287	0.01936131829	97.26327795	0.8145899426	1.922132108	67.67902842	11.32337857	20.997593	0	0	0	-773.1731551	0.01936131829	-9376.95700391529	
770.6131551	89	4	7	0.7082802674	0.01909318419	97.24211415	0.803964818	1.953921032	67.103588	11.52813717	21.36827483	0	0	0	-770.6131551	0.01909318419	-9728.7597740332	
768.0531551	89	4	7	0.7137517136	0.01883469075	97.22109618	0.7931361399	1.985767679	66.52544491	11.73420889	21.74034619	0	0	0	-768.0531551	0.01883469075	-10089.2246411184	
765.4931551	89	4	7	0.7190489158	0.01858538009	97.2002094	0.7821208493	2.017669749	65.94454655	11.94161228	22.11384117	0	0	0	-765.4931551	0.01858538009	-10458.4077519557	
762.9331551	89	4	7	0.7241802498	0.01834481996	97.17943999	0.7709355244	2.04962449	65.36084007	12.15036589	22.48879405	0	0	0	-762.9331551	0.01834481996	-10836.3415895051	
760.3731551	89	4	7	0.7291535622	0.01811260163	97.15877495	0.7595963788	2.081628675	64.77427248	12.36048822	22.8652393	0	0	0	-760.3731551	0.01811260163	-11223.030314444	
757.8131551	89	4	7	0.7339762108	0.01788833803	97.13820217	0.7481192588	2.113678573	64.18479073	12.57199776	23.24321151	0	0	0	-757.8131551	0.01788833803	-11618.4451346514	
755.2531551	89	4	7	0.7386551011	0.01767166199	97.11771044	0.7365196423	2.145769918	63.59234175	12.78491289	23.62274535	0	0	0	-755.2531551	0.01767166199	-12022.5165711302	
752.6931551	89	4	7	0.7431967193	0.01746222459	97.09728948	0.7248126369	2.177897884	62.99687262	12.99925191	24.00387547	0	0	0	-752.6931551	0.01746222459	-12435.1286086658	
750.1331551	89	4	7	0.7476071628	0.01725969369	97.07692997	0.7130129783	2.210057048	62.39833063	13.21503295	24.38663642	0	0	0	-750.1331551	0.01725969369	-12856.1082238182	
747.5731551	89	4	7	0.7518921675	0.01706375243	97.05662362	0.7011350287	2.242241355	61.79666341	13.43227395	24.77106264	0	0	0	-747.5731551	0.01706375243	-13285.2194455656	
745.0131551	89	4	7	0.7560571337	0.01687409804	97.03636313	0.6891927759	2.27444409	61.19181906	13.65099264	25.1571883	0	0	0	-745.0131551	0.01687409804	-13722.1505936046	
742.4531551	89	4	7	0.7601071484	0.01669044046	97.01614234	0.6771998319	2.306657832	60.58374633	13.87120642	25.54504725	0	0	0	-742.4531551	0.01669044046	-14165.590039614	
739.8931551	89	4	7	0.7640470022	0.01651247938	96.99595613	0.6651694165	2.338874456	59.97239556	14.09293208	25.93467236	0	0	0	-739.8931551	0.01651247938	-14618.6784399091	
737.3331551	89	4	7	0.767881233	0.01634003024	96.97580066	0.6531144475	2.371084889	59.35771491	14.3161871	26.32609799	0	0	0	-737.3331551	0.01634003024	-15076.3767332883	
734.7731551	89	4	7	0.7716140972	0.01617271983	96.95567312	0.6410473177	2.403279558	58.739658	14.54098694	26.71935506	0	0	0	-734.7731551	0.01617271983	-15537.7069052063	
732.2131551	89	4	7	0.775249628	0.0160103606	96.93557211	0.6289801847	2.435447704	58.11817752	14.7673473	27.11447518	0	0	0	-732.2131551	0.0160103606	-16006.1537789715	
729.6531551	89	4	7	0.7787916345	0.01585270464	96.91549743	0.6169247575	2.46757781	57.49322793	14.99528317	27.51148889	0	0	0	-729.6531551	0.01585270464	-16477.8125252552	
727.0931551	89	4	7	0.7822437157	0.01569951162	96.89545025	0.6048923803	2.499657367	56.86476574	15.22480873	27.91042553	0	0	0	-727.0931551	0.01569951162	-16957.5058988387	
724.5331551	89	4	7	0.785609325	0.01555064929	96.87543179	0.5928937671	2.53167444	56.23274605	15.45593536	28.31131859	0	0	0	-724.5331551	0.01555064929	-17419.1981737912	
721.9731551	89	4	7	0.7888915838	0.0154054898	96.85544826	0.5809397481	2.563611992	55.5971424	15.68867395	28.71418365	0	0	0	-721.9731551	0.0154054898	-17888.9391894949	
719.4131551	89	4	7	0.7920935827	0.01526432734	96.83550423	0.5690405484	2.595455224	54.95791014	15.92303883	29.11905102	0	0	0	-719.4131551	0.01526432734	-18373.1175453458	
716.8531551	89	4	7	0.7952182019	0.01512673059	96.81560673	0.5572060016	2.627187267	54.3150165	16.15903988	29.52594362	0	0	0	-716.8531551	0.01512673059	-18839.9957682644	
714.2931551	89	4	7	0.7982681666	0.01499248258	96.7957644	0.5454455649	2.65879003	53.66843234	16.39668553	29.93488214	0	0	0	-714.2931551	0.01499248258	-19299.7293126127	
711.7331551	89	4	7	0.8012460557	0.01486136791	96.77598754	0.5337683208	2.690244142	53.01813263	16.63598259	30.34588479	0	0	0	-711.7331551	0.01486136791	-19749.6411603456	
709.1731551	89	4	7	0.8041543097	0.01473317168	96.75628813	0.5221829779	2.721528894	52.36409697	16.87693603	30.758967	0	0	0	-709.1731551	0.01473317168	-20186.7652095208	
706.6131551	89	4	7	0.8069952378	0.01460767878	96.73667994	0.5106978724	2.752622189	51.70631015	17.1195488	31.17414105	0	0	0	-706.6131551	0.01460767878	-20607.8689034506	
704.0531551	89	4	7	0.8097710242	0.01448467311	96.71717855	0.4993209696	2.783500478	51.04476269	17.36382156	31.59141575	0	0	0	-704.0531551	0.01448467311	-21009.4659350244	
701.4931551	89	4	7	0.8124837347	0.01436393685	96.69780142	0.4880598651	2.814138713	50.37945159	17.60975245	32.01079596	0	0	0	-701.4931551	0.01436393685	-21387.840372906	
698.9331551	89	4	7	0.815135322	0.01424524968	96.67856793	0.476921787	2.844510286	49.71038094	17.85733679	32.43228226	0	0	0	-698.9331551	0.01424524968	-21739.0904603246	
696.3731551	89	4	7	0.8177276311	0.01412838812	96.65949942	0.4659135968	2.874586984	49.03756277	18.10656683	32.8558704	0	0	0	-696.3731551	0.01412838812	-22059.1753379902	
693.8131551	89	4	7	0.820262404	0.01401312471	96.64061927	0.4550417919	2.904338937	48.36101783	18.35743136	33.28155082	0	0	0	-693.8131551	0.01401312471	-22344.0129384374	
691.2531551	89	4	7	0.8227412841	0.01389922767	96.62195292	0.4443125068	2.933734578	47.68077647	18.60991541	33.70930812	0	0	0	-691.2531551	0.01389922767	-22589.5437361117	
688.6931551	89	4	7	0.8251658205	0.01378645992	96.60352788	0.433731515	2.962740603	46.99687962	18.8639999	34.13912048	0	0	0	-688.6931551	0.01378645992	-22791.833939597	
686.1331551	89	4	7	0.8275374714	0.01367457881	96.58537383	0.4233042304	2.991321941	46.30937979	19.11966119	34.57095902	0	0	0	-686.1331551	0.01367457881	-22947.2206420704	
683.5731551	89	4	7	0.8298576082	0.01356333557	96.56752256	0.413035709	3.019441732	45.61834212	19.37687072	35.00478716	0	0	0	-683.5731551	0.01356333557	-23052.4130707418	
681.0131551	89	4	7	0.8321275184	0.01345247493	96.55000804	0.4029306502	3.047061315	44.92384554	19.63559452	35.44055994	0	0	0	-681.0131551	0.01345247493	-23104.6369731843	
678.4531551	89	4	7	0.8343484092	0.0133417349	96.53286638	0.3929933979	3.074140224	44.22598392	19.89579281	35.87822327	0	0	0	-678.4531551	0.0133417349	-23101.7635437961	
675.8931551	89	4	7	0.8365214096	0.01323084663	96.51613585	0.383227942	3.100636209	43.52486734	20.15741948	36.31771318	0	0	0	-675.8931551	0.01323084663	-23042.4232382397	
673.3331551	89	4	7	0.8386475743	0.01311953443	96.49985682	0.3736379186	3.126505261	42.82062335	20.42042161	36.75895504	0	0	0	-673.3331551	0.01311953443	-22926.1142185123	
670.7731551	89	4	7	0.8407278855	0.01300751605	96.48407173	0.3642266112	3.151701661	42.11339826	20.68473897	37.20186277	0	0	0	-670.7731551	0.01300751605	-22753.2763064499	
668.2131551	89	4	7	0.8427632563	0.0128945031	96.46882499	0.3549969506	3.176178056	41.40335846	20.95030352	37.64633802	0	0	0	-668.2131551	0.0128945031	-22525.3281221875	
665.6531551	89	4	7	0.8447545326	0.01278020176	96.45416294	0.3459515153	3.199885544	40.69069175	21.21703888	38.09226937	0	0	0	-665.6531551	0.01278020176	-22244.67369189	
663.0931551	89	4	7	0.8467024965	0.01266431377	96.44013366	0.3370925309	3.222773805	39.97560864	21.48485985	38.53953151	0	0	0	-663.0931551	0.01266431377	-21914.6672103758	
660.5331551	89	4	7	0.8486078684	0.01254653777	96.42678689	0.3284218703	3.244791241	39.25834358	21.75367195	38.98798447	0	0	0	-660.5331551	0.01254653777	-21539.5317057834	
657.9731551	89	4	7	0.8504713103	0.01242657092	96.41417378	0.3199410528	3.265885165	38.53915614	22.02337093	39.43747293	0	0	0	-657.9731551	0.01242657092	-21124.2432083705	
655.4131551	89	4	7	0.8522934283	0.01230411095	96.40234675	0.311651243	3.286002007	37.81833206	22.29384241	39.88782553	0	0	0	-655.4131551	0.01230411095	-20674.3943321847	
652.8531551	89	4	7	0.8540747758	0.01217885864	96.39135918	0.3035532508	3.305087573	37.09618421	22.5649615	40.33885429	0	0	0	-652.8531551	0.01217885864	-20196.0239717423	
650.2931551	89	4	7	0.8558158572	0.01205052062	96.38126515	0.29564753	3.323087324	36.37305327	22.83659254	40.79035419	0	0	0	-650.2931551	0.01205052062	-19695.4412761974	
647.7331551	89	4	7	0.8575171307	0.01191881268	96.37211912	0.2879341776	3.3399467	35.64930826	23.10858894	41.2421028	0	0	0	-647.7331551	0.01191881268	-19179.050614832	
645.1731551	89	4	7	0.8591790128	0.01178346339	96.36397558	0.2804129341	3.355611484	34.92534676	23.38079308	41.69386016	0	0	0	-645.1731551	0.01178346339	-18653.1909016015	
642.6131551	89	4	7	0.8608018819	0.01164421829	96.35688862	0.2730831832	3.370028194	34.20159485	23.65303635	42.14536881	0	0	0	-642.6131551	0.01164421829	-18124.0085849028	
640.0531551	89	4	7	0.8623860832	0.01150084458	96.35091153	0.2659439523	3.383144517	33.47850656	23.92513936	42.59635409	0	0	0	-640.0531551	0.01150084458	-17597.170356612	
637.4931551	89	4	7	0.8639319326	0.01135313317	96.34609634	0.2589939156	3.394909747	32.75656318	24.19691228	43.04652454	0	0	0	-637.4931551	0.01135313317	-17078.0052667901	
634.9331551	89	4	7	0.8654397222	0.01120090793	96.34249333	0.2522313966	3.405275278	32.03627179	24.46815541	43.49557281	0	0	0	-634.9331551	0.01120090793	-16571.4136209482	
632.3731551	89	4	7	0.8669097255	0.01104402717	96.34015053	0.2456543728	3.414195099	31.31816351	24.73865982	43.94317667	0	0	0	-632.3731551	0.01104402717	-16081.578010476	
629.8131551	89	4	7	0.8683422024	0.01088238914	96.33911322	0.2392604821	3.421626297	30.60279126	25.00820832	44.38900042	0	0	0	-629.8131551	0.01088238914	-15612.1598584276	
627.2531551	89	4	7	0.8697374055	0.01071593639	96.3394234	0.233047031	3.427529564	29.89072694	25.2765765	44.83269656	0	0	0	-627.2531551	0.01071593639	-15166.251300008	
624.6931551	89	4	7	0.8710955853	0.0105446597	96.34111931	0.2270110052	3.431869682	29.18255819	25.54353403	45.27390778	0	0	0	-624.6931551	0.0105446597	-14746.3961581912	
622.1331551	89	4	7	0.8724169959	0.01036860128	96.34423492	0.2211490833	3.434615995	28.47888463	25.80884614	45.71226923	0	0	0	-622.1331551	0.01036860128	-14354.6259358727	
619.5731551	89	4	7	0.8737019012	0.01018785721	96.34879951	0.2154576521	3.435742841	27.7803137	26.07227522	46.14741107	0	0	0	-619.5731551	0.01018785721	-13992.509237277	
617.0131551	89	4	7	0.8749505795	0.01000257889	96.35483724	0.209932825	3.435229939	27.08745612	26.33358261	46.57896127	0	0	0	-617.0131551	0.01000257889	-13661.201056619	
614.4531551	89	4	7	0.8761633292	0.009812973293	96.36236683	0.2045704641	3.43306271	26.40092106	26.59253046	47.00654848	0	0	0	-614.4531551	0.009812973293	-13361.4982636245	
611.8931551	89	4	7	0.8773404735	0.009619302088	96.37140126	0.1993662031	3.429232541	25.72131117	26.84888366	47.42980517	0	0	0	-611.8931551	0.009619302088	-13093.8948876025	
609.3331551	89	4	7	0.8784823642	0.009421879403	96.38194757	0.1943154745	3.42373696	25.04921741	27.10241186	47.84837073	0	0	0	-609.3331551	0.009421879403	-12858.6329353614	
606.7731551	89	4	7	0.8795893858	0.009221068357	96.39400673	0.1894135375	3.416579734	24.38521401	27.35289141	48.26189458	0	0	0	-606.7731551	0.009221068357	-12655.7525241367	
604.2131551	89	4	7	0.8806619579	0.009017276369	96.40757362	0.1846555093	3.407770875	23.72985353	27.60010727	48.6700392	0	0	0	-604.2131551	0.009017276369	-12485.1354560453	
601.6531551	89	4	7	0.8817005374	0.008810949358	96.42263704	0.1800363961	3.39732656	23.08366218	27.84385479	49.07248302	0	0	0	-601.6531551	0.008810949358	-12346.5446418151	
599.0931551	89	4	7	0.8827056199	0.008602565034	96.43917992	0.1755511266	3.385268958	22.44713551	28.08394142	49.46892307	0	0	0	-599.0931551	0.008602565034	-12239.6584309102	
596.5331551	89	4	7	0.8836777401	0.008392625467	96.45717943	0.1711945843	3.371625983	21.82073454	28.32018813	49.85907733	0	0	0	-596.5331551	0.008392625467	-12164.0995479145	
593.9731551	89	4	7	0.8846174713	0.008181649199	96.4766074	0.1669616412	3.356430961	21.20488253	28.55243068	50.24268678	0	0	0	-593.9731551	0.008181649199	-12119.4595416056	
591.4131551	89	4	7	0.8855254243	0.007970163154	96.49743057	0.1628471891	3.339722236	20.59996225	28.78052067	50.61951707	0	0	0	-591.4131551	0.007970163154	-12105.3185729755	
588.8531551	89	4	7	0.8864022457	0.007758694612	96.51961111	0.1588461707	3.321542721	20.00631397	29.00432627	50.98935976	0	0	0	-588.8531551	0.007758694612	-12121.2614383152	
586.2931551	89	4	7	0.887248615	0.007547763505	96.54310699	0.1549536081	3.301939403	19.42423406	29.22373274	51.3520332	0	0	0	-586.2931551	0.007547763505	-12166.8899393424	
583.7331551	89	4	7	0.8880652419	0.007337875248	96.56787255	0.1511646298	3.280962821	18.85397437	29.43864267	51.70738296	0	0	0	-583.7331551	0.007337875248	-12241.8321432842	
581.1731551	89	4	7	0.8888528627	0.007129514301	96.59385898	0.1474744941	3.258666526	18.29574212	29.64897601	52.05528187	0	0	0	-581.1731551	0.007129514301	-12345.7493402584	
578.6131551	89	4	7	0.8896122364	0.006923138605	96.62101485	0.1438786105	3.235106536	17.74970045	29.8546698	52.39562975	0	0	0	-578.6131551	0.006923138605	-12478.3404614708	
576.0531551	89	4	7	0.8903441406	0.006719174973	96.64928665	0.1403725575	3.210340796	17.21596955	30.05567774	52.72835271	0	0	0	-576.0531551	0.006719174973	-12639.3450346127	
573.4931551	89	4	7	0.8910493676	0.006518015506	96.67861924	0.1369520973	3.184428661	16.69462818	30.25196958	53.05340224	0	0	0	-573.4931551	0.006518015506	-12828.5445475091	
570.9331551	89	4	7	0.8917287197	0.006320015008	96.70895641	0.1336131879	3.157430399	16.18571568	30.44353033	53.37075399	0	0	0	-570.9331551	0.006320015008	-13045.7625157791	
568.3731551	89	4	7	0.8923830059	0.006125489385	96.74024128	0.1303519912	3.129406728	15.68923425	30.63035936	53.68040639	0	0	0	-568.3731551	0.006125489385	-13290.8642314442	
565.8131551	89	4	7	0.8930130371	0.005934714955	96.77241673	0.1271648793	3.100418395	15.20515149	30.81246941	53.9823791	0	0	0	-565.8131551	0.005934714955	-13563.7551414057	
563.2531551	89	4	7	0.8936196232	0.005747928559	96.80542577	0.1240484374	3.070525789	14.73340313	30.9898855	54.27671137	0	0	0	-563.2531551	0.005747928559	-13864.3792587259	
560.6931551	89	4	7	0.8942035688	0.005565328396	96.83921193	0.120999464	3.039788605	14.27389583	31.16264388	54.56346029	0	0	0	-560.6931551	0.005565328396	-14192.7171518797	
558.1331551	89	4	7	0.8947656709	0.005387075433	96.87371949	0.1180149701	3.008265543	13.82651009	31.33079087	54.84269904	0	0	0	-558.1331551	0.005387075433	-14548.7834186207	
555.5731551	89	4	7	0.8953067153	0.005213295294	96.90889376	0.1150921752	2.976014064	13.39110306	31.49438176	55.11451518	0	0	0	-555.5731551	0.005213295294	-14932.6246041265	
553.0131551	89	4	7	0.8958274746	0.005044080507	96.94468133	0.1122285022	2.94309017	12.96751137	31.65347974	55.3790089	0	0	0	-553.0131551	0.005044080507	-15344.3167332355	
550.4531551	89	4	7	0.8963287059	0.004879492999	96.98103019	0.109421571	2.909548239	12.55555379	31.80815484	55.63629137	0	0	0	-550.4531551	0.004879492999	-15783.9630432352	
547.8931551	89	4	7	0.8968111488	0.00471956675	97.01788992	0.106669191	2.87544089	12.15503385	31.95848294	55.88648321	0	0	0	-547.8931551	0.00471956675	-16251.6915339305	
545.3331551	89	4	7	0.8972755243	0.004564310511	97.05521177	0.1039693526	2.840818876	11.76574223	32.10454484	56.12971292	0	0	0	-545.3331551	0.004564310511	-16747.6531439285	
542.7731551	89	4	7	0.8977225331	0.004413710536	97.09294876	0.101320218	2.805731023	11.38745905	32.24642536	56.36611559	0	0	0	-542.7731551	0.004413710536	-17272.0196634928	
540.2131551	89	4	7	0.8981528549	0.004267733244	97.13105571	0.09872011164	2.770224174	11.01995591	32.38421256	56.59583154	0	0	0	-540.2131551	0.004267733244	-17824.9819071375	
537.6531551	89	4	7	0.8985671477	0.004126327792	97.16948931	0.09616751067	2.734343177	10.66299787	32.51799697	56.81900516	0	0	0	-537.6531551	0.004126327792	-18406.7483741052	
535.0931551	89	4	7	0.8989660475	0.003989428507	97.20820808	0.0936610348	2.698130882	10.31634512	32.64787098	57.0357839	0	0	0	-535.0931551	0.003989428507	-19017.5434021749	
532.5331551	89	4	7	0.8993501676	0.003856957159	97.24717241	0.09119943654	2.661628151	9.979754596	32.77392817	57.24631723	0	0	0	-532.5331551	0.003856957159	-19657.6061999205	
529.9731551	89	4	7	0.8997200989	0.003728825066	97.28634451	0.08878159136	2.624873896	9.652981314	32.89626283	57.45075585	0	0	0	-529.9731551	0.003728825066	-20327.1900156764	
527.4131551	89	4	7	0.90007641	0.003604935016	97.3256884	0.08640648822	2.587905115	9.335779648	33.01496946	57.64925089	0	0	0	-527.4131551	0.003604935016	-21026.5608906987	
524.8531551	89	4	7	0.9004196473	0.003485183003	97.36516983	0.08407322022	2.550756945	9.027904386	33.13014235	57.84195326	0	0	0	-524.8531551	0.003485183003	-21755.997040144	
522.2931551	89	4	7	0.9007503351	0.003369459787	97.4047563	0.08178097575	2.513462719	8.729111681	33.24187524	58.02901308	0	0	0	-522.2931551	0.003369459787	-22515.7887842619	
519.7331551	89	4	7	0.9010689765	0.003257652281	97.44441694	0.07952902988	2.476054031	8.439159857	33.35026099	58.21057915	0	0	0	-519.7331551	0.003257652281	-23306.2375374757	
517.1731551	89	4	7	0.9013760536	0.003149644765	97.48412246	0.07731673624	2.4385608	8.157810101	33.45539134	58.38679856	0	0	0	-517.1731551	0.003149644765	-24127.6561017648	
514.6131551	89	4	7	0.901672028	0.003045319957	97.52384514	0.07514351927	2.401011339	7.88482705	33.55735665	58.5578163	0	0	0	-514.6131551	0.003045319957	-24980.3687674571	
512.0531551	89	4	7	0.9019573416	0.002944559931	97.5635587	0.07300886696	2.363432433	7.619979273	33.65624575	58.72377498	0	0	0	-512.0531551	0.002944559931	-25864.7109481144	
509.4931551	89	4	7	0.9022324172	0.002847246908	97.60323828	0.07091232395	2.325849399	7.363039675	33.75214577	58.88481456	0	0	0	-509.4931551	0.002847246908	-26781.0300912046	
506.9331551	89	4	7	0.9024976589	0.002753263929	97.64286035	0.06885348512	2.288286168	7.113785814	33.84514203	59.04107216	0	0	0	-506.9331551	0.002753263929	-27729.6853263043	
504.3731551	89	4	7	0.9027534533	0.002662495414	97.68240267	0.0668319896	2.250765345	6.872000154	33.93531793	59.19268192	0	0	0	-504.3731551	0.002662495414	-28711.048907999	
501.8131551	89	4	7	0.9030001696	0.002574827637	97.7218442	0.06484751515	2.213308284	6.637470258	34.02275488	59.33977486	0	0	0	-501.8131551	0.002574827637	-29725.5066116473	
499.2531551	89	4	7	0.9032381609	0.002490149103	97.76116507	0.06289977299	2.175935152	6.409988922	34.10753228	59.4824788	0	0	0	-499.2531551	0.002490149103	-30773.4579593521	
496.6931551	89	4	7	0.9034677641	0.002408350858	97.8003465	0.06098850296	2.138664993	6.189354271	34.18972742	59.6209183	0	0	0	-496.6931551	0.002408350858	-31855.318611688	
494.1331551	89	4	7	0.9036893015	0.002329326734	97.83937074	0.05911346914	2.10151579	5.975369805	34.26941555	59.75521464	0	0	0	-494.1331551	0.002329326734	-32971.5201583612	
491.5731551	89	4	7	0.9039030806	0.002252973529	97.87822102	0.05727445568	2.064504524	5.767844419	34.34666979	59.88548579	0	0	0	-491.5731551	0.002252973529	-34122.5115577312	
489.0131551	89	4	7	0.9041093955	0.002179191146	97.91688151	0.05547126311	2.027647232	5.566592388	34.4215612	60.01184642	0	0	0	-489.0131551	0.002179191146	-35308.7614090511	
486.4531551	89	4	7	0.9043085268	0.002107882686	97.95533724	0.05370370485	1.990959057	5.371433327	34.49415874	60.13440793	0	0	0	-486.4531551	0.002107882686	-36530.7586307596	
483.8931551	89	4	7	0.9045007429	0.002038954504	97.99357409	0.05197160407	1.954454304	5.182192135	34.56452937	60.25327849	0	0	0	-483.8931551	0.002038954504	-37789.0149276896	
481.3331551	89	4	7	0.9046863001	0.001972316238	98.03157872	0.05027479083	1.918146485	4.998698914	34.63273801	60.36856308	0	0	0	-481.3331551	0.001972316238	-39084.0652159717	
478.7731551	89	4	7	0.9048654434	0.001907880804	98.06933853	0.04861309944	1.882048366	4.820788879	34.69884759	60.48036353	0	0	0	-478.7731551	0.001907880804	-40416.4704145004	
476.2131551	89	4	7	0.9050384069	0.00184556438	98.10684162	0.04698636611	1.846172011	4.648302254	34.76291913	60.58877862	0	0	0	-476.2131551	0.00184556438	-41786.821015225	
473.6531551	89	4	7	0.9052054145	0.001785286367	98.14407675	0.04539442683	1.810528819	4.481084161	34.82501174	60.6939041	0	0	0	-473.6531551	0.001785286367	-43195.7367290488	
471.0931551	89	4	7	0.9053666803	0.001726969332	98.18103332	0.0438371154	1.775129569	4.318984493	34.88518269	60.79583282	0	0	0	-471.0931551	0.001726969332	-44643.8695431931	
468.5331551	89	4	7	0.9055224092	0.001670538945	98.21770129	0.04231426174	1.739984447	4.161857798	34.94348746	60.89465474	0	0	0	-468.5331551	0.001670538945	-46131.9075573575	
465.9731551	89	4	7	0.9056727969	0.001615923905	98.25407122	0.04082569033	1.705103089	4.00956314	34.99997979	60.99045707	0	0	0	-465.9731551	0.001615923905	-47660.5773533666	
463.4131551	89	4	7	0.9058180312	0.001563055859	98.29013418	0.03937121888	1.670494606	3.86196397	35.0547117	61.08332434	0	0	0	-463.4131551	0.001563055859	-49230.6462674991	
460.8531551	89	4	7	0.9059582915	0.001511869314	98.32588173	0.03795065705	1.636167615	3.718927993	35.10773358	61.17333842	0	0	0	-460.8531551	0.001511869314	-50842.925047588	
458.2931551	89	4	7	0.9060937497	0.001462301546	98.36130593	0.03656380548	1.602130269	3.580327033	35.15909426	61.26057871	0	0	0	-458.2931551	0.001462301546	-52498.2722016762	
455.7331551	89	4	7	0.9062245707	0.001414292508	98.39639927	0.03521045484	1.568390279	3.446036895	35.208841	61.34512211	0	0	0	-455.7331551	0.001414292508	-54197.5981265381	
453.1731551	89	4	7	0.9063509124	0.001367784736	98.43115467	0.03389038503	1.534954943	3.315937237	35.25701958	61.42704319	0	0	0	-453.1731551	0.001367784736	-55941.8672396828	
450.6131551	89	4	7	0.9064729261	0.001322723252	98.46556547	0.03260336453	1.501831164	3.189911434	35.30367435	61.50641422	0	0	0	-450.6131551	0.001322723252	-57732.1035098985	
448.0531551	89	4	7	0.9065907569	0.001279055472	98.49962538	0.03134914988	1.469025472	3.067846449	35.34884828	61.58330527	0	0	0	-448.0531551	0.001279055472	-59569.3923006513	
445.4931551	89	4	7	0.9067045444	0.001236731107	98.53332847	0.03012748517	1.436544046	2.949632706	35.39258301	61.65778428	0	0	0	-445.4931551	0.001236731107	-61454.8880713435	
442.9331551	89	4	7	0.9068144221	0.001195702077	98.56666917	0.02893810176	1.404392728	2.835163966	35.43491889	61.72991715	0	0	0	-442.9331551	0.001195702077	-63389.8168578678	
440.3731551	89	4	7	0.9069205185	0.001155922413	98.59964224	0.02778071796	1.372577045	2.724337202	35.47589502	61.79976778	0	0	0	-440.3731551	0.001155922413	-65375.4827348529	
437.8131551	89	4	7	0.907022957	0.001117348175	98.63224274	0.02665503891	1.341102221	2.617052485	35.51554931	61.8673982	0	0	0	-437.8131551	0.001117348175	-67413.2734757386	
435.2531551	89	4	7	0.9071218562	0.00107993736	98.66446605	0.02556075645	1.309973191	2.513212864	35.55391855	61.93286859	0	0	0	-435.2531551	0.00107993736	-69504.6632343237	
432.6931551	89	4	7	0.90721733	0.00104364982	98.69630783	0.02449754908	1.279194618	2.412724258	35.59103839	61.99623736	0	0	0	-432.6931551	0.00104364982	-71651.2243738504	
430.1331551	89	4	7	0.9073094883	0.001008447182	98.72776402	0.02346508206	1.248770902	2.315495343	35.62694343	62.05756123	0	0	0	-430.1331551	0.001008447182	-73854.6290010136	
427.5731551	89	4	7	0.9073984365	0.0009742927658	98.7588308	0.02246300745	1.218706194	2.221437451	35.66166725	62.1168953	0	0	0	-427.5731551	0.0009742927658	-76116.6571859991	
425.0131551	89	4	7	0.9074842763	0.0009411515104	98.78950463	0.0214909643	1.189004407	2.130464467	35.69524245	62.17429308	0	0	0	-425.0131551	0.0009411515104	-78439.2073638132	
422.4531551	89	4	7	0.9075671057	0.0009089899004	98.8197822	0.02054857888	1.159669222	2.042492731	35.72770067	62.2298066	0	0	0	-422.4531551	0.0009089899004	-80824.3019531614	
419.8931551	89	4	7	0.9076470188	0.0008777758953	98.84966043	0.01963546489	1.130704103	1.957440942	35.75907267	62.28348639	0	0	0	-419.8931551	0.0008777758953	-83274.095801701	
417.3331551	89	4	7	0.9077241069	0.0008474788614	98.87913648	0.01875122384	1.1021123	1.875230072	35.78938829	62.33538164	0	0	0	-417.3331551	0.0008474788614	-85790.8862615207	
414.7731551	89	4	7	0.9077984575	0.0008180695072	98.90820769	0.01789544532	1.07389686	1.79578327	35.81867657	62.38554016	0	0	0	-414.7731551	0.0008180695072	-88377.1236039495	
412.2131551	89	4	7	0.9078701555	0.000789519821	98.93687166	0.01706770746	1.046060635	1.719025787	35.84696574	62.43400847	0	0	0	-412.2131551	0.000789519821	-91035.4207101549	
409.6531551	89	4	7	0.9079392825	0.0007618030108	98.96512614	0.01626757729	1.018606284	1.644884889	35.87428322	62.48083189	0	0	0	-409.6531551	0.0007618030108	-93768.5646479031	
407.0931551	89	4	7	0.9080059176	0.0007348934471	98.99296911	0.01549461124	0.9915362832	1.573289779	35.90065573	62.5260545	0	0	0	-407.0931551	0.0007348934471	-96579.5295150928	
404.5331551	89	4	7	0.9080701372	0.0007087666081	99.02039871	0.01474835561	0.9648529303	1.504171527	35.92610922	62.56971925	0	0	0	-404.5331551	0.0007087666081	-99471.4898308307	
401.9731551	89	4	7	0.908132015	0.0006833990273	99.0474133	0.01402834704	0.9385583486	1.437462993	35.95066901	62.611868	0	0	0	-401.9731551	0.0006833990273	-102447.833808936	
399.4131551	89	4	7	0.9081916225	0.0006587682428	99.07401139	0.0133341131	0.9126544926	1.373098765	35.9743597	62.65254153	0	0	0	-399.4131551	0.0006587682428	-105512.179759848	
396.8531551	89	4	7	0.9082490287	0.0006348527498	99.10019168	0.01266517282	0.8871431511	1.311015084	35.99720529	62.69177963	0	0	0	-396.8531551	0.0006348527498	-108668.391914681	
394.2931551	89	4	7	0.9083043007	0.0006116319539	99.12595301	0.01202103725	0.8620259518	1.251149791	36.01922915	62.72962106	0	0	0	-394.2931551	0.0006116319539	-111920.598915397	
391.7331551	89	4	7	0.9083575032	0.0005890861278	99.15129443	0.01140121007	0.837304364	1.193442259	36.04045405	62.76610369	0	0	0	-391.7331551	0.0005890861278	-115273.212821884	
389.1731551	89	4	7	0.9084086991	0.0005671963685	99.17621511	0.01080518816	0.8129797016	1.137833341	36.06090222	62.80126444	0	0	0	-389.1731551	0.0005671963685	-118730.950399589	
386.6131551	89	4	7	0.9084579493	0.0005459445577	99.20071441	0.01023246227	0.7890531258	1.08426531	36.08059532	62.83513937	0	0	0	-386.6131551	0.0005459445577	-122298.856154852	
384.0531551	89	4	7	0.908505313	0.0005253133228	99.22479183	0.009682517579	0.7655256476	1.032681811	36.09955448	62.86776371	0	0	0	-384.0531551	0.0005253133228	-125982.325904959	
381.4931551	89	4	7	0.9085508474	0.0005052860002	99.24844704	0.009154834395	0.7423981294	0.9830278092	36.11780034	62.89917185	0	0	0	-381.4931551	0.0005052860002	-129787.129116336	
378.9331551	89	4	7	0.9085946083	0.0004858465984	99.27167982	0.008648888744	0.7196712867	0.9352495414	36.13535304	62.92939742	0	0	0	-378.9331551	0.0004858465984	-133719.435397991	
376.3731551	89	4	7	0.9086366498	0.0004669797639	99.29449016	0.008164153042	0.6973456901	0.8892944716	36.15223225	62.95847328	0	0	0	-376.3731551	0.0004669797639	-137785.864903005	
373.8131551	89	4	7	0.9086770245	0.0004486707527	99.31687814	0.007700096736	0.6754217659	0.8451112478	36.16845718	62.98643158	0	0	0	-373.8131551	0.0004486707527	-141993.532300486	
371.2531551	89	4	7	0.9087157835	0.0004309054008	99.33884402	0.007256186952	0.6538997976	0.8026496596	36.1840466	63.01330374	0	0	0	-371.2531551	0.0004309054008	-146350.049157268	
368.6931551	89	4	7	0.9087529765	0.0004136700887	99.36038818	0.006831889149	0.6327799263	0.7618605999	36.19901887	63.03912053	0	0	0	-368.6931551	0.0004136700887	-150863.553576668	
366.1331551	89	4	7	0.908788652	0.0003969517123	99.38151118	0.006426667762	0.6120621513	0.7226960278	36.21339192	63.06391205	0	0	0	-366.1331551	0.0003969517123	-155542.786409041	
363.5731551	89	4	7	0.9088228569	0.0003807376583	99.40221368	0.006039986848	0.5917463309	0.6851089331	36.22718331	63.08770776	0	0	0	-363.5731551	0.0003807376583	-160397.142497363	
361.0131551	89	4	7	0.9088556373	0.0003650157777	99.42249651	0.005671310721	0.5718321824	0.6490533035	36.24041019	63.11053651	0	0	0	-361.0131551	0.0003650157777	-165437.340693563	
358.4531551	89	4	7	0.9088870377	0.000349774471	99.44236061	0.00532010461	0.5523192808	0.6144840928	36.25308937	63.13242654	0	0	0	-358.4531551	0.000349774471	-170667.436800566	
355.8931551	89	4	7	0.9089171016	0.0003350013128	99.46180709	0.004985835059	0.5332070742	0.581357259	36.26523721	63.15340553	0	0	0	-355.8931551	0.0003350013128	-176115.68583674	
353.3331551	89	4	7	0.9089458717	0.0003206881266	99.48083719	0.004667971219	0.5144948365	0.5496294537	36.27686989	63.17350066	0	0	0	-353.3331551	0.0003206881266	-181980.443778264	
350.7731551	89	4	7	0.9089733892	0.0003068503676	99.49945229	0.004365984549	0.4961817219	0.5192584409	36.28800314	63.19273842	0	0	0	-350.7731551	0.0003068503676	-187867.988144301	
348.2131551	89	4	7	0.9089996945	0.0002934226187	99.5176539	0.004079350026	0.4782667546	0.4902027442	36.29865235	63.21114491	0	0	0	-348.2131551	0.0002934226187	-193836.990679183	
345.6531551	89	4	7	0.909024827	0.00028042258	99.53544366	0.003807546438	0.4607487985	0.4624217388	36.30883262	63.22874564	0	0	0	-345.6531551	0.00028042258	-200249.047008079	
343.0931551	89	4	7	0.9090488251	0.0002678407848	99.55282336	0.003550057101	0.44362658	0.4358756058	36.31855874	63.24556565	0	0	0	-343.0931551	0.0002678407848	-206943.188832029	
340.5331551	89	4	7	0.9090717264	0.0002556679795	99.56979495	0.003306370362	0.4268986819	0.4105253172	36.32784519	63.26162949	0	0	0	-340.5331551	0.0002556679795	-213937.306524347	
337.9731551	89	4	7	0.9090935675	0.0002438951797	99.58636048	0.003075980127	0.4105635431	0.3863326175	36.33670617	63.27696122	0	0	0	-337.9731551	0.0002438951797	-221251.357242709	
335.4131551	89	4	7	0.9091143842	0.0002325136581	99.60252216	0.002858386388	0.3946194577	0.3632600058	36.34515556	63.29158443	0	0	0	-335.4131551	0.0002325136581	-228906.928053196	
332.8531551	89	4	7	0.9091342115	0.0002215149203	99.61828233	0.002653095714	0.3790645744	0.3412707192	36.35320701	63.30552228	0	0	0	-332.8531551	0.0002215149203	-236927.397862505	
330.2931551	89	4	7	0.9091530835	0.0002108906934	99.63364348	0.002459621735	0.3638968958	0.3203287182	36.36087383	63.31879745	0	0	0	-330.2931551	0.0002108906934	-245340.529188389	
327.7331551	89	4	7	0.9091710336	0.000200633097	99.64860825	0.002277485745	0.3491142627	0.3003986544	36.36816913	63.33143221	0	0	0	-327.7331551	0.000200633097	-254166.266666364	
325.1731551	89	4	7	0.9091880943	0.0001907336745	99.66317937	0.002106216565	0.3347144118	0.281445933	36.3751057	63.34344837	0	0	0	-325.1731551	0.0001907336745	-263440.833182948	
322.6131551	89	4	7	0.9092042976	0.0001811853221	99.67735976	0.001945351818	0.3206948888	0.2634365851	36.38169608	63.35486733	0	0	0	-322.6131551	0.0001811853221	-273200.536395238	
320.0531551	89	4	7	0.9092196746	0.0001719802955	99.69115246	0.001794437754	0.3070531043	0.2463373371	36.38795258	63.36571008	0	0	0	-320.0531551	0.0001719802955	-283473.808260883	
317.4931551	89	4	7	0.9092342556	0.0001631112052	99.70456065	0.001653029763	0.2937863192	0.2301155809	36.39388723	63.37599719	0	0	0	-317.4931551	0.0001631112052	-294302.126251776	
314.9331551	89	4	7	0.9092480706	0.0001545708009	99.71758766	0.001520692721	0.2808916444	0.2147393653	36.39951183	63.3857488	0	0	0	-314.9331551	0.0001545708009	-305727.98023522	
312.3731551	89	4	7	0.9092611484	0.0001463519568	99.73023696	0.00139700131	0.2683660399	0.2001773885	36.40483793	63.39498469	0	0	0	-312.3731551	0.0001463519568	-317798.024547167	
309.8131551	89	4	7	0.9092735175	0.0001384476701	99.74251214	0.001281540321	0.2562063148	0.1863989921	36.40987682	63.40372419	0	0	0	-309.8131551	0.0001384476701	-330563.343472665	
307.2531551	89	4	7	0.9092852057	0.0001308510385	99.75441697	0.001173904918	0.2444091269	0.1733741544	36.41463957	63.41198627	0	0	0	-307.2531551	0.0001308510385	-344080.000302001	
304.6931551	89	4	7	0.90929624	0.0001235552592	99.76595532	0.001073700893	0.2329709823	0.1610734868	36.41913701	63.4197895	0	0	0	-304.6931551	0.0001235552592	-358409.840851001	
302.1331551	89	4	7	0.9093066468	0.000116553619	99.77713122	0.0009805448778	0.2218882358	0.1494682288	36.42337973	63.42715204	0	0	0	-302.1331551	0.000116553619	-303872.055786896	
300	89	4	7	0.9093148579	9.191983041E-05	99.78616986	0.000908035691	0.2129221015	0.1403088257	36.42672797	63.4329632	0	0	0	-300	9.191983041E-05	130682.690926799	
