T	w(AL)	w(MG)	w(SI)	fs	fw(@FCC_A1)	w(AL@FCC_A1)	w(MG@FCC_A1)	w(SI@FCC_A1)	w(AL@LIQUID)	w(MG@LIQUID)	w(SI@LIQUID)	dwdT_L(AL@LIQUID)	dwdT_L(MG@LIQUID)	dwdT_L(SI@LIQUID)	-T	fw(@FCC_A1)_1	-T//fw(@FCC_A1)	
K	%	%	%	mole/mole	kg/kg	%	%	%	%	%	%	SI	SI	SI				
889.0458135	91	6	3	0	0	98.16643045	1.593543052	0.2400264947	91	6	3	0.002173920348	-0.001336666575	-0.0008372537727	-889.0458135	0	16.4176952821669	
889.0358135	91	6	3	0.0003022760597	0.0003034022438	98.16611215	1.593811612	0.2400762398	90.99782605	6.001336743	3.000837206	0	0	0	-889.0358135	0.0003034022438	49.5013953266871	
889.0158135	91	6	3	0.000906168708	0.0006063482288	98.16547562	1.594348643	0.240175734	90.993478	6.004010118	3.002511884	0	0	0	-889.0158135	0.0006063482288	66.0444472487855	
888.9758135	91	6	3	0.00211216301	0.00121152362	98.16420269	1.595422615	0.2403746941	90.9847809	6.009357186	3.00586191	0	0	0	-888.9758135	0.00121152362	66.1522236368185	
888.8958135	91	6	3	0.004517063491	0.002418828257	98.16165889	1.597568697	0.2407724123	90.96738296	6.020052348	3.012564695	0	0	0	-888.8958135	0.002418828257	66.3793624867454	
888.7358135	91	6	3	0.009298685772	0.004820860586	98.15657833	1.601854553	0.2415671177	90.93257201	6.041446798	3.025981191	0	0	0	-888.7358135	0.004820860586	66.8838415865986	
888.4158135	91	6	3	0.01874094807	0.009566917177	98.14644651	1.610399507	0.2431539803	90.86289069	6.084247815	3.052861495	0	0	0	-888.4158135	0.009566917177	67.9189900353273	
887.7758135	91	6	3	0.03717496813	0.01885747118	98.12629735	1.627385952	0.246316696	90.7232876	6.169908892	3.10680351	0	0	0	-887.7758135	0.01885747118	69.9273413194696	
886.4958135	91	6	3	0.07233236746	0.0366550357	98.08645471	1.660947704	0.2525975822	90.44311306	6.341478073	3.215408865	0	0	0	-886.4958135	0.0366550357	74.1239027936228	
883.9358135	91	6	3	0.1364613705	0.06940044022	98.00857273	1.726449911	0.2649773547	89.87885395	6.685679865	3.435466186	0	0	0	-883.9358135	0.06940044022	-859.772327917701	
881.3758135	91	6	3	0.19326158	0.06604861753	97.93293932	1.789996299	0.2770643775	89.30927291	7.03190026	3.658826831	0	0	0	-881.3758135	0.06604861753	-805.137016684795	
878.8158135	91	6	3	0.2438732984	0.06301053864	97.85952041	1.851624654	0.2888549408	88.73428722	7.380262622	3.885450159	0	0	0	-878.8158135	0.06301053864	-886.737641318581	
876.2558135	91	6	3	0.2892199234	0.06024843994	97.78828271	1.911371668	0.3003456188	88.1538264	7.730878768	4.115294836	0	0	0	-876.2558135	0.06024843994	-972.886254324621	
873.6958135	91	6	3	0.3300528398	0.05772613039	97.7191936	1.969272768	0.3115336282	87.56782742	8.083849561	4.348323015	0	0	0	-873.6958135	0.05772613039	-1062.87773843371	
871.1358135	91	6	3	0.366989145	0.05541322511	97.65222105	2.025362243	0.322416706	86.97623681	8.439264517	4.584498678	0	0	0	-871.1358135	0.05541322511	-1156.58025717477	
868.5758135	91	6	3	0.4005400069	0.05328410481	97.58733347	2.079673495	0.3329930329	86.37901149	8.79720196	4.823786552	0	0	0	-868.5758135	0.05328410481	-1253.85093450303	
866.0158135	91	6	3	0.4311321809	0.05131700768	97.52449958	2.132239246	0.3432611696	85.77611987	9.157729033	5.066151097	0	0	0	-866.0158135	0.05131700768	-1354.51607861417	
863.4558135	91	6	3	0.4591245275	0.04949332165	97.46368827	2.183091723	0.3532200029	85.16754285	9.520901582	5.311555565	0	0	0	-863.4558135	0.04949332165	-1458.36894042404	
860.8958135	91	6	3	0.4848208272	0.04779702743	97.4048685	2.232262804	0.3628687005	84.55327494	9.886763952	5.559961107	0	0	0	-860.8958135	0.04779702743	-1565.16810771122	
858.3358135	91	6	3	0.5084798223	0.04621425646	97.34800918	2.27978415	0.3722066727	83.93332535	10.25534871	5.811325936	0	0	0	-858.3358135	0.04621425646	-1674.63671583791	
855.7758135	91	6	3	0.5303231566	0.04473293716	97.29307914	2.325687319	0.3812335406	83.30771917	10.6266763	6.065604525	0	0	0	-855.7758135	0.04473293716	-1786.46275452911	
853.2158135	91	6	3	0.5505417082	0.04334250993	97.24004704	2.370003849	0.3899491088	82.67649846	11.00075469	6.322746851	0	0	0	-853.2158135	0.04334250993	-1900.30073420433	
850.6558135	91	6	3	0.5693006792	0.04203369602	97.18888131	2.412765344	0.3983533437	82.0397234	11.37757891	6.582697683	0	0	0	-850.6558135	0.04203369602	-2015.77477890697	
848.0958135	91	6	3	0.5867437172	0.0407983089	97.13955011	2.45400353	0.4064463553	81.39747333	11.75713075	6.84539592	0	0	0	-848.0958135	0.0407983089	-2132.48344989438	
845.5358135	91	6	3	0.602996276	0.03962909966	97.09202131	2.49375031	0.4142283825	80.74984773	12.13937829	7.110773978	0	0	0	-845.5358135	0.03962909966	-2250.00633524698	
842.9758135	91	6	3	0.6181683736	0.03851962959	97.04626243	2.532037792	0.4216997823	80.09696719	12.52427557	7.378757241	0	0	0	-842.9758135	0.03851962959	-2367.91226544348	
840.4158135	91	6	3	0.6323568699	0.0374641647	97.00224065	2.568898324	0.4288610214	79.4389741	12.91176232	7.649263579	0	0	0	-840.4158135	0.0374641647	-2485.76915458676	
837.8558135	91	6	3	0.6456473573	0.03645758809	96.95992283	2.604364498	0.435712671	78.77603338	13.30176368	7.922202945	0	0	0	-837.8558135	0.03645758809	-2603.15519026251	
835.2958135	91	6	3	0.6581157407	0.03549532684	96.91927544	2.638469158	0.4422554041	78.10833285	13.69419009	8.197477061	0	0	0	-835.2958135	0.03549532684	-2719.6707815039	
832.7358135	91	6	3	0.669829562	0.03457329066	96.88026461	2.671245391	0.4484899947	77.43608354	14.08893726	8.474979195	0	0	0	-832.7358135	0.03457329066	-2834.95099105805	
830.1758135	91	6	3	0.6808491183	0.0336878203	96.84285617	2.702726508	0.4544173197	76.75951974	14.48588622	8.754594047	0	0	0	-830.1758135	0.0336878203	-2948.67762196895	
827.6158135	91	6	3	0.6912284081	0.03283564372	96.80701562	2.732946014	0.4600383623	76.07889869	14.88490355	9.036197752	0	0	0	-827.6158135	0.03283564372	-3060.59045433708	
825.0558135	91	6	3	0.7010159372	0.03201383876	96.77270821	2.761937576	0.465354217	75.39450021	15.2858418	9.319657997	0	0	0	-825.0558135	0.03201383876	-3170.4970515347	
822.4958135	91	6	3	0.7102554059	0.03121980094	96.73989893	2.789734973	0.4703660967	74.70662582	15.68853991	9.604834267	0	0	0	-822.4958135	0.03121980094	-3278.28027290309	
819.9358135	91	6	3	0.7189862987	0.03045121537	96.70855261	2.816372046	0.4750753402	74.01559779	16.092824	9.891578216	0	0	0	-819.9358135	0.03045121537	-3383.90348799381	
817.3758135	91	6	3	0.7272443914	0.02970603202	96.67863394	2.841882635	0.4794834207	73.32175769	16.49850814	10.17973417	0	0	0	-817.3758135	0.02970603202	-3487.4129977676	
814.8158135	91	6	3	0.7350621882	0.02898244352	96.65010753	2.866300518	0.4835919558	72.62546485	16.90539541	10.46913974	0	0	0	-814.8158135	0.02898244352	-3588.9373718202	
812.2558135	91	6	3	0.7424693006	0.02827886491	96.62293795	2.889659337	0.4874027169	71.92709444	17.313279	10.75962656	0	0	0	-812.2558135	0.02827886491	-3688.68437761096	
809.6958135	91	6	3	0.7494927747	0.027593915	96.59708983	2.911992527	0.4909176389	71.22703533	17.72194352	11.05102115	0	0	0	-809.6958135	0.027593915	-3786.93529190756	
807.1358135	91	6	3	0.7561573769	0.02692639877	96.57252793	2.933333239	0.4941388298	70.52568774	18.13116643	11.34314584	0	0	0	-807.1358135	0.02692639877	-3884.03685485699	
804.5758135	91	6	3	0.7624858421	0.0262752906	96.54921716	2.953714265	0.4970685791	69.82346073	18.54071951	11.63581976	0	0	0	-804.5758135	0.0262752906	-3980.39349692124	
802.0158135	91	6	3	0.7684990905	0.02563971865	96.52712268	2.973167955	0.4997093685	69.12076956	18.95037048	11.92885996	0	0	0	-802.0158135	0.02563971865	-4076.45668295658	
799.4558135	91	6	3	0.7742164167	0.0250189491	96.50620998	2.991726147	0.5020638773	68.4180329	19.3598846	12.2220825	0	0	0	-799.4558135	0.0250189491	-4172.70748162105	
796.8958135	91	6	3	0.7796556552	0.02441236951	96.4864449	3.009420117	0.5041349829	67.71567012	19.7690263	12.51530358	0	0	0	-796.8958135	0.02441236951	-4269.65975963234	
794.3358135	91	6	3	0.7848333259	0.02381947795	96.46779375	3.026280474	0.5059257746	67.01409849	20.17756083	12.80834068	0	0	0	-794.3358135	0.02381947795	-4367.8436538953	
791.7758135	91	6	3	0.7897647612	0.02323986563	96.45022333	3.042337122	0.5074395506	66.31373045	20.5852559	13.10101365	0	0	0	-791.7758135	0.02323986563	-4467.78950570668	
789.2158135	91	6	3	0.7944642178	0.02267320474	96.43370098	3.057619197	0.5086798201	65.61497108	20.99188314	13.39314578	0	0	0	-789.2158135	0.02267320474	-4570.02996864973	
786.6558135	91	6	3	0.798944975	0.02211923543	96.41819467	3.072155024	0.5096503018	64.91821564	21.39721955	13.68456481	0	0	0	-786.6558135	0.02211923543	-4675.08902729016	
784.0958135	91	6	3	0.8032194217	0.02157775376	96.40367301	3.085972065	0.5103549223	64.22384729	21.80104886	13.97510384	0	0	0	-784.0958135	0.02157775376	-4783.47700219616	
781.5358135	91	6	3	0.8072991327	0.02104860042	96.39010529	3.099096895	0.5107978106	63.53223512	22.20316271	14.26460217	0	0	0	-781.5358135	0.02104860042	-4895.68615882196	
778.9758135	91	6	3	0.8111949365	0.02053165041	96.37746154	3.111555166	0.5109832932	62.84373232	22.60336166	14.55290602	0	0	0	-778.9758135	0.02053165041	-5012.18769111744	
776.4158135	91	6	3	0.8149169754	0.0200268037	96.36571252	3.123371593	0.5109158858	62.15867469	23.00145615	14.83986915	0	0	0	-776.4158135	0.0200268037	-5133.42950715652	
773.8558135	91	6	3	0.818474759	0.01953397691	96.35482978	3.13456994	0.5106002846	61.47737939	23.39726721	15.1253534	0	0	0	-773.8558135	0.01953397691	-5259.8351641357	
771.2958135	91	6	3	0.8218772118	0.01905309609	96.34478563	3.145173012	0.5100413565	60.80014392	23.79062703	15.40922905	0	0	0	-771.2958135	0.01905309609	-5391.80325594091	
768.7358135	91	6	3	0.8251327162	0.01858409049	96.33555321	3.155202659	0.5092441276	60.12724546	24.1813794	15.69137515	0	0	0	-768.7358135	0.01858409049	-5529.70745038703	
766.1758135	91	6	3	0.8282491507	0.01812688741	96.32710645	3.164679782	0.5082137716	59.45894036	24.56937998	15.97167965	0	0	0	-766.1758135	0.01812688741	-5673.8972837373	
763.6158135	91	6	3	0.8312339247	0.01768140803	96.31942006	3.173624345	0.5069555975	58.79546399	24.95449647	16.25003954	0	0	0	-763.6158135	0.01768140803	-5827.82411629039	
761.0558135	91	6	3	0.8340940932	0.01724801124	96.3124687	3.182056166	0.5054751311	58.13702166	25.33661383	16.5263645	0	0	0	-761.0558135	0.01724801124	-5983.49491977004	
758.4958135	91	6	3	0.8368360915	0.01682544671	96.30623041	3.189991878	0.5037777085	57.48382539	25.71561289	16.80056172	0	0	0	-758.4958135	0.01682544671	-6145.47701203371	
755.9358135	91	6	3	0.8394661419	0.01641455149	96.30068148	3.197449448	0.5018690734	56.83603878	26.09140243	17.07255878	0	0	0	-755.9358135	0.01641455149	-6319.57809534893	
753.3758135	91	6	3	0.8419900668	0.01601495129	96.29579972	3.204445337	0.4997549451	56.19381504	26.46389713	17.34228784	0	0	0	-753.3758135	0.01601495129	-6499.65839008847	
750.8158135	91	6	3	0.8444133522	0.01562650226	96.29156374	3.210995143	0.4974411121	55.55728814	26.83302265	17.60968921	0	0	0	-750.8158135	0.01562650226	-6687.66425705779	
748.2558135	91	6	3	0.8467411687	0.01524904707	96.2879529	3.217113675	0.4949334205	54.92657364	27.19871521	17.87471114	0	0	0	-748.2558135	0.01524904707	-6883.81681164959	
745.6958135	91	6	3	0.8489783901	0.0148824141	96.28494725	3.222814984	0.4922377616	54.30176949	27.56092113	18.13730938	0	0	0	-745.6958135	0.0148824141	-7088.31271391772	
743.1358135	91	6	3	0.8511296119	0.01452641822	96.28252754	3.228112396	0.4893600605	53.68295697	27.91959624	18.3974468	0	0	0	-743.1358135	0.01452641822	-7301.33627814441	
740.5758135	91	6	3	0.8531991675	0.01418086197	96.28067519	3.233018547	0.4863062649	53.07020162	28.27470537	18.65509301	0	0	0	-740.5758135	0.01418086197	-7523.06001899944	
738.0158135	91	6	3	0.8551911439	0.0138455367	96.27937226	3.237545409	0.4830823347	52.46355429	28.62622179	18.91022392	0	0	0	-738.0158135	0.0138455367	-7753.64497066394	
735.4558135	91	6	3	0.8571093963	0.01352022395	96.27860144	3.241704329	0.4796942326	51.86305206	28.97412661	19.16282132	0	0	0	-735.4558135	0.01352022395	-7993.24253119561	
732.8958135	91	6	3	0.858957562	0.01320469686	96.27834603	3.245506056	0.4761479142	51.26871931	29.31840823	19.41287246	0	0	0	-732.8958135	0.01320469686	-8241.99408018622	
730.3358135	91	6	3	0.8607390727	0.01289872153	96.2785899	3.248960775	0.4724493205	50.68056864	29.65906175	19.66036962	0	0	0	-730.3358135	0.01289872153	-8500.03259805181	
727.7758135	91	6	3	0.8624571675	0.0126020585	96.2793175	3.252078135	0.4686043692	50.09860184	29.99608844	19.90530972	0	0	0	-727.7758135	0.0126020585	-8767.48344850331	
725.2158135	91	6	3	0.8641149033	0.01231446407	96.28051378	3.254867277	0.4646189479	49.52281086	30.3294952	20.14769393	0	0	0	-725.2158135	0.01231446407	-9044.46406843637	
722.6558135	91	6	3	0.8657151666	0.0120356916	96.28216423	3.257336863	0.4604989075	48.95317866	30.65929406	20.38752728	0	0	0	-722.6558135	0.0120356916	-9331.08517561161	
720.0958135	91	6	3	0.8672606825	0.01176549274	96.28425484	3.259495103	0.4562500562	48.38968006	30.98550166	20.62481828	0	0	0	-720.0958135	0.01176549274	-9627.45106330083	
717.5358135	91	6	3	0.8687540251	0.01150361855	96.28677207	3.261349777	0.4518781537	47.83228257	31.30813881	20.85957862	0	0	0	-717.5358135	0.01150361855	-9933.6601875753	
714.9758135	91	6	3	0.870197626	0.01124982055	96.28970283	3.262908264	0.4473889066	47.28094715	31.62723004	21.09182281	0	0	0	-714.9758135	0.01124982055	-10249.8049943551	
712.4158135	91	6	3	0.871593783	0.01100385162	96.29303448	3.264177557	0.4427879638	46.73562893	31.94280318	21.32156789	0	0	0	-712.4158135	0.01100385162	-10575.972473254	
709.8558135	91	6	3	0.8729446675	0.01076546686	96.29675479	3.265164294	0.4380809124	46.19627784	32.254889	21.54883316	0	0	0	-709.8558135	0.01076546686	-10912.2454204464	
707.2958135	91	6	3	0.8742523327	0.01053442434	96.30085196	3.26587477	0.4332732741	45.6628393	32.56352083	21.77363986	0	0	0	-707.2958135	0.01053442434	-11258.7012445086	
704.7358135	91	6	3	0.8755187202	0.0103104857	96.30531454	3.266314959	0.428370502	45.13525475	32.86873424	21.99601101	0	0	0	-704.7358135	0.0103104857	-11615.4120061112	
702.1758135	91	6	3	0.8767456666	0.01009341671	96.31013149	3.266490532	0.4233779777	44.61346218	33.17056673	22.21597109	0	0	0	-702.1758135	0.01009341671	-11982.4463832848	
699.6158135	91	6	3	0.8779349097	0.009882987769	96.31529212	3.266406875	0.4183010087	44.09739668	33.46905742	22.43354591	0	0	0	-699.6158135	0.009882987769	-12359.8701104488	
697.0558135	91	6	3	0.8790880947	0.009678974302	96.32078607	3.266069102	0.4131448262	43.5869908	33.76424684	22.64876236	0	0	0	-697.0558135	0.009678974302	-12747.7398955798	
694.4958135	91	6	3	0.880206779	0.009481156909	96.32660335	3.265482071	0.407914583	43.08217506	34.05617667	22.86164827	0	0	0	-694.4958135	0.009481156909	-13146.1136495941	
691.9358135	91	6	3	0.8812924381	0.009289321931	96.33273425	3.2646504	0.4026153518	42.58287826	34.34488952	23.07223223	0	0	0	-691.9358135	0.009289321931	-13555.0447193085	
689.3758135	91	6	3	0.8823464698	0.009103261329	96.3391694	3.263578475	0.3972521236	42.08902783	34.63042872	23.28054345	0	0	0	-689.3758135	0.009103261329	-13974.5790205154	
686.8158135	91	6	3	0.8833701993	0.008922772999	96.34589973	3.262270466	0.3918298061	41.60055017	34.91283819	23.48661164	0	0	0	-686.8158135	0.008922772999	-14404.7623572892	
684.2558135	91	6	3	0.884364883	0.008747660803	96.35291644	3.260730338	0.3863532229	41.11737091	35.19216223	23.69046686	0	0	0	-684.2558135	0.008747660803	-14845.6354251333	
681.6958135	91	6	3	0.8853317127	0.00857773463	96.36021103	3.25896186	0.3808271124	40.63941516	35.46844539	23.89213945	0	0	0	-681.6958135	0.00857773463	-15297.235595117	
679.1358135	91	6	3	0.8862718193	0.008412810403	96.36777526	3.256968616	0.3752561263	40.16660774	35.74173238	24.09165988	0	0	0	-679.1358135	0.008412810403	-15759.5964494935	
676.5758135	91	6	3	0.8871862766	0.008252710058	96.37560116	3.254754014	0.3696448298	39.69887338	36.01206787	24.28905874	0	0	0	-676.5758135	0.008252710058	-16232.7482683055	
674.0158135	91	6	3	0.888076104	0.008097261502	96.383681	3.252321296	0.3639976999	39.23613693	36.27949648	24.48436659	0	0	0	-674.0158135	0.008097261502	-16716.7177186145	
671.4558135	91	6	3	0.8889422703	0.007946298535	96.39200733	3.249673541	0.3583191256	38.77832346	36.54406262	24.67761392	0	0	0	-671.4558135	0.007946298535	-17211.5279792839	
668.8958135	91	6	3	0.8897856962	0.007799660766	96.40057291	3.246813681	0.352613407	38.32535846	36.80581045	24.86883109	0	0	0	-668.8958135	0.007799660766	-17717.1988480595	
666.3358135	91	6	3	0.890607257	0.007657193502	96.40937075	3.243744499	0.346884755	37.87716795	37.06478377	25.05804827	0	0	0	-666.3358135	0.007657193502	-18233.746359368	
663.7758135	91	6	3	0.8914077853	0.007518747627	96.41839406	3.240468645	0.3411372908	37.43367858	37.32102601	25.24529541	0	0	0	-663.7758135	0.007518747627	-18761.1832654946	
661.2158135	91	6	3	0.8921880736	0.007384179475	96.42763632	3.236988632	0.3353750458	36.99481772	37.57458012	25.43060216	0	0	0	-661.2158135	0.007384179475	-19299.5188475568	
658.6558135	91	6	3	0.892948876	0.007253350687	96.43709119	3.233306852	0.3296019615	36.56051357	37.82548856	25.61399787	0	0	0	-658.6558135	0.007253350687	-19848.758889938	
656.0958135	91	6	3	0.8936909111	0.007126128068	96.44675254	3.229425573	0.3238218888	36.13069522	38.07379323	25.79551154	0	0	0	-656.0958135	0.007126128068	-20408.9053609272	
653.5358135	91	6	3	0.8944148631	0.00700238343	96.45661446	3.22534695	0.3180385883	35.70529271	38.31953549	25.9751718	0	0	0	-653.5358135	0.00700238343	-20979.956926791	
650.9758135	91	6	3	0.8951213845	0.006881993447	96.46667124	3.221073025	0.3122557301	35.28423707	38.56275604	26.15300689	0	0	0	-650.9758135	0.006881993447	-21561.9085609189	
648.4158135	91	6	3	0.8958110972	0.00676483949	96.47691737	3.216605738	0.3064768938	34.86746039	38.803495	26.32904461	0	0	0	-648.4158135	0.00676483949	-22154.751520622	
645.8558135	91	6	3	0.8964845947	0.006650807478	96.48734751	3.211946924	0.3007055681	34.45489585	39.04179179	26.50331236	0	0	0	-645.8558135	0.006650807478	-22758.4736750368	
643.2958135	91	6	3	0.8971424432	0.006539787718	96.49795653	3.207098322	0.2949451514	34.04647773	39.27768519	26.67583708	0	0	0	-643.2958135	0.006539787718	-23373.0587275425	
640.7358135	91	6	3	0.8977851832	0.006431674749	96.50873947	3.202061576	0.2891989513	33.64214146	39.5112133	26.84664524	0	0	0	-640.7358135	0.006431674749	-23998.4867227693	
638.1758135	91	6	3	0.898413331	0.006326367191	96.51969157	3.19683824	0.283470185	33.24182363	39.74241351	27.01576286	0	0	0	-638.1758135	0.006326367191	-24634.734215832	
635.6158135	91	6	3	0.8990273799	0.006223767595	96.53080824	3.191429783	0.2777619793	32.84546198	39.97132253	27.1832155	0	0	0	-635.6158135	0.006223767595	-25281.7733738358	
633.0558135	91	6	3	0.8996278015	0.00612378229	96.54208504	3.185837587	0.2720773707	32.45299544	40.19797634	27.34902821	0	0	0	-633.0558135	0.00612378229	-25939.5723918153	
630.4958135	91	6	3	0.9002150465	0.006026321243	96.55351774	3.180062956	0.2664193054	32.06436414	40.42241025	27.51322561	0	0	0	-630.4958135	0.006026321243	-26608.0959005655	
627.9358135	91	6	3	0.9007895461	0.005931297917	96.56510225	3.174107115	0.2607906397	31.67950937	40.64465885	27.67583179	0	0	0	-627.9358135	0.005931297917	-27287.3039843106	
625.3758135	91	6	3	0.9013517131	0.005838629131	96.57683465	3.167971212	0.2551941403	31.29837361	40.864756	27.83687039	0	0	0	-625.3758135	0.005838629131	-27977.1525326788	
622.8158135	91	6	3	0.9019019424	0.005748234929	96.58871119	3.161656326	0.249632484	30.92090054	41.0827349	27.99636456	0	0	0	-622.8158135	0.005748234929	-28677.5932418832	
620.2558135	91	6	3	0.9024406125	0.005660038449	96.60072828	3.155163462	0.2441082587	30.54703499	41.29862803	28.15433698	0	0	0	-620.2558135	0.005660038449	-29388.5732236997	
617.6958135	91	6	3	0.9029680857	0.005573965798	96.61288248	3.148493559	0.2386239628	30.17672296	41.51246718	28.31080986	0	0	0	-617.6958135	0.005573965798	-30110.0351309623	
615.1358135	91	6	3	0.9034847094	0.005489945931	96.6251705	3.141647491	0.2331820063	29.80991162	41.72428346	28.46580492	0	0	0	-615.1358135	0.005489945931	-30841.9173793358	
612.5758135	91	6	3	0.9039908166	0.005407910536	96.63758922	3.134626066	0.2277847107	29.44654928	41.9341073	28.61934343	0	0	0	-612.5758135	0.005407910536	-31584.1533995333	
610.0158135	91	6	3	0.9044867267	0.005327793918	96.65013566	3.127430031	0.2224343094	29.08658536	42.14196845	28.77144619	0	0	0	-610.0158135	0.005327793918	-32336.6714745197	
607.4558135	91	6	3	0.904972746	0.005249532892	96.66280698	3.120060076	0.2171329483	28.72997042	42.34789601	28.92213356	0	0	0	-607.4558135	0.005249532892	-33099.3952819992	
604.8958135	91	6	3	0.9054491686	0.005173066679	96.67560049	3.112516828	0.2118826859	28.37665613	42.55191843	29.07142544	0	0	0	-604.8958135	0.005173066679	-33872.2433822603	
602.3358135	91	6	3	0.9059162768	0.005098336805	96.68851364	3.104800863	0.2066854939	28.02659521	42.75406351	29.21934129	0	0	0	-602.3358135	0.005098336805	-34655.1291047024	
599.7758135	91	6	3	0.9063743419	0.005025287005	96.70154404	3.096912699	0.2015432577	27.67974148	42.95435841	29.36590012	0	0	0	-599.7758135	0.005025287005	-35447.96069073	
597.2158135	91	6	3	0.9068236242	0.004953863131	96.71468942	3.088852803	0.196457777	27.3360498	43.15282968	29.51112052	0	0	0	-597.2158135	0.004953863131	-36250.6405104472	
594.6558135	91	6	3	0.9072643742	0.004884013061	96.72794764	3.08062159	0.191430766	26.99547609	43.34950325	29.65502066	0	0	0	-594.6558135	0.004884013061	-37063.0653400604	
592.0958135	91	6	3	0.9076968326	0.004815686616	96.74131672	3.072219424	0.1864638542	26.65797725	43.54440445	29.7976183	0	0	0	-592.0958135	0.004815686616	-37885.1260632714	
589.5358135	91	6	3	0.9081212307	0.004748835476	96.75479479	3.063646624	0.1815585873	26.32351121	43.73755801	29.93893077	0	0	0	-589.5358135	0.004748835476	-38716.7082387464	
586.9758135	91	6	3	0.9085377912	0.004683413106	96.76838011	3.05490346	0.176716427	25.99203687	43.9289881	30.07897502	0	0	0	-586.9758135	0.004683413106	-39557.6907186085	
584.4158135	91	6	3	0.9089467284	0.004619374675	96.78207109	3.045990157	0.1719387526	25.66351411	44.1187183	30.21776759	0	0	0	-584.4158135	0.004619374675	-40407.946131577	
581.8558135	91	6	3	0.9093482486	0.00455667699	96.79586624	3.036906895	0.1672268612	25.33790373	44.30677164	30.35532464	0	0	0	-581.8558135	0.00455667699	-41267.3409968142	
579.2958135	91	6	3	0.9097425503	0.004495278423	96.80976422	3.027653813	0.1625819683	25.01516748	44.49317058	30.49166194	0	0	0	-579.2958135	0.004495278423	-42135.7351919601	
576.7358135	91	6	3	0.9101298247	0.004435138849	96.82376378	3.018231009	0.1580052091	24.69526802	44.67793707	30.62679491	0	0	0	-576.7358135	0.004435138849	-43012.9812243951	
574.1758135	91	6	3	0.9105102562	0.004376219578	96.83786382	3.008638539	0.1534976387	24.3781689	44.86109253	30.76073858	0	0	0	-574.1758135	0.004376219578	-43898.9243755902	
571.6158135	91	6	3	0.9108840224	0.004318483299	96.85206335	2.998876421	0.1490602336	24.06383455	45.04265783	30.89350763	0	0	0	-571.6158135	0.004318483299	-44793.4048906324	
569.0558135	91	6	3	0.9112512944	0.004261894024	96.86636147	2.988944636	0.1446938918	23.75223025	45.22265336	31.02511639	0	0	0	-569.0558135	0.004261894024	-45696.2527594763	
566.4958135	91	6	3	0.9116122374	0.004206417024	96.88075744	2.978843129	0.1403994346	23.44332213	45.40109901	31.15557885	0	0	0	-566.4958135	0.004206417024	-46607.2917203641	
563.9358135	91	6	3	0.9119670105	0.004152018788	96.89525058	2.96857181	0.1361776068	23.13707716	45.57801418	31.28490866	0	0	0	-563.9358135	0.004152018788	-47526.3387657746	
561.3758135	91	6	3	0.9123157673	0.004098666964	96.90984037	2.958130553	0.132029078	22.83346309	45.75341778	31.41311913	0	0	0	-561.3758135	0.004098666964	-48453.1998786985	
558.8158135	91	6	3	0.9126586562	0.004046330312	96.92452635	2.947519202	0.1279544437	22.53244848	45.92732827	31.54022325	0	0	0	-558.8158135	0.004046330312	-49387.6756271233	
556.2558135	91	6	3	0.9129958203	0.003994978663	96.9393082	2.93673757	0.1239542263	22.23400269	46.09976362	31.66623369	0	0	0	-556.2558135	0.003994978663	-50329.5582418618	
553.6958135	91	6	3	0.9133273976	0.00394458287	96.95418569	2.925785438	0.1200288761	21.93809579	46.27074139	31.79116282	0	0	0	-553.6958135	0.00394458287	-51278.6281017853	
551.1358135	91	6	3	0.9136535216	0.003895114764	96.96915867	2.91466256	0.1161787725	21.64469865	46.44027866	31.91502269	0	0	0	-551.1358135	0.003895114764	-52234.6595369676	
548.5758135	91	6	3	0.9139743214	0.003846547121	96.98422711	2.90336866	0.1124042254	21.35378284	46.6083921	32.03782506	0	0	0	-548.5758135	0.003846547121	-53197.4170230247	
546.0158135	91	6	3	0.9142899213	0.003798853615	96.99939109	2.891903439	0.1087054758	21.06532067	46.77509795	32.15958137	0	0	0	-546.0158135	0.003798853615	-54166.6552219744	
543.4558135	91	6	3	0.9146004418	0.003752008788	97.01465073	2.880266571	0.1050826978	20.77928515	46.94041203	32.28030282	0	0	0	-543.4558135	0.003752008788	-55142.1209159203	
540.8958135	91	6	3	0.9149059992	0.003705988011	97.0300063	2.868457706	0.1015359994	20.49564997	47.10434975	32.40000029	0	0	0	-540.8958135	0.003705988011	-56123.5477549724	
538.3358135	91	6	3	0.9152067061	0.003660767448	97.0454581	2.856476472	0.09806542373	20.2143895	47.26692612	32.51868438	0	0	0	-538.3358135	0.003660767448	-57110.6612991672	
535.7758135	91	6	3	0.9155026713	0.003616324029	97.06100657	2.844322478	0.09467095091	19.93547881	47.42815575	32.63636545	0	0	0	-535.7758135	0.003616324029	-58103.1782438742	
533.2158135	91	6	3	0.9157939999	0.003572635416	97.07665219	2.831995309	0.09135249891	19.65889357	47.58805287	32.75305355	0	0	0	-533.2158135	0.003572635416	-59100.802103808	
530.6558135	91	6	3	0.916080794	0.003529679972	97.09239554	2.819494536	0.08810992521	19.38461014	47.74663135	32.86875851	0	0	0	-530.6558135	0.003529679972	-60103.2263756692	
528.0958135	91	6	3	0.9163631519	0.003487436735	97.10823726	2.806819711	0.08494302817	19.11260548	47.90390464	32.98348988	0	0	0	-528.0958135	0.003487436735	-61110.1346755139	
525.5358135	91	6	3	0.9166411691	0.00344588539	97.12417808	2.79397037	0.08185154853	18.84285718	48.05988586	33.09725695	0	0	0	-525.5358135	0.00344588539	-62121.1990410835	
522.9758135	91	6	3	0.9169149379	0.003405006243	97.14021879	2.780946036	0.0788351709	18.57534344	48.21458777	33.21006879	0	0	0	-522.9758135	0.003405006243	-63136.0794052302	
520.4158135	91	6	3	0.9171845476	0.003364780195	97.15636026	2.767746218	0.07589352529	18.31004306	48.36802275	33.32193418	0	0	0	-520.4158135	0.003364780195	-64154.4240433461	
517.8558135	91	6	3	0.9174500849	0.003325188719	97.17260339	2.754370417	0.07302618864	18.04693542	48.52020287	33.43286171	0	0	0	-517.8558135	0.003325188719	-65175.8700898106	
515.2958135	91	6	3	0.9177116336	0.003286213837	97.18894919	2.740818121	0.07023268644	17.78600048	48.67113981	33.54285971	0	0	0	-515.2958135	0.003286213837	-66200.0426805623	
512.7358135	91	6	3	0.9179692749	0.003247838098	97.20539869	2.727088812	0.06751249432	17.52721877	48.82084496	33.65193627	0	0	0	-512.7358135	0.003247838098	-67226.5539891235	
510.1758135	91	6	3	0.9182230875	0.003210044556	97.22195299	2.713181967	0.06486503965	17.27057138	48.96932936	33.76009927	0	0	0	-510.1758135	0.003210044556	-68255.0050769375	
507.6158135	91	6	3	0.9184731477	0.003172816752	97.23861324	2.699097056	0.06228970324	17.01603996	49.1166037	33.86735634	0	0	0	-507.6158135	0.003172816752	-69284.9841231845	
505.0558135	91	6	3	0.9187195292	0.003136138692	97.25538063	2.684833548	0.05978582097	16.76360669	49.26267839	33.97371493	0	0	0	-505.0558135	0.003136138692	-70316.0658948193	
502.4958135	91	6	3	0.9189623039	0.00309999483	97.2722564	2.67039091	0.05735268548	16.51325428	49.40756349	34.07918222	0	0	0	-502.4958135	0.00309999483	-71347.814798527	
499.9358135	91	6	3	0.919201541	0.003064370051	97.28924184	2.65576861	0.05498954791	16.264966	49.55126877	34.18376523	0	0	0	-499.9358135	0.003064370051	-72379.7794252435	
497.3758135	91	6	3	0.919437308	0.00302924965	97.30633826	2.640966122	0.05269561957	16.0187256	49.69380368	34.28747072	0	0	0	-497.3758135	0.00302924965	-73411.4962051701	
494.8158135	91	6	3	0.91966967	0.00299461932	97.32354701	2.625982919	0.0504700737	15.77451737	49.83517737	34.39030526	0	0	0	-494.8158135	0.00299461932	-74442.491919029	
492.2558135	91	6	3	0.9198986903	0.002960465135	97.34086947	2.610818487	0.04831204724	15.53232609	49.97539869	34.49227523	0	0	0	-492.2558135	0.002960465135	-75472.2773170029	
489.6958135	91	6	3	0.9201244304	0.002926773533	97.35830704	2.595472316	0.04622064254	15.29213705	50.11447618	34.59338677	0	0	0	-489.6958135	0.002926773533	-76500.3499689006	
487.1358135	91	6	3	0.9203469497	0.002893531303	97.37586116	2.579943909	0.04419492913	15.05393603	50.25241811	34.69364587	0	0	0	-487.1358135	0.002893531303	-77526.1986714035	
484.5758135	91	6	3	0.920566306	0.002860725573	97.39353327	2.564232784	0.04223394554	14.8177093	50.38923244	34.79305826	0	0	0	-484.5758135	0.002860725573	-78549.2977190492	
482.0158135	91	6	3	0.9207825552	0.002828343793	97.41132483	2.548338472	0.040336701	14.58344361	50.52492687	34.89162952	0	0	0	-482.0158135	0.002828343793	-79569.1044948706	
479.4558135	91	6	3	0.9209957518	0.002796373722	97.4292373	2.532260524	0.03850217727	14.35112619	50.65950879	34.98936502	0	0	0	-479.4558135	0.002796373722	-80585.0705019616	
476.8958135	91	6	3	0.9212059484	0.002764803421	97.44727216	2.515998509	0.03672933042	14.12074474	50.79298531	35.08626994	0	0	0	-476.8958135	0.002764803421	-81596.632754764	
474.3358135	91	6	3	0.9214131962	0.002733621234	97.46543089	2.499552021	0.03501709256	13.89228744	50.92536329	35.18234927	0	0	0	-474.3358135	0.002733621234	-82603.2173642082	
471.7758135	91	6	3	0.9216175446	0.002702815784	97.48371495	2.48292068	0.03336437366	13.66574292	51.05664928	35.2776078	0	0	0	-471.7758135	0.002702815784	-83604.2363039145	
469.2158135	91	6	3	0.921819042	0.002672375953	97.50212581	2.46610413	0.03177006328	13.44110026	51.18684959	35.37205015	0	0	0	-469.2158135	0.002672375953	-84599.0944836726	
466.6558135	91	6	3	0.922017735	0.002642290883	97.52066492	2.449102052	0.03023303235	13.21834902	51.31597023	35.46568075	0	0	0	-466.6558135	0.002642290883	-85587.1850933259	
464.0958135	91	6	3	0.9222136688	0.002612549954	97.53933371	2.431914156	0.02875213492	12.9974792	51.44401696	35.55850384	0	0	0	-464.0958135	0.002612549954	-86567.8888595866	
461.5358135	91	6	3	0.9224068875	0.002583142784	97.5581336	2.414540191	0.02732620988	12.77848124	51.57099527	35.65052349	0	0	0	-461.5358135	0.002583142784	-87540.5823412915	
458.9758135	91	6	3	0.9225974336	0.002554059214	97.57706597	2.396979944	0.02595408272	12.56134604	51.69691038	35.74174358	0	0	0	-458.9758135	0.002554059214	-88504.6281144713	
456.4158135	91	6	3	0.9227853486	0.002525289301	97.59613219	2.379233247	0.02463456717	12.34606494	51.82176726	35.83216781	0	0	0	-456.4158135	0.002525289301	-89459.3827608651	
453.8558135	91	6	3	0.9229706727	0.002496823309	97.61533356	2.361299975	0.02336646697	12.1326297	51.94557059	35.9217997	0	0	0	-453.8558135	0.002496823309	-90404.1985256864	
451.2958135	91	6	3	0.9231534446	0.002468651703	97.63467137	2.343180056	0.02214857746	11.92103255	52.06832484	36.01064261	0	0	0	-451.2958135	0.002468651703	-91338.4181608566	
448.7358135	91	6	3	0.9233337023	0.002440765137	97.65414684	2.324873468	0.02097968729	11.71126612	52.19003416	36.09869971	0	0	0	-448.7358135	0.002440765137	-92261.3799159377	
446.1758135	91	6	3	0.9235114823	0.002413154451	97.67376117	2.306380246	0.01985858	11.50332351	52.3107025	36.18597399	0	0	0	-446.1758135	0.002413154451	-93172.4169207188	
443.6158135	91	6	3	0.9236868202	0.002385810659	97.69351548	2.287700484	0.01878403565	11.2971982	52.43033352	36.27246828	0	0	0	-443.6158135	0.002385810659	-94070.8630237576	
441.0558135	91	6	3	0.9238597505	0.002358724949	97.71341083	2.26883434	0.01775483233	11.09288415	52.54893062	36.35818522	0	0	0	-441.0558135	0.002358724949	-94956.0488468181	
438.4958135	91	6	3	0.9240303064	0.002331888669	97.73344821	2.24978204	0.01676974778	10.89037572	52.66649698	36.4431273	0	0	0	-438.4958135	0.002331888669	-95827.2991410174	
435.9358135	91	6	3	0.9241985205	0.002305293325	97.75362856	2.23054388	0.01582756082	10.68966769	52.7830355	36.52729681	0	0	0	-435.9358135	0.002305293325	-96683.9484790294	
433.3758135	91	6	3	0.9243644241	0.002278930576	97.77395272	2.211120232	0.01492705285	10.49075527	52.89854883	36.6106959	0	0	0	-433.3758135	0.002278930576	-97525.3275247929	
430.8158135	91	6	3	0.9245280477	0.002252792224	97.79442144	2.191511546	0.01406700928	10.2936341	53.01303938	36.69332652	0	0	0	-430.8158135	0.002252792224	-98350.7747728805	
428.2558135	91	6	3	0.9246894206	0.002226870215	97.81503542	2.171718357	0.01324622094	10.09830023	53.12650929	36.77519048	0	0	0	-428.2558135	0.002226870215	-99159.6327761051	
425.6958135	91	6	3	0.9248485716	0.002201156627	97.83579523	2.151741286	0.01246348541	9.904750143	53.23896047	36.85628939	0	0	0	-425.6958135	0.002201156627	-99951.2494647148	
423.1358135	91	6	3	0.9250055282	0.002175643671	97.85670134	2.131581049	0.01171760838	9.712980722	53.35039457	36.93662471	0	0	0	-423.1358135	0.002175643671	-100724.987878963	
420.5758135	91	6	3	0.9251603172	0.002150323684	97.87775414	2.111238455	0.01100740487	9.52298928	53.46081299	37.01619773	0	0	0	-420.5758135	0.002150323684	-101480.21971496	
418.0158135	91	6	3	0.9253129646	0.002125189126	97.89895388	2.090714418	0.01033170049	9.334773541	53.57021689	37.09500957	0	0	0	-418.0158135	0.002125189126	-102216.325664732	
415.4558135	91	6	3	0.9254634954	0.002100232573	97.92030071	2.070009957	0.009689332618	9.148331648	53.67860716	37.17306119	0	0	0	-415.4558135	0.002100232573	-102932.710901871	
412.8958135	91	6	3	0.9256119339	0.002075446721	97.94179465	2.0491262	0.009079151548	8.963662157	53.78598448	37.25035336	0	0	0	-412.8958135	0.002075446721	-103628.793211217	
410.3358135	91	6	3	0.9257583037	0.002050824373	97.96343558	2.028064395	0.008500021558	8.780764035	53.89234925	37.32688672	0	0	0	-410.3358135	0.002050824373	-104304.008885201	
407.7758135	91	6	3	0.9259026274	0.002026358445	97.98522327	2.006825908	0.007950821965	8.599636665	53.99770163	37.4026617	0	0	0	-407.7758135	0.002026358445	-104957.823399677	
405.2158135	91	6	3	0.9260449269	0.002002041958	98.00715732	1.985412231	0.007430448108	8.420279838	54.10204155	37.47767862	0	0	0	-405.2158135	0.002002041958	-105589.71820664	
402.6558135	91	6	3	0.9261852234	0.001977868037	98.0292372	1.963824991	0.006937812286	8.242693757	54.20536867	37.55193758	0	0	0	-402.6558135	0.001977868037	-106199.208635787	
400.0958135	91	6	3	0.9263235374	0.001953829911	98.05146221	1.942065948	0.006471844648	8.066879033	54.30768242	37.62543855	0	0	0	-400.0958135	0.001953829911	-106785.838482568	
397.5358135	91	6	3	0.9264598887	0.001929920909	98.0738315	1.920137006	0.00603149402	7.892836683	54.40898198	37.69818133	0	0	0	-397.5358135	0.001929920909	-107349.18793755	
394.9758135	91	6	3	0.9265942963	0.001906134463	98.09634405	1.898040218	0.005615728688	7.720568132	54.50926631	37.77016556	0	0	0	-394.9758135	0.001906134463	-107888.867501001	
392.4158135	91	6	3	0.9267267787	0.001882464101	98.11899867	1.875777789	0.005223537125	7.550075207	54.60853408	37.84139071	0	0	0	-392.4158135	0.001882464101	-108404.521440813	
389.8558135	91	6	3	0.9268573534	0.001858903451	98.14179399	1.853352082	0.004853928655	7.381360136	54.70678377	37.91185609	0	0	0	-389.8558135	0.001858903451	-108895.841977115	
387.2958135	91	6	3	0.9269860375	0.00183544624	98.16472844	1.830765628	0.004505934076	7.214425548	54.80401359	37.98156087	0	0	0	-387.2958135	0.00183544624	-109362.568279319	
384.7358135	91	6	3	0.9271128476	0.001812086297	98.18780027	1.808021127	0.004178606216	7.049274468	54.90022151	38.05050403	0	0	0	-384.7358135	0.001812086297	-109804.475257421	
382.1758135	91	6	3	0.9272377993	0.001788817547	98.21100752	1.785121455	0.003871020441	6.885910316	54.99540527	38.11868441	0	0	0	-382.1758135	0.001788817547	-110221.390823055	
379.6158135	91	6	3	0.9273609079	0.001765634021	98.23434805	1.762069672	0.003582275106	6.724336901	55.08956239	38.18610071	0	0	0	-379.6158135	0.001765634021	-110613.195914371	
377.0558135	91	6	3	0.927482188	0.00174252985	98.25781948	1.738869024	0.003311491952	6.56455842	55.18269013	38.25275145	0	0	0	-377.0558135	0.00174252985	-110979.823039213	
374.4958135	91	6	3	0.9276016536	0.001719499274	98.28141923	1.715522954	0.003057816442	6.406579452	55.27478553	38.31863501	0	0	0	-374.4958135	0.001719499274	-111321.260715267	
371.9358135	91	6	3	0.9277193181	0.001696536638	98.30514448	1.692035104	0.002820418058	6.250404955	55.36584542	38.38374963	0	0	0	-371.9358135	0.001696536638	-111637.556322956	
369.3758135	91	6	3	0.9278351944	0.001673636402	98.32899219	1.668409321	0.002598490525	6.096040257	55.45586637	38.44809337	0	0	0	-369.3758135	0.001673636402	-111928.822874366	
366.8158135	91	6	3	0.9279492948	0.00165079314	98.35295908	1.644649665	0.002391252001	5.943491057	55.54484475	38.51166419	0	0	0	-366.8158135	0.00165079314	-112195.234098105	
364.2558135	91	6	3	0.9280616313	0.001628001548	98.37704164	1.620760415	0.002197945202	5.792763412	55.63277672	38.57445987	0	0	0	-364.2558135	0.001628001548	-112437.026004839	
361.6958135	91	6	3	0.928172215	0.001605256444	98.40123609	1.596746072	0.002017837479	5.643863731	55.7196582	38.63647807	0	0	0	-361.6958135	0.001605256444	-112654.508617694	
359.1358135	91	6	3	0.9282810569	0.001582552781	98.42553841	1.572611366	0.001850220851	5.49679877	55.80548491	38.69771632	0	0	0	-359.1358135	0.001582552781	-112848.049782146	
356.5758135	91	6	3	0.9283881672	0.001559885641	98.44994433	1.548361263	0.001694411981	5.351575621	55.89025239	38.75817199	0	0	0	-356.5758135	0.001559885641	-113018.101558322	
354.0158135	91	6	3	0.9284935557	0.001537250259	98.47444928	1.524000969	0.001549752108	5.208201701	55.97395595	38.81784235	0	0	0	-354.0158135	0.001537250259	-113165.203379782	
351.4558135	91	6	3	0.9285972319	0.001514642019	98.49904846	1.499535935	0.001415606937	5.066684743	56.05659072	38.87672454	0	0	0	-351.4558135	0.001514642019	-113289.948178048	
348.8958135	91	6	3	0.9286992047	0.001492056465	98.52373677	1.474971864	0.001291366474	4.927032785	56.13815164	38.93481558	0	0	0	-348.8958135	0.001492056465	-113393.012593809	
346.3358135	91	6	3	0.9287994827	0.00146948931	98.54850884	1.450314712	0.001176444832	4.789254153	56.21863348	38.99211237	0	0	0	-346.3358135	0.00146948931	-113475.147251977	
343.7758135	91	6	3	0.9288980739	0.001446936444	98.57335902	1.425570697	0.00107027998	4.653357451	56.29803083	39.04861172	0	0	0	-343.7758135	0.001446936444	-113537.186850702	
341.2158135	91	6	3	0.928994986	0.001424393948	98.59828137	1.400746301	0.0009723334665	4.519351544	56.37633814	39.10431032	0	0	0	-341.2158135	0.001424393948	-113580.052481555	
338.6558135	91	6	3	0.9290902264	0.001401858104	98.62326963	1.375848276	0.0008820900947	4.38724554	56.45354967	39.15920479	0	0	0	-338.6558135	0.001401858104	-113604.746236732	
336.0958135	91	6	3	0.929183802	0.001379325408	98.64831716	1.350883782	0.0007990576127	4.257048774	56.52965959	39.21329164	0	0	0	-336.0958135	0.001379325408	-113612.332975914	
333.5358135	91	6	3	0.9292757195	0.001356792574	98.67341739	1.325859842	0.0007227661479	4.128770785	56.6046619	39.26656732	0	0	0	-333.5358135	0.001356792574	-113603.985005605	
330.9758135	91	6	3	0.9293659851	0.001334256566	98.69856306	1.300784169	0.000652768052	4.002421297	56.6785505	39.3190282	0	0	0	-330.9758135	0.001334256566	-113580.966134848	
328.4158135	91	6	3	0.9294546049	0.001311714597	98.72374674	1.275664623	0.000588637269	3.878010195	56.75131919	39.37067061	0	0	0	-328.4158135	0.001311714597	-113544.603053322	
325.8558135	91	6	3	0.9295415846	0.001289164151	98.74896069	1.250509344	0.0005299689036	3.755547501	56.82296169	39.42149081	0	0	0	-325.8558135	0.001289164151	-113496.329780083	
323.2958135	91	6	3	0.9296269296	0.001266603001	98.77419687	1.225326756	0.0004763787175	3.635043345	56.89347163	39.47148503	0	0	0	-323.2958135	0.001266603001	-113437.651546059	
320.7358135	91	6	3	0.929710645	0.001244029218	98.79944693	1.200125569	0.0004275026031	3.516507936	56.96284259	39.52064947	0	0	0	-320.7358135	0.001244029218	-113370.166617747	
318.1758135	91	6	3	0.9297927359	0.001221441199	98.82470223	1.174914777	0.0003829960372	3.399951535	57.03106813	39.56898034	0	0	0	-318.1758135	0.001221441199	-113295.570765423	
315.6158135	91	6	3	0.9298732071	0.001198837679	98.84995381	1.14970366	0.0003425335156	3.285384416	57.09814177	39.61647381	0	0	0	-315.6158135	0.001198837679	-113215.63924282	
313.0558135	91	6	3	0.929952063	0.001176217753	98.87519241	1.124501777	0.0003058079722	3.172816838	57.16405706	39.6631261	0	0	0	-313.0558135	0.001176217753	-113132.246853109	
310.4958135	91	6	3	0.9300293083	0.001153580897	98.9004085	1.099318972	0.0002725301845	3.062258998	57.22880756	39.70893344	0	0	0	-310.4958135	0.001153580897	-113047.353319968	
307.9358135	91	6	3	0.9301049473	0.001130926985	98.92559221	1.074165364	0.0002424281674	2.953721	57.29238687	39.75389213	0	0	0	-307.9358135	0.001130926985	-112963.019171954	
305.3758135	91	6	3	0.9301789841	0.001108256317	98.95073341	1.049051345	0.0002152465578	2.847212809	57.35478869	39.7979985	0	0	0	-305.3758135	0.001108256317	-112881.397414255	
302.8158135	91	6	3	0.930251423	0.001085569633	98.97582168	1.023987576	0.0001907459928	2.742744203	57.41600681	39.84124899	0	0	0	-302.8158135	0.001085569633	-112804.733328609	
300.2558135	91	6	3	0.9303222682	0.001062868141	99.00084632	0.9989849821	0.0001687024826	2.640324732	57.47603514	39.88364012	0	0	0	-300.2558135	0.001062868141	-110162.797233022	
300	91	6	3	0.9303292615	0.0001052176408	99.0033432	0.9964901773	0.0001666266325	2.63020293	57.48196748	39.88782959	0	0	0	-300	0.0001052176408	109628.544914569	
