T	w(AL)	w(MG)	w(SI)	fs	fw(@FCC_A1)	w(AL@FCC_A1)	w(MG@FCC_A1)	w(SI@FCC_A1)	w(AL@LIQUID)	w(MG@LIQUID)	w(SI@LIQUID)	dwdT_L(AL@LIQUID)	dwdT_L(MG@LIQUID)	dwdT_L(SI@LIQUID)	-T	fw(@FCC_A1)_1	-T//fw(@FCC_A1)	
K	%	%	%	mole/mole	kg/kg	%	%	%	%	%	%	SI	SI	SI				
884.5808543	90	7	3	0	0	97.91921992	1.856418697	0.2243613873	90	7	3	0.002209441578	-0.001435024618	-0.0007744169595	-884.5808543	0	17.850413037862	
884.5708543	90	7	3	0.0002778057145	0.0002790618523	97.91889105	1.85670783	0.2244011193	89.99779053	7.001435105	3.000774362	0	0	0	-884.5708543	0.0002790618523	53.8182863396099	
884.5508543	90	7	3	0.0008328249644	0.0005577085799	97.91823339	1.857286021	0.224480587	89.99337144	7.004305206	3.002323357	0	0	0	-884.5508543	0.0005577085799	71.8002906413489	
884.5108543	90	7	3	0.001941358348	0.001114424894	97.91691812	1.858442387	0.2246394896	89.98453225	7.010045778	3.005421968	0	0	0	-884.5108543	0.001114424894	71.9046783150321	
884.4308543	90	7	3	0.004152474229	0.00222531959	97.91428959	1.860753331	0.2249570803	89.96685011	7.021528145	3.011621744	0	0	0	-884.4308543	0.00222531959	72.1286990161107	
884.2708543	90	7	3	0.008551035203	0.004436578965	97.90903914	1.865369385	0.2255914765	89.93147072	7.044497781	3.024031499	0	0	0	-884.2708543	0.004436578965	72.6265290964309	
883.9508543	90	7	3	0.01724638891	0.008810568361	97.89856584	1.87457669	0.2268574657	89.86065201	7.090452687	3.048895307	0	0	0	-883.9508543	0.008810568361	73.6472397467098	
883.3108543	90	7	3	0.03425737862	0.01738927273	97.87772703	1.892895455	0.2293775098	89.71877283	7.182434449	3.09879272	0	0	0	-883.3108543	0.01738927273	75.6256558621914	
882.0308543	90	7	3	0.066830908	0.03388591561	97.83647875	1.929151729	0.2343695249	89.4340421	7.366694351	3.199263554	0	0	0	-882.0308543	0.03388591561	79.7476897271219	
879.4708543	90	7	3	0.1266947893	0.06445555994	97.75568278	2.000158735	0.2441584876	88.86066285	7.736457311	3.402879844	0	0	0	-879.4708543	0.06445555994	-995.260134520528	
876.9108543	90	7	3	0.1802167765	0.06159270115	97.67699742	2.069360272	0.2536423082	88.2819997	8.108419174	3.609581122	0	0	0	-876.9108543	0.06159270115	-938.121113141383	
874.3508543	90	7	3	0.2283116585	0.05897580622	97.60039038	2.136791026	0.2628185952	87.69799827	8.482672582	3.819329151	0	0	0	-874.3508543	0.05897580622	-1024.79338538081	
871.7908543	90	7	3	0.2717326477	0.05657754565	97.52582952	2.202485241	0.2716852405	87.10861812	8.859298687	4.032083196	0	0	0	-871.7908543	0.05657754565	-1115.72959198399	
869.2308543	90	7	3	0.3111019613	0.05437095274	97.45328297	2.266476331	0.2802406995	86.51382971	9.238366971	4.24780332	0	0	0	-869.2308543	0.05437095274	-1210.0969240718	
866.6708543	90	7	3	0.3469377021	0.05233308629	97.38271914	2.328796949	0.2884839106	85.91361623	9.619934665	4.466449102	0	0	0	-866.6708543	0.05233308629	-1307.69685850773	
864.1108543	90	7	3	0.379674483	0.05044435936	97.31410661	2.389479147	0.2964142443	85.30797467	10.0040466	4.687978732	0	0	0	-864.1108543	0.05044435936	-1408.31423832597	
861.5508543	90	7	3	0.4096793762	0.04868794171	97.24741403	2.448554514	0.3040314604	84.69691685	10.39073499	4.912348163	0	0	0	-861.5508543	0.04868794171	-1511.70097571084	
858.9908543	90	7	3	0.4372643707	0.04704928649	97.18261004	2.506054292	0.3113356722	84.08047059	10.7800191	5.139510313	0	0	0	-858.9908543	0.04704928649	-1617.57609823718	
856.4308543	90	7	3	0.462696196	0.0455157525	97.11966322	2.562009468	0.3183273172	83.45868074	11.17190494	5.36941432	0	0	0	-856.4308543	0.0455157525	-1725.62695086165	
853.8708543	90	7	3	0.4862041341	0.04407630033	97.05854202	2.61645085	0.3250071329	82.83161026	11.5663849	5.602004839	0	0	0	-853.8708543	0.04407630033	-1835.51177070702	
851.3108543	90	7	3	0.5079862831	0.04272124645	96.99921473	2.669409132	0.3313761369	82.19934126	11.96343734	5.837221395	0	0	0	-851.3108543	0.04272124645	-1946.86378635493	
848.7508543	90	7	3	0.5282146179	0.04144206289	96.94164946	2.720914933	0.3374356105	81.5619759	12.36302631	6.074997794	0	0	0	-848.7508543	0.04144206289	-2059.29695044249	
846.1908543	90	7	3	0.5470391059	0.04023121327	96.88581408	2.770998837	0.3431870862	80.91963726	12.76510115	6.315261584	0	0	0	-846.1908543	0.04023121327	-2172.41324011887	
843.6308543	90	7	3	0.5645910788	0.03908201777	96.83167625	2.819691414	0.348632337	80.27247011	13.1695963	6.557933594	0	0	0	-843.6308543	0.03908201777	-2285.81154706831	
841.0708543	90	7	3	0.5809860102	0.03798854159	96.7792034	2.867023228	0.3537733685	79.62064139	13.57643107	6.802927544	0	0	0	-841.0708543	0.03798854159	-2399.09769920408	
838.5108543	90	7	3	0.5963258178	0.0369455021	96.72836275	2.913024841	0.3586124129	78.9643407	13.98550956	7.05014974	0	0	0	-838.5108543	0.0369455021	-2511.89551531177	
835.9508543	90	7	3	0.6107007828	0.0359481915	96.67912127	2.957726804	0.3631519241	78.30378045	14.39672069	7.299498859	0	0	0	-835.9508543	0.0359481915	-2623.85826874428	
833.3908543	90	7	3	0.6241911567	0.03499241175	96.63144578	3.001159641	0.3673945746	77.63919584	14.80993832	7.550865834	0	0	0	-833.3908543	0.03499241175	-2734.68004854394	
830.8308543	90	7	3	0.6368685147	0.03407441974	96.58530293	3.043353821	0.3713432523	76.97084458	15.22502157	7.804133852	0	0	0	-830.8308543	0.03407441974	-2844.1064422804	
828.2708543	90	7	3	0.6487968997	0.03319088055	96.54065921	3.084339731	0.3750010587	76.29900631	15.64181523	8.059178459	0	0	0	-828.2708543	0.03319088055	-2951.94393837974	
825.7108543	90	7	3	0.6600337938	0.03233882743	96.49748105	3.124147639	0.3783713074	75.62398184	16.06015038	8.31586778	0	0	0	-825.7108543	0.03233882743	-3058.06755716395	
823.1508543	90	7	3	0.6706309465	0.03151562705	96.45573483	3.162807648	0.3814575215	74.94609198	16.47984515	8.574062868	0	0	0	-823.1508543	0.03151562705	-3162.42619074135	
820.5908543	90	7	3	0.6806350836	0.03071894904	96.41538691	3.200349654	0.3842634319	74.26567616	16.90070568	8.833618159	0	0	0	-820.5908543	0.03071894904	-3265.04547909232	
818.0308543	90	7	3	0.6900885152	0.02994673888	96.37640373	3.236803291	0.3867929749	73.58309079	17.32252716	9.09438205	0	0	0	-818.0308543	0.02994673888	-3366.02809361147	
815.4708543	90	7	3	0.6990296599	0.02919719347	96.33875182	3.272197889	0.3890502883	72.89870729	17.74509514	9.356197578	0	0	0	-815.4708543	0.02919719347	-3465.55126628039	
812.9108543	90	7	3	0.7074934973	0.02846873866	96.30239788	3.306562411	0.3910397076	72.21290996	18.16818683	9.618903208	0	0	0	-812.9108543	0.02846873866	-3563.86227937301	
810.3508543	90	7	3	0.7155119591	0.02776000853	96.26730883	3.33992541	0.3927657606	71.52609363	18.59157268	9.88233369	0	0	0	-810.3508543	0.02776000853	-3661.27175039029	
807.7908543	90	7	3	0.7231142696	0.02706982574	96.23345186	3.372314975	0.3942331613	70.83866108	19.01501791	10.146321	0	0	0	-807.7908543	0.02706982574	-3758.14548717995	
805.2308543	90	7	3	0.7303272406	0.02639718303	96.20079452	3.403758678	0.3954468023	70.15102044	19.43828421	10.41069535	0	0	0	-805.2308543	0.02639718303	-3854.89895172643	
802.6708543	90	7	3	0.737175529	0.02574122659	96.16930473	3.434283524	0.3964117487	69.4635824	19.86113142	10.67528618	0	0	0	-802.6708543	0.02574122659	-3951.97806651286	
800.1108543	90	7	3	0.7436818612	0.02510123595	96.13895085	3.463915927	0.397133223	68.77675754	20.28331922	10.93992324	0	0	0	-800.1108543	0.02510123595	-4049.85141908269	
797.5508543	90	7	3	0.7498672291	0.02447660941	96.10970173	3.492681672	0.3976165954	68.0909536	20.70460883	11.20443757	0	0	0	-797.5508543	0.02447660941	-4149.01972166078	
794.9908543	90	7	3	0.7557510623	0.02386685138	96.08152677	3.520605855	0.3978673764	67.40657274	21.12476467	11.46866259	0	0	0	-794.9908543	0.02386685138	-4249.98806905609	
792.4308543	90	7	3	0.7613513789	0.02327155318	96.05439592	3.547712876	0.3978912012	66.72400909	21.54355588	11.73243503	0	0	0	-792.4308543	0.02327155318	-4353.2550002403	
789.8708543	90	7	3	0.7666849169	0.02269038079	96.02827978	3.574026409	0.3976938155	66.04364635	21.96075781	11.99559584	0	0	0	-789.8708543	0.02269038079	-4459.31943353895	
787.3108543	90	7	3	0.7717672516	0.02212306176	96.00314955	3.599569391	0.3972810624	65.36585562	22.37615333	12.25799105	0	0	0	-787.3108543	0.02212306176	-4568.66946167483	
784.7508543	90	7	3	0.7766128975	0.02156937299	95.97897713	3.624364004	0.3966588673	64.69099343	22.78953403	12.51947254	0	0	0	-784.7508543	0.02156937299	-4681.77819594565	
782.1908543	90	7	3	0.7812353995	0.02102912972	95.9557351	3.648431672	0.3958332237	64.01940011	23.20070123	12.77989866	0	0	0	-782.1908543	0.02102912972	-4799.10068603712	
779.6308543	90	7	3	0.7856474129	0.02050217553	95.93339676	3.671793057	0.3948101784	63.35139826	23.60946692	13.03913482	0	0	0	-779.6308543	0.02050217553	-4921.07154044564	
777.0708543	90	7	3	0.7898607754	0.01998837355	95.91193612	3.694468065	0.3935958169	62.68729166	24.01565438	13.29705396	0	0	0	-777.0708543	0.01998837355	-5048.10356995196	
774.5108543	90	7	3	0.7938865703	0.01948759878	95.89132791	3.716475846	0.3921962489	62.02736433	24.41909878	13.55353688	0	0	0	-774.5108543	0.01948759878	-5180.58724491416	
771.9508543	90	7	3	0.7977351839	0.01899973162	95.87154759	3.737834812	0.3906175954	61.37187991	24.81964756	13.80847252	0	0	0	-771.9508543	0.01899973162	-5318.8904329467	
769.3908543	90	7	3	0.8014163569	0.01852465241	95.85257138	3.758562647	0.3888659745	60.72108128	25.21716063	14.0617581	0	0	0	-769.3908543	0.01852465241	-5463.35847287547	
766.8308543	90	7	3	0.8049392299	0.01806223706	95.83437619	3.778676323	0.3869474897	60.07519039	25.61151045	14.31329916	0	0	0	-766.8308543	0.01806223706	-5614.3152575237	
764.2708543	90	7	3	0.8083123863	0.01761235369	95.81693966	3.798192118	0.3848682177	59.43440839	26.00258201	14.5630096	0	0	0	-764.2708543	0.01761235369	-5775.12951699595	
761.7108543	90	7	3	0.8115439833	0.01717530545	95.80023893	3.817126836	0.3826342372	58.79890723	26.39027823	14.81081453	0	0	0	-761.7108543	0.01717530545	-5937.92612965274	
759.1508543	90	7	3	0.8146414547	0.01674979137	95.78425541	3.835493163	0.3802514314	58.16886514	26.77449733	15.05663753	0	0	0	-759.1508543	0.01674979137	-6107.22942016818	
756.5908543	90	7	3	0.8176119738	0.01633659314	95.76896769	3.853306503	0.3777258055	57.54441379	27.15516603	15.30042018	0	0	0	-756.5908543	0.01633659314	-6288.68395397835	
754.0308543	90	7	3	0.8204622426	0.01593528358	95.75435619	3.870580579	0.3750632311	56.92567517	27.53221674	15.54210809	0	0	0	-754.0308543	0.01593528358	-6476.25713269922	
751.4708543	90	7	3	0.8231985664	0.01554566736	95.74040196	3.88732853	0.3722695073	56.31275327	27.90559265	15.78165408	0	0	0	-751.4708543	0.01554566736	-6671.85990803718	
748.9108543	90	7	3	0.8258268787	0.01516753774	95.72708671	3.903562935	0.3693503553	55.7057349	28.27524719	16.01901791	0	0	0	-748.9108543	0.01516753774	-6875.70505391516	
746.3508543	90	7	3	0.8283527649	0.0148006757	95.71439275	3.919295841	0.3663114126	55.10469064	28.64114348	16.25416588	0	0	0	-746.3508543	0.0148006757	-7087.98186348092	
743.7908543	90	7	3	0.8307814834	0.01444485119	95.70230299	3.934538782	0.3631582282	54.50967582	29.00325371	16.48707047	0	0	0	-743.7908543	0.01444485119	-7308.86940899716	
741.2308543	90	7	3	0.8331179862	0.01409982433	95.69080094	3.949302799	0.3598962585	53.92073151	29.36155856	16.71770993	0	0	0	-741.2308543	0.01409982433	-7538.53612080199	
738.6708543	90	7	3	0.8353669376	0.01376534676	95.67987067	3.96359847	0.3565308643	53.33788551	29.71604659	16.9460679	0	0	0	-738.6708543	0.01376534676	-7777.14123465656	
736.1108543	90	7	3	0.8375327317	0.01344116306	95.66949677	3.977435923	0.3530673079	52.76115336	30.0667136	17.17213304	0	0	0	-736.1108543	0.01344116306	-8024.83436006741	
733.5508543	90	7	3	0.8396195093	0.01312701207	95.65966439	3.99082486	0.3495107511	52.19053931	30.4135621	17.39589859	0	0	0	-733.5508543	0.01312701207	-8281.75707266148	
730.9908543	90	7	3	0.8416311729	0.01282262837	95.65035917	4.003774577	0.3458662535	51.62603726	30.75660068	17.61736206	0	0	0	-730.9908543	0.01282262837	-8548.04342253268	
728.4308543	90	7	3	0.8435714016	0.01252774354	95.64156725	4.016293982	0.3421387715	51.06763169	31.09584349	17.83652483	0	0	0	-728.4308543	0.01252774354	-8823.82031005932	
725.8708543	90	7	3	0.8454436646	0.01224208749	95.63327523	4.028391608	0.3383331577	50.51529853	31.43130969	18.05339178	0	0	0	-725.8708543	0.01224208749	-9109.20839089414	
723.3108543	90	7	3	0.8472512338	0.01196538961	95.6254702	4.04007564	0.3344541603	49.96900602	31.76302295	18.26797104	0	0	0	-723.3108543	0.01196538961	-9404.32130574508	
720.7508543	90	7	3	0.848997196	0.01169737984	95.61813966	4.05135392	0.3305064233	49.42871546	32.09101097	18.48027357	0	0	0	-720.7508543	0.01169737984	-9709.26813622785	
718.1908543	90	7	3	0.8506844644	0.01143778975	95.61127154	4.062233971	0.3264944866	48.89438199	32.41530506	18.69031295	0	0	0	-718.1908543	0.01143778975	-10024.1522376529	
715.6308543	90	7	3	0.8523157886	0.01118635333	95.60485421	4.072723005	0.3224227868	48.36595529	32.73593965	18.89810506	0	0	0	-715.6308543	0.01118635333	-10349.0717543983	
713.0708543	90	7	3	0.8538937648	0.01094280786	95.5988764	4.08282794	0.3182956575	47.84338022	33.05295197	19.10366781	0	0	0	-713.0708543	0.01094280786	-10684.1205173693	
710.5108543	90	7	3	0.8554208453	0.01070689455	95.59332726	4.092555413	0.3141173301	47.32659741	33.36638166	19.30702092	0	0	0	-710.5108543	0.01070689455	-11029.3876774945	
707.9508543	90	7	3	0.856899347	0.01047835917	95.58819627	4.10191179	0.3098919354	46.81554387	33.67627043	19.5081857	0	0	0	-707.9508543	0.01047835917	-11384.9579850347	
705.3908543	90	7	3	0.8583314597	0.01025695252	95.58347332	4.110903179	0.3056235039	46.31015343	33.98266175	19.70718482	0	0	0	-705.3908543	0.01025695252	-11750.9128719767	
702.8308543	90	7	3	0.8597192536	0.01004243091	95.57914859	4.119535441	0.3013159674	45.8103573	34.28560056	19.90404213	0	0	0	-702.8308543	0.01004243091	-12127.3296733243	
700.2708543	90	7	3	0.8610646868	0.00983455644	95.57521264	4.127814199	0.2969731602	45.31608445	34.58513306	20.09878249	0	0	0	-700.2708543	0.00983455644	-12514.2812145937	
697.7108543	90	7	3	0.862369612	0.009633097302	95.57165633	4.135744848	0.2925988204	44.827262	34.8813064	20.29143159	0	0	0	-697.7108543	0.009633097302	-12911.8395128977	
695.1508543	90	7	3	0.8636357824	0.009437828046	95.56847084	4.143332566	0.2881965909	44.34381563	35.17416853	20.48201584	0	0	0	-695.1508543	0.009437828046	-13320.0682047268	
692.5908543	90	7	3	0.8648648584	0.009248529529	95.56564766	4.150582319	0.2837700212	43.86566984	35.46376796	20.6705622	0	0	0	-692.5908543	0.009248529529	-13739.032465899	
690.0308543	90	7	3	0.8660584124	0.009064989334	95.56317856	4.157498873	0.2793225684	43.39274831	35.75015361	20.85709808	0	0	0	-690.0308543	0.009064989334	-14168.7940125183	
687.4708543	90	7	3	0.8672179348	0.00888700152	95.5610556	4.164086799	0.2748575985	42.92497413	36.03337466	21.04165121	0	0	0	-687.4708543	0.00888700152	-14609.4074177632	
684.9108543	90	7	3	0.8683448379	0.008714366801	95.55927113	4.170350481	0.270378388	42.46227002	36.31348039	21.22424959	0	0	0	-684.9108543	0.008714366801	-15060.9282866503	
682.3508543	90	7	3	0.8694404615	0.008546892476	95.55781775	4.176294124	0.2658881249	42.00455861	36.59052006	21.40492133	0	0	0	-682.3508543	0.008546892476	-15523.407697354	
679.7908543	90	7	3	0.8705060766	0.008384392378	95.55668833	4.181921757	0.2613899102	41.55176255	36.86454281	21.58369464	0	0	0	-679.7908543	0.008384392378	-15996.8940430735	
677.2308543	90	7	3	0.8715428895	0.008226686798	95.555876	4.187237243	0.256886759	41.10380475	37.13559753	21.76059772	0	0	0	-677.2308543	0.008226686798	-16481.4329404846	
674.6708543	90	7	3	0.8725520455	0.008073602383	95.55537411	4.192244285	0.2523816019	40.66060848	37.40373282	21.9356587	0	0	0	-674.6708543	0.008073602383	-16977.0672406707	
672.1108543	90	7	3	0.8735346328	0.007924972019	95.55517629	4.196946427	0.2478772861	40.22209754	37.66899687	22.10890559	0	0	0	-672.1108543	0.007924972019	-17483.8371009922	
669.5508543	90	7	3	0.8744916853	0.007780634697	95.55527636	4.201347065	0.2433765763	39.78819632	37.93143742	22.28036626	0	0	0	-669.5508543	0.007780634697	-18001.7798925818	
666.9908543	90	7	3	0.8754241863	0.007640435367	95.5556684	4.205449445	0.2388821566	39.35883	38.19110168	22.45006832	0	0	0	-666.9908543	0.007640435367	-18530.9302911499	
664.4308543	90	7	3	0.8763330707	0.007504224784	95.55634669	4.209256675	0.2343966305	38.93392452	38.44803631	22.61803917	0	0	0	-664.4308543	0.007504224784	-19071.3205438459	
661.8708543	90	7	3	0.8772192282	0.007371859349	95.55730575	4.212771726	0.2299225232	38.51340675	38.70228734	22.78430591	0	0	0	-661.8708543	0.007371859349	-19622.9799999279	
659.3108543	90	7	3	0.8780835059	0.007243200936	95.55854028	4.215997435	0.2254622814	38.09720451	38.95390016	22.94889533	0	0	0	-659.3108543	0.007243200936	-20185.9354225256	
656.7508543	90	7	3	0.8789267103	0.007118116728	95.56004521	4.21893651	0.2210182755	37.68524663	39.20291949	23.11183389	0	0	0	-656.7508543	0.007118116728	-20760.2111049325	
654.1908543	90	7	3	0.87974961	0.006996479041	95.56181567	4.221591535	0.2165927996	37.277463	39.44938932	23.27314768	0	0	0	-654.1908543	0.006996479041	-21345.8286103474	
651.6308543	90	7	3	0.8805529375	0.006878165153	95.56384695	4.223964974	0.212188073	36.87378462	39.69335296	23.43286242	0	0	0	-651.6308543	0.006878165153	-21942.8068031003	
649.0708543	90	7	3	0.8813373913	0.006763057129	95.56613459	4.226059171	0.207806241	36.47414361	39.93485293	23.59100346	0	0	0	-649.0708543	0.006763057129	-22551.1619008301	
646.5108543	90	7	3	0.8821036376	0.006651041652	95.56867427	4.227876355	0.2034493758	36.07847324	40.17393103	23.74759573	0	0	0	-646.5108543	0.006651041652	-23170.9075862146	
643.9508543	90	7	3	0.8828523125	0.006542009853	95.57146188	4.229418647	0.1991194773	35.68670798	40.41062829	23.90266374	0	0	0	-643.9508543	0.006542009853	-23802.0548529537	
641.3908543	90	7	3	0.883584023	0.006435857145	95.57449347	4.230688057	0.1948184739	35.29878345	40.64498495	24.0562316	0	0	0	-641.3908543	0.006435857145	-24444.611843838	
638.8308543	90	7	3	0.884299349	0.006332483058	95.57776529	4.231686488	0.1905482238	34.91463649	40.87704052	24.20832298	0	0	0	-638.8308543	0.006332483058	-25098.5839532543	
636.2708543	90	7	3	0.8849988447	0.006231791081	95.58127374	4.232415743	0.1863105151	34.53420515	41.1068337	24.35896115	0	0	0	-636.2708543	0.006231791081	-25763.9739311237	
633.7108543	90	7	3	0.8856830397	0.006133688506	95.58501541	4.232877523	0.1821070672	34.15742865	41.33440244	24.50816892	0	0	0	-633.7108543	0.006133688506	-26440.781875129	
631.1508543	90	7	3	0.8863524406	0.006038086278	95.58898704	4.233073431	0.1779395312	33.78424743	41.5597839	24.65596867	0	0	0	-631.1508543	0.006038086278	-27129.004643618	
628.5908543	90	7	3	0.8870075319	0.005944898844	95.59318553	4.233004975	0.1738094909	33.41460314	41.7830145	24.80238236	0	0	0	-628.5908543	0.005944898844	-27828.6364193359	
626.0308543	90	7	3	0.8876487774	0.005854044016	95.59760797	4.232673568	0.1697184636	33.0484386	42.00412988	24.94743152	0	0	0	-626.0308543	0.005854044016	-28539.6685285634	
623.4708543	90	7	3	0.8882766211	0.005765442829	95.60225157	4.232080533	0.1656679007	32.68569782	42.22316494	25.09113724	0	0	0	-623.4708543	0.005765442829	-29262.0889817844	
620.9108543	90	7	3	0.8888914884	0.00567901941	95.60711371	4.231227104	0.1616591883	32.32632597	42.44015383	25.2335202	0	0	0	-620.9108543	0.00567901941	-29995.8832491851	
618.3508543	90	7	3	0.8894937867	0.005594700851	95.61219192	4.230114427	0.1576936483	31.97026939	42.65512998	25.37460064	0	0	0	-618.3508543	0.005594700851	-30741.0329138776	
615.7908543	90	7	3	0.8900839066	0.00551241708	95.6174839	4.228743563	0.1537725392	31.61747554	42.86812607	25.51439839	0	0	0	-615.7908543	0.00551241708	-31497.5166839975	
613.2308543	90	7	3	0.8906622227	0.005432100749	95.62298746	4.227115488	0.1498970562	31.26789305	43.07917408	25.65293287	0	0	0	-613.2308543	0.005432100749	-32265.3107582296	
610.6708543	90	7	3	0.8912290941	0.005353687117	95.62870057	4.225231097	0.1460683327	30.92147162	43.28830529	25.79022309	0	0	0	-610.6708543	0.005353687117	-33044.3866623502	
608.1108543	90	7	3	0.8917848658	0.005277113936	95.63462135	4.223091205	0.1422874404	30.57816207	43.49555029	25.92628764	0	0	0	-608.1108543	0.005277113936	-33834.712993988	
605.5508543	90	7	3	0.8923298686	0.005202321352	95.64074806	4.220696548	0.1385553907	30.23791629	43.70093897	26.06114475	0	0	0	-605.5508543	0.005202321352	-34636.2555627644	
602.9908543	90	7	3	0.8928644202	0.005129251801	95.64707908	4.218047783	0.1348731347	29.90068723	43.90450056	26.19481221	0	0	0	-602.9908543	0.005129251801	-35448.9752639037	
600.4308543	90	7	3	0.893388826	0.005057849909	95.65361294	4.215145494	0.1312415645	29.56642888	44.10626365	26.32730747	0	0	0	-600.4308543	0.005057849909	-36272.8300255791	
597.8708543	90	7	3	0.8939033793	0.004988062405	95.6603483	4.211990188	0.1276615139	29.23509626	44.30625617	26.45864757	0	0	0	-597.8708543	0.004988062405	-37107.7738438444	
595.3108543	90	7	3	0.8944083621	0.004919838026	95.66728394	4.208582301	0.1241337587	28.90664538	44.50450542	26.5888492	0	0	0	-595.3108543	0.004919838026	-37953.7561605131	
592.7508543	90	7	3	0.8949040454	0.004853127435	95.67441879	4.204922195	0.1206590182	28.58103326	44.70103808	26.71792866	0	0	0	-592.7508543	0.004853127435	-38810.7230705625	
590.1908543	90	7	3	0.8953906902	0.004787883139	95.68175188	4.201010164	0.1172379552	28.25821786	44.89588022	26.84590192	0	0	0	-590.1908543	0.004787883139	-39678.6164596316	
587.6308543	90	7	3	0.8958685474	0.004724059411	95.68928239	4.196846431	0.1138711773	27.9381581	45.08905733	26.97278457	0	0	0	-587.6308543	0.004724059411	-40557.3732135889	
585.0708543	90	7	3	0.8963378586	0.004661612213	95.69700961	4.192431151	0.1105592377	27.62081383	45.2805943	27.09859187	0	0	0	-585.0708543	0.004661612213	-41446.9258253336	
582.5108543	90	7	3	0.8967988564	0.004600499127	95.70493295	4.187764412	0.1073026357	27.30614581	45.47051545	27.22333874	0	0	0	-582.5108543	0.004600499127	-42347.2027255258	
579.9508543	90	7	3	0.8972517647	0.004540679286	95.71305195	4.182846236	0.1041018176	26.99411567	45.65884457	27.34703976	0	0	0	-579.9508543	0.004540679286	-43258.1267885625	
577.3908543	90	7	3	0.8976967994	0.004482113307	95.72136624	4.177676581	0.1009571779	26.68468594	45.84560487	27.46970919	0	0	0	-577.3908543	0.004482113307	-44179.6158780345	
574.8308543	90	7	3	0.8981341685	0.00442476323	95.7298756	4.172255341	0.0978690595	26.37781999	46.03081903	27.59136098	0	0	0	-574.8308543	0.00442476323	-45111.5843817911	
572.2708543	90	7	3	0.8985640725	0.004368592461	95.7385799	4.166582347	0.09483775515	26.07348202	46.21450923	27.71200875	0	0	0	-572.2708543	0.004368592461	-46053.9388697832	
569.7108543	90	7	3	0.8989867047	0.004313565706	95.74747913	4.160657367	0.09186350798	25.77163706	46.39669712	27.83166582	0	0	0	-569.7108543	0.004313565706	-47006.5813011583	
567.1508543	90	7	3	0.8994022517	0.004259648927	95.75657338	4.154480111	0.0889465125	25.47225094	46.57740384	27.95034522	0	0	0	-567.1508543	0.004259648927	-47969.4088189664	
564.5908543	90	7	3	0.8998108935	0.004206809282	95.76586286	4.148050227	0.08608691546	25.17529026	46.75665007	28.06805967	0	0	0	-564.5908543	0.004206809282	-48942.312147073	
562.0308543	90	7	3	0.9002128036	0.004155015081	95.77534788	4.141367306	0.0832848168	24.8807224	46.93445598	28.18482162	0	0	0	-562.0308543	0.004155015081	-49925.1754789061	
559.4708543	90	7	3	0.9006081497	0.004104235732	95.78502885	4.13443088	0.08054027055	24.5885155	47.11084129	28.30064322	0	0	0	-559.4708543	0.004104235732	-50917.8754581785	
556.9108543	90	7	3	0.9009970939	0.004054441699	95.79490629	4.127240423	0.07785328578	24.2986384	47.28582525	28.41553635	0	0	0	-556.9108543	0.004054441699	-51920.2851664585	
554.3508543	90	7	3	0.9013797923	0.004005604461	95.80498082	4.119795357	0.07522382755	24.01106068	47.45942668	28.52951263	0	0	0	-554.3508543	0.004005604461	-52932.2694805708	
551.7908543	90	7	3	0.9017563962	0.003957696465	95.81525314	4.112095044	0.0726518179	23.72575264	47.63166394	28.64258342	0	0	0	-551.7908543	0.003957696465	-53953.6844366312	
549.2308543	90	7	3	0.9021270515	0.003910691088	95.82572407	4.104138796	0.07013713683	23.44268525	47.80255497	28.75475979	0	0	0	-549.2308543	0.003910691088	-54984.3802418702	
546.6708543	90	7	3	0.9024918995	0.0038645626	95.83639451	4.095925871	0.06767962327	23.16183014	47.97211729	28.86605258	0	0	0	-546.6708543	0.0038645626	-56024.2004656528	
544.1108543	90	7	3	0.9028510764	0.003819286128	95.84726545	4.087455473	0.06527907614	22.88315962	48.140368	28.97647238	0	0	0	-544.1108543	0.003819286128	-57072.9791745534	
541.5508543	90	7	3	0.9032047144	0.003774837618	95.85833799	4.078726756	0.06293525535	22.60664665	48.30732382	29.08602954	0	0	0	-541.5508543	0.003774837618	-58130.5424892096	
538.9908543	90	7	3	0.9035529411	0.003731193805	95.86961329	4.069738825	0.06064788288	22.3322648	48.47300105	29.19473415	0	0	0	-538.9908543	0.003731193805	-59196.7080465356	
536.4308543	90	7	3	0.9038958801	0.003688332178	95.88109262	4.060490734	0.05841664377	22.05998829	48.63741561	29.3025961	0	0	0	-536.4308543	0.003688332178	-60271.2866407408	
533.8708543	90	7	3	0.9042336508	0.003646230955	95.89277732	4.05098149	0.05624118726	21.78979192	48.80058306	29.40962502	0	0	0	-533.8708543	0.003646230955	-61354.0767164813	
531.3108543	90	7	3	0.904566369	0.003604869044	95.90466882	4.041210052	0.05412112782	21.5216511	48.96251856	29.51583034	0	0	0	-531.3108543	0.003604869044	-62444.8685644551	
528.7508543	90	7	3	0.9048941468	0.003564226026	95.91676862	4.031175332	0.05205604627	21.25554182	49.12323693	29.62122124	0	0	0	-528.7508543	0.003564226026	-63543.4451676392	
526.1908543	90	7	3	0.9052170926	0.003524282121	95.92907831	4.020876198	0.0500454909	20.99144065	49.28275264	29.72580672	0	0	0	-526.1908543	0.003524282121	-64649.5754688262	
523.6308543	90	7	3	0.9055353116	0.003485018164	95.94159955	4.010311475	0.04808897853	20.72932469	49.44107978	29.82959553	0	0	0	-523.6308543	0.003485018164	-65763.0187071627	
521.0708543	90	7	3	0.9058489056	0.00344641558	95.95433406	3.999479944	0.0461859957	20.46917163	49.59823212	29.93259625	0	0	0	-521.0708543	0.00344641558	-66883.5260508306	
518.5108543	90	7	3	0.9061579731	0.003408456364	95.96728366	3.988380342	0.04433599976	20.21095967	49.75422309	30.03481723	0	0	0	-518.5108543	0.003408456364	-68010.8348564097	
515.9508543	90	7	3	0.90646261	0.003371123052	95.98045021	3.977011369	0.04253842004	19.95466757	49.9090658	30.13626663	0	0	0	-515.9508543	0.003371123052	-69144.6723954586	
513.3908543	90	7	3	0.9067629087	0.003334398707	95.99383566	3.965371684	0.04079265899	19.70027457	50.06277303	30.23695241	0	0	0	-513.3908543	0.003334398707	-70284.753005944	
510.8308543	90	7	3	0.9070589593	0.00329826689	96.007442	3.953459907	0.03909809335	19.44776044	50.21535722	30.33688233	0	0	0	-510.8308543	0.00329826689	-71430.7778190956	
508.2708543	90	7	3	0.9073508488	0.003262711647	96.0212713	3.941274622	0.03745407528	19.19710548	50.36683054	30.43606398	0	0	0	-508.2708543	0.003262711647	-72582.4367584912	
505.7108543	90	7	3	0.9076386618	0.003227717485	96.03532569	3.928814378	0.03585993359	18.94829043	50.51720482	30.53450474	0	0	0	-505.7108543	0.003227717485	-73739.4063883136	
503.1508543	90	7	3	0.9079224802	0.003193269358	96.04960734	3.916077689	0.03431497486	18.70129656	50.66649161	30.63221183	0	0	0	-503.1508543	0.003193269358	-74901.3505106248	
500.5908543	90	7	3	0.9082023835	0.003159352646	96.06411848	3.903063036	0.03281848465	18.45610559	50.81470215	30.72919226	0	0	0	-500.5908543	0.003159352646	-76067.9152650918	
498.0308543	90	7	3	0.908478449	0.003125953138	96.0788614	3.889768869	0.03136972866	18.21269972	50.9618474	30.82545288	0	0	0	-498.0308543	0.003125953138	-77238.7346542708	
495.4708543	90	7	3	0.9087507515	0.003093057018	96.09383844	3.876193611	0.02996795392	17.97106161	51.10793801	30.92100037	0	0	0	-495.4708543	0.003093057018	-78413.4299630914	
492.9108543	90	7	3	0.9090193637	0.003060650849	96.10905196	3.862335652	0.02861238998	17.73117439	51.25298438	31.01584123	0	0	0	-492.9108543	0.003060650849	-79591.6057343586	
490.3508543	90	7	3	0.9092843562	0.003028721557	96.12450439	3.848193361	0.02730225009	17.4930216	51.39699661	31.10998179	0	0	0	-490.3508543	0.003028721557	-80772.8462886664	
487.7908543	90	7	3	0.9095457974	0.002997256414	96.14019819	3.833765078	0.02603673234	17.25658727	51.53998453	31.2034282	0	0	0	-487.7908543	0.002997256414	-81956.7253859157	
485.2308543	90	7	3	0.9098037539	0.002966243031	96.15613586	3.819049123	0.0248150209	17.02185583	51.6819577	31.29618647	0	0	0	-485.2308543	0.002966243031	-83142.8002629995	
482.6708543	90	7	3	0.9100582903	0.002935669338	96.17231992	3.804043794	0.02363628713	16.78881217	51.82292542	31.38826242	0	0	0	-482.6708543	0.002935669338	-84330.60655457	
480.1108543	90	7	3	0.9103094691	0.002905523574	96.18875294	3.788747371	0.02249969079	16.55744157	51.9628967	31.47966173	0	0	0	-480.1108543	0.002905523574	-85519.6682157496	
477.5508543	90	7	3	0.9105573515	0.002875794276	96.2054375	3.773158117	0.02140438117	16.32772977	52.10188032	31.57038991	0	0	0	-477.5508543	0.002875794276	-86709.4846120081	
474.9908543	90	7	3	0.9108019965	0.002846470261	96.22237622	3.75727428	0.02034949825	16.09966289	52.2398848	31.66045231	0	0	0	-474.9908543	0.002846470261	-87899.5408212135	
472.4308543	90	7	3	0.9110434616	0.002817540623	96.23957173	3.741094098	0.01933417385	15.87322749	52.37691837	31.74985413	0	0	0	-472.4308543	0.002817540623	-89089.3068413173	
469.8708543	90	7	3	0.9112818026	0.002788994716	96.25702667	3.724615796	0.01835753275	15.64841052	52.51298906	31.83860042	0	0	0	-469.8708543	0.002788994716	-90278.2278380998	
467.3108543	90	7	3	0.9115170738	0.002760822145	96.27474371	3.707837594	0.01741869379	15.42519934	52.64810461	31.92669605	0	0	0	-467.3108543	0.002760822145	-91465.7310961119	
464.7508543	90	7	3	0.9117493279	0.002733012755	96.29272552	3.690757705	0.01651677103	15.2035817	52.78227252	32.01414578	0	0	0	-464.7508543	0.002733012755	-92651.224870267	
462.1908543	90	7	3	0.911978616	0.002705556622	96.31097478	3.673374344	0.01565087478	14.98354576	52.91550006	32.10095418	0	0	0	-462.1908543	0.002705556622	-93834.096807572	
459.6308543	90	7	3	0.912204988	0.002678444042	96.32949417	3.655685722	0.01482011274	14.76508006	53.04779424	32.18712571	0	0	0	-459.6308543	0.002678444042	-95013.7162310071	
457.0708543	90	7	3	0.9124284922	0.002651665524	96.34828635	3.637690056	0.01402359098	14.54817353	53.17916183	32.27266464	0	0	0	-457.0708543	0.002651665524	-96189.4307955957	
454.5108543	90	7	3	0.9126491755	0.002625211778	96.36735401	3.619385572	0.01326041507	14.3328155	53.30960938	32.35757512	0	0	0	-454.5108543	0.002625211778	-97360.565485211	
451.9508543	90	7	3	0.9128670836	0.002599073708	96.38669981	3.600770502	0.01252969103	14.11899567	53.43914317	32.44186116	0	0	0	-451.9508543	0.002599073708	-98526.426489545	
449.3908543	90	7	3	0.9130822608	0.002573242403	96.40632638	3.581843095	0.01183052638	13.90670414	53.56776927	32.52552659	0	0	0	-449.3908543	0.002573242403	-99686.3024724749	
446.8308543	90	7	3	0.9132947503	0.002547709131	96.42623635	3.562601614	0.0111620311	13.69593138	53.69549349	32.60857513	0	0	0	-446.8308543	0.002547709131	-100839.453437847	
444.2708543	90	7	3	0.9135045939	0.002522465325	96.44643234	3.543044345	0.01052331858	13.48666825	53.82232142	32.69101034	0	0	0	-444.2708543	0.002522465325	-101985.124113463	
441.7108543	90	7	3	0.9137118323	0.002497502584	96.4669169	3.523169597	0.009913506593	13.27890596	53.9482584	32.77283564	0	0	0	-441.7108543	0.002497502584	-103122.535910141	
439.1508543	90	7	3	0.9139165051	0.002472812656	96.48769257	3.502975708	0.009331718157	13.07263613	54.07330956	32.8540543	0	0	0	-439.1508543	0.002472812656	-104250.889710992	
436.5908543	90	7	3	0.9141186505	0.00244838744	96.50876187	3.482461048	0.008777082453	12.86785075	54.19747978	32.93466946	0	0	0	-436.5908543	0.00244838744	-105369.367777652	
434.0308543	90	7	3	0.914318306	0.002424218971	96.53012724	3.461624026	0.008248735665	12.66454218	54.3207737	33.01468411	0	0	0	-434.0308543	0.002424218971	-106477.125931206	
431.4708543	90	7	3	0.9145155077	0.002400299418	96.55179109	3.44046309	0.00774582182	12.46270316	54.44319574	33.0941011	0	0	0	-431.4708543	0.002400299418	-107573.309577509	
428.9108543	90	7	3	0.9147102908	0.002376621077	96.57375577	3.418976735	0.007267493581	12.26232681	54.56475007	33.17292312	0	0	0	-428.9108543	0.002376621077	-108657.035970666	
426.3508543	90	7	3	0.9149026895	0.002353176361	96.59602358	3.397163508	0.00681291302	12.06340662	54.68544064	33.25115274	0	0	0	-426.3508543	0.002353176361	-109727.405296353	
423.7908543	90	7	3	0.915092737	0.002329957798	96.61859674	3.375022009	0.006381252359	11.86593645	54.80527116	33.32879238	0	0	0	-423.7908543	0.002329957798	-110783.502388805	
421.2308543	90	7	3	0.9152804654	0.002306958022	96.6414774	3.352550904	0.005971694679	11.66991057	54.92424511	33.40584432	0	0	0	-421.2308543	0.002306958022	-111824.390188485	
418.6708543	90	7	3	0.9154659061	0.002284169768	96.66466764	3.329748921	0.005583434591	11.4753236	55.04236573	33.48231068	0	0	0	-418.6708543	0.002284169768	-112849.121700999	
416.1108543	90	7	3	0.9156490892	0.002261585868	96.68816946	3.306614866	0.005215678886	11.28217054	55.159636	33.55819345	0	0	0	-416.1108543	0.002261585868	-113856.725299817	
413.5508543	90	7	3	0.9158300442	0.00223919924	96.71198474	3.283147618	0.00486764714	11.09044681	55.27605871	33.63349448	0	0	0	-413.5508543	0.00223919924	-114846.215423062	
410.9908543	90	7	3	0.9160087997	0.002217002888	96.73611528	3.259346144	0.004538572291	10.90014816	55.39163637	33.70821547	0	0	0	-410.9908543	0.002217002888	-115816.605475268	
408.4308543	90	7	3	0.9161853833	0.002194989896	96.7605628	3.235209501	0.00422770118	10.71127077	55.50637127	33.78235796	0	0	0	-408.4308543	0.002194989896	-116766.88303118	
405.8708543	90	7	3	0.9163598217	0.002173153418	96.78532886	3.210736845	0.003934295055	10.52381119	55.62026544	33.85592337	0	0	0	-405.8708543	0.002173153418	-117696.026333731	
403.3108543	90	7	3	0.916532141	0.002151486678	96.81041494	3.185927434	0.00365763004	10.33776637	55.73332069	33.92891294	0	0	0	-403.3108543	0.002151486678	-118603.007286781	
400.7508543	90	7	3	0.9167023663	0.002129982961	96.83582236	3.16078064	0.003396997573	10.15313364	55.84553856	34.0013278	0	0	0	-400.7508543	0.002129982961	-119486.802083327	
398.1908543	90	7	3	0.9168705219	0.002108635616	96.86155234	3.135295954	0.003151704799	9.969910752	55.95692035	34.0731689	0	0	0	-398.1908543	0.002108635616	-120346.372195671	
395.6308543	90	7	3	0.9170366313	0.00208743804	96.88760593	3.10947299	0.002921074933	9.788095839	56.06746712	34.14443705	0	0	0	-395.6308543	0.00208743804	-121180.663787262	
393.0708543	90	7	3	0.9172007174	0.00206638368	96.91398405	3.083311502	0.002704447587	9.607687446	56.17717966	34.2151329	0	0	0	-393.0708543	0.00206638368	-121988.680598293	
390.5108543	90	7	3	0.9173628022	0.002045466042	96.94068709	3.05681173	0.0025011792	9.428684526	56.28605851	34.28525696	0	0	0	-390.5108543	0.002045466042	-122769.307138841	
387.9508543	90	7	3	0.9175229068	0.002024678632	96.96771632	3.029973037	0.002310642704	9.251086445	56.39410397	34.35480959	0	0	0	-387.9508543	0.002024678632	-123521.510276257	
385.3908543	90	7	3	0.9176810519	0.002004015032	96.99507181	3.002795961	0.002132228631	9.074892986	56.50131605	34.42379096	0	0	0	-385.3908543	0.002004015032	-124244.339061207	
382.8308543	90	7	3	0.9178372572	0.001983468842	97.02275378	2.975280876	0.00196534469	8.900104353	56.60769452	34.49220113	0	0	0	-382.8308543	0.001983468842	-124936.740758793	
380.2708543	90	7	3	0.9179915419	0.001963033691	97.05076225	2.94742833	0.001809416068	8.726721177	56.71323887	34.56003996	0	0	0	-380.2708543	0.001963033691	-125597.716728011	
377.7108543	90	7	3	0.9181439242	0.001942703232	97.07909705	2.919239062	0.001663885532	8.554744519	56.81794831	34.62730717	0	0	0	-377.7108543	0.001942703232	-126226.284287339	
375.1508543	90	7	3	0.9182944219	0.001922471139	97.10775778	2.890714004	0.001528213506	8.384175876	56.92182181	34.69400231	0	0	0	-375.1508543	0.001922471139	-126821.475920079	
372.5908543	90	7	3	0.918443052	0.001902331101	97.13674382	2.861854298	0.001401878112	8.215017188	57.02485804	34.76012478	0	0	0	-372.5908543	0.001902331101	-127382.367463575	
370.0308543	90	7	3	0.9185898308	0.001882276827	97.16605433	2.832661299	0.001284375171	8.047270839	57.12705538	34.82567379	0	0	0	-370.0308543	0.001882276827	-127908.055260939	
367.4708543	90	7	3	0.9187347739	0.001862302032	97.19568819	2.803136594	0.001175218179	7.880939669	57.22841194	34.89064839	0	0	0	-367.4708543	0.001862302032	-128397.65643665	
364.9108543	90	7	3	0.9188778963	0.001842400441	97.22564406	2.773282003	0.001073938244	7.716026972	57.32892555	34.95504748	0	0	0	-364.9108543	0.001842400441	-128850.349539047	
362.3508543	90	7	3	0.9190192124	0.001822565787	97.25592032	2.743099598	0.0009800840004	7.552536509	57.42859373	35.01886977	0	0	0	-362.3508543	0.001822565787	-129265.339174707	
359.7908543	90	7	3	0.9191587359	0.001802791803	97.28651507	2.71259171	0.0008932214802	7.39047251	57.52741371	35.08211378	0	0	0	-359.7908543	0.001802791803	-129641.878426739	
357.2308543	90	7	3	0.9192964797	0.001783072226	97.31742612	2.681760941	0.0008129339674	7.22983968	57.62538243	35.14477789	0	0	0	-357.2308543	0.001783072226	-129979.28120748	
354.6708543	90	7	3	0.9194324564	0.001763400792	97.348651	2.650610177	0.0007388218163	7.070643205	57.72249652	35.20686028	0	0	0	-354.6708543	0.001763400792	-130276.912284839	
352.1108543	90	7	3	0.9195666777	0.001743771236	97.3801869	2.619142597	0.0006705022454	6.912888762	57.81875229	35.26835895	0	0	0	-352.1108543	0.001743771236	-130534.19962798	
349.5508543	90	7	3	0.9196991548	0.00172417729	97.4120307	2.587361688	0.0006076091045	6.756582519	57.91414576	35.32927172	0	0	0	-349.5508543	0.00172417729	-130750.630289878	
346.9908543	90	7	3	0.9198298982	0.001704612681	97.44417895	2.555271256	0.0005497926175	6.601731144	58.00867263	35.38959623	0	0	0	-346.9908543	0.001704612681	-130925.772722219	
344.4308543	90	7	3	0.9199589179	0.001685071135	97.47662785	2.522875435	0.0004967191013	6.448341812	58.10232825	35.44932993	0	0	0	-344.4308543	0.001685071135	-131059.272099794	
341.8708543	90	7	3	0.9200862232	0.001665546373	97.50937322	2.490178707	0.0004480706632	6.296422209	58.1951077	35.5084701	0	0	0	-341.8708543	0.001665546373	-131150.848818388	
339.3108543	90	7	3	0.9202118228	0.001646032114	97.54241055	2.457185907	0.0004035448773	6.145980538	58.28700568	35.56701378	0	0	0	-339.3108543	0.001646032114	-131200.309829717	
336.7508543	90	7	3	0.9203357249	0.001626522074	97.57573491	2.423902238	0.0003628544412	5.997025523	58.37801659	35.62495789	0	0	0	-336.7508543	0.001626522074	-131207.556402539	
334.1908543	90	7	3	0.9204579371	0.001607009971	97.60934099	2.390333287	0.0003257268162	5.849566418	58.46813449	35.68229909	0	0	0	-334.1908543	0.001607009971	-131172.58126575	
331.6308543	90	7	3	0.9205784662	0.001587489523	97.64322307	2.356485031	0.0002919038505	5.703613006	58.5573531	35.73903389	0	0	0	-331.6308543	0.001587489523	-131095.482049865	
329.0708543	90	7	3	0.9206973188	0.001567954457	97.677375	2.322363857	0.0002611413876	5.55917561	58.64566581	35.79515858	0	0	0	-329.0708543	0.001567954457	-130976.457402163	
326.5108543	90	7	3	0.9208145005	0.001548398506	97.71179022	2.287976568	0.0002332088624	5.416265089	58.73306563	35.85066928	0	0	0	-326.5108543	0.001548398506	-130815.81573992	
323.9508543	90	7	3	0.9209300166	0.001528815421	97.74646171	2.2533304	0.0002078888848	5.274892848	58.81954528	35.90556187	0	0	0	-323.9508543	0.001528815421	-130613.980201778	
321.3908543	90	7	3	0.9210438719	0.00150919897	97.78138199	2.218433034	0.0001849768147	5.135070836	58.90509708	35.95983208	0	0	0	-321.3908543	0.00150919897	-130371.485798022	
318.8308543	90	7	3	0.9211560703	0.00148954295	97.81654311	2.183292605	0.0001642803272	4.99681155	58.98971305	36.0134754	0	0	0	-318.8308543	0.00148954295	-130088.986238997	
316.2708543	90	7	3	0.9212666156	0.001469841189	97.85193666	2.147917717	0.0001456189722	4.860128034	59.07338481	36.06648715	0	0	0	-316.2708543	0.001469841189	-129767.2593167	
313.7108543	90	7	3	0.9213755106	0.001450087561	97.88755372	2.112317455	0.0001288237282	4.725033881	59.15610367	36.11886244	0	0	0	-313.7108543	0.001450087561	-129407.215151762	
311.1508543	90	7	3	0.921482758	0.001430275992	97.92338487	2.076501393	0.0001137365527	4.591543229	59.23786058	36.17059619	0	0	0	-311.1508543	0.001430275992	-129009.883211392	
308.5908543	90	7	3	0.9215883595	0.001410400473	97.95942018	2.04047961	0.0001002099304	4.45967076	59.31864613	36.22168311	0	0	0	-308.5908543	0.001410400473	-128576.421853763	
306.0308543	90	7	3	0.9216923168	0.001390455071	97.9956492	2.004262696	8.810642045E-05	4.329431695	59.39845058	36.27211772	0	0	0	-306.0308543	0.001390455071	-128108.123056408	
303.4708543	90	7	3	0.9217946306	0.001370433946	98.03206094	1.967861764	7.729820511E-05	4.200841787	59.47726384	36.32189437	0	0	0	-303.4708543	0.001370433946	-127606.409953033	
300.9108543	90	7	3	0.9218953014	0.001350331364	98.06864387	1.931288462	6.766664E-05	4.073917317	59.55507548	36.3710072	0	0	0	-300.9108543	0.001350331364	-124508.341672288	
300	90	7	3	0.9219307302	0.0004759213066	98.08170025	1.918235246	6.450248212E-05	4.029160684	59.58251598	36.38832333	0	0	0	-300	0.0004759213066	122424.984345159	
