T	w(AL)	w(MG)	w(SI)	fs	fw(@FCC_A1)	w(AL@FCC_A1)	w(MG@FCC_A1)	w(SI@FCC_A1)	w(AL@LIQUID)	w(MG@LIQUID)	w(SI@LIQUID)	dwdT_L(AL@LIQUID)	dwdT_L(MG@LIQUID)	dwdT_L(SI@LIQUID)	-T	fw(@FCC_A1)_1	-T//fw(@FCC_A1)	
K	%	%	%	mole/mole	kg/kg	%	%	%	%	%	%	SI	SI	SI				
875.0657018	88	7	5	0	0	97.97096001	1.637952868	0.3910871244	88	7	5	0.002257448591	-0.001213969201	-0.00104347939	-875.0657018	0	21.9765393699712	
875.0557018	88	7	5	0.0002256015993	0.0002265078432	97.97072788	1.638125262	0.3911468624	87.99774249	7.001214079	5.001043431	0	0	0	-875.0557018	0.0002265078432	66.3206238437094	
875.0357018	88	7	5	0.0006762716031	0.0004526153906	97.97026371	1.638469942	0.3912663461	87.99322737	7.003642091	5.003130541	0	0	0	-875.0357018	0.0004526153906	88.4721089306822	
874.9957018	88	7	5	0.001576604793	0.0009045451059	97.96933554	1.639159173	0.3915052871	87.98419609	7.008498553	5.007305358	0	0	0	-874.9957018	0.0009045451059	88.5655706280454	
874.9157018	88	7	5	0.003373274702	0.001806687246	97.96748099	1.640536044	0.3919829633	87.96612969	7.018212945	5.015657367	0	0	0	-874.9157018	0.001806687246	88.7961448646326	
874.7557018	88	7	5	0.006950702641	0.003603796935	97.9637782	1.643284225	0.3929375759	87.92998151	7.037647618	5.032370874	0	0	0	-874.7557018	0.003603796935	89.269946820302	
874.4357018	88	7	5	0.01404250198	0.007169559662	97.95639779	1.648758377	0.394843838	87.85762361	7.076540602	5.065835788	0	0	0	-874.4357018	0.007169559662	90.3043627989898	
873.7957018	88	7	5	0.02795724729	0.01417114515	97.94174033	1.659614019	0.3986456549	87.71266522	7.154408465	5.13292632	0	0	0	-873.7957018	0.01417114515	92.4326320250844	
872.5157018	88	7	5	0.05479830269	0.02772804818	97.91283045	1.680965633	0.406203916	87.4217634	7.310507088	5.267729514	0	0	0	-872.5157018	0.02772804818	96.6051386794039	
869.9557018	88	7	5	0.1048213971	0.05314799546	97.85661314	1.722249864	0.4211369992	86.8360041	7.624201425	5.539794475	0	0	0	-869.9557018	0.05314799546	-1396.36907901205	
867.3957018	88	7	5	0.1504032843	0.05114555109	97.80245133	1.761748013	0.4358006623	86.24488614	7.940201813	5.814912051	0	0	0	-867.3957018	0.05114555109	-1331.46359958441	
864.8357018	88	7	5	0.1920872814	0.04929124051	97.75031225	1.799493619	0.4501941322	85.64836627	8.258578066	6.09305566	0	0	0	-864.8357018	0.04929124051	-1436.46875421799	
862.2757018	88	7	5	0.2303350286	0.04757118396	97.70016332	1.835520157	0.4643165277	85.04641242	8.579392007	6.374195571	0	0	0	-862.2757018	0.04757118396	-1545.99931985384	
859.7157018	88	7	5	0.2655389425	0.04597084505	97.651972	1.869860892	0.4781671063	84.43900103	8.902697421	6.658301545	0	0	0	-859.7157018	0.04597084505	-1658.98499211688	
857.1557018	88	7	5	0.2980345268	0.04447755936	97.60570586	1.902548943	0.4917451962	83.82611867	9.228539583	6.945341743	0	0	0	-857.1557018	0.04447755936	-1775.1948437737	
854.5957018	88	7	5	0.3281102039	0.04308028369	97.56133245	1.933617396	0.5050501565	83.20776287	9.556955116	7.235282017	0	0	0	-854.5957018	0.04308028369	-1894.38822091408	
852.0357018	88	7	5	0.3560151921	0.04176934115	97.51881926	1.963099399	0.5180813421	82.58394296	9.887971798	7.52808524	0	0	0	-852.0357018	0.04176934115	-2016.29228594134	
849.4757018	88	7	5	0.3819658647	0.04053621354	97.47813368	1.99102825	0.530838073	81.954681	10.22160833	7.823710661	0	0	0	-849.4757018	0.04053621354	-2140.60246220449	
846.9157018	88	7	5	0.4061509214	0.0393733711	97.43924293	2.01743746	0.5433196056	81.3200126	10.5578741	8.122113299	0	0	0	-846.9157018	0.0393733711	-2266.98387648685	
844.3557018	88	7	5	0.4287356201	0.03827413219	97.40211407	2.042360817	0.5555251086	80.67998776	10.89676887	8.42324337	0	0	0	-844.3557018	0.03827413219	-2395.07414952588	
841.7957018	88	7	5	0.4498652634	0.03723254716	97.36671393	2.065832425	0.5674536411	80.0346717	11.23828254	8.727045752	0	0	0	-841.7957018	0.03723254716	-2524.48738539758	
839.2357018	88	7	5	0.4696680868	0.03624330163	97.33300913	2.087886741	0.579104134	79.38414566	11.58239486	9.033459488	0	0	0	-839.2357018	0.03624330163	-2654.81952141259	
836.6757018	88	7	5	0.4882576648	0.03530163575	97.30096603	2.108558597	0.5904753739	78.72850752	11.92907514	9.342417341	0	0	0	-836.6757018	0.03530163575	-2785.65501228212	
834.1157018	88	7	5	0.5057349263	0.03440327642	97.27055079	2.127883217	0.6015659899	78.06787249	12.27828211	9.653845398	0	0	0	-834.1157018	0.03440327642	-2916.57490018784	
831.5557018	88	7	5	0.5221898508	0.03354438036	97.24172934	2.145896214	0.6123744439	77.40237362	12.62996365	9.967662734	0	0	0	-831.5557018	0.03354438036	-3047.16578862317	
828.9957018	88	7	5	0.5377029028	0.03272148588	97.21446739	2.162633586	0.622899023	76.73216217	12.98405669	10.28378114	0	0	0	-828.9957018	0.03272148588	-3177.02964324439	
826.4357018	88	7	5	0.5523462502	0.03193147209	97.18873046	2.1781317	0.6331378355	76.05740796	13.34048712	10.60210492	0	0	0	-826.4357018	0.03193147209	-3305.79401978975	
823.8757018	88	7	5	0.5661848036	0.03117152407	97.16448393	2.192427261	0.6430888103	75.3782994	13.69916982	10.92253078	0	0	0	-823.8757018	0.03117152407	-3433.12238786637	
821.3157018	88	7	5	0.5792771059	0.03043910318	97.14169302	2.205557281	0.6527496991	74.69504354	14.06000868	11.24494778	0	0	0	-821.3157018	0.03043910318	-3558.72391235998	
818.7557018	88	7	5	0.5916760977	0.0297319214	97.12032289	2.217559031	0.6621180818	74.0078658	14.42289682	11.56923739	0	0	0	-818.7557018	0.0297319214	-3682.36227360299	
816.1957018	88	7	5	0.6034297768	0.02904791916	97.10033864	2.228469988	0.6711913759	73.31700959	14.7877168	11.89527361	0	0	0	-816.1957018	0.02904791916	-3803.86323979661	
813.6357018	88	7	5	0.6145817694	0.02838524592	97.08170538	2.238327773	0.6799668489	72.62273574	15.154341	12.22292326	0	0	0	-813.6357018	0.02838524592	-3923.12049506366	
811.0757018	88	7	5	0.6251718255	0.02774224307	97.06438828	2.247170086	0.6884416335	71.92532165	15.52263209	12.55204625	0	0	0	-811.0757018	0.02774224307	-4040.09934594602	
808.5157018	88	7	5	0.6352362506	0.02711742859	97.04835263	2.255034627	0.6966127471	71.22506038	15.89244355	12.88249607	0	0	0	-808.5157018	0.02711742859	-4154.8388207424	
805.9557018	88	7	5	0.6448082821	0.02650948337	97.03356387	2.261959017	0.7044771133	70.52225941	16.26362036	13.21412023	0	0	0	-805.9557018	0.02650948337	-4267.45007746122	
803.3957018	88	7	5	0.6539184187	0.0259172382	97.0199877	2.267980716	0.7120315866	69.81723931	16.63599972	13.54676097	0	0	0	-803.3957018	0.0259172382	-4378.11457508468	
800.8357018	88	7	5	0.662594709	0.02533966235	97.00759009	2.273136932	0.7192729795	69.11033223	17.00941195	13.88025582	0	0	0	-800.8357018	0.02533966235	-4487.07971542974	
798.2757018	88	7	5	0.6708630054	0.02477585226	96.99633737	2.277464533	0.7261980922	68.40188019	17.38368135	14.21443846	0	0	0	-798.2757018	0.02477585226	-4594.64290448899	
795.7157018	88	7	5	0.6787471861	0.02422501901	96.98619632	2.28099992	0.7328037585	67.69223339	17.75862716	14.54913945	0	0	0	-795.7157018	0.02422501901	-4701.17109119568	
793.1557018	88	7	5	0.6862693532	0.02368648427	96.97713401	2.283779223	0.7390867661	66.98174816	18.13406469	14.88418715	0	0	0	-793.1557018	0.02368648427	-4807.13516678224	
790.5957018	88	7	5	0.6934500097	0.0231596774	96.96911841	2.285837366	0.7450442192	66.27078466	18.50980658	15.21940875	0	0	0	-790.5957018	0.0231596774	-4912.82126674027	
788.0357018	88	7	5	0.7003081988	0.02264407251	96.96211765	2.287209282	0.7506730693	65.55970619	18.88566318	15.55463064	0	0	0	-788.0357018	0.02264407251	-5018.75356002172	
785.4757018	88	7	5	0.7068616566	0.02213927488	96.95610069	2.287928739	0.7559705723	64.84887551	19.26144451	15.88967999	0	0	0	-785.4757018	0.02213927488	-5125.51295057295	
782.9157018	88	7	5	0.7131269223	0.02164492944	96.95103712	2.288028747	0.7609341334	64.13865379	19.63696092	16.22438529	0	0	0	-782.9157018	0.02164492944	-5233.48498857884	
780.3557018	88	7	5	0.7191194468	0.02116074815	96.94689722	2.28754141	0.7655613725	63.42939845	20.01202423	16.55857732	0	0	0	-780.3557018	0.02116074815	-5343.19432336259	
777.7957018	88	7	5	0.7248536868	0.02068649546	96.94365199	2.286497861	0.7698501542	62.72146126	20.38644878	16.89208996	0	0	0	-777.7957018	0.02068649546	-5455.13273366415	
775.2357018	88	7	5	0.7303431889	0.02022198054	96.94127318	2.284928207	0.773798616	62.01518662	20.76005238	17.224761	0	0	0	-775.2357018	0.02022198054	-5569.78333777584	
772.6757018	88	7	5	0.7356006639	0.01976704986	96.93973331	2.282861494	0.7774051932	61.31090989	21.13265723	17.55643287	0	0	0	-772.6757018	0.01976704986	-5687.61604963169	
770.1157018	88	7	5	0.7406380535	0.01932158032	96.9390057	2.280325662	0.7806686419	60.60895592	21.50409075	17.88695332	0	0	0	-770.1157018	0.01932158032	-5809.08456092399	
767.5557018	88	7	5	0.7454665893	0.01888547292	96.93906442	2.277347523	0.783588059	59.90963769	21.87418632	18.21617599	0	0	0	-767.5557018	0.01888547292	-5934.62353257297	
764.9957018	88	7	5	0.7500968463	0.01845864694	96.93988436	2.273952742	0.7861628992	59.21325517	22.24278392	18.54396091	0	0	0	-764.9957018	0.01845864694	-6068.03341180258	
762.4357018	88	7	5	0.7545389155	0.01804148565	96.94144061	2.270166125	0.7883932692	58.5200847	22.60973527	18.87018003	0	0	0	-762.4357018	0.01804148565	-6200.65760742914	
759.8757018	88	7	5	0.7588020006	0.01763275593	96.94371089	2.26601024	0.7902788695	57.83041729	22.97488522	19.19469749	0	0	0	-759.8757018	0.01763275593	-6337.59875663269	
757.3157018	88	7	5	0.7628950404	0.01723339164	96.94667171	2.261507766	0.79182052	57.14449844	23.33810195	19.51739962	0	0	0	-757.3157018	0.01723339164	-6485.32791022286	
754.7557018	88	7	5	0.7668264149	0.01684307432	96.95030104	2.256679751	0.7930192123	56.46256795	23.69925652	19.83817553	0	0	0	-754.7557018	0.01684307432	-6636.98060442213	
752.1957018	88	7	5	0.7706040428	0.01646174706	96.95457756	2.251546111	0.7938763326	55.78484952	24.05822839	20.15692209	0	0	0	-752.1957018	0.01646174706	-6794.84502424899	
749.6357018	88	7	5	0.7742354111	0.01608935032	96.95948086	2.2461255	0.794393642	55.11155054	24.41490558	20.47354388	0	0	0	-749.6357018	0.01608935032	-6959.21259465913	
747.0757018	88	7	5	0.7777276015	0.01572581812	96.96499047	2.240436155	0.7945733718	54.44286209	24.76918465	20.78795326	0	0	0	-747.0757018	0.01572581812	-7130.34715544509	
744.5157018	88	7	5	0.7810873148	0.01537107753	96.97108754	2.234494421	0.7944180363	53.77895913	25.12097066	21.10007021	0	0	0	-744.5157018	0.01537107753	-7308.49099545768	
741.9557018	88	7	5	0.7843208934	0.01502504664	96.97775386	2.22831563	0.793930514	53.12000073	25.47017705	21.40982222	0	0	0	-741.9557018	0.01502504664	-7493.86402889726	
739.3957018	88	7	5	0.7874343419	0.01468763455	96.98497079	2.221915033	0.7931141803	52.46613043	25.81672549	21.71714408	0	0	0	-739.3957018	0.01468763455	-7686.68067218113	
736.8357018	88	7	5	0.7904333466	0.01435874158	96.99272112	2.215306217	0.7919726594	51.8174767	26.16054563	22.02197767	0	0	0	-736.8357018	0.01435874158	-7887.13656394813	
734.2757018	88	7	5	0.7933232934	0.01403825848	97.00098799	2.208502063	0.7905099443	51.17415346	26.50157483	22.32427171	0	0	0	-734.2757018	0.01403825848	-8095.40651168047	
731.7157018	88	7	5	0.7961092844	0.01372606686	97.00975504	2.2015146	0.788730356	50.53626066	26.83975791	22.62398143	0	0	0	-731.7157018	0.01372606686	-8311.65652845594	
729.1557018	88	7	5	0.7987961541	0.01342203981	97.01900643	2.194355045	0.786638528	49.90388489	27.17504679	22.92106832	0	0	0	-729.1557018	0.01342203981	-8536.04014409653	
726.5957018	88	7	5	0.8013884834	0.01312604226	97.02872676	2.187033851	0.7842393912	49.27710008	27.50740015	23.21549977	0	0	0	-726.5957018	0.01312604226	-8768.69841764397	
724.0357018	88	7	5	0.8038906142	0.01283793176	97.0389011	2.179560742	0.7815381577	48.65596813	27.83678311	23.50724875	0	0	0	-724.0357018	0.01283793176	-9009.76152558636	
721.4757018	88	7	5	0.8063066617	0.01255755912	97.04951494	2.171944755	0.7785403044	48.04053967	28.16316684	23.79629349	0	0	0	-721.4757018	0.01255755912	-9259.34904244078	
718.9157018	88	7	5	0.8086405275	0.01228476927	97.06055416	2.164194285	0.7752515568	47.4308547	28.48652817	24.08261713	0	0	0	-718.9157018	0.01228476927	-9517.57209175961	
716.3557018	88	7	5	0.8108959105	0.01201940208	97.07200501	2.156317117	0.7716778719	46.82694335	28.80684928	24.36620737	0	0	0	-716.3557018	0.01201940208	-9784.53217238889	
713.7957018	88	7	5	0.8130763185	0.01176129314	97.08385411	2.148320466	0.7678254222	46.22882652	29.12411729	24.64705619	0	0	0	-713.7957018	0.01176129314	-10060.3216592151	
711.2357018	88	7	5	0.815185078	0.01151027458	97.09608841	2.140211015	0.7637005793	45.6365166	29.43832393	24.92515947	0	0	0	-711.2357018	0.01151027458	-10345.0262492448	
708.6757018	88	7	5	0.8172253443	0.01126617592	97.10869516	2.131994944	0.7593098978	45.0500181	29.74946517	25.20051674	0	0	0	-708.6757018	0.01126617592	-10638.7234746771	
706.1157018	88	7	5	0.8192001109	0.01102882474	97.12166193	2.123677969	0.7546600995	44.46932828	30.0575409	25.47313082	0	0	0	-706.1157018	0.01102882474	-10941.4838831101	
703.5557018	88	7	5	0.8211122179	0.01079804748	97.13497657	2.115265369	0.7497580585	43.89443779	30.36255463	25.74300758	0	0	0	-703.5557018	0.01079804748	-11253.3709103897	
700.9957018	88	7	5	0.8229643608	0.01057367002	97.1486272	2.106762016	0.7446107861	43.32533125	30.6645131	26.01015565	0	0	0	-700.9957018	0.01057367002	-11574.4412558395	
698.4357018	88	7	5	0.8247590979	0.01035551837	97.16260218	2.098172402	0.7392254164	42.76198777	30.96342609	26.27458614	0	0	0	-698.4357018	0.01035551837	-11904.7476106689	
695.8757018	88	7	5	0.8264988581	0.01014341925	97.17689014	2.089500669	0.7336091924	42.20438151	31.25930606	26.53631244	0	0	0	-695.8757018	0.01014341925	-12244.3313571849	
693.3157018	88	7	5	0.8281859477	0.009937200403	97.19147992	2.080750629	0.7277694526	41.65248216	31.55216791	26.79534992	0	0	0	-693.3157018	0.009937200403	-12593.2331932886	
690.7557018	88	7	5	0.8298225572	0.009736691413	97.20636059	2.071925789	0.7217136183	41.10625543	31.84202877	27.0517158	0	0	0	-690.7557018	0.009736691413	-12951.4874102196	
688.1957018	88	7	5	0.8314107674	0.009541723756	97.22152145	2.063029371	0.7154491809	40.56566344	32.1289077	27.30542886	0	0	0	-688.1957018	0.009541723756	-13319.1187829897	
685.6357018	88	7	5	0.8329525557	0.009352131359	97.23695197	2.054064337	0.7089836905	40.03066517	32.41282551	27.55650932	0	0	0	-685.6357018	0.009352131359	-13696.1506446939	
683.0757018	88	7	5	0.8344498014	0.009167750849	97.25264186	2.0450334	0.7023247439	39.50121682	32.69380456	27.80497862	0	0	0	-683.0757018	0.009167750849	-14082.5991868392	
680.5157018	88	7	5	0.8359042912	0.00898842182	97.26858098	2.03593905	0.6954799744	38.97727217	32.97186855	28.05085928	0	0	0	-680.5157018	0.00898842182	-14478.4754743053	
677.9557018	88	7	5	0.837317724	0.00881398706	97.2847594	2.026783561	0.688457041	38.4587829	33.24704237	28.29417473	0	0	0	-677.9557018	0.00881398706	-14883.7855225773	
675.3957018	88	7	5	0.8386917161	0.008644292737	97.30116736	2.017569016	0.6812636187	37.94569888	33.51935193	28.53494919	0	0	0	-675.3957018	0.008644292737	-15298.5299779951	
672.8357018	88	7	5	0.8400278051	0.008479188543	97.3177953	2.008297314	0.6739073886	37.43796847	33.78882398	28.77320755	0	0	0	-672.8357018	0.008479188543	-15722.7042194505	
670.2757018	88	7	5	0.8413274545	0.008318527814	97.33463379	1.998970183	0.6663960297	36.93553876	34.05548602	29.00897522	0	0	0	-670.2757018	0.008318527814	-16156.2987102814	
667.7157018	88	7	5	0.8425920577	0.00816216762	97.35167359	1.989589198	0.6587372095	36.43835582	34.31936615	29.24227804	0	0	0	-667.7157018	0.00816216762	-16599.2987146159	
665.1557018	88	7	5	0.8438229415	0.008009968823	97.36890564	1.980155786	0.6509385761	35.94636487	34.58049294	29.47314219	0	0	0	-665.1557018	0.008009968823	-17051.6843000136	
662.5957018	88	7	5	0.8450213701	0.007861796117	97.38632101	1.97067124	0.6430077503	35.45951052	34.83889538	29.70159411	0	0	0	-662.5957018	0.007861796117	-17513.4305512096	
660.0357018	88	7	5	0.8461885479	0.007717518046	97.40391095	1.961136727	0.6349523184	34.97773693	35.09460269	29.92766038	0	0	0	-660.0357018	0.007717518046	-17984.5074909829	
657.4757018	88	7	5	0.8473256232	0.007577007003	97.42166688	1.951553297	0.6267798247	34.50098797	35.34764435	30.15136768	0	0	0	-657.4757018	0.007577007003	-18464.8799787295	
654.9157018	88	7	5	0.8484336906	0.007440139212	97.43958034	1.941921892	0.6184977648	34.02920737	35.5980499	30.37274273	0	0	0	-654.9157018	0.007440139212	-18954.5077674126	
652.3557018	88	7	5	0.8495137945	0.007306794698	97.45764307	1.932243354	0.6101135794	33.56233884	35.84584896	30.5918122	0	0	0	-652.3557018	0.007306794698	-19453.3456341707	
649.7957018	88	7	5	0.8505669314	0.007176857245	97.47584692	1.922518429	0.6016346477	33.1003262	36.09107112	30.80860268	0	0	0	-649.7957018	0.007176857245	-19961.3431038273	
647.2357018	88	7	5	0.8515940521	0.00705021434	97.49418394	1.912747778	0.593068282	32.64311348	36.33374591	31.02314061	0	0	0	-647.2357018	0.00705021434	-20478.4446856149	
644.6757018	88	7	5	0.8525960648	0.006926757115	97.5126463	1.902931981	0.5844217216	32.19064501	36.57390271	31.23545228	0	0	0	-644.6757018	0.006926757115	-21004.5898264523	
642.1157018	88	7	5	0.8535738366	0.006806380275	97.53122633	1.89307154	0.575702128	31.74286552	36.81157073	31.44556375	0	0	0	-642.1157018	0.006806380275	-21539.7126182674	
639.5557018	88	7	5	0.8545281961	0.006688982023	97.54991653	1.88316689	0.5669165792	31.29972022	37.04677896	31.65350082	0	0	0	-639.5557018	0.006688982023	-22083.7421780104	
636.9957018	88	7	5	0.8554599353	0.006574463982	97.56870954	1.873218398	0.5580720653	30.86115483	37.27955614	31.85928903	0	0	0	-636.9957018	0.006574463982	-22636.6024152188	
634.4357018	88	7	5	0.8563698112	0.006462731109	97.58759814	1.863226371	0.5491754838	30.42711566	37.50993072	32.06295362	0	0	0	-634.4357018	0.006462731109	-23198.2119064183	
631.8757018	88	7	5	0.8572585478	0.006353691609	97.6065753	1.853191061	0.540233635	29.9975497	37.73793083	32.26451947	0	0	0	-631.8757018	0.006353691609	-23768.4841573867	
629.3157018	88	7	5	0.8581268379	0.006247256847	97.62563412	1.843112663	0.531253218	29.57240459	37.96358426	32.46401116	0	0	0	-629.3157018	0.006247256847	-24347.3275610952	
626.7557018	88	7	5	0.8589753444	0.006143341258	97.64476785	1.832991327	0.5222408266	29.15162871	38.18691842	32.66145286	0	0	0	-626.7557018	0.006143341258	-24934.645182979	
624.1957018	88	7	5	0.859804702	0.006041862255	97.6639699	1.822827156	0.5132029456	28.73517122	38.40796037	32.85686841	0	0	0	-624.1957018	0.006041862255	-25530.3347391247	
621.6357018	88	7	5	0.8606155183	0.005942740138	97.68323384	1.812620208	0.5041459473	28.32298205	38.62673672	33.05028123	0	0	0	-621.6357018	0.005942740138	-26134.288826183	
619.0757018	88	7	5	0.8614083756	0.005845898004	97.70255341	1.802370505	0.4950760877	27.91501194	38.84327372	33.24171434	0	0	0	-619.0757018	0.005845898004	-26746.3946682128	
616.5157018	88	7	5	0.8621838317	0.005751261655	97.72192247	1.79207803	0.4859995039	27.51121249	39.05759714	33.43119037	0	0	0	-616.5157018	0.005751261655	-27366.5343376088	
613.9557018	88	7	5	0.8629424216	0.005658759511	97.74133506	1.781742732	0.4769222102	27.11153612	39.26973234	33.61873154	0	0	0	-613.9557018	0.005658759511	-27994.5846919368	
611.3957018	88	7	5	0.8636846579	0.00556832252	97.76078538	1.771364528	0.4678500962	26.71593614	39.47970424	33.80435962	0	0	0	-611.3957018	0.00556832252	-28630.4174943667	
608.8357018	88	7	5	0.8644110326	0.005479884074	97.78026777	1.760943307	0.4587889233	26.32436671	39.6875373	33.98809599	0	0	0	-608.8357018	0.005479884074	-29273.8986591445	
606.2757018	88	7	5	0.8651220177	0.005393379918	97.79977675	1.750478928	0.4497443226	25.93678287	39.89325553	34.1699616	0	0	0	-606.2757018	0.005393379918	-29924.8894415535	
603.7157018	88	7	5	0.8658180661	0.005308748076	97.81930698	1.739971229	0.4407217921	25.55314056	40.09688246	34.34997697	0	0	0	-603.7157018	0.005308748076	-30583.2456195365	
601.1557018	88	7	5	0.8664996128	0.00522592876	97.83885328	1.72942002	0.4317266951	25.1733966	40.29844119	34.52816221	0	0	0	-601.1557018	0.00522592876	-31248.8173657074	
598.5957018	88	7	5	0.8671670755	0.005144864298	97.85841065	1.718825094	0.4227642575	24.79750869	40.49795433	34.70453697	0	0	0	-598.5957018	0.005144864298	-31921.4507165417	
596.0357018	88	7	5	0.8678208554	0.005065499056	97.87797421	1.708186223	0.4138395663	24.42543542	40.69544405	34.87912053	0	0	0	-596.0357018	0.005065499056	-32600.9855301401	
593.4757018	88	7	5	0.8684613382	0.004987779359	97.89753927	1.69750316	0.4049575677	24.05713625	40.89093204	35.05193171	0	0	0	-593.4757018	0.004987779359	-33287.256829328	
590.9157018	88	7	5	0.8690888945	0.004911653424	97.91710129	1.686775645	0.3961230653	23.69257153	41.08443954	35.22298893	0	0	0	-590.9157018	0.004911653424	-33980.0946135958	
588.3557018	88	7	5	0.8697038809	0.004837071285	97.93665588	1.676003402	0.3873407191	23.33170248	41.27598732	35.3923102	0	0	0	-588.3557018	0.004837071285	-34679.6721130262	
585.7957018	88	7	5	0.8703066404	0.004763986154	97.95619881	1.665186144	0.3786150432	22.97449118	41.46559572	35.5599131	0	0	0	-585.7957018	0.004763986154	-35385.0759409631	
583.2357018	88	7	5	0.8708975025	0.004692348562	97.97572602	1.65432357	0.3699504063	22.62090056	41.65328461	35.72581483	0	0	0	-583.2357018	0.004692348562	-36088.2328447438	
580.6757018	88	7	5	0.8714767811	0.004622085045	97.99523366	1.643415292	0.3613510506	22.2708965	41.83907227	35.89003123	0	0	0	-580.6757018	0.004622085045	-36814.1058238172	
578.1157018	88	7	5	0.8720447891	0.004553242413	98.01471785	1.632461139	0.3528210098	21.92443927	42.02298002	36.05258071	0	0	0	-578.1157018	0.004553242413	-37544.3946429427	
575.5557018	88	7	5	0.8726018172	0.004485688795	98.03417505	1.621460719	0.3443642258	21.58149659	42.20502519	36.21347822	0	0	0	-575.5557018	0.004485688795	-38264.8517419289	
572.9957018	88	7	5	0.8731481488	0.00441941373	98.05360182	1.610413706	0.3359844727	21.24203472	42.3852259	36.37273938	0	0	0	-572.9957018	0.00441941373	-38995.003647404	
570.4357018	88	7	5	0.8736840554	0.004354366948	98.07299491	1.599319703	0.3276853904	20.90602058	42.56359964	36.53037977	0	0	0	-570.4357018	0.004354366948	-39743.4542754163	
567.8757018	88	7	5	0.8742098055	0.004290563492	98.09235099	1.588178613	0.3194703949	20.57342105	42.74016476	36.68641419	0	0	0	-567.8757018	0.004290563492	-40483.5359109474	
565.3157018	88	7	5	0.8747256466	0.004227876089	98.11166729	1.576989829	0.3113428765	20.24420742	42.9149364	36.84085619	0	0	0	-565.3157018	0.004227876089	-41222.4790449914	
562.7557018	88	7	5	0.8752318257	0.004166338144	98.1309409	1.565753113	0.3033059843	19.91834762	43.08793177	36.99372061	0	0	0	-562.7557018	0.004166338144	-41980.811374329	
560.1957018	88	7	5	0.8757285785	0.004105895923	98.15016913	1.554468128	0.2953627424	19.59581184	43.25916688	37.14502128	0	0	0	-560.1957018	0.004105895923	-42737.425918914	
557.6357018	88	7	5	0.8762161328	0.004046517922	98.16934943	1.543134549	0.2875160224	19.27657102	43.42865736	37.29477162	0	0	0	-557.6357018	0.004046517922	-43498.1634482549	
555.0757018	88	7	5	0.8766947081	0.003988171719	98.1884794	1.531752052	0.2797685473	18.96059682	43.59641845	37.44298472	0	0	0	-555.0757018	0.003988171719	-44262.3438294925	
552.5157018	88	7	5	0.8771645164	0.00393082665	98.20755679	1.520320319	0.2721228911	18.64786165	43.76246498	37.58967337	0	0	0	-552.5157018	0.00393082665	-45029.9690482857	
549.9557018	88	7	5	0.8776257623	0.003874453067	98.22657948	1.508839039	0.2645814793	18.33833859	43.92681142	37.73484999	0	0	0	-549.9557018	0.003874453067	-45800.7964384281	
547.3957018	88	7	5	0.8780786433	0.003819022301	98.2455455	1.497307912	0.2571465896	18.03200144	44.08947184	37.87852672	0	0	0	-547.3957018	0.003819022301	-46574.5817508224	
544.8357018	88	7	5	0.8785233503	0.003764506628	98.264453	1.485726648	0.249820353	17.72882469	44.25045998	38.02071534	0	0	0	-544.8357018	0.003764506628	-47351.0773369036	
542.2757018	88	7	5	0.8789600676	0.00371087923	98.28330028	1.474094968	0.2426047547	17.42878348	44.40978917	38.16142735	0	0	0	-542.2757018	0.00371087923	-48130.0311276784	
539.7157018	88	7	5	0.8793889733	0.003658114161	98.30208576	1.462412608	0.2355016355	17.13185363	44.56747242	38.30067394	0	0	0	-539.7157018	0.003658114161	-48911.1894693797	
537.1557018	88	7	5	0.8798102396	0.003606186317	98.32080799	1.45067932	0.2285126929	16.83801161	44.72352239	38.43846601	0	0	0	-537.1557018	0.003606186317	-49694.2961153274	
534.5957018	88	7	5	0.8802240329	0.003555071402	98.33946565	1.43889487	0.2216394824	16.54723449	44.87795137	38.57481414	0	0	0	-534.5957018	0.003555071402	-50479.0923016142	
532.0357018	88	7	5	0.8806305141	0.0035047459	98.35805753	1.427059047	0.2148834196	16.2595	45.03077135	38.70972865	0	0	0	-532.0357018	0.0035047459	-51265.317586486	
529.4757018	88	7	5	0.8810298388	0.003455187045	98.37658256	1.415171656	0.2082457811	15.97478647	45.18199396	38.84321957	0	0	0	-529.4757018	0.003455187045	-52052.709498355	
526.9157018	88	7	5	0.8814221576	0.003406372794	98.39503977	1.403232525	0.201727707	15.69307281	45.33163052	38.97529667	0	0	0	-526.9157018	0.003406372794	-52841.0046418928	
524.3557018	88	7	5	0.8818076159	0.003358281801	98.41342829	1.391241505	0.1953302023	15.41433854	45.47969203	39.10596943	0	0	0	-524.3557018	0.003358281801	-53629.9383564479	
521.7957018	88	7	5	0.8821863548	0.003310893391	98.43174739	1.379198475	0.1890541391	15.13856374	45.62618917	39.23524709	0	0	0	-521.7957018	0.003310893391	-54419.2461345211	
519.2357018	88	7	5	0.8825585106	0.003264187538	98.44999641	1.367103336	0.1829002587	14.86572905	45.77113233	39.36313861	0	0	0	-519.2357018	0.003264187538	-55208.6614839231	
516.6757018	88	7	5	0.8829242154	0.003218144837	98.46817481	1.35495602	0.1768691736	14.59581568	45.91453159	39.48965273	0	0	0	-516.6757018	0.003218144837	-55997.9188075952	
514.1157018	88	7	5	0.8832835968	0.003172746488	98.48628214	1.342756489	0.1709613702	14.32880536	46.05639673	39.61479791	0	0	0	-514.1157018	0.003172746488	-56786.7535600579	
511.5557018	88	7	5	0.8836367788	0.00312797427	98.50431805	1.330504738	0.1651772111	14.06468036	46.19673725	39.7385824	0	0	0	-511.5557018	0.00312797427	-57574.9018973582	
508.9957018	88	7	5	0.8839838811	0.003083810525	98.52228227	1.318200795	0.1595169372	13.80342345	46.33556237	39.86101419	0	0	0	-508.9957018	0.003083810525	-58362.1001885682	
506.4357018	88	7	5	0.8843250199	0.003040238133	98.54017461	1.305844722	0.1539806707	13.54501792	46.47288102	39.98210106	0	0	0	-506.4357018	0.003040238133	-59148.0886743895	
503.8757018	88	7	5	0.8846603077	0.002997240502	98.55799496	1.29343662	0.1485684178	13.28944755	46.60870189	40.10185056	0	0	0	-503.8757018	0.002997240502	-59932.6090414907	
501.3157018	88	7	5	0.8849898535	0.002954801541	98.5757433	1.280976631	0.1432800713	13.03669661	46.74303337	40.22027002	0	0	0	-501.3157018	0.002954801541	-60715.4035480801	
498.7557018	88	7	5	0.885313763	0.002912905649	98.59341965	1.268464936	0.1381154134	12.78674983	46.87588361	40.33736656	0	0	0	-498.7557018	0.002912905649	-61496.2225662531	
496.1957018	88	7	5	0.8856321385	0.0028715377	98.61102412	1.25590176	0.1330741186	12.53959242	47.0072605	40.45314708	0	0	0	-496.1957018	0.0028715377	-62274.8162310295	
493.6357018	88	7	5	0.8859450795	0.002830683021	98.62855687	1.243287373	0.1281557569	12.29521002	47.13717168	40.5676183	0	0	0	-493.6357018	0.002830683021	-63050.9407679195	
491.0757018	88	7	5	0.886252682	0.002790327386	98.64601811	1.230622093	0.1233597966	12.05358872	47.26562456	40.68078673	0	0	0	-491.0757018	0.002790327386	-63824.3583529591	
488.5157018	88	7	5	0.8865550396	0.002750456995	98.66340811	1.217906287	0.1186856077	11.81471503	47.39262629	40.79265867	0	0	0	-488.5157018	0.002750456995	-64594.835659597	
485.9557018	88	7	5	0.8868522427	0.002711058466	98.68072716	1.205140371	0.1141324647	11.57857591	47.51818382	40.90324026	0	0	0	-485.9557018	0.002711058466	-65362.1478396722	
483.3957018	88	7	5	0.8871443793	0.00267211882	98.69797563	1.192324817	0.10969955	11.3451587	47.64230385	41.01253745	0	0	0	-483.3957018	0.00267211882	-66126.0733939134	
480.8357018	88	7	5	0.8874315346	0.002633625467	98.71515389	1.179460152	0.1053859572	11.11445114	47.76499287	41.12055599	0	0	0	-480.8357018	0.002633625467	-66886.4022322844	
478.2757018	88	7	5	0.8877137912	0.002595566201	98.73226235	1.166546958	0.1011906943	10.88644137	47.88625715	41.22730148	0	0	0	-478.2757018	0.002595566201	-67642.9317229871	
475.7157018	88	7	5	0.8879912294	0.002557929182	98.74930143	1.153585878	0.0971126872	10.6611179	48.00610276	41.33277935	0	0	0	-475.7157018	0.002557929182	-68395.4667828616	
473.1557018	88	7	5	0.8882639272	0.002520702931	98.7662716	1.140577617	0.09315078285	10.4384696	48.12453555	41.43699485	0	0	0	-473.1557018	0.002520702931	-69143.826482108	
470.5957018	88	7	5	0.8885319602	0.00248387632	98.78317331	1.127522942	0.08930375281	10.21848571	48.24156119	41.5399531	0	0	0	-470.5957018	0.00248387632	-69887.8376353294	
468.0357018	88	7	5	0.8887954018	0.00244743856	98.80000702	1.114422686	0.08557029664	10.0011558	48.35718515	41.64165905	0	0	0	-468.0357018	0.00244743856	-70627.3372928342	
465.4757018	88	7	5	0.8890543234	0.002411379194	98.81677321	1.101277749	0.08194904534	9.786469799	48.47141272	41.74211748	0	0	0	-465.4757018	0.002411379194	-71362.1772631785	
462.9157018	88	7	5	0.8893087942	0.00237568809	98.83347233	1.088089101	0.07843856478	9.574417932	48.584249	41.84133307	0	0	0	-462.9157018	0.00237568809	-72092.2179811053	
460.3557018	88	7	5	0.8895588815	0.002340355428	98.85010486	1.074857784	0.07503735917	9.364990751	48.69569891	41.93931033	0	0	0	-460.3557018	0.002340355428	-72817.3439897408	
457.7957018	88	7	5	0.8898046506	0.002305371708	98.86667121	1.061584912	0.07174387457	9.158179112	48.80576723	42.03605366	0	0	0	-457.7957018	0.002305371708	-73537.4574807095	
455.2357018	88	7	5	0.8900461652	0.002270727731	98.88317182	1.048271675	0.06855650232	8.953974157	48.91445855	42.13156729	0	0	0	-455.2357018	0.002270727731	-74252.4620197239	
452.6757018	88	7	5	0.890283487	0.002236414591	98.89960708	1.034919342	0.06547358249	8.75236731	49.0217773	42.22585539	0	0	0	-452.6757018	0.002236414591	-74962.2840334888	
450.1157018	88	7	5	0.8905166759	0.002202423677	98.91597733	1.021529259	0.06249340733	8.553350263	49.12772779	42.31892195	0	0	0	-450.1157018	0.002202423677	-75666.86953353	
447.5557018	88	7	5	0.8907457902	0.002168746662	98.93228292	1.008102855	0.05961422474	8.356914965	49.23231415	42.41077089	0	0	0	-447.5557018	0.002168746662	-76366.1801949139	
444.9957018	88	7	5	0.8909708869	0.002135375501	98.94852412	0.9946416388	0.05683424162	8.163053612	49.33554039	42.501406	0	0	0	-444.9957018	0.002135375501	-77060.1997687115	
442.4357018	88	7	5	0.8911920209	0.002102302426	98.96470117	0.9811472077	0.05415162729	7.971758631	49.43741038	42.59083099	0	0	0	-442.4357018	0.002102302426	-77748.9332677401	
439.8757018	88	7	5	0.891409246	0.002069519943	98.98081424	0.9676212432	0.05156451683	7.783022672	49.53792788	42.67904944	0	0	0	-439.8757018	0.002069519943	-78432.4069829092	
437.3157018	88	7	5	0.8916226144	0.002037020827	98.99686347	0.9540655155	0.04907101441	7.596838593	49.63709652	42.76606488	0	0	0	-437.3157018	0.002037020827	-79110.6673652846	
434.7557018	88	7	5	0.8918321769	0.002004798118	99.01284892	0.940481884	0.04666919657	7.413199449	49.73491982	42.85188073	0	0	0	-434.7557018	0.002004798118	-79783.7884520199	
432.1957018	88	7	5	0.8920379831	0.001972845122	99.02877059	0.9268722994	0.04435711544	7.232098478	49.83140119	42.93650033	0	0	0	-432.1957018	0.001972845122	-80451.8669740063	
429.6357018	88	7	5	0.8922400811	0.001941155403	99.04462839	0.9132388046	0.04213280196	7.053529091	49.92654394	43.01992697	0	0	0	-429.6357018	0.001941155403	-81115.0253341705	
427.0757018	88	7	5	0.8924385178	0.001909722786	99.06042219	0.8995835364	0.03999426896	6.877484851	50.02035132	43.10216383	0	0	0	-427.0757018	0.001909722786	-81773.4139551478	
424.5157018	88	7	5	0.892633339	0.001878541351	99.07615176	0.8859087264	0.03793951433	6.703959469	50.11282645	43.18321408	0	0	0	-424.5157018	0.001878541351	-82427.2079334785	
421.9557018	88	7	5	0.8928245891	0.001847605433	99.09181677	0.8722167021	0.03596652397	6.532946784	50.20397241	43.26308081	0	0	0	-421.9557018	0.001847605433	-83076.6136032401	
419.3957018	88	7	5	0.8930123117	0.001816909621	99.10741684	0.8585098881	0.03407327477	6.364440747	50.29379219	43.34176706	0	0	0	-419.3957018	0.001816909621	-83721.8676499425	
416.8357018	88	7	5	0.8931965492	0.001786448757	99.12295146	0.8447908065	0.03225773753	6.198435414	50.38228875	43.41927583	0	0	0	-416.8357018	0.001786448757	-84363.2388524587	
414.2757018	88	7	5	0.8933773427	0.001756217936	99.13842004	0.831062078	0.03051787973	6.034924921	50.46946497	43.49561011	0	0	0	-414.2757018	0.001756217936	-85001.0241597976	
411.7157018	88	7	5	0.8935547327	0.001726212502	99.15382191	0.8173264221	0.02885166835	5.873903479	50.5553237	43.57077282	0	0	0	-411.7157018	0.001726212502	-85635.5562125254	
409.1557018	88	7	5	0.8937287585	0.001696428053	99.16915627	0.8035866576	0.02725707248	5.715365347	50.63986774	43.64476691	0	0	0	-409.1557018	0.001696428053	-86267.2020953829	
406.5957018	88	7	5	0.8938994587	0.001666860436	99.18442223	0.7898457029	0.02573206597	5.559304826	50.7230999	43.71759527	0	0	0	-406.5957018	0.001666860436	-86896.3627688135	
404.0357018	88	7	5	0.8940668708	0.001637505751	99.19961879	0.7761065758	0.02427462989	5.405716235	50.80502294	43.78926082	0	0	0	-404.0357018	0.001637505751	-87523.4776497364	
401.4757018	88	7	5	0.8942310315	0.001608360349	99.21474485	0.7623723937	0.02288275501	5.254593899	50.88563963	43.85976647	0	0	0	-401.4757018	0.001608360349	-88149.0256192356	
398.9157018	88	7	5	0.8943919768	0.001579420836	99.22979918	0.7486463728	0.02155444412	5.105932128	50.96495273	43.92911514	0	0	0	-398.9157018	0.001579420836	-88773.5193104453	
396.3557018	88	7	5	0.894549742	0.001550684067	99.24478046	0.7349318277	0.0202877143	4.959725201	51.04296502	43.99730978	0	0	0	-396.3557018	0.001550684067	-89397.5154359046	
393.7957018	88	7	5	0.8947043615	0.001522147156	99.25968723	0.7212321709	0.01908059904	4.815967347	51.11967932	44.06435334	0	0	0	-393.7957018	0.001522147156	-90021.6152073723	
391.2357018	88	7	5	0.894855869	0.00149380747	99.27451794	0.7075509112	0.01793115039	4.674652726	51.19509844	44.13024883	0	0	0	-391.2357018	0.00149380747	-90646.4564598714	
388.6757018	88	7	5	0.8950042979	0.001465662633	99.28927091	0.693891653	0.01683744088	4.535775411	51.26922528	44.19499931	0	0	0	-388.6757018	0.001465662633	-91272.7253809653	
386.1157018	88	7	5	0.8951496804	0.001437710527	99.30394434	0.6802580946	0.01579756542	4.399329368	51.34206276	44.25860787	0	0	0	-386.1157018	0.001437710527	-91901.1548030227	
383.5557018	88	7	5	0.8952920488	0.001409949294	99.31853633	0.6666540264	0.01480964311	4.265308435	51.41361388	44.32107768	0	0	0	-383.5557018	0.001409949294	-92532.5238781524	
380.9957018	88	7	5	0.8954314342	0.001382377336	99.33304485	0.6530833288	0.01387181891	4.133706302	51.48388172	44.38241198	0	0	0	-380.9957018	0.001382377336	-93167.6579015773	
378.4357018	88	7	5	0.8955678677	0.001354993316	99.34746776	0.6395499702	0.01298226524	4.004516492	51.55286943	44.44261407	0	0	0	-378.4357018	0.001354993316	-93807.4402256303	
375.8757018	88	7	5	0.8957013797	0.001327796164	99.36180281	0.6260580041	0.01213918348	3.877732337	51.62058028	44.50168738	0	0	0	-375.8757018	0.001327796164	-94452.8056051046	
373.3157018	88	7	5	0.8958320001	0.001300785073	99.37604763	0.6126115665	0.0113408054	3.753346958	51.68701763	44.55963541	0	0	0	-373.3157018	0.001300785073	-95104.7355549798	
370.7557018	88	7	5	0.8959597586	0.001273959501	99.39019973	0.5992148726	0.01058539439	3.631353243	51.75218499	44.61646177	0	0	0	-370.7557018	0.001273959501	-95764.2762236087	
368.1957018	88	7	5	0.8960846844	0.001247319176	99.40425654	0.5858722132	0.009871246751	3.511743824	51.81608597	44.67217021	0	0	0	-368.1957018	0.001247319176	-96432.5340800975	
365.6357018	88	7	5	0.8962068063	0.001220864094	99.41821536	0.5725879514	0.009196692732	3.394511055	51.87872436	44.72676459	0	0	0	-365.6357018	0.001220864094	-97110.6736965049	
363.0757018	88	7	5	0.8963261529	0.001194594521	99.43207338	0.5593665179	0.008560097582	3.279646989	51.94010409	44.78024892	0	0	0	-363.0757018	0.001194594521	-97799.9281396713	
360.5157018	88	7	5	0.8964427526	0.001168510995	99.44582773	0.546212407	0.007959862447	3.167143356	52.00022926	44.83262738	0	0	0	-360.5157018	0.001168510995	-98501.5894495242	
357.9557018	88	7	5	0.8965566333	0.001142614321	99.4594754	0.5331301718	0.007394425195	3.056991537	52.05910419	44.88390427	0	0	0	-357.9557018	0.001142614321	-99217.0299968514	
355.3957018	88	7	5	0.8966678231	0.001116905582	99.47301332	0.520124419	0.006862261139	2.949182541	52.11673335	44.93408411	0	0	0	-355.3957018	0.001116905582	-99947.6929191527	
352.8357018	88	7	5	0.8967763494	0.001091386127	99.48643831	0.5071998037	0.006361883669	2.843706984	52.17312146	44.98317156	0	0	0	-352.8357018	0.001091386127	-100695.09410806	
350.2757018	88	7	5	0.8968822401	0.00106605758	99.49974713	0.4943610235	0.005891844799	2.740555063	52.22827344	45.0311715	0	0	0	-350.2757018	0.00106605758	-101460.838277066	
347.7157018	88	7	5	0.8969855224	0.001040921834	99.51293645	0.4816128126	0.005450735613	2.639716529	52.28219447	45.078089	0	0	0	-347.7157018	0.001040921834	-102246.613971277	
345.1557018	88	7	5	0.8970862237	0.001015981054	99.52600288	0.4689599354	0.005037186634	2.541180671	52.33488995	45.12392938	0	0	0	-345.1557018	0.001015981054	-103054.200460355	
342.5957018	88	7	5	0.8971843715	0.0009912376715	99.53894295	0.4564071798	0.004649868102	2.444936285	52.38636558	45.16869813	0	0	0	-342.5957018	0.0009912376715	-103885.470800076	
340.0357018	88	7	5	0.897279993	0.0009666943853	99.55175316	0.4439593502	0.004287490173	2.350971652	52.43662732	45.21240103	0	0	0	-340.0357018	0.0009666943853	-104742.403509629	
337.4757018	88	7	5	0.8973731155	0.000942354158	99.56442994	0.4316212602	0.003948803032	2.259274516	52.48568142	45.25504407	0	0	0	-337.4757018	0.000942354158	-105627.084125467	
334.9157018	88	7	5	0.8974637665	0.0009182202133	99.57696968	0.4193977249	0.00363259693	2.16983206	52.53353442	45.29663352	0	0	0	-334.9157018	0.0009182202133	-106541.713907581	
332.3557018	88	7	5	0.8975519734	0.0008942960322	99.58936874	0.4072935532	0.003337702146	2.082630881	52.58019321	45.33717591	0	0	0	-332.3557018	0.0008942960322	-107488.616291667	
329.7957018	88	7	5	0.8976377638	0.0008705853485	99.60162347	0.3953135394	0.003062988876	1.99765697	52.62566497	45.37667806	0	0	0	-329.7957018	0.0008705853485	-108470.246223937	
327.2357018	88	7	5	0.8977211654	0.0008470921441	99.61373018	0.3834624549	0.002807367046	1.914895689	52.66995726	45.41514705	0	0	0	-327.2357018	0.0008470921441	-109489.199623787	
324.6757018	88	7	5	0.8978022061	0.0008238206432	99.62568517	0.3717450393	0.002569786068	1.83433175	52.71307796	45.45259029	0	0	0	-324.6757018	0.0008238206432	-110548.222354646	
322.1157018	88	7	5	0.8978809139	0.0008007753056	99.63748477	0.3601659918	0.002349234519	1.755949189	52.75503532	45.48901549	0	0	0	-322.1157018	0.0008007753056	-111650.221730093	
319.5557018	88	7	5	0.8979573173	0.0007779608195	99.6491253	0.3487299617	0.002144739768	1.679731355	52.79583798	45.52443067	0	0	0	-319.5557018	0.0007779608195	-112798.279078437	
316.9957018	88	7	5	0.8980314446	0.0007553820933	99.66060309	0.3374415391	0.00195536754	1.605660883	52.83549495	45.55884416	0	0	0	-316.9957018	0.0007553820933	-113995.662262327	
314.4357018	88	7	5	0.8981033247	0.0007330442463	99.67191453	0.3263052458	0.001780221427	1.533719677	52.87401566	45.59226467	0	0	0	-314.4357018	0.0007330442463	-115245.841751859	
311.8757018	88	7	5	0.8981729867	0.0007109525992	99.68305603	0.315325525	0.001618442342	1.463888895	52.91140991	45.6247012	0	0	0	-311.8757018	0.0007109525992	-116552.506010735	
309.3157018	88	7	5	0.8982404601	0.0006891126626	99.69402406	0.3045067318	0.001469207929	1.396148932	52.94768794	45.65616313	0	0	0	-309.3157018	0.0006891126626	-117919.578246525	
306.7557018	88	7	5	0.8983057745	0.0006675301251	99.70481514	0.2938531235	0.001331731929	1.330479402	52.98286041	45.68666019	0	0	0	-306.7557018	0.0006675301251	-119351.239069094	
304.1957018	88	7	5	0.89836896	0.0006462108409	99.71542589	0.2833688493	0.001205263495	1.266859129	53.01693841	45.71620246	0	0	0	-304.1957018	0.0006462108409	-120851.946231994	
301.6357018	88	7	5	0.8984300473	0.0006251608151	99.72585297	0.2730579403	0.001089086477	1.205266132	53.04993346	45.74480041	0	0	0	-301.6357018	0.0006251608151	-112241.590885478	
300	88	7	5	0.8984679951	0.0003886292303	99.7324177	0.2665623736	0.001019928732	1.166962485	53.07045365	45.76258387	0	0	0	-300	0.0003886292303	98410.8646306054	
