T	w(AL)	w(MG)	w(SI)	fs	fw(@FCC_A1)	w(AL@FCC_A1)	w(MG@FCC_A1)	w(SI@FCC_A1)	w(AL@LIQUID)	w(MG@LIQUID)	w(SI@LIQUID)	dwdT_L(AL@LIQUID)	dwdT_L(MG@LIQUID)	dwdT_L(SI@LIQUID)	-T	fw(@FCC_A1)_1	-T//fw(@FCC_A1)	
K	%	%	%	mole/mole	kg/kg	%	%	%	%	%	%	SI	SI	SI				
898.4850029	93	5	2	0	0	98.41767143	1.414660296	0.1676682709	93	5	2	0.002105395191	-0.001393290096	-0.0007121050952	-898.4850029	0	12.8123468432601	
898.4750029	93	5	2	0.0003873734467	0.0003886142304	98.41729685	1.414988431	0.1677147239	92.99789459	5.001393346	2.000712069	0	0	0	-898.4750029	0.0003886142304	38.6525724403077	
898.4550029	93	5	2	0.001161221365	0.000776578878	98.41654757	1.41564479	0.1678076392	92.9936836	5.004179952	2.002136451	0	0	0	-898.4550029	0.000776578878	51.5746323881262	
898.4150029	93	5	2	0.002706021383	0.001551447484	98.41504964	1.416956931	0.1679934246	92.98526074	5.009753288	2.004985974	0	0	0	-898.4150029	0.001551447484	51.6789811423653	
898.3350029	93	5	2	0.005784059056	0.003096050209	98.41205565	1.419579508	0.1683648448	92.96841162	5.020900376	2.010688009	0	0	0	-898.3350029	0.003096050209	51.9083463859474	
898.1750029	93	5	2	0.01189424631	0.006164887191	98.40607508	1.424817843	0.1691070816	92.93469975	5.043196237	2.022104016	0	0	0	-898.1750029	0.006164887191	52.4093377622047	
897.8550029	93	5	2	0.02391887539	0.01220881925	98.39414507	1.43526534	0.1705895888	92.86722233	5.08778937	2.044988296	0	0	0	-897.8550029	0.01220881925	53.4392646607515	
897.2150029	93	5	2	0.0472429287	0.02397350967	98.37040616	1.456048118	0.1735457218	92.73204961	5.176994428	2.090955962	0	0	0	-897.2150029	0.02397350967	55.4466240295935	
895.9350029	93	5	2	0.09117425198	0.04626177516	98.32341025	1.497168135	0.1794216114	92.4608251	5.355493922	2.18368098	0	0	0	-895.9350029	0.04626177516	59.6712559253261	
893.3750029	93	5	2	0.1694709593	0.08644201653	98.23132246	1.577656658	0.1910208811	91.91481316	5.71295778	2.372229057	0	0	0	-893.3750029	0.08644201653	-578.458019594798	
890.8150029	93	5	2	0.2367338827	0.08128033866	98.14155766	1.65609624	0.2023460989	91.36392542	6.071873338	2.564201246	0	0	0	-890.8150029	0.08128033866	-530.193087680151	
888.2550029	93	5	2	0.295061734	0.07671284937	98.05407522	1.732535824	0.2133889595	90.8080636	6.432414168	2.759522232	0	0	0	-888.2550029	0.07671284937	-596.726950802522	
885.6950029	93	5	2	0.3460619933	0.07264303778	97.96883676	1.807020658	0.2241425845	90.24713611	6.794736845	2.95812705	0	0	0	-885.6950029	0.07264303778	-667.256648714175	
883.1350029	93	5	2	0.3909850196	0.06899391903	97.88580591	1.879592809	0.2346012834	89.68105868	7.158982486	3.159958836	0	0	0	-883.1350029	0.06899391903	-741.744527273372	
880.5750029	93	5	2	0.4308168932	0.06570342451	97.8049472	1.950292389	0.2447604107	89.10975496	7.525278019	3.364967018	0	0	0	-880.5750029	0.06570342451	-820.143380272679	
878.0150029	93	5	2	0.4663449293	0.06272093473	97.72622684	2.019157002	0.2546161577	88.5331572	7.893737079	3.573105721	0	0	0	-878.0150029	0.06272093473	-902.386971920989	
875.4550029	93	5	2	0.4982047703	0.06000474877	97.64961172	2.08622281	0.2641654729	87.95120699	8.264460608	3.7843324	0	0	0	-875.4550029	0.06000474877	-988.387910275589	
872.8950029	93	5	2	0.5269147942	0.05752019091	97.57506939	2.151524662	0.2734059522	87.36385617	8.637537223	3.998606607	0	0	0	-872.8950029	0.05752019091	-1078.03427392489	
870.3350029	93	5	2	0.5529016345	0.05523818074	97.50256789	2.215096354	0.2823357581	86.77106772	9.013043394	4.215888887	0	0	0	-870.3350029	0.05523818074	-1171.18704297804	
867.7750029	93	5	2	0.5765193644	0.05313413908	97.43207561	2.276970841	0.290953551	86.17281678	9.391043471	4.436139754	0	0	0	-867.7750029	0.05313413908	-1267.67766105243	
865.2150029	93	5	2	0.5980640993	0.05118714136	97.36356114	2.337180423	0.299258434	85.56909167	9.771589582	4.659318749	0	0	0	-865.2150029	0.05118714136	-1367.30600659183	
862.6550029	93	5	2	0.6177852372	0.04937925576	97.2969932	2.395756891	0.3072499056	84.959895	10.15472144	4.885383555	0	0	0	-862.6550029	0.04937925576	-1469.8389983238	
860.0950029	93	5	2	0.6358942026	0.04769502102	97.23234052	2.452731655	0.3149278209	84.34524476	10.54046607	5.114289173	0	0	0	-860.0950029	0.04769502102	-1575.01006721005	
857.5350029	93	5	2	0.6525713142	0.04612103098	97.16957179	2.50813585	0.3222923593	83.72517538	10.92883748	5.345987135	0	0	0	-857.5350029	0.04612103098	-1682.51969251101	
854.9750029	93	5	2	0.6679712276	0.04464560148	97.10865558	2.562000423	0.3293439978	83.09973892	11.31983631	5.580424777	0	0	0	-854.9750029	0.04464560148	-1792.03725553478	
852.4150029	93	5	2	0.6822272841	0.04325850151	97.04956031	2.614356199	0.3360834892	82.46900603	11.71344942	5.817544552	0	0	0	-852.4150029	0.04325850151	-1903.20432026665	
849.8550029	93	5	2	0.6954550132	0.04195073474	96.99225421	2.665233942	0.3425118443	81.83306702	12.10964958	6.057283402	0	0	0	-849.8550029	0.04195073474	-2015.63954988526	
847.2950029	93	5	2	0.707754974	0.04071436112	96.93670529	2.714664391	0.3486303175	81.19203277	12.50839504	6.299572185	0	0	0	-847.2950029	0.04071436112	-2128.9452867719	
844.7350029	93	5	2	0.7192150747	0.03954235034	96.88288131	2.762678296	0.3544403953	80.54603552	12.90962932	6.544335159	0	0	0	-844.7350029	0.03954235034	-2242.71567816911	
842.1750029	93	5	2	0.7299124805	0.0384284609	96.83074978	2.809306428	0.359943788	79.89522958	13.31328087	6.791489553	0	0	0	-842.1750029	0.0384284609	-2356.54628526884	
839.6150029	93	5	2	0.7399151897	0.03736713988	96.78027799	2.854579592	0.3651424227	79.2397918	13.719263	7.040945198	0	0	0	-839.6150029	0.03736713988	-2470.04484776576	
837.0550029	93	5	2	0.7492833455	0.03635343946	96.73143294	2.898528622	0.3700384387	78.57992197	14.12747376	7.292604265	0	0	0	-837.0550029	0.03635343946	-2582.84269802602	
834.4950029	93	5	2	0.7580703314	0.035382947	96.68418145	2.941184371	0.3746341839	77.91584287	14.53779605	7.546361089	0	0	0	-834.4950029	0.035382947	-2694.60648850212	
831.9350029	93	5	2	0.7663236928	0.03445172626	96.6384901	2.982577688	0.3789322129	77.24780014	14.95009776	7.802102097	0	0	0	-831.9350029	0.03445172626	-2805.04944209784	
829.3750029	93	5	2	0.7740859134	0.0335562675	96.59432532	3.022739393	0.3829352853	76.57606196	15.36423218	8.059705856	0	0	0	-829.3750029	0.0335562675	-2913.94170062537	
826.8150029	93	5	2	0.7813950746	0.03269344497	96.55165339	3.06170024	0.3866463651	75.90091831	15.78003846	8.319043228	0	0	0	-826.8150029	0.03269344497	-3021.11913296628	
824.2550029	93	5	2	0.7882854159	0.0318604802	96.5104405	3.099490881	0.3900686198	75.22268006	16.19734228	8.579977656	0	0	0	-824.2550029	0.0318604802	-3126.48994962378	
821.6950029	93	5	2	0.7947878145	0.03105491	96.47065277	3.136141813	0.39320542	74.54167773	16.61595671	8.842365557	0	0	0	-821.6950029	0.03105491	-3230.03900800097	
819.1350029	93	5	2	0.8009301955	0.03027455821	96.43225632	3.171683337	0.3960603384	73.85825998	17.03568317	9.106056847	0	0	0	-819.1350029	0.03027455821	-3331.82945978032	
816.5750029	93	5	2	0.8067378857	0.02951751038	96.39521735	3.2061455	0.3986371486	73.17279181	17.45631262	9.370895572	0	0	0	-816.5750029	0.02951751038	-3432.00173337143	
814.0150029	93	5	2	0.8122339182	0.02878209075	96.35950214	3.239558041	0.4009398227	72.48565252	17.87762683	9.636720649	0	0	0	-814.0150029	0.02878209075	-3530.77003992333	
811.4550029	93	5	2	0.8174392962	0.02806684101	96.32507713	3.271950339	0.4029725286	71.79723344	18.29939986	9.903366696	0	0	0	-811.4550029	0.02806684101	-3628.41643930163	
808.8950029	93	5	2	0.8223732211	0.02737050035	96.29190902	3.303351357	0.4047396259	71.1079355	18.72139955	10.17066495	0	0	0	-808.8950029	0.02737050035	-3725.28325455114	
806.3350029	93	5	2	0.8270532916	0.02669198665	96.25996475	3.333789586	0.4062456606	70.41816658	19.14338916	10.43844426	0	0	0	-806.3350029	0.02669198665	-3821.76565946612	
803.7750029	93	5	2	0.831495676	0.02603037896	96.22921165	3.363292993	0.4074953601	69.72833883	19.56512908	10.70653209	0	0	0	-803.7750029	0.02603037896	-3918.30321871232	
801.2150029	93	5	2	0.8357152633	0.02538490059	96.19961741	3.391888965	0.4084936266	69.03886586	19.98637855	10.97475559	0	0	0	-801.2150029	0.02538490059	-4015.35503963352	
798.6550029	93	5	2	0.8397257943	0.02475489828	96.17115018	3.419604304	0.4092455204	68.35016009	20.40689725	11.24294266	0	0	0	-798.6550029	0.02475489828	-4113.41359460371	
796.0950029	93	5	2	0.8435399771	0.02413983391	96.1437786	3.446465143	0.4097562597	67.66262991	20.82644712	11.51092298	0	0	0	-796.0950029	0.02413983391	-4212.99152776855	
793.5350029	93	5	2	0.8471695879	0.02353926421	96.11747187	3.472496919	0.4100312065	66.97667705	21.24479391	11.77852905	0	0	0	-793.5350029	0.02353926421	-4314.59323014779	
790.9750029	93	5	2	0.8506255595	0.02295282705	96.09219979	3.497724358	0.4100758539	66.29269416	21.66170869	12.04559715	0	0	0	-790.9750029	0.02295282705	-4418.72470275572	
788.4150029	93	5	2	0.8539180589	0.02238022844	96.06793275	3.522171441	0.4098958135	65.61106245	22.0769693	12.31196825	0	0	0	-788.4150029	0.02238022844	-4525.88532717283	
785.8550029	93	5	2	0.8570565561	0.02182122982	96.04464181	3.54586139	0.4094968024	64.93214961	22.49036159	12.5774888	0	0	0	-785.8550029	0.02182122982	-4636.56090496327	
783.2950029	93	5	2	0.8600498845	0.02127563638	96.02229872	3.568816654	0.4088846292	64.25630795	22.90168057	12.84201148	0	0	0	-783.2950029	0.02127563638	-4751.22008838236	
780.7350029	93	5	2	0.8629062942	0.02074328651	96.00087592	3.591058902	0.4080651798	63.58387278	23.31073138	13.10539585	0	0	0	-780.7350029	0.02074328651	-4870.31194968458	
778.1750029	93	5	2	0.8656335	0.0202240424	95.98034658	3.61260902	0.4070444034	62.91516107	23.71733011	13.36750883	0	0	0	-778.1750029	0.0202240424	-4994.26386554282	
775.6150029	93	5	2	0.8682387231	0.0197177817	95.96068459	3.633487114	0.405828298	62.25047043	24.12130441	13.62822516	0	0	0	-775.6150029	0.0197177817	-5123.48066685404	
773.0550029	93	5	2	0.8707287294	0.01922439045	95.94186459	3.653712517	0.4044228968	61.59007828	24.52249401	13.88742771	0	0	0	-773.0550029	0.01922439045	-5258.34412417307	
770.4950029	93	5	2	0.8731098632	0.018743757	95.92386195	3.673303799	0.4028342545	60.93424134	24.92075099	14.14500766	0	0	0	-770.4950029	0.018743757	-5399.21292706877	
767.9350029	93	5	2	0.8753880772	0.01827576711	95.90665278	3.692278783	0.401068434	60.28319534	25.31593999	14.40086468	0	0	0	-767.9350029	0.01827576711	-5546.42374582816	
765.3750029	93	5	2	0.877568961	0.01782030007	95.89021395	3.710654556	0.3991314942	59.63715495	25.70793818	14.65490687	0	0	0	-765.3750029	0.01782030007	-5700.29151017033	
762.8150029	93	5	2	0.8796577652	0.01737722566	95.87452302	3.728447497	0.3970294782	58.99631399	26.09663522	14.90705079	0	0	0	-762.8150029	0.01737722566	-5864.18301621713	
760.2550029	93	5	2	0.8816594822	0.01694683489	95.85955714	3.745674418	0.3947684445	58.36083734	26.48193842	15.15722424	0	0	0	-760.2550029	0.01694683489	-6030.20906973403	
757.6950029	93	5	2	0.8835786637	0.01652786037	95.84529755	3.762348189	0.3923542592	57.7308956	26.86375078	15.40535361	0	0	0	-757.6950029	0.01652786037	-6202.86811870308	
755.1350029	93	5	2	0.8854197025	0.01612105188	95.8317225	3.778484517	0.3897929787	57.10661367	27.24200313	15.6513832	0	0	0	-755.1350029	0.01612105188	-6387.81258300969	
752.5750029	93	5	2	0.8871867047	0.01572598996	95.81881348	3.794096194	0.3870903256	56.48810672	27.61663197	15.89526131	0	0	0	-752.5750029	0.01572598996	-6579.01110556046	
750.0150029	93	5	2	0.8888835344	0.01534247688	95.8065504	3.809197324	0.3842522723	55.8754722	27.98758433	16.13694347	0	0	0	-750.0150029	0.01534247688	-6778.36056344686	
747.4550029	93	5	2	0.8905138289	0.01497030475	95.79491533	3.82380016	0.3812845139	55.26879067	28.35481729	16.37639205	0	0	0	-747.4550029	0.01497030475	-6986.07081207117	
744.8950029	93	5	2	0.8920810128	0.01460925273	95.78389055	3.837916728	0.3781927229	54.66812676	28.71829735	16.61357589	0	0	0	-744.8950029	0.01460925273	-7202.31946524223	
742.3350029	93	5	2	0.8935883112	0.01425908932	95.77345898	3.851558525	0.3749824915	54.0735302	29.07799986	16.84846994	0	0	0	-742.3350029	0.01425908932	-7427.28152056335	
739.7750029	93	5	2	0.895038762	0.01391957357	95.76360412	3.864736548	0.3716593274	53.4850368	29.4339084	17.0810548	0	0	0	-739.7750029	0.01391957357	-7661.12062959135	
737.2150029	93	5	2	0.8964352271	0.01359045642	95.75431004	3.877461313	0.3682286499	52.90266946	29.78601416	17.31131638	0	0	0	-737.2150029	0.01359045642	-7903.99034110372	
734.6550029	93	5	2	0.8977804032	0.0132714821	95.74556133	3.889742881	0.3646957868	52.32643915	30.13431537	17.53924548	0	0	0	-734.6550029	0.0132714821	-8156.03576780633	
732.0950029	93	5	2	0.8990768321	0.01296238959	95.73734315	3.901590876	0.3610659721	51.7563459	30.47881669	17.76483741	0	0	0	-732.0950029	0.01296238959	-8417.39434549966	
729.5350029	93	5	2	0.9003269099	0.01266291399	95.72964115	3.913014504	0.3573443435	51.19237976	30.81952866	17.98809158	0	0	0	-729.5350029	0.01266291399	-8688.19528307075	
726.9750029	93	5	2	0.901532896	0.0123727878	95.72244148	3.924022577	0.3535359413	50.63452166	31.15646713	18.20901121	0	0	0	-726.9750029	0.0123727878	-8968.56147677742	
724.4150029	93	5	2	0.9026969211	0.01209174225	95.71573076	3.93462353	0.3496457069	50.08274431	31.48965277	18.42760292	0	0	0	-724.4150029	0.01209174225	-9258.60985764145	
721.8550029	93	5	2	0.9038209953	0.01181950841	95.70949608	3.944825434	0.3456784822	49.53701303	31.81911057	18.6438764	0	0	0	-721.8550029	0.01181950841	-9558.45067238453	
719.2950029	93	5	2	0.9049070155	0.01155581825	95.70372497	3.954636021	0.3416390092	48.9972865	32.14486934	18.85784416	0	0	0	-719.2950029	0.01155581825	-9868.18868765383	
716.7350029	93	5	2	0.905956772	0.01130040561	95.69840538	3.964062693	0.3375319297	48.46351751	32.46696132	19.06952117	0	0	0	-716.7350029	0.01130040561	-10187.9242878969	
714.1750029	93	5	2	0.906971955	0.01105300709	95.69352568	3.973112539	0.3333617855	47.93565363	32.78542175	19.27892461	0	0	0	-714.1750029	0.01105300709	-10517.7522644102	
711.6150029	93	5	2	0.9079541608	0.01081336274	95.68907463	3.981792352	0.3291330186	47.41363788	33.10028849	19.48607363	0	0	0	-711.6150029	0.01081336274	-10857.7626144637	
709.0550029	93	5	2	0.9089048975	0.01058121677	95.68504139	3.990108639	0.3248499719	46.89740926	33.41160165	19.69098909	0	0	0	-709.0550029	0.01058121677	-11208.0419926166	
706.4950029	93	5	2	0.9098255902	0.01035631811	95.68141548	3.998067635	0.3205168894	46.38690335	33.71940332	19.89369333	0	0	0	-706.4950029	0.01035631811	-11568.6720265117	
703.9350029	93	5	2	0.910717586	0.01013842085	95.67818677	4.005675315	0.3161379175	45.88205277	34.02373721	20.09421002	0	0	0	-703.9350029	0.01013842085	-11939.7302993878	
701.3750029	93	5	2	0.911582159	0.009927284663	95.67534549	4.012937405	0.3117171055	45.38278767	34.32464843	20.2925639	0	0	0	-701.3750029	0.009927284663	-12321.2910417381	
698.8150029	93	5	2	0.9124205142	0.009722675112	95.6728822	4.019859392	0.3072584065	44.88903613	34.6221832	20.48878067	0	0	0	-698.8150029	0.009722675112	-12713.4264898778	
696.2550029	93	5	2	0.9132337922	0.009524363955	95.67078778	4.026446539	0.3027656786	44.40072455	34.91638865	20.6828868	0	0	0	-696.2550029	0.009524363955	-13116.2005184357	
693.6950029	93	5	2	0.9140230726	0.009332129132	95.66905343	4.032703885	0.2982426858	43.91777801	35.20731259	20.8749094	0	0	0	-693.6950029	0.009332129132	-13529.6785654377	
691.1350029	93	5	2	0.9147893778	0.009145755223	95.66767064	4.038636263	0.293693099	43.44012053	35.49500337	21.0648761	0	0	0	-691.1350029	0.009145755223	-13953.9224465029	
688.5750029	93	5	2	0.9155336766	0.008965033218	95.6666312	4.044248304	0.2891204975	42.96767544	35.77950965	21.25281491	0	0	0	-688.5750029	0.008965033218	-14388.9868106789	
686.0150029	93	5	2	0.9162568872	0.008789760727	95.66592719	4.049544445	0.2845283696	42.50036555	36.06088031	21.43875414	0	0	0	-686.0150029	0.008789760727	-14834.9271458597	
683.4550029	93	5	2	0.91695988	0.008619741927	95.66555095	4.054528938	0.2799201138	42.03811346	36.33916427	21.62272227	0	0	0	-683.4550029	0.008619741927	-15291.7944226906	
680.8950029	93	5	2	0.9176434809	0.008454787535	95.6654951	4.059205857	0.2752990404	41.58084167	36.61441041	21.80474792	0	0	0	-680.8950029	0.008454787535	-15759.6367202257	
678.3350029	93	5	2	0.9183084734	0.008294714741	95.66575253	4.063579103	0.2706683718	41.12847286	36.88666742	21.98485972	0	0	0	-678.3350029	0.008294714741	-16238.4992410255	
675.7750029	93	5	2	0.9189556014	0.008139347126	95.66631634	4.067652412	0.2660312443	40.68092999	37.15598374	22.16308627	0	0	0	-675.7750029	0.008139347126	-16728.4244438984	
673.2150029	93	5	2	0.9195855714	0.007988514553	95.66717993	4.071429361	0.2613907088	40.23813646	37.42240748	22.33945606	0	0	0	-673.2150029	0.007988514553	-17229.4519200878	
670.6550029	93	5	2	0.9201990547	0.007842053044	95.6683369	4.074913371	0.2567497319	39.80001622	37.68598631	22.51399747	0	0	0	-670.6550029	0.007842053044	-17741.6184797704	
668.0950029	93	5	2	0.9207966895	0.007699804642	95.66978109	4.078107718	0.2521111969	39.36649392	37.94676743	22.68673865	0	0	0	-668.0950029	0.007699804642	-18264.9579518723	
665.5350029	93	5	2	0.9213790823	0.00756161726	95.67150656	4.081015531	0.2474779049	38.93749497	38.20479752	22.85770751	0	0	0	-665.5350029	0.00756161726	-18799.5016928696	
662.9750029	93	5	2	0.9219468106	0.007427344531	95.67350762	4.083639802	0.2428525758	38.51294564	38.46012265	23.02693171	0	0	0	-662.9750029	0.007427344531	-19345.2783605752	
660.4150029	93	5	2	0.9225004236	0.007296845639	95.67577876	4.085983389	0.2382378489	38.09277312	38.7127883	23.19443859	0	0	0	-660.4150029	0.007296845639	-19902.3136161253	
657.8550029	93	5	2	0.9230404444	0.007169985153	95.6783147	4.08804902	0.2336362844	37.67690558	38.96283926	23.36025516	0	0	0	-657.8550029	0.007169985153	-20470.6305196435	
655.2950029	93	5	2	0.9235673714	0.007046632857	95.68111034	4.089839295	0.229050364	37.26527226	39.21031966	23.52440807	0	0	0	-655.2950029	0.007046632857	-21050.2495166936	
652.7350029	93	5	2	0.9240816794	0.006926663579	95.68416081	4.091356697	0.2244824916	36.85780346	39.45527292	23.68692362	0	0	0	-652.7350029	0.006926663579	-21641.188238322	
650.1750029	93	5	2	0.924583821	0.006809957017	95.68746142	4.092603586	0.2199349945	36.45443058	39.69774173	23.84782769	0	0	0	-650.1750029	0.006809957017	-22243.4614419505	
647.6150029	93	5	2	0.925074228	0.006696397568	95.69100767	4.093582209	0.2154101242	36.0550862	39.93776802	24.00714578	0	0	0	-647.6150029	0.006696397568	-22857.0813244687	
645.0550029	93	5	2	0.9255533123	0.00658587416	95.69479524	4.094294702	0.2109100568	35.65970404	40.17539301	24.16490295	0	0	0	-645.0550029	0.00658587416	-23482.0570980784	
642.4950029	93	5	2	0.9260214672	0.006478280081	95.69882001	4.094743093	0.2064368947	35.26821903	40.41065711	24.32112386	0	0	0	-642.4950029	0.006478280081	-24118.3954219264	
639.9350029	93	5	2	0.9264790681	0.00637351282	95.70307803	4.094929304	0.2019926662	34.88056727	40.6436	24.47583273	0	0	0	-639.9350029	0.00637351282	-24766.1000365823	
637.3750029	93	5	2	0.9269264738	0.0062714739	95.70756552	4.094855154	0.1975793273	34.49668608	40.87426058	24.62905334	0	0	0	-637.3750029	0.0062714739	-25425.171567283	
634.8150029	93	5	2	0.9273640271	0.006172068724	95.71227888	4.094522363	0.1931987621	34.11651398	41.10267698	24.78080904	0	0	0	-634.8150029	0.006172068724	-26095.6080069452	
632.2550029	93	5	2	0.9277920559	0.006075206421	95.71721466	4.093932554	0.1888527832	33.7399907	41.32888657	24.93112274	0	0	0	-632.2550029	0.006075206421	-26777.4041656009	
629.6950029	93	5	2	0.9282108735	0.005980799696	95.72236961	4.093087256	0.1845431329	33.36705717	41.55292593	25.0800169	0	0	0	-629.6950029	0.005980799696	-27470.5519062193	
627.1350029	93	5	2	0.9286207801	0.005888764687	95.72774061	4.091987903	0.180271484	32.99765552	41.77483093	25.22751355	0	0	0	-627.1350029	0.005888764687	-28175.0403847196	
624.5750029	93	5	2	0.9290220628	0.005799020826	95.73332472	4.090635843	0.1760394401	32.63172907	41.99463665	25.37363429	0	0	0	-624.5750029	0.005799020826	-28890.8551951684	
622.0150029	93	5	2	0.9294149966	0.0057114907	95.73911913	4.089032332	0.1718485365	32.26922232	42.21237742	25.51840025	0	0	0	-622.0150029	0.0057114907	-29617.9785626094	
619.4550029	93	5	2	0.9297998449	0.005626099923	95.74512122	4.087178543	0.167700241	31.91008095	42.42808687	25.66183218	0	0	0	-619.4550029	0.005626099923	-30356.3901820494	
616.8950029	93	5	2	0.9301768602	0.005542777012	95.75132848	4.085075564	0.1635959546	31.55425177	42.64179787	25.80395035	0	0	0	-616.8950029	0.005542777012	-31106.0656967758	
614.3350029	93	5	2	0.9305462844	0.00546145326	95.75773859	4.0827244	0.1595370122	31.20168276	42.85354259	25.94477465	0	0	0	-614.3350029	0.00546145326	-31866.9777740817	
611.7750029	93	5	2	0.9309083498	0.005382062627	95.76434934	4.080125978	0.1555246831	30.85232301	43.06335249	26.08432451	0	0	0	-611.7750029	0.005382062627	-32639.0958392985	
609.2150029	93	5	2	0.931263279	0.005304541622	95.77115868	4.077281144	0.1515601723	30.50612271	43.27125832	26.22261898	0	0	0	-609.2150029	0.005304541622	-33422.3845115419	
606.6550029	93	5	2	0.9316112857	0.005228829195	95.77816471	4.07419067	0.1476446203	30.16303316	43.47729015	26.35967668	0	0	0	-606.6550029	0.005228829195	-34216.8060128259	
604.0950029	93	5	2	0.9319525752	0.00515486664	95.78536565	4.070855249	0.1437791048	29.82300674	43.68147741	26.49551585	0	0	0	-604.0950029	0.00515486664	-35022.3183533918	
601.5350029	93	5	2	0.9322873445	0.005082597488	95.79275986	4.067275504	0.1399646408	29.48599687	43.88384882	26.63015431	0	0	0	-601.5350029	0.005082597488	-35838.8756258796	
598.9750029	93	5	2	0.9326157829	0.005011967419	95.80034584	4.063451983	0.1362021815	29.151958	44.08443248	26.76360952	0	0	0	-598.9750029	0.005011967419	-36666.4280514412	
596.4150029	93	5	2	0.9329380724	0.004942924165	95.80812222	4.059385165	0.1324926192	28.82084563	44.28325585	26.89589852	0	0	0	-596.4150029	0.004942924165	-37504.9211241365	
593.8550029	93	5	2	0.933254388	0.004875417426	95.81608776	4.055075458	0.1288367857	28.49261624	44.48034575	27.02703801	0	0	0	-593.8550029	0.004875417426	-38354.2967378758	
591.2950029	93	5	2	0.933564898	0.004809398786	95.82424134	4.050523202	0.1252354536	28.16722728	44.67572842	27.15704429	0	0	0	-591.2950029	0.004809398786	-39214.4922816358	
588.7350029	93	5	2	0.9338697641	0.004744821633	95.83258199	4.045728671	0.1216893365	27.8446372	44.86942947	27.28593334	0	0	0	-588.7350029	0.004744821633	-40085.4407744557	
586.1750029	93	5	2	0.9341691422	0.004681641083	95.84110884	4.040692074	0.1181990902	27.52480534	45.06147392	27.41372073	0	0	0	-586.1750029	0.004681641083	-40967.0704738769	
583.6150029	93	5	2	0.9344631823	0.004619813906	95.84982113	4.035413553	0.1147653134	27.20769202	45.25188625	27.54042173	0	0	0	-583.6150029	0.004619813906	-41859.3038428936	
581.0550029	93	5	2	0.9347520287	0.004559298454	95.85871826	4.029893189	0.1113885484	26.89325842	45.44069034	27.66605125	0	0	0	-581.0550029	0.004559298454	-42762.0597268014	
578.4950029	93	5	2	0.9350358205	0.0045000546	95.86779972	4.024131	0.108069282	26.58146663	45.62790953	27.79062384	0	0	0	-578.4950029	0.0045000546	-43675.2513060396	
575.9350029	93	5	2	0.9353146919	0.004442043667	95.87706511	4.018126943	0.1048079465	26.27227961	45.81356662	27.91415377	0	0	0	-575.9350029	0.004442043667	-44598.78632999	
573.3750029	93	5	2	0.9355887719	0.004385228373	95.88651416	4.011880916	0.1016049202	25.96566115	45.99768389	28.03665495	0	0	0	-573.3750029	0.004385228373	-45532.5670908088	
570.8150029	93	5	2	0.9358581852	0.004329572767	95.89614672	4.005392756	0.09846052863	25.6615759	46.1802831	28.158141	0	0	0	-570.8150029	0.004329572767	-46476.4901006433	
568.2550029	93	5	2	0.9361230519	0.004275042178	95.90596271	3.998662244	0.09537504533	25.35998931	46.36138548	28.27862521	0	0	0	-568.2550029	0.004275042178	-47430.446849875	
565.6950029	93	5	2	0.9363834878	0.004221603159	95.9159622	3.991689104	0.09234869268	25.06086762	46.5410118	28.39812058	0	0	0	-565.6950029	0.004221603159	-48394.320816911	
563.1350029	93	5	2	0.9366396048	0.004169223434	95.92614535	3.984473004	0.08938164286	24.76417786	46.71918233	28.51663981	0	0	0	-563.1350029	0.004169223434	-49367.9904832546	
560.5750029	93	5	2	0.9368915108	0.004117871854	95.93651242	3.977013559	0.08647401884	24.46988783	46.89591686	28.63419531	0	0	0	-560.5750029	0.004117871854	-50351.327894679	
558.0150029	93	5	2	0.9371393101	0.004067518346	95.94706378	3.969310326	0.08362589529	24.17796606	47.07123472	28.75079922	0	0	0	-558.0150029	0.004067518346	-51344.1981772413	
555.4550029	93	5	2	0.9373831032	0.004018133872	95.95779989	3.961362815	0.08083729958	23.88838182	47.24515479	28.86646338	0	0	0	-555.4550029	0.004018133872	-52346.4594745417	
552.8950029	93	5	2	0.9376229875	0.003969690383	95.96872131	3.953170479	0.07810821274	23.60110511	47.41769551	28.98119937	0	0	0	-552.8950029	0.003969690383	-53357.960792366	
550.3350029	93	5	2	0.9378590567	0.003922160778	95.9798287	3.944732725	0.07543857049	23.31610662	47.58887487	29.09501851	0	0	0	-550.3350029	0.003922160778	-54378.5462376842	
547.7750029	93	5	2	0.9380914018	0.00387551887	95.99112283	3.936048907	0.07282826427	23.03335772	47.75871045	29.20793183	0	0	0	-547.7750029	0.00387551887	-55408.051632247	
545.2150029	93	5	2	0.9383201105	0.003829739343	96.00260453	3.927118331	0.07027714226	22.75283046	47.9272194	29.31995014	0	0	0	-545.2150029	0.003829739343	-56446.3037734798	
542.6550029	93	5	2	0.9385452676	0.00378479772	96.01427473	3.917940257	0.06778501044	22.47449754	48.09441847	29.43108398	0	0	0	-542.6550029	0.00378479772	-57493.1207317626	
540.0950029	93	5	2	0.9387669553	0.003740670325	96.02613447	3.908513896	0.06535163367	22.19833233	48.26032402	29.54134365	0	0	0	-540.0950029	0.003740670325	-58548.3132428824	
537.5350029	93	5	2	0.9389852529	0.003697334256	96.03818485	3.898838416	0.06297673678	21.9243088	48.424952	29.6507392	0	0	0	-537.5350029	0.003697334256	-59611.6821023763	
534.9750029	93	5	2	0.9392002374	0.003654767347	96.05042706	3.888912939	0.06066000566	21.65240156	48.58831798	29.75928046	0	0	0	-534.9750029	0.003654767347	-60683.0192478272	
532.4150029	93	5	2	0.939411983	0.003612948145	96.06286237	3.878736543	0.05840108837	21.38258581	48.75043717	29.86697701	0	0	0	-532.4150029	0.003612948145	-61762.107081236	
529.8550029	93	5	2	0.9396205617	0.003571855875	96.07549214	3.868308265	0.05619959629	21.11483737	48.91132441	29.97383823	0	0	0	-529.8550029	0.003571855875	-62848.7176857334	
527.2950029	93	5	2	0.9398260434	0.003531470418	96.0883178	3.857627099	0.05405510526	20.84913261	49.07099415	30.07987324	0	0	0	-527.2950029	0.003531470418	-63942.613093889	
524.7350029	93	5	2	0.9400284954	0.00349177228	96.10134084	3.846692002	0.05196715673	20.5854485	49.22946053	30.18509097	0	0	0	-524.7350029	0.00349177228	-65043.5444877334	
522.1750029	93	5	2	0.9402279831	0.003452742571	96.11456285	3.835501889	0.0499352589	20.32376255	49.38673731	30.28950014	0	0	0	-522.1750029	0.003452742571	-66151.252906787	
519.6150029	93	5	2	0.94042457	0.003414362978	96.12798547	3.824055638	0.04795888796	20.06405285	49.54283792	30.39310924	0	0	0	-519.6150029	0.003414362978	-67265.4657519319	
517.0550029	93	5	2	0.9406183174	0.003376615742	96.14161042	3.812352092	0.04603748924	19.80629799	49.69777546	30.49592655	0	0	0	-517.0550029	0.003376615742	-68385.9005913837	
514.4950029	93	5	2	0.9408092848	0.003339483638	96.15543946	3.800390057	0.0441704784	19.55047712	49.8515627	30.59796018	0	0	0	-514.4950029	0.003339483638	-69512.2631735233	
511.9350029	93	5	2	0.9409975298	0.003302949952	96.16947445	3.788168307	0.04235724268	19.29656991	50.00421208	30.69921801	0	0	0	-511.9350029	0.003302949952	-70644.2465531031	
509.3750029	93	5	2	0.9411831085	0.003266998462	96.18371728	3.775685581	0.04059714207	19.04455652	50.15573575	30.79970773	0	0	0	-509.3750029	0.003266998462	-71781.529732561	
506.8150029	93	5	2	0.941366075	0.003231613416	96.1981699	3.762940589	0.03888951056	18.79441765	50.30614551	30.89943684	0	0	0	-506.8150029	0.003231613416	-72923.7777442302	
504.2550029	93	5	2	0.941546482	0.003196779515	96.21283433	3.749932011	0.03723365737	18.54613445	50.45545288	30.99841267	0	0	0	-504.2550029	0.003196779515	-74070.6457950822	
501.6950029	93	5	2	0.9417243803	0.003162481897	96.22771264	3.736658497	0.03562886816	18.29968859	50.60366908	31.09664232	0	0	0	-501.6950029	0.003162481897	-75221.7709666935	
499.1350029	93	5	2	0.9418998196	0.003128706114	96.24280692	3.723118672	0.03407440629	18.05506222	50.75080502	31.19413276	0	0	0	-499.1350029	0.003128706114	-76376.7771060754	
496.5750029	93	5	2	0.9420728479	0.003095438122	96.25811935	3.709311136	0.03256951407	17.81223795	50.89687133	31.29089073	0	0	0	-496.5750029	0.003095438122	-77535.2745527133	
494.0150029	93	5	2	0.9422435117	0.00306266426	96.27365212	3.695234465	0.03111341396	17.57119885	51.04187834	31.38692282	0	0	0	-494.0150029	0.00306266426	-78696.8567375483	
491.4550029	93	5	2	0.9424118563	0.003030371238	96.28940748	3.680887215	0.02970530987	17.33192846	51.18583611	31.48223544	0	0	0	-491.4550029	0.003030371238	-79861.1011969986	
488.8950029	93	5	2	0.9425779255	0.002998546119	96.30538769	3.666267919	0.02834438833	17.09441076	51.32875442	31.57683482	0	0	0	-488.8950029	0.002998546119	-81027.5707770582	
486.3350029	93	5	2	0.942741762	0.002967176309	96.32159509	3.651375095	0.02702981981	16.85863021	51.47064276	31.67072703	0	0	0	-486.3350029	0.002967176309	-82195.8113900427	
483.7750029	93	5	2	0.9429034072	0.002936249539	96.338032	3.636207244	0.02576075988	16.62457166	51.61151037	31.76391797	0	0	0	-483.7750029	0.002936249539	-83365.3507718152	
481.2150029	93	5	2	0.9430629012	0.002905753855	96.3547008	3.620762854	0.02453635052	16.39222043	51.75136622	31.85641335	0	0	0	-481.2150029	0.002905753855	-84535.7016315654	
478.6550029	93	5	2	0.9432202831	0.002875677604	96.37160388	3.605040399	0.02335572127	16.16156226	51.89021898	31.94821876	0	0	0	-478.6550029	0.002875677604	-85706.3576287647	
476.0950029	93	5	2	0.9433755907	0.002846009422	96.38874366	3.589038345	0.0222179905	15.93258332	52.0280771	32.03933958	0	0	0	-476.0950029	0.002846009422	-86876.7928321384	
473.5350029	93	5	2	0.9435288609	0.002816738221	96.40612258	3.572755152	0.02112226661	15.70527018	52.16494875	32.12978106	0	0	0	-473.5350029	0.002816738221	-88046.4677236526	
470.9750029	93	5	2	0.9436801293	0.002787853182	96.42374308	3.556189272	0.02006764921	15.47960986	52.30084185	32.21954829	0	0	0	-470.9750029	0.002787853182	-89214.8213746649	
468.4150029	93	5	2	0.9438294307	0.002759343738	96.44160761	3.539339157	0.01905323035	15.25558976	52.43576407	32.30864617	0	0	0	-468.4150029	0.002759343738	-90381.2719998672	
465.8550029	93	5	2	0.9439767988	0.002731199568	96.45971864	3.522203259	0.01807809566	15.03319771	52.5697228	32.39707949	0	0	0	-465.8550029	0.002731199568	-91545.2226650018	
463.2950029	93	5	2	0.9441222663	0.002703410585	96.47807864	3.504780033	0.01714132555	14.81242193	52.70272522	32.48485285	0	0	0	-463.2950029	0.002703410585	-92706.0540352771	
460.7350029	93	5	2	0.9442658651	0.002675966926	96.49669007	3.487067937	0.01624199632	14.59325105	52.83477824	32.57197071	0	0	0	-460.7350029	0.002675966926	-93863.1277248375	
458.1750029	93	5	2	0.9444076261	0.002648858943	96.51555538	3.469065442	0.01537918133	14.3756741	52.96588853	32.65843738	0	0	0	-458.1750029	0.002648858943	-95015.7867906459	
455.6150029	93	5	2	0.9445475794	0.002622077194	96.53467702	3.450771029	0.01455195209	14.15968051	53.09606249	32.744257	0	0	0	-455.6150029	0.002622077194	-96163.356498814	
453.0550029	93	5	2	0.944685754	0.002595612435	96.55405743	3.432183193	0.0137593794	13.94526009	53.22530633	32.82943358	0	0	0	-453.0550029	0.002595612435	-97305.1376364868	
450.4950029	93	5	2	0.9448221784	0.002569455608	96.57369902	3.413300449	0.01300053435	13.73240305	53.35362597	32.91397098	0	0	0	-450.4950029	0.002569455608	-98440.4110404396	
447.9350029	93	5	2	0.9449568801	0.002543597836	96.59360418	3.394121331	0.01227448946	13.5211	53.4810271	32.9978729	0	0	0	-447.9350029	0.002543597836	-99568.4438933765	
445.3750029	93	5	2	0.9450898858	0.002518030415	96.61377528	3.374644403	0.01158031967	13.31134193	53.60751519	33.08114288	0	0	0	-445.3750029	0.002518030415	-100688.47968664	
442.8150029	93	5	2	0.9452212216	0.002492744804	96.63421464	3.354868254	0.01091710334	13.10312021	53.73309545	33.16378434	0	0	0	-442.8150029	0.002492744804	-101799.739173364	
440.2550029	93	5	2	0.9453509126	0.002467732618	96.65492457	3.334791508	0.01028392327	12.89642662	53.85777286	33.24580053	0	0	0	-440.2550029	0.002467732618	-102901.42746715	
437.6950029	93	5	2	0.9454789833	0.002442985622	96.67590731	3.314412826	0.009679867622	12.69125329	53.98155215	33.32719456	0	0	0	-437.6950029	0.002442985622	-103992.731585573	
435.1350029	93	5	2	0.9456054576	0.002418495723	96.69716506	3.29373091	0.009104030881	12.48759277	54.10443783	33.4079694	0	0	0	-435.1350029	0.002418495723	-105072.815799527	
432.5750029	93	5	2	0.9457303586	0.002394254962	96.71869998	3.272744507	0.008555514739	12.28543798	54.22643415	33.48812786	0	0	0	-432.5750029	0.002394254962	-106140.832003642	
430.0150029	93	5	2	0.9458537087	0.002370255511	96.74051415	3.251452416	0.008033428975	12.08478223	54.34754516	33.56767261	0	0	0	-430.0150029	0.002370255511	-107195.912681406	
427.4550029	93	5	2	0.9459755297	0.002346489662	96.76260962	3.22985349	0.007536892296	11.88561921	54.46777462	33.64660617	0	0	0	-427.4550029	0.002346489662	-108237.166587635	
424.8950029	93	5	2	0.9460958428	0.002322949822	96.78498832	3.207946643	0.007065033147	11.687943	54.58712608	33.72493091	0	0	0	-424.8950029	0.002322949822	-109263.694096186	
422.3350029	93	5	2	0.9462146684	0.002299628509	96.80765216	3.185730852	0.006616990494	11.49174807	54.70560286	33.80264907	0	0	0	-422.3350029	0.002299628509	-110274.580679854	
419.7750029	93	5	2	0.9463320265	0.002276518344	96.83060292	3.163205166	0.006191914563	11.29702927	54.82320802	33.87976271	0	0	0	-419.7750029	0.002276518344	-111268.892557233	
417.2150029	93	5	2	0.9464479363	0.002253612045	96.85384232	3.14036871	0.005788967557	11.10378185	54.93994438	33.95627377	0	0	0	-417.2150029	0.002253612045	-112245.688891777	
414.6550029	93	5	2	0.9465624167	0.002230902424	96.87737199	3.117220689	0.005407324329	10.91200144	55.05581454	34.03218403	0	0	0	-414.6550029	0.002230902424	-113204.012346181	
412.0950029	93	5	2	0.9466754857	0.002208382377	96.90119343	3.093760399	0.005046173025	10.72168406	55.17082082	34.10749512	0	0	0	-412.0950029	0.002208382377	-114142.895069542	
409.5350029	93	5	2	0.946787161	0.002186044883	96.92530806	3.069987226	0.004704715689	10.53282615	55.28496533	34.18220852	0	0	0	-409.5350029	0.002186044883	-115061.36654228	
406.9750029	93	5	2	0.9468974595	0.002163882997	96.94971717	3.045900657	0.00438216883	10.34542453	55.39824991	34.25632556	0	0	0	-406.9750029	0.002163882997	-115958.444827894	
404.4150029	93	5	2	0.9470063979	0.002141889845	96.97442195	3.021500286	0.004077763951	10.1594764	55.51067617	34.32984743	0	0	0	-404.4150029	0.002141889845	-116833.139800689	
401.8550029	93	5	2	0.947113992	0.002120058618	96.99942343	2.99678582	0.00379074805	9.974979403	55.62224546	34.40277514	0	0	0	-401.8550029	0.002120058618	-117684.465191843	
399.2950029	93	5	2	0.9472202574	0.002098382571	97.02472253	2.971757087	0.003520384066	9.791931553	55.73295888	34.47510957	0	0	0	-399.2950029	0.002098382571	-118511.426145299	
396.7350029	93	5	2	0.947325209	0.002076855012	97.05032001	2.946414042	0.003265951306	9.610331288	55.84281727	34.54685144	0	0	0	-396.7350029	0.002076855012	-119313.040704039	
394.1750029	93	5	2	0.9474288613	0.002055469308	97.07621648	2.920756773	0.003026745814	9.430177454	55.95182123	34.61800132	0	0	0	-394.1750029	0.002055469308	-120088.326632636	
391.6150029	93	5	2	0.9475312282	0.002034218869	97.10241241	2.894785514	0.002802080723	9.251469313	56.05997109	34.68855959	0	0	0	-391.6150029	0.002034218869	-120836.298809287	
389.0550029	93	5	2	0.9476323232	0.002013097152	97.12890807	2.868500647	0.002591286548	9.074206545	56.16726693	34.75852653	0	0	0	-389.0550029	0.002013097152	-121556.024535517	
386.4950029	93	5	2	0.9477321593	0.001992097664	97.15570325	2.841903041	0.002393711596	8.898389252	56.27370855	34.8279022	0	0	0	-386.4950029	0.001992097664	-122246.483546395	
383.9350029	93	5	2	0.9478307491	0.001971213917	97.18279852	2.814992763	0.002208721622	8.724017964	56.37929549	34.89668655	0	0	0	-383.9350029	0.001971213917	-122906.737820127	
381.3750029	93	5	2	0.9479281047	0.001950439488	97.21019329	2.787771011	0.002035700875	8.551093641	56.48402704	34.96487932	0	0	0	-381.3750029	0.001950439488	-123535.927605224	
378.8150029	93	5	2	0.9480242378	0.001929767973	97.23788709	2.760238856	0.001874051675	8.37961768	56.58790219	35.03248013	0	0	0	-378.8150029	0.001929767973	-124133.131622293	
376.2550029	93	5	2	0.9481191594	0.001909192997	97.26587925	2.732397559	0.001723194667	8.209591916	56.69091967	35.09948841	0	0	0	-376.2550029	0.001909192997	-124697.472093137	
373.6950029	93	5	2	0.9482128804	0.001888708204	97.29416885	2.704248585	0.001582568901	8.04101863	56.79307795	35.16590342	0	0	0	-373.6950029	0.001888708204	-125228.110060729	
371.1350029	93	5	2	0.9483054111	0.001868307264	97.32275476	2.675793611	0.001451631869	7.873900551	56.89437518	35.23172427	0	0	0	-371.1350029	0.001868307264	-125724.250489184	
368.5750029	93	5	2	0.9483967613	0.001847983864	97.3516356	2.647034538	0.001329859512	7.708240863	56.99480925	35.29694989	0	0	0	-368.5750029	0.001847983864	-126185.117843932	
366.0150029	93	5	2	0.9484869406	0.001827731706	97.38080976	2.617973497	0.001216746191	7.544043209	57.09437777	35.36157902	0	0	0	-366.0150029	0.001827731706	-126609.98596834	
363.4550029	93	5	2	0.948575958	0.001807544507	97.41027533	2.588612863	0.001111804622	7.381311697	57.19307804	35.42561027	0	0	0	-363.4550029	0.001807544507	-126998.18079096	
360.8950029	93	5	2	0.9486638222	0.001787415997	97.44003017	2.558955261	0.00101456578	7.220050903	57.29090708	35.48904202	0	0	0	-360.8950029	0.001787415997	-127349.07985479	
358.3350029	93	5	2	0.9487505413	0.001767339918	97.47007184	2.529003581	0.0009245787691	7.060265876	57.3878616	35.55187252	0	0	0	-358.3350029	0.001767339918	-127662.111445701	
355.7750029	93	5	2	0.9488361233	0.001747310021	97.5003976	2.498760988	0.0008414106666	6.901962147	57.48393803	35.61409982	0	0	0	-355.7750029	0.001747310021	-127936.766410444	
353.2150029	93	5	2	0.9489205755	0.001727320068	97.53100442	2.468230929	0.0007646463313	6.745145729	57.57913249	35.67572179	0	0	0	-353.2150029	0.001727320068	-128172.606572452	
350.6550029	93	5	2	0.949003905	0.001707363831	97.56188896	2.437417148	0.0006938881875	6.589823123	57.67344076	35.73673611	0	0	0	-350.6550029	0.001707363831	-128369.250644156	
348.0950029	93	5	2	0.9490861185	0.001687435089	97.59304755	2.406323696	0.0006287559798	6.436001325	57.76685837	35.79714031	0	0	0	-348.0950029	0.001687435089	-128526.401573263	
345.5350029	93	5	2	0.9491672221	0.001667527635	97.62447617	2.374954943	0.0005688865033	6.283687828	57.85938048	35.85693169	0	0	0	-345.5350029	0.001667527635	-128643.841336884	
342.9750029	93	5	2	0.9492472219	0.001647635271	97.65617048	2.343315586	0.0005139333082	6.132890626	57.95100197	35.91610741	0	0	0	-342.9750029	0.001647635271	-128721.432106153	
340.4150029	93	5	2	0.9493261232	0.001627751815	97.68812577	2.311410666	0.0004635663822	5.983618219	58.04171739	35.97466439	0	0	0	-340.4150029	0.001627751815	-128759.126397005	
337.8550029	93	5	2	0.9494039313	0.001607871099	97.72033695	2.279245574	0.0004174718111	5.835879616	58.13152096	36.03259942	0	0	0	-337.8550029	0.001607871099	-128756.960835289	
335.2950029	93	5	2	0.9494806508	0.001587986974	97.75279858	2.246826067	0.0003753514197	5.689684339	58.2204066	36.08990906	0	0	0	-335.2950029	0.001587986974	-128715.078453333	
332.7350029	93	5	2	0.9495562862	0.001568093315	97.7855048	2.214158275	0.0003369223938	5.545042424	58.30836788	36.14658969	0	0	0	-332.7350029	0.001568093315	-128633.718128727	
330.1750029	93	5	2	0.9496308416	0.001548184023	97.81844937	2.181248717	0.0003019168858	5.401964424	58.39539807	36.20263751	0	0	0	-330.1750029	0.001548184023	-128513.216369356	
327.6150029	93	5	2	0.9497043205	0.001528253031	97.85162561	2.14810431	0.000270081605	5.260461408	58.48149008	36.25804851	0	0	0	-327.6150029	0.001528253031	-128354.024612542	
325.0550029	93	5	2	0.9497767263	0.001508294312	97.88502644	2.114732379	0.0002411773946	5.120544965	58.56663652	36.31281852	0	0	0	-325.0550029	0.001508294312	-128156.706435106	
322.4950029	93	5	2	0.949848062	0.001488301885	97.91864435	2.081140671	0.0002149787965	4.982227202	58.65082965	36.36694315	0	0	0	-322.4950029	0.001488301885	-127921.930852571	
319.9350029	93	5	2	0.9499183302	0.001468269822	97.95247136	2.047337364	0.0001912736061	4.845520743	58.73406142	36.42041783	0	0	0	-319.9350029	0.001468269822	-127650.490469127	
317.3750029	93	5	2	0.9499875331	0.001448192261	97.98649906	2.013331078	0.0001698624188	4.710438723	58.81632346	36.47323782	0	0	0	-317.3750029	0.001448192261	-127343.290183347	
314.8150029	93	5	2	0.9500556729	0.001428063411	98.02071856	1.979130886	0.0001505581691	4.576994791	58.89760704	36.52539817	0	0	0	-314.8150029	0.001428063411	-127001.35386219	
312.2550029	93	5	2	0.950122751	0.001407877569	98.05512049	1.944746323	0.0001331856646	4.445203099	58.97790314	36.57689376	0	0	0	-312.2550029	0.001407877569	-126625.839930449	
309.6950029	93	5	2	0.9501887688	0.001387629132	98.08969502	1.910187396	0.0001175811171	4.3150783	59.05720241	36.62771929	0	0	0	-309.6950029	0.001387629132	-126218.017913344	
307.1350029	93	5	2	0.9502537272	0.001367312609	98.12443182	1.875464593	0.0001035916703	4.186635537	59.1354952	36.67786927	0	0	0	-307.1350029	0.001367312609	-125779.281981761	
304.5750029	93	5	2	0.9503176271	0.00134692264	98.15932003	1.840588894	9.107492816E-05	4.059890431	59.21277153	36.72733804	0	0	0	-304.5750029	0.00134692264	-125311.163395262	
302.0150029	93	5	2	0.9503804687	0.001326454015	98.19434833	1.805571773	7.989848379E-05	3.934859075	59.28902113	36.7761198	0	0	0	-302.0150029	0.001326454015	-117434.941329377	
300	93	5	2	0.9504291903	0.00102981569	98.2220109	1.777917141	7.196347631E-05	3.837660822	59.34830787	36.8140313	0	0	0	-300	0.00102981569	103849.354234385	
