T	w(AL)	w(MG)	w(SI)	fs	fw(@FCC_A1)	w(AL@FCC_A1)	w(MG@FCC_A1)	w(SI@FCC_A1)	w(AL@LIQUID#1)	w(MG@LIQUID#1)	w(SI@LIQUID#1)	w(AL@LIQUID#2)	w(MG@LIQUID#2)	w(SI@LIQUID#2)	dwdT_L(AL@LIQUID#1)	dwdT_L(MG@LIQUID#1)	dwdT_L(SI@LIQUID#1)	dwdT_L(AL@LIQUID#2)	dwdT_L(MG@LIQUID#2)	dwdT_L(SI@LIQUID#2)	-T	fw(@FCC_A1)_1	-T//fw(@FCC_A1)	
K	%	%	%	mole/mole	kg/kg	%	%	%	%	%	%	%	%	%	SI	SI	SI	SI	SI	SI				
863.1560745	88	2	10	0	0	98.48223584	0.3493183077	1.168445848	88	2	10				0.001617986541	-0.0002547938892	-0.001363192652				-863.1560745	0	32.1798656126027	
863.1460745	88	2	10	0.000154762723	0.0001544895211	98.48204992	0.3493296988	1.168620383	87.99838212	2.000254795	10.00136309				0	0	0				-863.1460745	0.0001544895211	97.2787530534229	
863.1260745	88	2	10	0.0004638520604	0.0003086272572	98.48167809	0.3493524208	1.168969487	87.9951461	2.000764399	10.0040895				0	0	0				-863.1260745	0.0003086272572	129.756330930185	
863.0860745	88	2	10	0.001081473975	0.0006168866807	98.48093447	0.3493978187	1.16966771	87.98867458	2.001783575	10.00954185				0	0	0				-863.0860745	0.0006168866807	129.840602770801	
863.0060745	88	2	10	0.002314569965	0.001232272024	98.47944739	0.3494883321	1.17106428	87.97573265	2.003821944	10.0204454				0	0	0				-863.0060745	0.001232272024	130.141621107621	
862.8460745	88	2	10	0.004772255695	0.002459037769	98.47647383	0.3496682795	1.173857887	87.94985331	2.007898719	10.04224797				0	0	0				-862.8460745	0.002459037769	130.717794527018	
862.5260745	88	2	10	0.009653859704	0.004896186612	98.47052936	0.3500236218	1.179447014	87.8981126	2.016052434	10.08583497				0	0	0				-862.5260745	0.004896186612	131.97769436401	
861.8860745	88	2	10	0.01927323555	0.009696999951	98.4586508	0.3507161735	1.190633029	87.79470405	2.032359367	10.17293659				0	0	0				-861.8860745	0.009696999951	134.559901826415	
860.6060745	88	2	10	0.03797818077	0.01904067279	98.43493373	0.35203016	1.213036108	87.58817256	2.064975275	10.34685217				0	0	0				-860.6060745	0.01904067279	139.630073618442	
858.0460745	88	2	10	0.0733836115	0.03674109908	98.38765149	0.3543805961	1.257967917	87.17623981	2.130223702	10.69353649				0	0	0				-858.0460745	0.03674109908	-2161.72067758406	
855.4860745	88	2	10	0.106296352	0.03545755384	98.34055909	0.356360785	1.303080125	86.76582818	2.195432691	11.03873913				0	0	0				-855.4860745	0.03545755384	-2066.11759197381	
852.9260745	88	2	10	0.1369671002	0.0342574245	98.29363734	0.3579849842	1.348377672	86.35690653	2.260611783	11.38248168				0	0	0				-852.9260745	0.0342574245	-2208.40914731297	
850.3660745	88	2	10	0.1656153917	0.03313407411	98.24686766	0.3592669146	1.39386543	85.94944276	2.325770042	11.7247872				0	0	0				-850.3660745	0.03313407411	-2356.98086844756	
847.8060745	88	2	10	0.192433377	0.03208066419	98.20023192	0.360219794	1.439548289	85.5434033	2.390916128	12.06568057				0	0	0				-847.8060745	0.03208066419	-2511.10205104316	
845.2460745	88	2	10	0.2175899248	0.03109113733	98.15371249	0.3608563708	1.485431142	85.13875343	2.456058339	12.40518823				0	0	0				-845.2460745	0.03109113733	-2670.85869355866	
842.6860745	88	2	10	0.2412340183	0.03016011646	98.10729216	0.3611889545	1.531518886	84.73545734	2.521204663	12.743338				0	0	0				-842.6860745	0.03016011646	-2836.3498666959	
840.1260745	88	2	10	0.2634975769	0.02928281189	98.06095414	0.3612294447	1.57781642	84.33347825	2.586362824	13.08015892				0	0	0				-840.1260745	0.02928281189	-3007.67884928545	
837.5660745	88	2	10	0.2844978136	0.02845494302	98.01468199	0.3609893557	1.62432865	83.9327785	2.651540321	13.41568118				0	0	0				-837.5660745	0.02845494302	-3184.95332279565	
835.0060745	88	2	10	0.3043392128	0.02767267244	97.96845967	0.3604798393	1.671060487	83.5333196	2.716744459	13.74993594				0	0	0				-835.0060745	0.02767267244	-3368.28572013098	
832.4460745	88	2	10	0.3231151997	0.02693254996	97.92227144	0.3597117061	1.718016853	83.13506236	2.781982384	14.08295526				0	0	0				-832.4460745	0.02693254996	-3557.79343138452	
829.8860745	88	2	10	0.3409095545	0.02623146497	97.87610188	0.3586954437	1.765202676	82.7379669	2.847261107	14.41477199				0	0	0				-829.8860745	0.02623146497	-3753.59913446103	
827.3260745	88	2	10	0.3577976165	0.02556660567	97.82993586	0.3574412341	1.812622902	82.34199277	2.912587524	14.7454197				0	0	0				-827.3260745	0.02556660567	-3955.83104462266	
824.7660745	88	2	10	0.3738473124	0.02493542404	97.78375854	0.3559589693	1.860282489	81.94709895	2.977968441	15.0749326				0	0	0				-824.7660745	0.02493542404	-4164.62355988433	
822.2060745	88	2	10	0.3891200396	0.02433560573	97.73755532	0.3542582653	1.908186413	81.55324394	3.043410592	15.40334547				0	0	0				-822.2060745	0.02433560573	-4381.90891474653	
819.6460745	88	2	10	0.4036716818	0.02376547756	97.69131069	0.3523485491	1.956340758	81.16037881	3.108921991	15.7306992				0	0	0				-819.6460745	0.02376547756	-4602.08070900407	
817.0860745	88	2	10	0.4175522245	0.02322180903	97.6450129	0.3502387939	2.004748311	80.7684752	3.174506745	16.05701806				0	0	0				-817.0860745	0.02322180903	-4829.92554247116	
814.5260745	88	2	10	0.4308079092	0.02270414615	97.59864682	0.3479379174	2.053415261	80.37748327	3.240172635	16.38234409				0	0	0				-814.5260745	0.02270414615	-5068.20773163956	
811.9660745	88	2	10	0.443480663	0.0222104543	97.55219876	0.3454545538	2.102346686	79.98735989	3.305926252	16.70671385				0	0	0				-811.9660745	0.0222104543	-5312.06902105071	
809.4060745	88	2	10	0.4556087968	0.02173925516	97.50565519	0.3427971171	2.151547688	79.59806162	3.371774177	17.03016421				0	0	0				-809.4060745	0.02173925516	-5563.44542047938	
806.8460745	88	2	10	0.4672273853	0.02128919197	97.45900279	0.3399738098	2.201023403	79.20954467	3.437722998	17.35273233				0	0	0				-806.8460745	0.02128919197	-5822.53722373707	
804.2860745	88	2	10	0.4783685991	0.02085901532	97.41222836	0.336992631	2.250779006	78.821765	3.503779317	17.67445569				0	0	0				-804.2860745	0.02085901532	-6089.54641710881	
801.7260745	88	2	10	0.4890619964	0.0204475732	97.36531891	0.3338613837	2.300819709	78.43467825	3.569949759	17.99537199				0	0	0				-801.7260745	0.0204475732	-6364.68888757821	
799.1660745	88	2	10	0.4993347819	0.02005380174	97.31826155	0.3305876815	2.351150769	78.04823979	3.636240985	18.31551922				0	0	0				-799.1660745	0.02005380174	-6648.19364069718	
796.6060745	88	2	10	0.5092120341	0.01967671709	97.27104356	0.3271789552	2.401777488	77.66240473	3.702659696	18.63493557				0	0	0				-796.6060745	0.01967671709	-6940.3044960035	
794.0460745	88	2	10	0.5187169082	0.01931540816	97.22365233	0.3236424583	2.452705214	77.27712789	3.769212642	18.95365946				0	0	0				-794.0460745	0.01931540816	-7241.28151841375	
791.4860745	88	2	10	0.5278708152	0.01896903017	97.17607538	0.3199852723	2.503939351	76.89236383	3.835906632	19.27172954				0	0	0				-791.4860745	0.01896903017	-7551.40211491413	
788.9260745	88	2	10	0.5366935829	0.01863679882	97.12830033	0.316214312	2.555485354	76.5080668	3.902748542	19.58918466				0	0	0				-788.9260745	0.01863679882	-7870.96289772199	
786.3660745	88	2	10	0.5452035979	0.01831798514	97.08031493	0.31233633	2.607348739	76.1241908	3.969745318	19.90606388				0	0	0				-786.3660745	0.01831798514	-8200.28161010239	
783.8060745	88	2	10	0.5534179341	0.01801191081	97.032107	0.3083579206	2.65953508	75.74068951	4.03690399	20.2224065				0	0	0				-783.8060745	0.01801191081	-8539.69922052904	
781.2460745	88	2	10	0.5613524668	0.017717944	96.98366446	0.3042855241	2.712050019	75.35751631	4.104231676	20.53825201				0	0	0				-781.2460745	0.017717944	-8889.58257302849	
778.6860745	88	2	10	0.5690219759	0.0174354956	96.93497531	0.3001254304	2.764899264	74.97462425	4.171735591	20.85364016				0	0	0				-778.6860745	0.0174354956	-9250.32624455649	
776.1260745	88	2	10	0.576440238	0.01716401579	96.88602762	0.2958837821	2.818088596	74.59196602	4.239423055	21.16861092				0	0	0				-776.1260745	0.01716401579	-9622.35622351543	
773.5660745	88	2	10	0.5836201102	0.01690299101	96.83680955	0.2915665779	2.871623868	74.20949397	4.307301501	21.48320453				0	0	0				-773.5660745	0.01690299101	-10006.1329238475	
771.0060745	88	2	10	0.590573605	0.01665194114	96.78730931	0.2871796752	2.925511017	73.82716003	4.375378483	21.79746148				0	0	0				-771.0060745	0.01665194114	-10402.1544322366	
768.4460745	88	2	10	0.5973119587	0.01641041699	96.73751515	0.282728793	2.979756057	73.44491574	4.443661684	22.11142258				0	0	0				-768.4460745	0.01641041699	-10810.9612264277	
765.8860745	88	2	10	0.6038456926	0.01617799801	96.68741539	0.2782195142	3.034365092	73.06271217	4.512158926	22.42512891				0	0	0				-765.8860745	0.01617799801	-11233.1414936486	
763.3260745	88	2	10	0.6101846693	0.01595429024	96.6369984	0.2736572878	3.089344317	72.68049992	4.58087818	22.7386219				0	0	0				-763.3260745	0.01595429024	-11669.3350267221	
760.7660745	88	2	10	0.6163381433	0.01573892436	96.58625255	0.269047431	3.144700019	72.29822909	4.649827573	23.05194334				0	0	0				-760.7660745	0.01573892436	-12120.239463107	
758.2060745	88	2	10	0.6223148074	0.015531554	96.53516628	0.2643951313	3.200438587	71.91584922	4.719015396	23.36513538				0	0	0				-758.2060745	0.015531554	-12586.6188541783	
755.6460745	88	2	10	0.6281228346	0.01533185418	96.48372804	0.2597054483	3.256566513	71.53330927	4.788450122	23.67824061				0	0	0				-755.6460745	0.01533185418	-13069.3092808182	
753.0860745	88	2	10	0.6337699164	0.01513951983	96.43192629	0.2549833148	3.313090396	71.15055756	4.858140409	23.99130204				0	0	0				-753.0860745	0.01513951983	-13569.2299535149	
750.5260745	88	2	10	0.6392632984	0.01495426455	96.37974951	0.2502335392	3.370016952	70.76754173	4.928095112	24.30436315				0	0	0				-750.5260745	0.01495426455	-14087.3913273776	
747.9660745	88	2	10	0.6446098122	0.01477581932	96.32718618	0.2454608061	3.427353013	70.38420873	4.998323301	24.61746797				0	0	0				-747.9660745	0.01477581932	-14624.9081744318	
745.4060745	88	2	10	0.6498159044	0.01460393149	96.27422479	0.240669678	3.485105536	70.00050469	5.068834264	24.93066105				0	0	0				-745.4060745	0.01460393149	-15183.0147781467	
742.8460745	88	2	10	0.6548876644	0.01443836374	96.2208538	0.2358645965	3.543281608	69.61637494	5.13963753	25.24398753				0	0	0				-742.8460745	0.01443836374	-15763.077205916	
740.2860745	88	2	10	0.6598308486	0.01427889315	96.16706166	0.2310498834	3.601888453	69.2317639	5.210742872	25.55749323				0	0	0				-740.2860745	0.01427889315	-16366.6156115876	
737.7260745	88	2	10	0.6646509034	0.01412531041	96.11283682	0.2262297416	3.660933437	68.84661507	5.28216033	25.8712246				0	0	0				-737.7260745	0.01412531041	-16995.3230396767	
735.1660745	88	2	10	0.6693529861	0.01397741899	96.05816767	0.2214082562	3.720424075	68.46087091	5.353900222	26.18522887				0	0	0				-735.1660745	0.01397741899	-17651.0921370038	
732.6060745	88	2	10	0.6739419845	0.0138350345	96.00304257	0.2165893954	3.780368039	68.07447279	5.425973162	26.49955405				0	0	0				-732.6060745	0.0138350345	-18336.0462691853	
730.0460745	88	2	10	0.6784225345	0.01369798402	95.94744982	0.2117770115	3.840773165	67.68736093	5.498390075	26.81424899				0	0	0				-730.0460745	0.01369798402	-19052.5720854047	
727.4860745	88	2	10	0.6827990368	0.01356610552	95.8913777	0.2069748413	3.90164746	67.29947432	5.571162215	27.12936346				0	0	0				-727.4860745	0.01356610552	-19803.3648119213	
724.9260745	88	2	10	0.687075672	0.01343924735	95.83481438	0.2021865072	3.962999115	66.9107506	5.644301188	27.44494821				0	0	0				-724.9260745	0.01343924735	-20591.475410997	
722.3660745	88	2	10	0.6912564147	0.01331726772	95.77774798	0.197415518	4.024836506	66.52112602	5.717818966	27.76105501				0	0	0				-722.3660745	0.01331726772	-21420.373696785	
719.8060745	88	2	10	0.6953450471	0.01320003431	95.72016652	0.1926652692	4.087168211	66.1305353	5.791727916	28.07773679				0	0	0				-719.8060745	0.01320003431	-22294.0208522218	
717.2460745	88	2	10	0.6993451705	0.01308742384	95.66205794	0.1879390442	4.150003019	65.73891155	5.866040816	28.39504764				0	0	0				-717.2460745	0.01308742384	-23216.9595710921	
714.6860745	88	2	10	0.7032602169	0.01297932176	95.60341005	0.1832400143	4.213349938	65.34618617	5.940770885	28.71304295				0	0	0				-714.6860745	0.01297932176	-24194.4235875085	
712.1260745	88	2	10	0.7070934597	0.01287562191	95.54421055	0.17857124	4.27721821	64.95228871	6.015931804	29.03177948				0	0	0				-712.1260745	0.01287562191	-25232.4695183848	
709.5660745	88	2	10	0.7108480232	0.01277622625	95.48444701	0.1739356713	4.34161732	64.55714678	6.091537752	29.35131547				0	0	0				-709.5660745	0.01277622625	-26338.1468372878	
707.0060745	88	2	10	0.7145268921	0.01268104462	95.42410684	0.1693361482	4.406557015	64.16068585	6.167603427	29.67171072				0	0	0				-707.0060745	0.01268104462	-27519.7115727972	
704.4460745	88	2	10	0.7181329196	0.01258999456	95.36317728	0.1647754017	4.472047314	63.76282919	6.244144084	29.99302672				0	0	0				-704.4460745	0.01258999456	-28786.8900337495	
701.8860745	88	2	10	0.7216688357	0.01250300112	95.30164542	0.160256054	4.538098527	63.36349768	6.321175567	30.31532676				0	0	0				-701.8860745	0.01250300112	-30151.2208652394	
699.3260745	88	2	10	0.7251372546	0.01241999675	95.23949811	0.1557806194	4.604721268	62.96260961	6.398714349	30.63867604				0	0	0				-699.3260745	0.01241999675	-31626.4877356226	
696.7660745	88	2	10	0.7285406817	0.01234092115	95.17672202	0.151351505	4.671926479	62.56008056	6.476777567	30.96314187				0	0	0				-696.7660745	0.01234092115	-33229.3034231949	
694.2060745	88	2	10	0.7318815202	0.01226572127	95.11330355	0.146971011	4.739725442	62.1558232	6.555383071	31.28879373				0	0	0				-694.2060745	0.01226572127	-34979.874843076	
691.6460745	88	2	10	0.7351620774	0.01219435126	95.04922886	0.1426413318	4.80812981	61.74974705	6.634549465	31.61570348				0	0	0				-691.6460745	0.01219435126	-36903.0049354627	
689.0860745	88	2	10	0.7383845702	0.01212677245	94.98448382	0.1383645563	4.877151622	61.34175829	6.714296159	31.94394555				0	0	0				-689.0860745	0.01212677245	-39029.4810420515	
686.5260745	88	2	10	0.7415511311	0.01206295339	94.919054	0.1341426689	4.946803331	60.93175952	6.794643427	32.27359706				0	0	0				-686.5260745	0.01206295339	-41398.0303103544	
683.9660745	88	2	10	0.744663813	0.01200287001	94.85292462	0.1299775501	5.017097834	60.51964947	6.875612457	32.60473808				0	0	0				-683.9660745	0.01200287001	-44058.0026615562	
681.4060745	88	2	10	0.7477245944	0.01194650564	94.78608053	0.1258709775	5.088048496	60.10532276	6.957225424	32.93745181				0	0	0				-681.4060745	0.01194650564	-47073.2927888747	
678.8460745	88	2	10	0.750735384	0.01189385124	94.71850618	0.121824626	5.159669189	59.68866959	7.039505552	33.27182486				0	0	0				-678.8460745	0.01189385124	-50528.1715218655	
676.2860745	88	2	10	0.7536980253	0.01184490562	94.65018561	0.1178400693	5.231974322	59.26957538	7.122477193	33.60794743				0	0	0				-676.2860745	0.01184490562	-54732.1407993036	
673.7260745	88	2	10	0.7566143321	0.01179996387	94.58110411	0.1139187986	5.30497709	58.8479251	7.206165459	33.94590944				0	0	0				-673.7260745	0.01179996387	-59312.3288771204	
671.1660745	88	2	10	0.7594860046	0.01175833045	94.51123949	0.1100621418	5.378698368	58.42357858	7.290599231	34.28582218				0	0	0				-671.1660745	0.01175833045	-64982.33970439	
668.6060745	88	2	10	0.7623147064	0.01172075792	94.44058125	0.1062714287	5.453147317	57.9964254	7.375803668	34.62777093				0	0	0				-668.6060745	0.01172075792	-72171.3026196253	
666.0460745	88	2	10	0.7651021044	0.01168698464	94.36910591	0.102547799	5.528346295	57.56631164	7.461811278	34.97187708				0	0	0				-666.0460745	0.01168698464	-80695.1477621549	
663.4860745	88	2	10	0.7678497383	0.01165688748	94.29679635	0.09889234159	5.604311313	57.13309853	7.548652304	35.31824917				0	0	0				-663.4860745	0.01165688748	-91801.6744518461	
660.9260745	88	2	10	0.770559145	0.01163067795	94.22363299	0.09530604077	5.681060965	56.69663401	7.636359887	35.6670061				0	0	0				-660.9260745	0.01163067795	-107054.89485164	
658.3660745	88	2	10	0.7732318229	0.01160842109	94.14959547	0.09178978611	5.758614749	56.25675791	7.72496906	36.01827303				0	0	0				-658.3660745	0.01160842109	-129000.809678108	
655.8060745	88	2	10	0.775869236	0.01159019393	94.07466249	0.08834437371	5.83699314	55.81330122	7.814516913	36.37218186				0	0	0				-655.8060745	0.01159019393	-163570.045987721	
653.2460745	88	2	10	0.7784728169	0.0115760865	93.99881182	0.08497050737	5.916217677	55.36608535	7.90504276	36.72887188				0	0	0				-653.2460745	0.0115760865	-227065.978844246	
650.6860745	88	2	10	0.7810439709	0.01156620287	93.92202015	0.08166879982	5.996311051	54.91492126	7.996588338	37.0884904				0	0	0				-650.6860745	0.01156620287	-389124.468095939	
648.1260745	88	2	10	0.7835840788	0.01156066246	93.84426302	0.07843977397	6.077297209	54.45960852	8.089198019	37.45119347				0	0	0				-648.1260745	0.01156066246	-2099285.88207513	
645.5660745	88	2	10	0.7860945011	0.01155960146	93.76551466	0.07528386427	6.159201476	53.99993424	8.182919053	37.81714671				0	0	0				-645.5660745	0.01155960146	-3734531.58424369	
643.0060745	88	2	10	0.7885765813	0.01156317449	93.68574791	0.07220141802	6.242050674	53.53567194	8.277801837	38.18652622				0	0	0				-643.0060745	0.01156317449	593623.441856725	
640.4460745	88	2	10	0.7910316499	0.01157155656	93.60493403	0.06919269677	6.325873277	53.06658019	8.373900214	38.5595196				0	0	0				-640.4460745	0.01157155656	261441.769332091	
637.8860745	88	2	10	0.793461028	0.01158494536	93.52304255	0.0662578778	6.410699568	52.59240111	8.471271814	38.93632707				0	0	0				-637.8860745	0.01158494536	168738.659153872	
635.3260745	88	2	10	0.7958660319	0.01160356389	93.44004112	0.06339705554	6.496561822	52.11285876	8.569978435	39.3171628				0	0	0				-635.3260745	0.01160356389	123867.760282484	
632.7660745	88	2	10	0.7982479771	0.01162766353	93.35589524	0.06061024311	6.583494519	51.62765718	8.670086474	39.70225634				0	0	0				-632.7660745	0.01162766353	97068.7371074727	
630.2060745	88	2	10	0.8006081833	0.01165752767	93.27056805	0.05789737387	6.671534578	51.13647829	8.771667422	40.09185429				0	0	0				-630.2060745	0.01165752767	79138.1888327851	
627.6460745	88	2	10	0.8029479794	0.01169347583	93.18402007	0.05525830295	6.760721624	50.63897941	8.874798418	40.48622217				0	0	0				-627.6460745	0.01169347583	66245.9563594993	
625.0860745	88	2	10	0.8052687091	0.01173586859	93.09620889	0.05269280889	6.851098298	50.13479048	8.979562892	40.88564663				0	0	0				-625.0860745	0.01173586859	56500.5499257543	
622.5260745	88	2	10	0.807571737	0.01178511343	93.00708879	0.05020059521	6.942710611	49.62351083	9.086051299	41.29043787				0	0	0				-622.5260745	0.01178511343	48856.4815501764	
619.9660745	88	2	10	0.8098584557	0.01184167153	92.91661036	0.04778129205	7.035608349	49.10470552	9.194361964	41.70093251				0	0	0				-619.9660745	0.01184167153	42687.5028765214	
617.4060745	88	2	10	0.8121302931	0.01190606604	92.82472	0.0454344578	7.129845542	48.57790101	9.304602062	42.11749693				0	0	0				-617.4060745	0.01190606604	37595.054098047	
614.8460745	88	2	10	0.8143887214	0.01197889186	92.7313594	0.04315958069	7.225481015	48.04258017	9.416888758	42.54053107				0	0	0				-614.8460745	0.01197889186	33313.2322918486	
612.2860745	88	2	10	0.8166352671	0.01206082749	92.6364649	0.04095608042	7.322579019	47.4981765	9.531350543	42.97047296				0	0	0				-612.2860745	0.01206082749	29657.744975693	
609.7260745	88	2	10	0.8188715222	0.01215264942	92.5399667	0.03882330967	7.421209987	46.94406722	9.648128795	43.40780398				0	0	0				-609.7260745	0.01215264942	26496.8209433381	
607.1660745	88	2	10	0.8210991577	0.01225524959	92.44178803	0.03676055567	7.521451412	46.37956523	9.767379641	43.85305513				0	0	0				-607.1660745	0.01225524959	23733.7589070858	
604.6060745	88	2	10	0.8233199391	0.01236965693	92.34184406	0.03476704156	7.623388896	45.80390942	9.889276152	44.30681443				0	0	0				-604.6060745	0.01236965693	21296.0026885955	
602.0460745	88	2	10	0.8255357451	0.01249706397	92.24004067	0.03284192774	7.727117403	45.21625317	10.01401099	44.76973584				0	0	0				-602.0460745	0.01249706397	19128.0791471025	
599.4860745	88	2	10	0.8277485895	0.01263886008	92.13627293	0.03098431302	7.832742759	44.61565041	10.14179959	45.24255				0	0	0				-599.4860745	0.01263886008	17186.8782605368	
596.9260745	88	2	10	0.8299606477	0.01279667333	92.03042329	0.02919323558	7.940383474	44.00103877	10.27288402	45.72607721				0	0	0				-596.9260745	0.01279667333	15438.4267445032	
594.3660745	88	2	10	0.8321742888	0.01297242362	91.92235936	0.0274676737	8.050172968	43.37121881	10.40753776	46.22124343				0	0	0				-594.3660745	0.01297242362	13855.7257545928	
591.8060745	88	2	10	0.834392115	0.0131683876	91.81193104	0.02580654468	8.162262414	42.72482862	10.54607149	46.72909989				0	0	0				-591.8060745	0.0131683876	12416.6347391516	
589.2460745	88	2	10	0.836617013	0.01338730593	91.69896758	0.02420871004	8.276823708	42.06031111	10.68884059	47.2508483				0	0	0				-589.2460745	0.01338730593	11103.4529406805	
586.6860745	88	2	10	0.838852212	0.01363246304	91.58327269	0.02267296714	8.394054339	41.37587473	10.83625418	47.7878711				0	0	0				-586.6860745	0.01363246304	9901.95629417219	
584.1260745	88	2	10	0.8411013648	0.01390788194	91.46461954	0.02119805255	8.514182408	40.66944115	10.98878709	48.34177176				0	0	0				-584.1260745	0.01390788194	8799.69604458641	
581.5660745	88	2	10	0.8433686486	0.01421851881	91.3427437	0.01978263815	8.637473659	39.93857867	11.14699522	48.91442611				0	0	0				-581.5660745	0.01421851881	7786.74179415602	
579.0060745	88	2	10	0.8456588981	0.01457056478	91.21733417	0.01842532697	8.764240505	39.18041441	11.31153571	49.50804988				0	0	0				-579.0060745	0.01457056478	6854.63975773197	
576.4460745	88	2	10	0.8479777837	0.01497187337	91.08802143	0.01712464696	8.894853926	38.39151691	11.48319407	50.12528902				0	0	0				-576.4460745	0.01497187337	6008.94989689687	
573.8860745	88	2	10	0.8503318321	0.01543014343	90.9543567	0.01587902671	9.029764276	37.5677539	11.66290943	50.76933667				0	0	0				-573.8860745	0.01543014343	5230.2857322342	
571.3260745	88	2	10	0.8527292409	0.01596153352	90.81580499	0.01468682611	9.169508179	36.70404713	11.8518487	51.44410417				0	0	0				-571.3260745	0.01596153352	4498.36712990822	
568.7660745	88	2	10	0.8551799522	0.01658204161	90.67169577	0.01354626694	9.31475796	35.79406361	12.05146196	52.15447442				0	0	0				-568.7660745	0.01658204161	3835.92969122655	
566.2060745	88	2	10	0.8576963688	0.01731476533	90.52118989	0.01245542931	9.46635468	34.82977898	12.26358755	52.90663347				0	0	0				-566.2060745	0.01731476533	3231.86799940857	
563.6460745	88	2	10	0.8602943355	0.01819200027	90.36321236	0.01141220129	9.625375441	33.80079235	12.49060938	53.70859827				0	0	0				-563.6460745	0.01819200027	2683.40238764183	
561.0860745	88	2	10	0.8629945865	0.01925976358	90.19635669	0.01041422261	9.793229091	32.69328362	12.73569576	54.57102062				0	0	0				-561.0860745	0.01925976358	2188.32443603408	
558.5260745	88	2	10	0.86582516	0.02058743409	90.01873661	0.009458796314	9.971804592	31.48829536	13.00320262	55.50850201				0	0	0				-558.5260745	0.02058743409	1745.8708586569	
555.9660745	88	2	10	0.8688249705	0.02227874786	89.82774699	0.008542757404	10.16371025	30.15893546	13.29931256	56.54175199				0	0	0				-555.9660745	0.02227874786	1357.54856263983	
553.4060745	88	2	10	0.8720500975	0.02449981911	89.6196891	0.007662330008	10.37264857	28.66557273	13.63313294	57.70129433				0	0	0				-553.4060745	0.02449981911	1519.46659231067	
550.8460745	88	2	10	0.8738563093	0.01384604575	89.50509821	0.007097606796	10.48780418	27.60214954	13.90316551	58.49468495				0	0	0				-550.8460745	0.01384604575	1716.78990802164	
548.0966995	88	2	10	0.8758693131	0.01589806797	89.23865194	0.006043117485	10.75530494	26.2241618	14.0362091	59.7396291				0	0	0				-548.0966995	0.01589806797	1240.34592163506	
548.0335745	88	2	10	0.8810301605	0.04142947837	89.11437053	0.005936955235	10.87969251	21.48186044	15.71597024	62.80216932				0	0	0				-548.0335745	0.04142947837	21.7170341443601	
547.7810745	88	2	10	0.8814755159	0.003731791668	89.08839055	0.005860752828	10.9057487	21.22861999	15.77481746	62.99656255				0	0	0				-547.7810745	0.003731791668	5764.83954316414	
547.5285745	88	2	10	0.8819244183	0.003775642741	89.06220819	0.005785338812	10.93200647	20.9715607	15.83457127	63.19386803				0	0	0				-547.5285745	0.003775642741	5897.22465606495	
547.4023245	88	2	10	0.8821489147	0.001895366989	89.0491525	0.005748034793	10.94509947	20.84231637	15.86461287	63.29307076				0	0	0				-547.4023245	0.001895366989	-66.8848732176387	
547.3391995	88	2	10	0.8822611924	0.0009497357046	89.04263546	0.005729486184	10.95163506	20.77755021	15.87966417	63.34278562				0	0	0				-547.3391995	0.0009497357046	8832.63473994799	
546.9504495	88	2	10	0.882378814	0.0009960323632	89.0487945	0.005685747426	10.94551975	19.63971335	16.27731068	64.08297597				0	0	0				-546.9504495	0.0009960323632	8301.61444077561	
546.8873245	88	2	10	0.8829711817	0.005020491525	89.04836438	0.005693360655	10.94594226	19.12620517	16.46131013	64.41248469	38.22780603	9.129789777	52.6424042	0	0	0	0	0	0	-546.8873245	0.005020491525	-270.15914881617	
546.7610745	88	2	10	0.8831780379	0.001762440072	89.03747121	0.005660380779	10.95686841	19.00179199	16.49075269	64.50745533	38.33561367	9.074001924	52.59038441	0	0	0	0	0	0	-546.7610745	0.001762440072	-251.343706203829	
546.2460745	88	2	10	0.8840092359	0.007094536455	88.99406053	0.00552936408	11.00041011	18.50168124	16.60854337	64.88977539				0	0	0				-546.2460745	0.007094536455	452.879250814706	
546.2260745	88	2	10	0.8840410086	0.0002731281646	88.99241659	0.005524402812	11.002059	18.48242297	16.61307936	64.90449766				0	0	0				-546.2260745	0.0002731281646	153.132637940193	
546.1860745	88	2	10	0.884104439	0.0005454165936	88.98913875	0.005514509256	11.00534674	18.44394645	16.62214235	64.9339112				0	0	0				-546.1860745	0.0005454165936	147.13510829294	
546.1060745	88	2	10	0.884230835	0.001087432855	88.98262326	0.005494837705	11.01188191	18.36715688	16.64023151	64.99261162				0	0	0				-546.1060745	0.001087432855	148.094088189516	
545.9460745	88	2	10	0.8844817053	0.002160694414	88.96975696	0.005455959178	11.02478708	18.21427589	16.67625201	65.1094721				0	0	0				-545.9460745	0.002160694414	150.191896700026	
545.6260745	88	2	10	0.8849753412	0.004260831896	88.94470807	0.005380066181	11.04991186	17.91161579	16.74758775	65.34079646				0	0	0				-545.6260745	0.004260831896	155.119039534109	
544.9860745	88	2	10	0.8859273146	0.008252301634	88.89749472	0.005235705147	11.09726957	17.32094451	16.88690034	65.79215515				0	0	0				-544.9860745	0.008252301634	168.266251382217	
543.7060745	88	2	10	0.8876750534	0.0152770631	88.81524696	0.004975554072	11.17977749	16.21177671	17.14880775	66.63941554				0	0	0				-543.7060745	0.0152770631	211.06066874566	
541.1460745	88	2	10	0.8905373615	0.02540891882	88.69727145	0.00455165005	11.2981769	14.3219811	17.59578185	68.08223705				0	0	0				-541.1460745	0.02540891882	-1354.25517870549	
538.5860745	88	2	10	0.892699575	0.01969509323	88.62801821	0.004218240568	11.36776355	12.82911456	17.94921018	69.22167526				0	0	0				-538.5860745	0.01969509323	-545.037233297636	
536.0260745	88	2	10	0.8943716502	0.01553676114	88.59173125	0.003941524631	11.40432723	11.63343182	18.23242173	70.13414645				0	0	0				-536.0260745	0.01553676114	-766.875016123335	
533.4660745	88	2	10	0.8957072218	0.01260593158	88.5776131	0.003701681607	11.41868522	10.65109547	18.46514543	70.8837591				0	0	0				-533.4660745	0.01260593158	-1071.81008653321	
530.9060745	88	2	10	0.8968054418	0.01049799831	88.5789387	0.003487445413	11.41757386	9.824329712	18.6610121	71.51465819				0	0	0				-530.9060745	0.01049799831	-1456.4407644927	
528.3460745	88	2	10	0.8977301653	0.008933267949	88.59147938	0.003292169146	11.40522845	9.114339123	18.82918887	72.056472				0	0	0				-528.3460745	0.008933267949	-1919.89015391298	
525.7860745	88	2	10	0.8985237473	0.007735420517	88.6124796	0.003111723558	11.38440868	8.494593653	18.97595174	72.5294546				0	0	0				-525.7860745	0.007735420517	-2461.79120329633	
523.2260745	88	2	10	0.8992152877	0.006793248452	88.64007231	0.002943410884	11.35698427	7.946421664	19.10572165	72.94785668				0	0	0				-523.2260745	0.006793248452	-3081.89761400821	
520.6660745	88	2	10	0.8998254586	0.006034846951	88.67294595	0.002785386136	11.32426866	7.456291598	19.22170488	73.32200352				0	0	0				-520.6660745	0.006034846951	-3779.95735110461	
518.1060745	88	2	10	0.9003693878	0.005412272888	88.71014953	0.00263633502	11.28721414	7.014130455	19.32628977	73.65957978				0	0	0				-518.1060745	0.005412272888	-4555.94067161262	
515.5460745	88	2	10	0.9008584403	0.004892635556	88.75097388	0.002495285993	11.24653083	6.612255644	19.4212989	73.96644546				0	0	0				-515.5460745	0.004892635556	-5409.44716996741	
512.9860745	88	2	10	0.9013013432	0.004452648788	88.79487803	0.002361497126	11.20276047	6.244688645	19.50815133	74.24716003				0	0	0				-512.9860745	0.004452648788	-6340.38093872867	
510.4260745	88	2	10	0.9017049339	0.0040755041	88.84144025	0.002234384079	11.15632537	5.906687722	19.58797309	74.50533919				0	0	0				-510.4260745	0.0040755041	-7348.74248988434	
507.8660745	88	2	10	0.9020746611	0.00374875234	88.89032589	0.002113473818	11.10756063	5.594432045	19.6616719	74.74389605				0	0	0				-507.8660745	0.00374875234	-8434.38291470863	
505.3060745	88	2	10	0.9024149319	0.003463000566	88.94126521	0.001998373617	11.05673642	5.304798915	19.72998995	74.96521114				0	0	0				-505.3060745	0.003463000566	-9597.26031705817	
502.7460745	88	2	10	0.9027293589	0.003211037148	88.99403766	0.001888749863	11.00407359	5.035203981	19.79354168	75.17125434				0	0	0				-502.7460745	0.003211037148	-10837.3738388761	
500.1860745	88	2	10	0.9030209384	0.002987238391	89.04846069	0.001784313254	10.949755	4.783484409	19.85284152	75.36367407				0	0	0				-500.1860745	0.002987238391	-12154.7665663279	
497.6260745	88	2	10	0.9032921815	0.00278715732	89.10438148	0.001684808272	10.89393372	4.547811947	19.90832446	75.5438636				0	0	0				-497.6260745	0.00278715732	-13549.5285065479	
495.0660745	88	2	10	0.9035452131	0.002607233083	89.16167083	0.001590005564	10.83673917	4.326627215	19.96036163	75.71301116				0	0	0				-495.0660745	0.002607233083	-12680.0155544399	
493.7860745	88	2	10	0.903665497	0.001242629531	89.19079777	0.001544303719	10.80765792	4.221041286	19.9851939	75.79376481				0	0	0				-493.7860745	0.001242629531	-32144.7869762702	
492.5060745	88	2	10	0.9037818865	0.001203878038	89.22022672	0.00149970037	10.77827358	4.118589294	20.00928083	75.87212988				0	0	0				-492.5060745	0.001203878038	-31136.6422546021	
491.8660745	88	2	10	0.9038386846	0.000588198059	89.23505183	0.001477803713	10.76347037	4.068494432	20.02105632	75.91044925				0	0	0				-491.8660745	0.000588198059	-69877.4952771239	
491.2260745	88	2	10	0.9038945784	0.0005791695989	89.24994822	0.001456172898	10.74859561	4.019131334	20.03265778	75.94821089				0	0	0				-491.2260745	0.0005791695989	-68799.600361099	
490.9060745	88	2	10	0.9039221938	0.0002863154064	89.25742299	0.00144545642	10.74113156	3.994719293	20.03839467	75.96688604				0	0	0				-490.9060745	0.0002863154064	-1105.23879606184	
490.7460745	88	2	10	0.90393592	0.0001423535651	89.26116692	0.001440122749	10.73739295	3.982579578	20.04124741	75.97617301				0	0	0				-490.7460745	0.0001423535651	-293310.529888276	
490.5860745	88	2	10	0.9039495919	0.0001418101119	89.26491519	0.001434805392	10.73365001	3.970483973	20.04408966	75.98542637				0	0	0				-490.5860745	0.0001418101119	-292188.954069848	
490.5060745	88	2	10	0.9039564078	7.070608552E-05	89.26679094	0.001432152822	10.73177691	3.964452578	20.0455069	75.99004053				0	0	0				-490.5060745	7.070608552E-05	-593205.580658393	
490.4260745	88	2	10	0.9039632101	7.057147936E-05	89.26866777	0.001429504313	10.72990273	3.95843211	20.04692154	75.99464635				0	0	0				-490.4260745	7.057147936E-05	-592075.297100736	
490.3860745	88	2	10	0.9039666063	3.523628449E-05	89.26960659	0.001428181582	10.72896523	3.955425955	20.04762789	75.99694616				0	0	0				-490.3860745	3.523628449E-05	-1193034.36712174	
490.3460745	88	2	10	0.9039699991	3.520278826E-05	89.27054567	0.001426859863	10.72802747	3.95242252	20.0483336	75.99924388				0	0	0				-490.3460745	3.520278826E-05	-1191899.74788677	
490.3260745	88	2	10	0.9039716943	1.758906593E-05	89.27101556	0.00142619944	10.72755824	3.950921819	20.04868621	76.00039197				0	0	0				-490.3260745	1.758906593E-05	-1135.47832907059	
490.3060745	88	2	10	0.9039733886	1.758071122E-05	89.27148527	0.001425539214	10.72708919	3.949421796	20.04903866	76.00153954				0	0	0				-490.3060745	1.758071122E-05	-1135.47997492097	
490.2960745	88	2	10	0.9039742355	8.787277998E-06	89.27172003	0.001425209169	10.72685476	3.948672039	20.04921483	76.00211313				0	0	0				-490.2960745	8.787277998E-06	-2468.12895201728	
490.2560745	88	2	10	0.9039776208	3.512766666E-05	89.27265972	0.001423889728	10.72591639	3.945674702	20.04991908	76.00440622				0	0	0				-490.2560745	3.512766666E-05	-6465.34705223476	
490.2360745	88	2	10	0.9039793122	1.755148961E-05	89.27312978	0.001423230415	10.72544699	3.944177048	20.05027097	76.00555198				0	0	0				-490.2360745	1.755148961E-05	1201924.65925924	
490.1960745	88	2	10	0.9039826926	3.507769915E-05	89.27406962	0.001421912434	10.72450847	3.941183767	20.05097426	76.00784197				0	0	0				-490.1960745	3.507769915E-05	2283.9522399105	
490.1160745	88	2	10	0.9039894432	7.00540877E-05	89.27595057	0.001419279611	10.72263015	3.935205301	20.05237891	76.01241579				0	0	0				-490.1160745	7.00540877E-05	2290.57937189509	
489.9560745	88	2	10	0.9040029047	0.0001397042548	89.27971563	0.001414026051	10.71887034	3.923280649	20.05518051	76.02153884				0	0	0				-489.9560745	0.0001397042548	2303.89431573819	
489.6360745	88	2	10	0.9040296694	0.0002778032794	89.28725828	0.001403567131	10.71133815	3.89955969	20.06075306	76.03968725				0	0	0				-489.6360745	0.0002778032794	2330.77696295721	
488.9960745	88	2	10	0.9040825744	0.0005492761588	89.30239312	0.001382840893	10.69622404	3.852624169	20.07177725	76.07559859				0	0	0				-488.9960745	0.0005492761588	2385.63350063127	
487.7160745	88	2	10	0.9041859516	0.001073870711	89.33285714	0.001342145691	10.66580071	3.760730769	20.09335347	76.14591576				0	0	0				-487.7160745	0.001073870711	2499.95369325128	
485.1560745	88	2	10	0.9043834706	0.002053961737	89.39453269	0.001263712631	10.60420359	3.584480204	20.13470679	76.28081301				0	0	0				-485.1560745	0.002053961737	-25629.0244008038	
482.5960745	88	2	10	0.9045695839	0.001939291198	89.45716238	0.001189094824	10.54164853	3.417624486	20.17382741	76.4085481				0	0	0				-482.5960745	0.001939291198	-23309.9212521261	
480.0360745	88	2	10	0.9047452156	0.001833584733	89.5206896	0.001118140211	10.47819226	3.259457207	20.21088373	76.52965907				0	0	0				-480.0360745	0.001833584733	-25243.0997252951	
477.4760745	88	2	10	0.9049111843	0.001735841127	89.5850641	0.001050703553	10.4138852	3.109349105	20.24602579	76.64462511				0	0	0				-477.4760745	0.001735841127	-27256.3744799709	
474.9160745	88	2	10	0.9050682178	0.001645203444	89.65024102	0.0009866455667	10.34877234	2.966737105	20.27938788	76.75387501				0	0	0				-474.9160745	0.001645203444	-29350.3991928546	
472.3560745	88	2	10	0.9052169665	0.001560934044	89.7161801	0.0009258322502	10.28289406	2.83111525	20.31109071	76.85779404				0	0	0				-472.3560745	0.001560934044	-31525.9172703525	
469.7960745	88	2	10	0.9053580141	0.001482394564	89.78284508	0.0008681343507	10.21628678	2.702027119	20.34124317	76.95672971				0	0	0				-469.7960745	0.001482394564	-33783.7641592743	
467.2360745	88	2	10	0.905491886	0.001409029804	89.85020312	0.0008134269489	10.14898345	2.579059476	20.36994388	77.05099664				0	0	0				-467.2360745	0.001409029804	-36124.8724578351	
464.6760745	88	2	10	0.9056190569	0.001340354634	89.91822438	0.0007615891282	10.08101403	2.461836902	20.39728246	77.14088064				0	0	0				-464.6760745	0.001340354634	-38550.276848543	
462.1160745	88	2	10	0.9057399577	0.001275943301	89.98688162	0.0007125037133	10.01240588	2.350017232	20.42334057	77.2266422				0	0	0				-462.1160745	0.001275943301	-41061.1235177093	
459.5560745	88	2	10	0.9058549798	0.001215420637	90.0561499	0.0006660570625	9.943184048	2.243287667	20.44819292	77.30851942				0	0	0				-459.5560745	0.001215420637	-43658.6755160275	
456.9960745	88	2	10	0.9059644807	0.001158454774	90.12600628	0.0006221389013	9.873371579	2.141361435	20.47190798	77.38673059				0	0	0				-456.9960745	0.001158454774	-46344.3204899234	
454.4360745	88	2	10	0.9060687873	0.001104751088	90.19642962	0.0005806421899	9.802989735	2.043974915	20.49454871	77.46147638				0	0	0				-454.4360745	0.001104751088	-49119.5802166115	
451.8760745	88	2	10	0.9061681994	0.001054047128	90.26740034	0.000541463015	9.732058199	1.950885146	20.51617315	77.5329417				0	0	0				-451.8760745	0.001054047128	-51986.1168104972	
449.3160745	88	2	10	0.9062629929	0.001006108348	90.33890025	0.0005045005036	9.660595254	1.861867664	20.53683493	77.60129741				0	0	0				-449.3160745	0.001006108348	-54945.7433036149	
446.7560745	88	2	10	0.9063534219	0.0009607245048	90.41091241	0.0004696567502	9.588617936	1.776714619	20.55658369	77.66670169				0	0	0				-446.7560745	0.0009607245048	-58000.4350506805	
444.1960745	88	2	10	0.9064397212	0.0009177065975	90.483421	0.0004368367577	9.516142167	1.695233113	20.57546553	77.72930136				0	0	0				-444.1960745	0.0009177065975	-61152.3384237886	
441.6360745	88	2	10	0.9065221084	0.0008768842562	90.55641118	0.0004059483865	9.443182875	1.617243757	20.59352331	77.78923293				0	0	0				-441.6360745	0.0008768842562	-64403.7822956766	
439.0760745	88	2	10	0.9066007852	0.0008381035077	90.629869	0.0003769023101	9.369754094	1.542579387	20.61079697	77.84662364				0	0	0				-439.0760745	0.0008381035077	-67757.2905786786	
436.5160745	88	2	10	0.9066759392	0.0008012248541	90.70378133	0.0003496119768	9.295869057	1.471083932	20.62732382	77.90159225				0	0	0				-436.5160745	0.0008012248541	-71215.5955751724	
433.9560745	88	2	10	0.9067477451	0.0007661216159	90.77813573	0.0003239935729	9.221540278	1.402611411	20.64313872	77.95424986				0	0	0				-433.9560745	0.0007661216159	-74781.6511588608	
431.3960745	88	2	10	0.9068163658	0.0007326784958	90.85292041	0.0002999659904	9.146779621	1.33702504	20.65827438	78.00470058				0	0	0				-431.3960745	0.0007326784958	-78458.6479454371	
428.8360745	88	2	10	0.9068819539	0.0007007903324	90.92812418	0.0002774507937	9.071598369	1.274196434	20.67276146	78.05304211				0	0	0				-428.8360745	0.0007007903324	-82250.0300053732	
426.2760745	88	2	10	0.9069446519	0.0006703610131	91.00373635	0.0002563721885	8.996007279	1.214004898	20.68662879	78.09936631				0	0	0				-426.2760745	0.0006703610131	-86159.5105488943	
423.7160745	88	2	10	0.9070045937	0.0006413025231	91.07974671	0.0002366569896	8.920016634	1.156336789	20.69990354	78.14375967				0	0	0				-423.7160745	0.0006413025231	-90191.0919997288	
421.1560745	88	2	10	0.907061905	0.0006135341129	91.15614548	0.0002182345888	8.843636289	1.101084937	20.7126113	78.18630376				0	0	0				-421.1560745	0.0006135341129	-94349.0854096226	
418.5960745	88	2	10	0.907116704	0.0005869815645	91.23292325	0.0002010369213	8.766875717	1.048148137	20.72477624	78.22707562				0	0	0				-418.5960745	0.0005869815645	-98638.1308380445	
416.0360745	88	2	10	0.9071691021	0.0005615765451	91.31007096	0.0001849984309	8.689744043	0.9974306762	20.73642123	78.2661481				0	0	0				-416.0360745	0.0005615765451	-103063.222321803	
413.4760745	88	2	10	0.9072192043	0.0005372560359	91.38757986	0.0001700560348	8.612250083	0.9488419183	20.74756789	78.30359019				0	0	0				-413.4760745	0.0005372560359	-107629.731857651	
410.9160745	88	2	10	0.9072671099	0.000513961825	91.46544148	0.0001561490851	8.534402374	0.9022959188	20.75823675	78.33946733				0	0	0				-410.9160745	0.000513961825	-112343.436028589	
408.3560745	88	2	10	0.9073129128	0.0004916400573	91.54364758	0.0001432193305	8.456209203	0.8577110797	20.76844728	78.37384164				0	0	0				-408.3560745	0.0004916400573	-117210.545756578	
405.7960745	88	2	10	0.9073567018	0.0004702408334	91.62219015	0.0001312108751	8.377678636	0.8150098356	20.77821799	78.40677218				0	0	0				-405.7960745	0.0004702408334	-122237.738329297	
403.2360745	88	2	10	0.9073985614	0.0004497178518	91.70106139	0.0001200701359	8.298818542	0.7741183661	20.78756648	78.43831516				0	0	0				-403.2360745	0.0004497178518	-127432.190318342	
400.6760745	88	2	10	0.9074385715	0.0004300280881	91.78025364	0.000109745799	8.219636617	0.7349663352	20.79650951	78.46852415				0	0	0				-400.6760745	0.0004300280881	-132801.615443814	
398.1160745	88	2	10	0.9074768082	0.0004111315082	91.85975941	0.0001001887735	8.140140405	0.6974866525	20.80506309	78.49745026				0	0	0				-398.1160745	0.0004111315082	-138354.30525125	
395.5560745	88	2	10	0.9075133439	0.00039299081	91.93957133	9.135214411E-05	8.060337316	0.6616152547	20.81324246	78.52514228				0	0	0				-395.5560745	0.00039299081	-144099.171786813	
392.9960745	88	2	10	0.9075482475	0.0003755711911	92.01968216	8.319112298E-05	7.98023465	0.6272909054	20.82106222	78.55164687				0	0	0				-392.9960745	0.0003755711911	-150045.795198981	
390.4360745	88	2	10	0.9075815847	0.0003588401391	92.1000848	7.566299671E-05	7.899839538	0.5944550125	20.82853631	78.57700868				0	0	0				-390.4360745	0.0003588401391	-156204.480915341	
387.8760745	88	2	10	0.9076134183	0.0003427672433	92.18077195	6.872708665E-05	7.819159322	0.563051459	20.83567808	78.60127046				0	0	0				-387.8760745	0.0003427672433	-162586.305440494	
385.3160745	88	2	10	0.9076438082	0.000327324021	92.26173681	6.234467344E-05	7.738200849	0.5330264487	20.84250031	78.62447324				0	0	0				-385.3160745	0.000327324021	-169203.183216885	
382.7560745	88	2	10	0.9076728117	0.0003124837639	92.34297231	5.647896631E-05	7.656971206	0.5043283635	20.84901527	78.64665637				0	0	0				-382.7560745	0.0003124837639	-176067.941075655	
380.1960745	88	2	10	0.9077004837	0.0002982213963	92.42447153	5.109503717E-05	7.575477378	0.4769076326	20.85523473	78.66785764				0	0	0				-380.1960745	0.0002982213963	-183194.381424121	
377.6360745	88	2	10	0.9077268766	0.0002845133462	92.50622751	4.615976762E-05	7.493726328	0.4507166112	20.86117	78.68811339				0	0	0				-377.6360745	0.0002845133462	-190597.366160174	
375.0760745	88	2	10	0.907752041	0.0002713374283	92.58823334	4.164179313E-05	7.411725014	0.425709469	20.86683194	78.70745859				0	0	0				-375.0760745	0.0002713374283	-198292.907583532	
372.5160745	88	2	10	0.9077760251	0.0002586727371	92.67048209	3.75114466E-05	7.329480403	0.4018420873	20.87223101	78.72592691				0	0	0				-372.5160745	0.0002586727371	-206298.261170923	
369.9560745	88	2	10	0.9077988753	0.0002464995487	92.75296678	3.374070163E-05	7.24699948	0.3790719639	20.87737726	78.74355077				0	0	0				-369.9560745	0.0002464995487	-214632.032491688	
367.3960745	88	2	10	0.9078206363	0.0002347992314	92.83568043	3.030311549E-05	7.164289263	0.3573581249	20.8822804	78.76036148				0	0	0				-367.3960745	0.0002347992314	-223314.296027033	
364.8360745	88	2	10	0.9078413508	0.0002235541635	92.91861601	2.717377204E-05	7.081356812	0.3366610434	20.88694976	78.7763892				0	0	0				-364.8360745	0.0002235541635	-232366.723953724	
362.2760745	88	2	10	0.9078610603	0.000212747658	93.00176643	2.432922468E-05	6.998209244	0.3169425642	20.89139435	78.79166309				0	0	0				-362.2760745	0.000212747658	-241812.721821635	
359.7160745	88	2	10	0.9078798045	0.0002023638927	93.08512451	2.174743936E-05	6.914853743	0.2981658341	20.89562286	78.8062113				0	0	0				-359.7160745	0.0002023638927	-251677.590900041	
357.1560745	88	2	10	0.9078976215	0.000192387847	93.16868302	1.940773801E-05	6.831297569	0.2802952371	20.8996437	78.82006107				0	0	0				-357.1560745	0.000192387847	-261988.695892088	
354.5960745	88	2	10	0.9079145485	0.0001828052423	93.25243464	1.729074224E-05	6.747548073	0.2632963352	20.90346496	78.83323871				0	0	0				-354.5960745	0.0001828052423	-272775.655201203	
352.0360745	88	2	10	0.9079306209	0.0001736024882	93.33637192	1.537831762E-05	6.663612705	0.2471358122	20.90709448	78.84576971				0	0	0				-352.0360745	0.0001736024882	-284070.556151319	
349.4760745	88	2	10	0.9079458731	0.0001647666321	93.42048732	1.365351858E-05	6.579499027	0.2317814229	20.91053983	78.85767874				0	0	0				-349.4760745	0.0001647666321	-295908.179945686	
346.9160745	88	2	10	0.9079603383	0.0001562853127	93.50477318	1.210053401E-05	6.495214723	0.2172019457	20.91380835	78.8689897				0	0	0				-346.9160745	0.0001562853127	-308326.260679805	
344.3560745	88	2	10	0.9079740485	0.000148146717	93.58922169	1.070463373E-05	6.410767609	0.2033671379	20.91690712	78.87972574				0	0	0				-344.3560745	0.000148146717	-321365.782905879	
341.7960745	88	2	10	0.9079870348	0.000140339541	93.6738249	9.452115855E-06	6.326165648	0.1902476956	20.919843	78.8899093				0	0	0				-341.7960745	0.000140339541	-335071.285635776	
339.2360745	88	2	10	0.9079993269	0.0001328529521	93.75857472	8.330255187E-06	6.241416954	0.1778152154	20.92262263	78.89956215				0	0	0				-339.2360745	0.0001328529521	-349491.223655481	
336.6760745	88	2	10	0.9080109539	0.0001256765556	93.84346286	7.327252706E-06	6.156529811	0.1660421599	20.92525245	78.90870539				0	0	0				-336.6760745	0.0001256765556	-364678.360628629	
334.1160745	88	2	10	0.9080219438	0.0001188003624	93.92848089	6.432186232E-06	6.071512679	0.1549018247	20.92773867	78.91735951				0	0	0				-334.1160745	0.0001188003624	-380690.213247882	
331.5560745	88	2	10	0.9080323235	0.0001122147602	94.01362016	5.634962329E-06	5.986374208	0.1443683091	20.93008733	78.92554436				0	0	0				-331.5560745	0.0001122147602	-397589.537836194	
328.9960745	88	2	10	0.9080421193	0.0001059104856	94.09887183	4.926269522E-06	5.901123245	0.134416488	20.93230428	78.93327923				0	0	0				-328.9960745	0.0001059104856	-415444.887684375	
326.4360745	88	2	10	0.9080513566	9.987859943E-05	94.18422685	4.297532869E-06	5.815768855	0.1250219864	20.93439518	78.94058283				0	0	0				-326.4360745	9.987859943E-05	-434331.229871296	
323.8760745	88	2	10	0.9080600598	9.411046282E-05	94.26967594	3.740869954E-06	5.730320321	0.1161611555	20.93636551	78.94747333				0	0	0				-323.8760745	9.411046282E-05	-454330.627582926	
321.3160745	88	2	10	0.9080682527	8.859771566E-05	94.35520958	3.249048332E-06	5.644787167	0.1078110513	20.93822059	78.95396836				0	0	0				-321.3160745	8.859771566E-05	-475533.031436539	
318.7560745	88	2	10	0.9080759583	8.333225647E-05	94.44081802	2.815444474E-06	5.559179161	0.09994941383	20.93996556	78.96008502				0	0	0				-318.7560745	8.333225647E-05	-498037.147643073	
316.1960745	88	2	10	0.9080831988	7.830622376E-05	94.52649123	2.43400422E-06	5.473506335	0.09255464886	20.94160542	78.96583993				0	0	0				-316.1960745	7.830622376E-05	-521951.427705199	
313.6360745	88	2	10	0.9080899957	7.351197891E-05	94.61221891	2.099204801E-06	5.387778991	0.08560581047	20.94314499	78.9712492				0	0	0				-313.6360745	7.351197891E-05	-547395.181161906	
311.0760745	88	2	10	0.9080963698	6.89420903E-05	94.69799047	1.8060184E-06	5.302007721	0.07908258518	20.94458896	78.97632846				0	0	0				-311.0760745	6.89420903E-05	-574499.83523462	
308.5160745	88	2	10	0.9081023412	6.458931881E-05	94.78379504	1.549877307E-06	5.216203412	0.0729652772	20.94594184	78.98109288				0	0	0				-308.5160745	6.458931881E-05	-603410.360121587	
305.9560745	88	2	10	0.9081079295	6.044660445E-05	94.86962141	1.326640639E-06	5.130377268	0.06723479483	20.94720803	78.98555718				0	0	0				-305.9560745	6.044660445E-05	-634286.887383978	
303.3960745	88	2	10	0.9081131534	5.650705423E-05	94.95545805	1.132562641E-06	5.044540816	0.06187263786	20.94839176	78.9897356				0	0	0				-303.3960745	5.650705423E-05	-667306.543839118	
300.8360745	88	2	10	0.9081180312	5.276393102E-05	95.04129311	9.642625605E-07	4.958705924	0.05686088582	20.94949714	78.99364198				0	0	0				-300.8360745	5.276393102E-05	-622150.407809338	
300	88	2	10	0.9081195526	1.645878405E-05	95.06932382	9.143609581E-07	4.930675267	0.05529706695	20.94984194	78.99486099				0	0	0				-300	1.645878405E-05	576092.22764602	
