T	w(AL)	w(MG)	w(SI)	fs	fw(@FCC_A1)	w(AL@FCC_A1)	w(MG@FCC_A1)	w(SI@FCC_A1)	w(AL@LIQUID)	w(MG@LIQUID)	w(SI@LIQUID)	dwdT_L(AL@LIQUID)	dwdT_L(MG@LIQUID)	dwdT_L(SI@LIQUID)	-T	fw(@FCC_A1)_1	-T//fw(@FCC_A1)	
K	%	%	%	mole/mole	kg/kg	%	%	%	%	%	%	SI	SI	SI				
866.6339583	88	3	9	0	0	98.46995587	0.5541409566	0.9759031684	88	3	9	0.001768930902	-0.0004132380889	-0.001355692813	-866.6339583	0	29.4159174389813	
866.6239583	88	3	9	0.0001691556901	0.0001690605305	98.46978055	0.5541653646	0.9760540827	87.9982314	3.000413191	9.001355408	0	0	0	-866.6239583	0.0001690605305	88.884906182188	
866.6039583	88	3	9	0.0005070105746	0.000337757862	98.46942994	0.5542141316	0.9763559253	87.99469394	3.001239583	9.00406648	0	0	0	-866.6039583	0.000337757862	118.550964516183	
866.5639583	88	3	9	0.001182229512	0.0006751914327	98.46872886	0.5543114741	0.9769596701	87.98761763	3.002892748	9.00948962	0	0	0	-866.5639583	0.0006751914327	118.624387209115	
866.4839583	88	3	9	0.002530038762	0.001348653804	98.46732703	0.5545057795	0.9781671943	87.97346685	3.006198851	9.020334303	0	0	0	-866.4839583	0.001348653804	118.925558198715	
866.3239583	88	3	9	0.00521573516	0.002690963758	98.46452518	0.5548923666	0.9805824577	87.94516679	3.012811498	9.042021707	0	0	0	-866.3239583	0.002690963758	119.48005411166	
866.0039583	88	3	9	0.01054775646	0.005356715695	98.45892842	0.5556576656	0.9854139128	87.88857277	3.026038592	9.08538864	0	0	0	-866.0039583	0.005356715695	120.69624812816	
865.3639583	88	3	9	0.02104399015	0.01060324055	98.44776279	0.5571564011	0.9950808106	87.77541092	3.052497366	9.172091717	0	0	0	-865.3639583	0.01060324055	123.191288315367	
864.0839583	88	3	9	0.04141528749	0.02079962707	98.4255407	0.5600291102	1.014430191	87.54918433	3.105441531	9.345374141	0	0	0	-864.0839583	0.02079962707	128.089269811175	
861.5239583	88	3	9	0.07983388424	0.04006008805	98.3815207	0.5652869645	1.053192337	87.09711268	3.211450918	9.691436402	0	0	0	-861.5239583	0.04006008805	-1929.46153752952	
858.9639583	88	3	9	0.115385463	0.03861785906	98.33804859	0.5698994848	1.092051925	86.64557438	3.317559666	10.03686595	0	0	0	-858.9639583	0.03861785906	-1841.58688895064	
856.4039583	88	3	9	0.1483735547	0.03727307178	98.29509665	0.5738895211	1.131013833	86.19454986	3.423783983	10.38166616	0	0	0	-856.4039583	0.03727307178	-1973.78371205408	
853.8439583	88	3	9	0.1790620931	0.03601771232	98.25263798	0.577279175	1.170082846	85.744018	3.530139244	10.72584276	0	0	0	-853.8439583	0.03601771232	-2112.0699809325	
851.2839583	88	3	9	0.2076805037	0.03484349571	98.21064636	0.5800898391	1.209263798	85.29395535	3.636640138	11.06940452	0	0	0	-851.2839583	0.03484349571	-2255.70174141815	
848.7239583	88	3	9	0.2344291084	0.03374311955	98.16909622	0.5823422421	1.248561539	84.8443364	3.743300735	11.41236287	0	0	0	-848.7239583	0.03374311955	-2404.76529192846	
846.1639583	88	3	9	0.2594835626	0.03271013617	98.12796258	0.5840564932	1.287980931	84.39513371	3.850134592	11.7547317	0	0	0	-846.1639583	0.03271013617	-2559.3650748161	
843.6039583	88	3	9	0.2829985081	0.03173883093	98.08722103	0.5852521212	1.327526844	83.94631799	3.95715484	12.09652717	0	0	0	-843.6039583	0.03173883093	-2719.61128606838	
841.0439583	88	3	9	0.3051105997	0.03082412067	98.04684773	0.5859481092	1.367204159	83.49785819	4.064374266	12.43776755	0	0	0	-841.0439583	0.03082412067	-2885.62020272196	
838.4839583	88	3	9	0.3259410247	0.02996146873	98.00681931	0.5861629255	1.407017762	83.04972158	4.171805378	12.77847304	0	0	0	-838.4839583	0.02996146873	-3057.51455420136	
835.9239583	88	3	9	0.3455976137	0.0291468133	97.96711291	0.5859145512	1.446972544	82.60187384	4.27946047	13.11866569	0	0	0	-835.9239583	0.0291468133	-3235.42384785345	
833.3639583	88	3	9	0.3641766162	0.02837650681	97.92770609	0.585220505	1.487073402	82.15427908	4.387351669	13.45836925	0	0	0	-833.3639583	0.02837650681	-3419.48489133078	
830.8039583	88	3	9	0.3817642019	0.02764726442	97.88857689	0.5840978656	1.52732524	81.70689999	4.495490988	13.79760902	0	0	0	-830.8039583	0.02764726442	-3609.84226458712	
828.2439583	88	3	9	0.3984377355	0.02695612001	97.84970374	0.5825632919	1.567732968	81.25969781	4.603890362	14.13641183	0	0	0	-828.2439583	0.02695612001	-3806.64877906895	
825.6839583	88	3	9	0.4142668641	0.02630038844	97.81106546	0.5806330408	1.608301503	80.81263242	4.71256169	14.47480589	0	0	0	-825.6839583	0.02630038844	-4010.06635767152	
823.1239583	88	3	9	0.429314448	0.02567763316	97.77264125	0.5783229845	1.64903577	80.36566241	4.821516864	14.81282072	0	0	0	-823.1239583	0.02567763316	-4220.26654897484	
820.5639583	88	3	9	0.4436373608	0.02508563809	97.73441067	0.5756486253	1.689940705	79.91874508	4.930767807	15.15048712	0	0	0	-820.5639583	0.02508563809	-4437.43134852414	
818.0039583	88	3	9	0.4572871794	0.02452238337	97.69635364	0.5726251093	1.731021254	79.47183649	5.040326492	15.48783702	0	0	0	-818.0039583	0.02452238337	-4661.75405417576	
815.4439583	88	3	9	0.4703107817	0.02398602416	97.65845038	0.5692672391	1.772282377	79.0248915	5.150204975	15.82490353	0	0	0	-815.4439583	0.02398602416	-4893.44054547023	
812.8839583	88	3	9	0.4827508654	0.02347487229	97.62068147	0.5655894855	1.813729048	78.57786379	5.260415413	16.1617208	0	0	0	-812.8839583	0.02347487229	-5132.71009666059	
810.3239583	88	3	9	0.4946463994	0.02298738001	97.58302775	0.5616059978	1.855366256	78.13070588	5.370970093	16.49832403	0	0	0	-810.3239583	0.02298738001	-5379.79662764919	
807.7639583	88	3	9	0.5060330197	0.02252212589	97.54547038	0.5573306141	1.897199009	77.68336914	5.481881446	16.83474942	0	0	0	-807.7639583	0.02252212589	-5634.95031117331	
805.2039583	88	3	9	0.5169433746	0.02207780231	97.5079908	0.5527768695	1.939232335	77.23580381	5.593162073	17.17103412	0	0	0	-805.2039583	0.02207780231	-5898.43909513988	
802.6439583	88	3	9	0.5274074293	0.02165320449	97.47057071	0.5479580052	1.981471284	76.78795899	5.704824763	17.50721625	0	0	0	-802.6439583	0.02165320449	-6170.55027254137	
800.0839583	88	3	9	0.5374527338	0.0212472207	97.4331921	0.5428869752	2.023920929	76.33978267	5.81688251	17.84333482	0	0	0	-800.0839583	0.0212472207	-6451.59251880681	
797.5239583	88	3	9	0.5471046595	0.02085882366	97.39583718	0.5375764543	2.066586368	75.89122169	5.929348532	18.17942978	0	0	0	-797.5239583	0.02085882366	-6741.89842039646	
794.9639583	88	3	9	0.556386609	0.02048706286	97.35848843	0.5320388437	2.109472727	75.44222176	6.042236293	18.51554195	0	0	0	-794.9639583	0.02048706286	-7041.82645734659	
792.4039583	88	3	9	0.5653202019	0.02013105769	97.32112856	0.5262862777	2.152585164	74.99272743	6.155559517	18.85171305	0	0	0	-792.4039583	0.02013105769	-7351.76395132815	
789.8439583	88	3	9	0.5739254403	0.01978999135	97.28374051	0.5203306285	2.195928863	74.54268209	6.269332208	19.1879857	0	0	0	-789.8439583	0.01978999135	-7672.13063484655	
787.2839583	88	3	9	0.5822208567	0.0194631054	97.24630744	0.514183512	2.239509048	74.09202791	6.38356867	19.52440342	0	0	0	-787.2839583	0.0194631054	-8005.02847124968	
784.7239583	88	3	9	0.5902237198	0.01914981608	97.20881159	0.5078562923	2.283332119	73.64069871	6.498285044	19.86101625	0	0	0	-784.7239583	0.01914981608	-8342.70535815302	
782.1639583	88	3	9	0.5979497934	0.01884889749	97.17123882	0.5013600485	2.327401137	73.18864898	6.613492793	20.19785823	0	0	0	-782.1639583	0.01884889749	-8696.03373079752	
779.6039583	88	3	9	0.6054140743	0.01856050929	97.13357178	0.4947056891	2.371722528	72.73580956	6.729209158	20.53498128	0	0	0	-779.6039583	0.01856050929	-9067.44893372861	
777.0439583	88	3	9	0.6126304037	0.01828376104	97.09579448	0.4879038473	2.416301669	72.28211752	6.845449834	20.87243265	0	0	0	-777.0439583	0.01828376104	-9447.64956224826	
774.4839583	88	3	9	0.6196116886	0.01801812077	97.0578911	0.48096492	2.46114398	71.82750856	6.962230909	21.21026053	0	0	0	-774.4839583	0.01801812077	-9841.69374438389	
771.9239583	88	3	9	0.6263699799	0.01776309295	97.01984601	0.4738990708	2.506254922	71.37191696	7.079568893	21.54851415	0	0	0	-771.9239583	0.01776309295	-10250.370731681	
769.3639583	88	3	9	0.632916542	0.01751821468	96.98164376	0.4667162333	2.551640006	70.91527549	7.197480744	21.88724376	0	0	0	-769.3639583	0.01751821468	-10674.5318551041	
766.8039583	88	3	9	0.6392619157	0.0172830534	96.94326909	0.4594261134	2.597304793	70.45751539	7.315983885	22.22650072	0	0	0	-766.8039583	0.0172830534	-11115.1200637191	
764.2439583	88	3	9	0.6454159757	0.01705720479	96.90470691	0.4520381924	2.643254893	69.99856626	7.435096235	22.56633751	0	0	0	-764.2439583	0.01705720479	-11573.1801326425	
761.6839583	88	3	9	0.6513879824	0.01684029079	96.8659423	0.4445617288	2.68949597	69.538356	7.554836236	22.90680777	0	0	0	-761.6839583	0.01684029079	-12049.8708229994	
759.1239583	88	3	9	0.6571866292	0.0166319578	96.8269605	0.4370057609	2.736033743	69.07681074	7.675222878	23.24796638	0	0	0	-759.1239583	0.0166319578	-12546.4825612361	
756.5639583	88	3	9	0.6628200854	0.0164318751	96.7877469	0.4293791085	2.782873989	68.61385474	7.796275732	23.58986953	0	0	0	-756.5639583	0.0164318751	-13064.4552930982	
754.0039583	88	3	9	0.6682960354	0.01623973333	96.74828708	0.4216903752	2.830022543	68.14941031	7.91801498	23.93257471	0	0	0	-754.0039583	0.01623973333	-13605.399852768	
751.4439583	88	3	9	0.6736217149	0.01605524316	96.70856675	0.4139479498	2.8774853	67.68339768	8.040461448	24.27614088	0	0	0	-751.4439583	0.01605524316	-14171.1261048963	
748.8839583	88	3	9	0.6788039427	0.01587813409	96.66857177	0.4061600081	2.925268219	67.21573491	8.163636645	24.62062844	0	0	0	-748.8839583	0.01587813409	-14763.6738404888	
746.3239583	88	3	9	0.6838491519	0.01570815334	96.62828816	0.3983345146	2.973377323	66.74633779	8.287562795	24.96609941	0	0	0	-746.3239583	0.01570815334	-15385.3481711378	
743.7639583	88	3	9	0.6887634164	0.01554506482	96.58770208	0.3904792236	3.021818701	66.27511969	8.412262882	25.31261743	0	0	0	-743.7639583	0.01554506482	-16038.7634035273	
741.2039583	88	3	9	0.6935524765	0.01538864821	96.54679981	0.3826016812	3.070598512	65.8019914	8.537760691	25.66024791	0	0	0	-741.2039583	0.01538864821	-16726.8988098243	
738.6439583	88	3	9	0.6982217622	0.01523869816	96.50556779	0.374709226	3.119722984	65.32686106	8.664080851	26.00905809	0	0	0	-738.6439583	0.01523869816	-17453.1626695446	
736.0839583	88	3	9	0.7027764144	0.01509502352	96.46399259	0.366808991	3.169198416	64.84963394	8.791248886	26.35911717	0	0	0	-736.0839583	0.01509502352	-18221.4689890695	
733.5239583	88	3	9	0.7072213044	0.01495744665	96.42206091	0.3589079041	3.219031182	64.37021229	8.919291266	26.71049644	0	0	0	-733.5239583	0.01495744665	-19036.3365198821	
730.9639583	88	3	9	0.7115610526	0.01482580283	96.37975958	0.3510126899	3.269227731	63.88849518	9.04823546	27.06326936	0	0	0	-730.9639583	0.01482580283	-19903.0066720833	
728.4039583	88	3	9	0.7158000445	0.01469993968	96.33707554	0.3431298708	3.319794589	63.40437827	9.178109995	27.41751173	0	0	0	-728.4039583	0.01469993968	-20837.4682815776	
725.8439583	88	3	9	0.7199424379	0.01457982323	96.2939974	0.3352658517	3.370736751	62.91775861	9.308944646	27.77329674	0	0	0	-725.8439583	0.01457982323	-21848.9845820229	
723.2839583	88	3	9	0.7239922649	0.01446533405	96.25050957	0.3274266643	3.422063764	62.42851213	9.440772234	28.13071564	0	0	0	-723.2839583	0.01446533405	-22902.0620853636	
720.7239583	88	3	9	0.7279532343	0.01435602308	96.20660066	0.3196182368	3.473781107	61.93653021	9.573622939	28.48984685	0	0	0	-720.7239583	0.01435602308	-24029.2110101242	
718.1639583	88	3	9	0.7318289378	0.01425199825	96.16225808	0.3118462935	3.525895625	61.44169277	9.70753021	28.85077702	0	0	0	-718.1639583	0.01425199825	-25272.0892994472	
715.6039583	88	3	9	0.7356227996	0.01415316272	96.11746939	0.3041163622	3.578414244	60.94387517	9.842528915	29.21359591	0	0	0	-715.6039583	0.01415316272	-26625.3260314697	
713.0439583	88	3	9	0.7393380873	0.0140594299	96.07222225	0.2964337751	3.631343974	60.44294789	9.978655432	29.57839668	0	0	0	-713.0439583	0.0140594299	-28106.7271730383	
710.4839583	88	3	9	0.7429779214	0.0139707232	96.02650442	0.2888036704	3.684691908	59.93877623	10.11594774	29.94527603	0	0	0	-710.4839583	0.0139707232	-29738.2274455682	
707.9239583	88	3	9	0.746545285	0.01388697592	95.98030379	0.2812309929	3.738465221	59.43121998	10.25444553	30.31433449	0	0	0	-707.9239583	0.01388697592	-31547.1584506486	
705.3639583	88	3	9	0.7500430323	0.01380813112	95.93360833	0.2737204961	3.79267117	58.92013306	10.39419031	30.68567663	0	0	0	-705.3639583	0.01380813112	-33568.0183286069	
702.8039583	88	3	9	0.7534738968	0.01373414161	95.88640616	0.2662767425	3.847317093	58.40536311	10.5352255	31.05941139	0	0	0	-702.8039583	0.01373414161	-35844.9652211448	
700.2439583	88	3	9	0.7568404987	0.01366496987	95.83868549	0.2589041061	3.902410407	57.88675107	10.67759662	31.43565231	0	0	0	-700.2439583	0.01366496987	-38435.4584714304	
697.6839583	88	3	9	0.7601453525	0.01360058813	95.79043463	0.251606773	3.957958601	57.36413073	10.82135137	31.8145179	0	0	0	-697.6839583	0.01360058813	-41415.6807417131	
695.1239583	88	3	9	0.7633908732	0.01354097842	95.74164202	0.2443887429	4.013969238	56.83732825	10.96653979	32.19613196	0	0	0	-695.1239583	0.01354097842	-44888.8301493399	
692.5639583	88	3	9	0.7665793829	0.01348613268	95.69229622	0.2372538313	4.070449946	56.30616161	11.11321443	32.58062395	0	0	0	-692.5639583	0.01348613268	-48998.2978102361	
690.0039583	88	3	9	0.7697131167	0.01343605292	95.64238592	0.2302056706	4.127408408	55.77044003	11.26143056	32.96812941	0	0	0	-690.0039583	0.01343605292	-53949.4251106429	
687.4439583	88	3	9	0.7727942283	0.01339075143	95.59189993	0.2232477119	4.184852361	55.22996336	11.41124626	33.35879037	0	0	0	-687.4439583	0.01339075143	-60047.1636378288	
684.8839583	88	3	9	0.7758247954	0.013350251	95.5408272	0.2163832271	4.242789574	54.68452142	11.56272275	33.75275584	0	0	0	-684.8839583	0.013350251	-67765.2924431646	
682.3239583	88	3	9	0.7788068247	0.01331458523	95.48915684	0.2096153103	4.301227845	54.13389323	11.71592448	34.15018229	0	0	0	-682.3239583	0.01331458523	-77883.2233822413	
679.7639583	88	3	9	0.7817422564	0.01328379884	95.43687814	0.2029468806	4.360174975	53.57784625	11.87091948	34.55123427	0	0	0	-679.7639583	0.01328379884	-91783.5017956666	
677.2039583	88	3	9	0.7846329692	0.01325794805	95.38398057	0.1963806835	4.419638749	53.01613555	12.02777955	34.9560849	0	0	0	-677.2039583	0.01325794805	-112187.923685697	
674.6439583	88	3	9	0.7874807845	0.01323710099	95.33045379	0.1899192935	4.479626913	52.44850282	12.18658057	35.36491661	0	0	0	-674.6439583	0.01323710099	-145353.490747542	
672.0839583	88	3	9	0.79028747	0.01322133815	95.27628775	0.1835651168	4.540147135	51.87467542	12.34740278	35.7779218	0	0	0	-672.0839583	0.01322133815	-209930.677867978	
669.5239583	88	3	9	0.7930547444	0.01321075283	95.22147263	0.1773203934	4.601206974	51.29436525	12.51033114	36.19530361	0	0	0	-669.5239583	0.01321075283	-402470.207631751	
666.9639583	88	3	9	0.7957842805	0.01320545166	95.16599898	0.1711872	4.662813824	50.70726762	12.67545565	36.61727673	0	0	0	-666.9639583	0.01320545166	25272314.4313746	
664.4039583	88	3	9	0.7984777091	0.01320555501	95.10985769	0.1651674531	4.724974862	50.11305994	12.84287178	37.04406828	0	0	0	-664.4039583	0.01320555501	24332823.0351304	
661.8439583	88	3	9	0.8011366221	0.01321119755	95.05304012	0.1592629118	4.787696972	49.51140035	13.01268084	37.47591881	0	0	0	-661.8439583	0.01321119755	377979.192297735	
659.2839583	88	3	9	0.8037625758	0.01322252859	94.99553815	0.1534751816	4.850986666	48.90192628	13.18499044	37.91308329	0	0	0	-659.2839583	0.01322252859	195349.493082889	
656.7239583	88	3	9	0.8063570937	0.01323971259	94.93734431	0.1478057173	4.914849969	48.28425279	13.35991499	38.35583223	0	0	0	-656.7239583	0.01323971259	132510.624331495	
654.1639583	88	3	9	0.8089216695	0.01326292938	94.87845187	0.1422558275	4.979292303	47.65797092	13.53757621	38.80445287	0	0	0	-654.1639583	0.01326292938	99982.6910835691	
651.6039583	88	3	9	0.8114577695	0.01329237429	94.818855	0.1368266785	5.044318318	47.02264585	13.71810366	39.25925048	0	0	0	-651.6039583	0.01329237429	79910.616286171	
649.0439583	88	3	9	0.8139668345	0.01332825796	94.75854899	0.1315192989	5.109931713	46.37781499	13.90163537	39.72054965	0	0	0	-649.0439583	0.01332825796	66229.3887802004	
646.4839583	88	3	9	0.8164502819	0.01337080569	94.69753042	0.1263345845	5.176134998	45.7229859	14.08831839	40.18869571	0	0	0	-646.4839583	0.01337080569	56283.3475400985	
643.9239583	88	3	9	0.8189095072	0.01342025635	94.63579749	0.1212733037	5.24292921	45.05763427	14.27830951	40.66405623	0	0	0	-643.9239583	0.01342025635	48718.2288405158	
641.3639583	88	3	9	0.8213458844	0.01347686046	94.57335033	0.1163361034	5.310313565	44.3812017	14.47177583	41.14702246	0	0	0	-641.3639583	0.01347686046	42768.8982635155	
638.8039583	88	3	9	0.8237607665	0.01354087714	94.51019145	0.1115235156	5.378285034	43.69309364	14.66889549	41.63801087	0	0	0	-638.8039583	0.01354087714	37969.8572793096	
636.2439583	88	3	9	0.8261554846	0.01361256984	94.44632622	0.1068359646	5.446837812	42.99267725	14.86985825	42.1374645	0	0	0	-636.2439583	0.01361256984	34021.6720801758	
633.6839583	88	3	9	0.8285313454	0.01369219983	94.38176355	0.1022737749	5.515962676	42.27927961	15.07486608	42.64585431	0	0	0	-633.6839583	0.01369219983	30723.3264180481	
631.1239583	88	3	9	0.8308896286	0.0137800172	94.31651664	0.09783718054	5.585646184	41.55218621	15.28413361	43.16368018	0	0	0	-631.1239583	0.0137800172	27935.2983099153	
628.5639583	88	3	9	0.8332315805	0.01387624812	94.25060397	0.09352633489	5.655869691	40.81063997	15.49788848	43.69147155	0	0	0	-628.5639583	0.01387624812	25558.329524303	
626.0039583	88	3	9	0.8355584062	0.01398107735	94.18405055	0.0893413222	5.72660813	40.05384127	15.71637133	44.22978741	0	0	0	-626.0039583	0.01398107735	23520.6445068898	
623.4439583	88	3	9	0.8378712582	0.01409462413	94.11688932	0.0852821704	5.797828508	39.28094923	15.93983544	44.77921534	0	0	0	-623.4439583	0.01409462413	21770.0343721294	
620.8839583	88	3	9	0.84017122	0.01421690977	94.04916324	0.08134887044	5.869487892	38.49108494	16.16854582	45.34036924	0	0	0	-620.8839583	0.01421690977	20269.0438916207	
618.3239583	88	3	9	0.8424592848	0.01434781187	93.98092698	0.07754137481	5.941531641	37.68333761	16.4027774	45.913885	0	0	0	-618.3239583	0.01434781187	18991.7323052061	
615.7639583	88	3	9	0.8447363263	0.01448700989	93.91225054	0.07385964097	6.013889821	36.85677422	16.64281215	46.50041363	0	0	0	-615.7639583	0.01448700989	17922.4145493705	
613.2039583	88	3	9	0.8470030601	0.01463390112	93.84322219	0.07030363586	6.086474174	36.01045506	16.88893451	47.10061043	0	0	0	-613.2039583	0.01463390112	17055.7607449894	
610.6439583	88	3	9	0.8492599936	0.01478750113	93.77395289	0.06687336178	6.159173744	35.14345635	17.14142465	47.715119	0	0	0	-610.6439583	0.01478750113	16397.8971947644	
608.0839583	88	3	9	0.8515073597	0.01494630992	93.70458141	0.06356887993	6.231849712	34.25490284	17.40054871	48.34454846	0	0	0	-608.0839583	0.01494630992	15970.8159316673	
605.5239583	88	3	9	0.8537450343	0.01510814292	93.63528043	0.0603903341	6.304329235	33.34401357	17.66654519	48.98944125	0	0	0	-605.5239583	0.01510814292	15821.4024630281	
602.9639583	88	3	9	0.8559724303	0.01526992221	93.56626379	0.05733797274	6.376398233	32.4101645	17.93960619	49.65022931	0	0	0	-602.9639583	0.01526992221	16041.5477230171	
600.4039583	88	3	9	0.858188369	0.01542742847	93.49779461	0.05441216584	6.447793224	31.45297227	18.21985236	50.32717537	0	0	0	-600.4039583	0.01542742847	16826.3578025916	
597.8439583	88	3	9	0.8603909604	0.01557487032	93.43018995	0.05161335099	6.518196702	30.47241564	18.50728884	51.02029552	0	0	0	-597.8439583	0.01557487032	18578.2003975753	
595.2839583	88	3	9	0.8625772941	0.0157051367	93.36384575	0.04894224894	6.587212002	29.46893088	18.80180454	51.72926458	0	0	0	-595.2839583	0.0157051367	22429.2936919314	
592.7239583	88	3	9	0.8647434377	0.01580901602	93.29922369	0.04639954938	6.654376764	28.44360921	19.10308063	52.45331016	0	0	0	-592.7239583	0.01580901602	33264.6234256808	
590.1639583	88	3	9	0.8668841601	0.01587508483	93.23686635	0.04398594201	6.719147712	27.39838453	19.41054587	53.19106961	0	0	0	-590.1639583	0.01587508483	144471.22483057	
587.6039583	88	3	9	0.8689928292	0.01589025544	93.17739425	0.04170197479	6.780903776	26.33621011	19.72332296	53.94046692	0	0	0	-587.6039583	0.01589025544	266333.160539384	
585.0439583	88	3	9	0.8710615223	0.01584080375	93.12148277	0.03954770332	6.838969527	25.26124939	20.04014859	54.69860201	0	0	0	-585.0439583	0.01584080375	-42923.3892948474	
582.4839583	88	3	9	0.8730807827	0.01571152302	93.06987626	0.03752285323	6.892600882	24.17886662	20.35943686	55.46169652	0	0	0	-582.4839583	0.01571152302	-16770.3005449791	
579.9239583	88	3	9	0.8750403375	0.01549066963	93.02331624	0.03562612492	6.941057638	23.09564007	20.67921997	56.22513996	0	0	0	-579.9239583	0.01549066963	-10118.0209784497	
577.3639583	88	3	9	0.876929535	0.01516974972	92.98250635	0.03385501109	6.98363864	22.01914365	20.9972291	56.98362725	0	0	0	-577.3639583	0.01516974972	-7145.6152609602	
574.8039583	88	3	9	0.8787381402	0.01474655155	92.94805525	0.03220556034	7.019739186	20.95753175	21.31101819	57.73145006	0	0	0	-574.8039583	0.01474655155	-5543.31021430851	
572.2439583	88	3	9	0.880457197	0.01422638914	92.92042375	0.03067228362	7.048903964	19.91898497	21.61812974	58.46288529	0	0	0	-572.2439583	0.01422638914	-4604.68859086075	
569.6839583	88	3	9	0.8820798041	0.01362213279	92.899886	0.02924824978	7.070865755	18.91110003	21.91627774	59.17262224	0	0	0	-569.6839583	0.01362213279	-4040.95386179385	
567.1239583	88	3	9	0.8836016444	0.01295271078	92.88651337	0.02792537091	7.085561257	17.94034412	22.20351166	59.85614421	0	0	0	-567.1239583	0.01295271078	-3712.78833381284	
564.5639583	88	3	9	0.885021167	0.01224046304	92.88018363	0.02669482537	7.093121542	17.01167867	22.47833004	60.50999129	0	0	0	-564.5639583	0.01224046304	-3545.65371753578	
562.0039583	88	3	9	0.8863394232	0.01150813097	92.880611	0.02554753262	7.093841463	16.12840443	22.73972776	61.13186782	0	0	0	-562.0039583	0.01150813097	-3496.85188155987	
559.4439583	88	3	9	0.8875596422	0.0107762886	92.88738858	0.02447459294	7.088136827	15.29221667	22.98718046	61.72060287	0	0	0	-559.4439583	0.0107762886	-3540.77314768084	
556.8839583	88	3	9	0.8886866742	0.01006170719	92.90003346	0.02346763158	7.076498903	14.50341305	23.22058299	62.27600396	0	0	0	-556.8839583	0.01006170719	-3657.78237363557	
554.3239583	88	3	9	0.8897263573	0.00937539308	92.91802888	0.02251902807	7.059452096	13.76118333	23.4401645	62.79865218	0	0	0	-554.3239583	0.00937539308	-3846.50922104385	
551.7639583	88	3	9	0.8906852207	0.008728322218	92.94085006	0.02162200827	7.037527934	13.06390044	23.64639621	63.28970334	0	0	0	-551.7639583	0.008728322218	-4098.61428508427	
549.2039583	88	3	9	0.8915698465	0.008123361033	92.96799566	0.02077068909	7.01123365	12.40941371	23.83991077	63.75067552	0	0	0	-549.2039583	0.008123361033	-4403.16987944471	
546.6439583	88	3	9	0.8923866853	0.00756223287	92.99899672	0.01996003058	6.981043248	11.79526189	24.02143515	64.18330296	0	0	0	-546.6439583	0.00756223287	-4761.89431317957	
544.0839583	88	3	9	0.8931418708	0.007044648909	93.03342443	0.01918575621	6.947389816	11.21884501	24.19173928	64.58941571	0	0	0	-544.0839583	0.007044648909	-5172.86987747865	
541.5239583	88	3	9	0.8938411064	0.006568930629	93.07089316	0.0184442656	6.910662573	10.67755455	24.35159673	64.97084871	0	0	0	-541.5239583	0.006568930629	-5635.13807822213	
538.9639583	88	3	9	0.8944896217	0.006132658338	93.11105945	0.01773253763	6.871208013	10.16885057	24.50176165	65.32938778	0	0	0	-538.9639583	0.006132658338	-6148.34930219366	
536.4039583	88	3	9	0.8950921621	0.005732987722	93.1536196	0.01704804226	6.829332361	9.690314382	24.64295278	65.66673283	0	0	0	-536.4039583	0.005732987722	-6712.23983606839	
533.8439583	88	3	9	0.8956530027	0.005366927804	93.19830626	0.01638866028	6.785305081	9.239677292	24.77584477	65.98447794	0	0	0	-533.8439583	0.005366927804	-7326.81027742416	
531.2839583	88	3	9	0.8961759776	0.00503151202	93.24488465	0.01575261339	6.739362741	8.814833499	24.90106414	66.28410237	0	0	0	-531.2839583	0.00503151202	-7992.19691486228	
528.7239583	88	3	9	0.8966645162	0.004723902577	93.29314875	0.01513840458	6.69171285	8.41384258	25.01918849	66.56696893	0	0	0	-528.7239583	0.004723902577	-8708.62908299203	
526.1639583	88	3	9	0.8971216808	0.004441448471	93.34291776	0.01454476807	6.642537473	8.034925315	25.13074764	66.83432704	0	0	0	-526.1639583	0.004441448471	-9476.40005437448	
523.6039583	88	3	9	0.8975502054	0.004181712538	93.39403284	0.01397062761	6.591996535	7.676455545	25.23622599	67.08731847	0	0	0	-523.6039583	0.004181712538	-10295.847443854	
521.0439583	88	3	9	0.8979525315	0.00394247864	93.44635419	0.0134150621	6.540230749	7.336949905	25.33606551	67.32698459	0	0	0	-521.0439583	0.00394247864	-11167.3403244225	
518.4839583	88	3	9	0.8983308413	0.003721746674	93.49975852	0.01287727726	6.487364203	7.015056643	25.43066908	67.55427428	0	0	0	-518.4839583	0.003721746674	-12091.2708731544	
515.9239583	88	3	9	0.8986870877	0.003517720596	93.55413682	0.01235658243	6.433506601	6.709544303	25.52040379	67.77005191	0	0	0	-515.9239583	0.003517720596	-13068.048954665	
513.3639583	88	3	9	0.8990230213	0.003328792859	93.60939243	0.01185237149	6.378755197	6.419290748	25.60560421	67.97510504	0	0	0	-513.3639583	0.003328792859	-14098.0995098934	
510.8039583	88	3	9	0.8993402141	0.003153527461	93.66543942	0.01136410734	6.32319647	6.143272793	25.68657547	68.17015173	0	0	0	-510.8039583	0.003153527461	-15181.8611053359	
508.2439583	88	3	9	0.8996400807	0.002990642906	93.72220113	0.01089130909	6.266907556	5.88055661	25.76359609	68.3558473	0	0	0	-508.2439583	0.002990642906	-16319.7858973652	
505.6839583	88	3	9	0.8999238963	0.002838995892	93.77960899	0.01043354165	6.209957473	5.630288927	25.83692057	68.5327905	0	0	0	-505.6839583	0.002838995892	-17512.3405317505	
503.1239583	88	3	9	0.9001928128	0.002697566123	93.83760141	0.009990407147	6.152408178	5.391689049	25.90678183	68.70152912	0	0	0	-503.1239583	0.002697566123	-18760.0074588118	
500.5639583	88	3	9	0.9004478736	0.00256544245	93.89612299	0.009561537953	6.094315474	5.164041661	25.97339328	68.86256506	0	0	0	-500.5639583	0.00256544245	-20063.2869910848	
498.0039583	88	3	9	0.9006900249	0.002441810385	93.95512362	0.009146590909	6.035729786	4.946690354	26.03695079	69.01635886	0	0	0	-498.0039583	0.002441810385	-21422.6996826894	
495.4439583	88	3	9	0.9009201273	0.002325940956	94.01455793	0.00874524264	5.976696828	4.739031832	26.09763437	69.1633338	0	0	0	-495.4439583	0.002325940956	-22838.7889424945	
492.8839583	88	3	9	0.9011389648	0.002217180819	94.07438463	0.008357185703	5.917258182	4.540510727	26.15560977	69.3038795	0	0	0	-492.8839583	0.002217180819	-24312.1238904609	
490.3239583	88	3	9	0.9013472531	0.002114943525	94.13456608	0.007982125437	5.857451799	4.350614966	26.21102981	69.43835522	0	0	0	-490.3239583	0.002114943525	-25843.3031945064	
487.7639583	88	3	9	0.901545647	0.002018701833	94.1950678	0.007619777398	5.797312425	4.168871632	26.26403563	69.56709274	0	0	0	-487.7639583	0.002018701833	-27432.9578395595	
485.2039583	88	3	9	0.9017347469	0.001927980943	94.25585816	0.007269865267	5.736871978	3.994843271	26.3147578	69.69039893	0	0	0	-485.2039583	0.001927980943	-29081.7545279021	
482.6439583	88	3	9	0.9019151038	0.001842352559	94.31690801	0.00693211916	5.676159875	3.828124586	26.36331728	69.80855814	0	0	0	-482.6439583	0.001842352559	-30790.4004697157	
480.0839583	88	3	9	0.9020872251	0.001761429677	94.37819041	0.006606274258	5.615203313	3.668339483	26.40982632	69.92183419	0	0	0	-480.0839583	0.001761429677	-32559.6474807173	
477.5239583	88	3	9	0.9022515782	0.001684862007	94.43968041	0.006292069721	5.554027517	3.51513843	26.45438926	70.03047231	0	0	0	-477.5239583	0.001684862007	-34390.2943418916	
474.9639583	88	3	9	0.9024085949	0.001612331944	94.50135479	0.005989247817	5.49265596	3.368196083	26.4971032	70.13470072	0	0	0	-474.9639583	0.001612331944	-36283.193910346	
472.4039583	88	3	9	0.9025586745	0.001543551043	94.5631919	0.005697553245	5.431110551	3.227209165	26.53805864	70.23473219	0	0	0	-472.4039583	0.001543551043	-38239.2565523358	
469.8439583	88	3	9	0.9027021871	0.001478256897	94.62517146	0.005416732618	5.369411802	3.091894555	26.5773401	70.33076535	0	0	0	-469.8439583	0.001478256897	-40259.4542603842	
467.2839583	88	3	9	0.902839476	0.0014162104	94.68727448	0.005146534071	5.307578981	2.961987571	26.61502655	70.42298588	0	0	0	-467.2839583	0.0014162104	-42344.8280808422	
464.7239583	88	3	9	0.9029708606	0.001357193328	94.74948306	0.004886706981	5.245630236	2.837240424	26.65119194	70.51156763	0	0	0	-464.7239583	0.001357193328	-44496.4922409468	
462.1639583	88	3	9	0.903096638	0.001301006201	94.81178028	0.00463700178	5.183582716	2.717420826	26.68590559	70.59667358	0	0	0	-462.1639583	0.001301006201	-46715.6388096033	
459.6039583	88	3	9	0.9032170853	0.00124746639	94.87415016	0.004397169833	5.121452673	2.602310725	26.71923256	70.67845672	0	0	0	-459.6039583	0.00124746639	-49003.5469780736	
457.0439583	88	3	9	0.9033324612	0.001196406448	94.93657748	0.004166963396	5.059255553	2.49170517	26.75123398	70.75706085	0	0	0	-457.0439583	0.001196406448	-51361.5868907783	
454.4839583	88	3	9	0.9034430078	0.001147672616	94.99904779	0.003946135606	4.997006076	2.385411279	26.7819674	70.83262132	0	0	0	-454.4839583	0.001147672616	-53791.2281782481	
451.9239583	88	3	9	0.9035489514	0.001101123509	95.06154724	0.003734440527	4.934718315	2.2832473	26.81148703	70.90526567	0	0	0	-451.9239583	0.001101123509	-56294.0457059269	
449.3639583	88	3	9	0.9036505046	0.001056628932	95.12406261	0.003531633228	4.872405754	2.185041766	26.83984399	70.97511424	0	0	0	-449.3639583	0.001056628932	-58871.7284006078	
446.8039583	88	3	9	0.9037478667	0.001014068838	95.18658117	0.003337469883	4.810081355	2.090632716	26.86708659	71.04228069	0	0	0	-446.8039583	0.001014068838	-61526.0881685664	
444.2439583	88	3	9	0.9038412251	0.0009733323867	95.24909069	0.003151707897	4.747757604	1.999866994	26.89326048	71.10687252	0	0	0	-444.2439583	0.0009733323867	-64259.066536809	
441.6839583	88	3	9	0.9039307563	0.0009343171087	95.31157933	0.002974106054	4.685446563	1.912599606	26.91840888	71.16899151	0	0	0	-441.6839583	0.0009343171087	-67072.7459934896	
439.1239583	88	3	9	0.9040166265	0.0008969281541	95.37403567	0.002804424671	4.62315991	1.828693133	26.94257274	71.22873413	0	0	0	-439.1239583	0.0008969281541	-69969.3586003398	
436.5639583	88	3	9	0.9040989925	0.0008610776189	95.43644859	0.002642425766	4.560908982	1.748017196	26.9657909	71.28619191	0	0	0	-436.5639583	0.0008610776189	-72951.2975243473	
434.0039583	88	3	9	0.9041780024	0.0008266839401	95.49880732	0.002487873231	4.498704808	1.670447962	26.98810024	71.3414518	0	0	0	-434.0039583	0.0008266839401	-76021.1276901279	
431.4439583	88	3	9	0.9042537964	0.0007936713502	95.56110133	0.002340533012	4.436558141	1.595867696	27.00953582	71.39459648	0	0	0	-431.4439583	0.0007936713502	-79181.5978429532	
428.8839583	88	3	9	0.9043265069	0.0007619693864	95.62332034	0.002200173288	4.374479488	1.524164347	27.03013101	71.44570465	0	0	0	-428.8839583	0.0007619693864	-82435.6539372713	
426.3239583	88	3	9	0.9043962596	0.0007315124471	95.6854543	0.002066564651	4.312479137	1.455231166	27.04991755	71.49485128	0	0	0	-426.3239583	0.0007315124471	-85786.4529333946	
423.7639583	88	3	9	0.9044631736	0.0007022393912	95.74749334	0.001939480289	4.250567181	1.388966362	27.06892574	71.54210789	0	0	0	-423.7639583	0.0007022393912	-89237.3772458304	
421.2039583	88	3	9	0.9045273622	0.0006740931748	95.80942776	0.001818696159	4.188753541	1.325272774	27.08718447	71.58754275	0	0	0	-421.2039583	0.0006740931748	-92792.0503895064	
418.6439583	88	3	9	0.9045889328	0.0006470205221	95.87124802	0.001703991158	4.127047985	1.264057577	27.10472133	71.63122109	0	0	0	-418.6439583	0.0006470205221	-96454.355286288	
416.0839583	88	3	9	0.9046479879	0.000620971627	95.93294471	0.001595147295	4.065460146	1.205232011	27.1215627	71.67320529	0	0	0	-416.0839583	0.000620971627	-100228.451805613	
413.5239583	88	3	9	0.9047046248	0.0005958998809	95.9945085	0.001491949851	4.003999546	1.148711123	27.1377338	71.71355507	0	0	0	-413.5239583	0.0005958998809	-94710.1949664657	
412.2439583	88	3	9	0.9047320701	0.000289012309	96.02523843	0.001442402954	3.973319169	1.121289519	27.14557693	71.73313356	0	0	0	-412.2439583	0.000289012309	-4300.56564406389	
411.6039583	88	3	9	0.9047455795	0.0001423089983	96.04058986	0.001418131001	3.957992008	1.107783943	27.14943918	71.74277688	0	0	0	-411.6039583	0.0001423089983	-413126.611039101	
410.9639583	88	3	9	0.9047589474	0.0001407756929	96.05593193	0.001394188913	3.94267388	1.094413696	27.15326204	71.75232426	0	0	0	-410.9639583	0.0001407756929	-408659.330541809	
410.6439583	88	3	9	0.9047655791	6.987070813E-05	96.06359948	0.001382340617	3.935018175	1.087778918	27.15515895	71.75706213	0	0	0	-410.6439583	6.987070813E-05	-837160.04458997	
410.3239583	88	3	9	0.9047721761	6.949049128E-05	96.07126464	0.00137057358	3.927364786	1.081177513	27.15704615	71.76177634	0	0	0	-410.3239583	6.949049128E-05	-832596.949445008	
410.1639583	88	3	9	0.9047754616	3.461879406E-05	96.07509634	0.001364720423	3.923538944	1.077889277	27.15798615	71.76412457	0	0	0	-410.1639583	3.461879406E-05	-1663564.4174927	
410.0039583	88	3	9	0.9047787385	3.452287813E-05	96.07892742	0.001358887429	3.91971369	1.074609328	27.15892375	71.76646693	0	0	0	-410.0039583	3.452287813E-05	-1658951.26650594	
409.9239583	88	3	9	0.9047803738	1.723079389E-05	96.08084274	0.001355978483	3.917801277	1.072972455	27.15939165	71.7676359	0	0	0	-409.9239583	1.723079389E-05	-4634.35422704652	
409.8839583	88	3	9	0.9047811906	8.60698917E-06	96.08180035	0.001354525894	3.916845125	1.072154793	27.15962538	71.76821983	0	0	0	-409.8839583	8.60698917E-06	-4598.96094767326	
409.8639583	88	3	9	0.9047815985	4.239246714E-06	96.08227921	0.001353800107	3.916366989	1.071746153	27.15974212	71.76851173	0	0	0	-409.8639583	4.239246714E-06	331615.228386775	
409.8439583	88	3	9	0.9047820066	4.300426361E-06	96.08275799	0.001353074597	3.915888936	1.071337644	27.15985889	71.76880347	0	0	0	-409.8439583	4.300426361E-06	336469.456266228	
409.8339583	88	3	9	0.9047822104	2.118609023E-06	96.08299731	0.001352711914	3.915649983	1.071133437	27.15991723	71.76894934	0	0	0	-409.8339583	2.118609023E-06	330039.063461657	
409.8239583	88	3	9	0.9047824144	2.14934754E-06	96.08323669	0.001352349355	3.915410962	1.070929263	27.15997559	71.76909515	0	0	0	-409.8239583	2.14934754E-06	323816.216784469	
409.7839583	88	3	9	0.9047832297	8.621685772E-06	96.08419423	0.001350899908	3.914454866	1.070112898	27.16020897	71.76967813	0	0	0	-409.7839583	8.621685772E-06	-27200.2611970827	
409.7639583	88	3	9	0.9047836362	4.230839525E-06	96.08467302	0.001350175651	3.913976808	1.069704909	27.16032553	71.76996956	0	0	0	-409.7639583	4.230839525E-06	-2591785.25099723	
409.7239583	88	3	9	0.9047844512	8.644795649E-06	96.08563036	0.001348728055	3.913020914	1.068889299	27.16055873	71.77055197	0	0	0	-409.7239583	8.644795649E-06	9179.67975365185	
409.6439583	88	3	9	0.9047860789	1.714990158E-05	96.08754515	0.001345836659	3.911109018	1.067259643	27.16102453	71.77171582	0	0	0	-409.6439583	1.714990158E-05	9392.86546696401	
409.4839583	88	3	9	0.9047893279	3.423250347E-05	96.09137426	0.001340068862	3.907285672	1.064006498	27.16195434	71.77403916	0	0	0	-409.4839583	3.423250347E-05	9384.81924711946	
409.1639583	88	3	9	0.9047958002	6.819654281E-05	96.09903063	0.001328593065	3.899640774	1.057524815	27.16380678	71.7786684	0	0	0	-409.1639583	6.819654281E-05	9459.44453390954	
408.5239583	88	3	9	0.9048086423	0.0001353248145	96.11433589	0.001305879284	3.884358228	1.044659367	27.16748308	71.78785755	0	0	0	-408.5239583	0.0001353248145	9611.82341506593	
407.2439583	88	3	9	0.9048339216	0.0002664208624	96.14491598	0.001261391907	3.853822623	1.019316147	27.1747226	71.80596126	0	0	0	-407.2439583	0.0002664208624	9929.65843399254	
404.6839583	88	3	9	0.9048828965	0.0005162815379	96.20595059	0.001176090291	3.792873316	0.9701485049	27.18875881	71.84109268	0	0	0	-404.6839583	0.0005162815379	-132643.855384919	
402.1239583	88	3	9	0.9049298358	0.0004950356336	96.26681183	0.001095522509	3.732092647	0.9229478102	27.20222491	71.87482728	0	0	0	-402.1239583	0.0004950356336	-122900.208173371	
399.5639583	88	3	9	0.9049748152	0.0004745909385	96.32749081	0.001019494196	3.671489692	0.8776461416	27.21514103	71.90721282	0	0	0	-399.5639583	0.0004745909385	-127604.845063235	
397.0039583	88	3	9	0.9050179077	0.0004548846172	96.38797861	0.000947815129	3.611073576	0.8341781892	27.22752653	71.93829528	0	0	0	-397.0039583	0.0004548846172	-132376.424576687	
394.4439583	88	3	9	0.9050591827	0.000435887383	96.44826632	0.0008802993055	3.550853376	0.7924810777	27.23939998	71.96811894	0	0	0	-394.4439583	0.000435887383	-137309.204570059	
391.8839583	88	3	9	0.905098707	0.0004175716279	96.50834508	0.0008167650442	3.490838155	0.7524942249	27.25077932	71.99672646	0	0	0	-391.8839583	0.0004175716279	-142411.240499522	
389.3239583	88	3	9	0.9051365449	0.0003999112916	96.568206	0.0007570350655	3.431036968	0.7141592164	27.26168178	72.024159	0	0	0	-389.3239583	0.0003999112916	-147691.133959165	
386.7639583	88	3	9	0.905172758	0.0003828817526	96.62784019	0.0007009365643	3.371458871	0.6774196903	27.27212401	72.0504563	0	0	0	-386.7639583	0.0003828817526	-153158.117156867	
384.2039583	88	3	9	0.9052074054	0.000366459728	96.68723877	0.0006483012716	3.312112928	0.6422212289	27.28212207	72.0756567	0	0	0	-384.2039583	0.000366459728	-158822.103658175	
381.6439583	88	3	9	0.9052405442	0.0003506231809	96.74639282	0.0005989655077	3.253008217	0.608511258	27.29169144	72.0997973	0	0	0	-381.6439583	0.0003506231809	-164693.740622097	
379.0839583	88	3	9	0.9052722293	0.0003353512344	96.80529339	0.0005527702253	3.194153835	0.5762389526	27.30084711	72.12291394	0	0	0	-379.0839583	0.0003353512344	-170784.469550271	
376.5239583	88	3	9	0.9053025135	0.0003206240926	96.86393154	0.0005095610435	3.135558904	0.54535515	27.30960353	72.14504132	0	0	0	-376.5239583	0.0003206240926	-177106.590240164	
373.9639583	88	3	9	0.9053314477	0.0003064229667	96.92229824	0.0004691882722	3.077232575	0.5158122679	27.31797471	72.16621302	0	0	0	-373.9639583	0.0003064229667	-183876.626011204	
371.4039583	88	3	9	0.9053590813	0.0002927586598	96.98038449	0.0004315069299	3.019184003	0.4875642321	27.3259742	72.18646156	0	0	0	-371.4039583	0.0002927586598	-190693.734432997	
368.8439583	88	3	9	0.9053854616	0.0002795576565	97.03818116	0.000396376747	2.961422462	0.4605663898	27.33361509	72.20581852	0	0	0	-368.8439583	0.0002795576565	-197610.775768874	
366.2839583	88	3	9	0.9054106343	0.0002668317366	97.09567914	0.0003636621605	2.9039572	0.4347754662	27.34091007	72.22431446	0	0	0	-366.2839583	0.0002668317366	-205003.553724084	
363.7239583	88	3	9	0.9054346439	0.0002545655702	97.15286924	0.0003332323109	2.846797529	0.410149488	27.34787143	72.24197908	0	0	0	-363.7239583	0.0002545655702	-212705.755286925	
361.1639583	88	3	9	0.905457533	0.0002427444832	97.20974223	0.0003049610198	2.789952808	0.3866477291	27.3545111	72.25884117	0	0	0	-361.1639583	0.0002427444832	-220736.289138971	
358.6039583	88	3	9	0.9054793432	0.0002313544657	97.26628883	0.0002787267625	2.733432445	0.3642306568	27.36084063	72.27492871	0	0	0	-358.6039583	0.0002313544657	-229116.006949285	
356.0439583	88	3	9	0.9055001143	0.0002203821278	97.32249968	0.0002544126337	2.677245903	0.3428598814	27.36687125	72.29026887	0	0	0	-356.0439583	0.0002203821278	-237863.113794104	
353.4839583	88	3	9	0.9055198853	0.0002098142935	97.37836538	0.0002319063005	2.621402716	0.3224981455	27.37261382	72.30488803	0	0	0	-353.4839583	0.0002098142935	-247016.310772743	
350.9239583	88	3	9	0.9055386938	0.0001996398362	97.43387649	0.0002110999705	2.565912413	0.3031091327	27.37807895	72.31881192	0	0	0	-350.9239583	0.0001996398362	-256589.97284543	
348.3639583	88	3	9	0.905556576	0.0001898457903	97.48902347	0.0001918903089	2.510784642	0.2846576559	27.38327686	72.33206548	0	0	0	-348.3639583	0.0001898457903	-266606.227697393	
345.8039583	88	3	9	0.9055735674	0.0001804212781	97.54379674	0.0001741783939	2.456029085	0.2671094612	27.38821753	72.344673	0	0	0	-345.8039583	0.0001804212781	-277109.692882428	
343.2439583	88	3	9	0.905589702	0.0001713554425	97.59818665	0.0001578696428	2.401655481	0.2504312339	27.39291065	72.35665811	0	0	0	-343.2439583	0.0001713554425	-288129.124283097	
340.6839583	88	3	9	0.9056050131	0.0001626378349	97.6521835	0.0001428737376	2.347673626	0.2345905657	27.39736562	72.36804381	0	0	0	-340.6839583	0.0001626378349	-299701.194860071	
338.1239583	88	3	9	0.9056195328	0.0001542583885	97.70577753	0.0001291045448	2.294093369	0.2195559246	27.40159158	72.37885249	0	0	0	-338.1239583	0.0001542583885	-311865.844101404	
335.5639583	88	3	9	0.9056332924	0.0001462073928	97.7589589	0.0001164800296	2.240924617	0.2052966265	27.40559743	72.38910594	0	0	0	-335.5639583	0.0001462073928	-324666.611190857	
333.0039583	88	3	9	0.9056463222	0.0001384754696	97.81171775	0.0001049221666	2.188177327	0.1917828087	27.40939181	72.39882538	0	0	0	-333.0039583	0.0001384754696	-338151.023502836	
330.4439583	88	3	9	0.9056586515	0.0001310535508	97.86404413	9.435684511E-05	2.135861508	0.1789854065	27.41298311	72.40803148	0	0	0	-330.4439583	0.0001310535508	-352371.034078596	
327.8839583	88	3	9	0.905670309	0.0001239328575	97.91592807	8.471377092E-05	2.083987217	0.1668761299	27.4163795	72.41674437	0	0	0	-327.8839583	0.0001239328575	-367383.540720571	
325.3239583	88	3	9	0.9056813223	0.0001171048815	97.96735952	7.592636469E-05	2.032564557	0.1554274436	27.41958893	72.42498362	0	0	0	-325.3239583	0.0001171048815	-383250.946513535	
322.7639583	88	3	9	0.9056917184	0.0001105613669	98.0183284	6.793165687E-05	1.981603672	0.1446125473	27.42261912	72.43276833	0	0	0	-322.7639583	0.0001105613669	-400041.834851236	
320.2039583	88	3	9	0.9057015233	0.0001042942948	98.06882458	6.067018007E-05	1.931114745	0.1344053584	27.42547756	72.44011708	0	0	0	-320.2039583	0.0001042942948	-417831.736320087	
317.6439583	88	3	9	0.9057107625	9.829586802E-05	98.11883792	5.408585891E-05	1.881107994	0.1247804954	27.42817156	72.44704795	0	0	0	-317.6439583	9.829586802E-05	-436704.016366787	
315.0839583	88	3	9	0.9057194605	9.255849834E-05	98.16835821	4.812589793E-05	1.831593664	0.1157132633	27.4307082	72.45357854	0	0	0	-315.0839583	9.255849834E-05	-456750.947121029	
312.5239583	88	3	9	0.9057276412	8.707479496E-05	98.21737524	4.274066788E-05	1.782582024	0.1071796394	27.43309437	72.45972599	0	0	0	-312.5239583	8.707479496E-05	-478074.94582795	
309.9639583	88	3	9	0.9057353279	8.183755458E-05	98.26587875	3.788359069E-05	1.734083362	0.09915626083	27.43533677	72.46550697	0	0	0	-309.9639583	8.183755458E-05	-500790.075733823	
307.4039583	88	3	9	0.905742543	7.68397534E-05	98.31385851	3.351102364E-05	1.686107975	0.09162041285	27.43744189	72.4709377	0	0	0	-307.4039583	7.68397534E-05	-525023.869535313	
304.8439583	88	3	9	0.9057493083	7.207454114E-05	98.36130425	2.958214292E-05	1.638666166	0.08455001807	27.43941604	72.47603394	0	0	0	-304.8439583	7.207454114E-05	-550919.572718592	
302.2839583	88	3	9	0.9057556451	6.753523744E-05	98.40820571	2.605882713E-05	1.591768231	0.07792362656	27.44126534	72.48081103	0	0	0	-302.2839583	6.753523744E-05	-459967.390581445	
300	88	3	9	0.9057609534	5.6457465E-05	98.44958209	2.322878055E-05	1.55039468	0.07236955587	27.44281468	72.48481577	0	0	0	-300	5.6457465E-05	47617.6492646804	
