T	w(AL)	w(MG)	w(SI)	fs	fw(@FCC_A1)	w(AL@FCC_A1)	w(MG@FCC_A1)	w(SI@FCC_A1)	w(AL@LIQUID)	w(MG@LIQUID)	w(SI@LIQUID)	dwdT_L(AL@LIQUID)	dwdT_L(MG@LIQUID)	dwdT_L(SI@LIQUID)	-T	fw(@FCC_A1)_1	-T//fw(@FCC_A1)	
K	%	%	%	mole/mole	kg/kg	%	%	%	%	%	%	SI	SI	SI				
883.4626852	90	9	1	0	0	97.23263687	2.705487527	0.06187560458	90	9	1	0.002033275677	-0.001769529284	-0.0002637463928	-883.4626852	0	17.7268412336578	
883.4526852	90	9	1	0.0002793499084	0.0002811685428	97.23213016	2.705985738	0.06188410199	89.99796672	9.001769561	1.000263716	0	0	0	-883.4526852	0.0002811685428	53.4048714423515	
883.4326852	90	9	1	0.0008375223087	0.0005619829467	97.23111633	2.706982572	0.06190110056	89.99390015	9.005308573	1.000791277	0	0	0	-883.4326852	0.0005619829467	71.2487885377019	
883.3926852	90	9	1	0.001952347514	0.001122965487	97.22908915	2.708975779	0.06193506894	89.98576688	9.012386487	1.001846638	0	0	0	-883.3926852	0.001122965487	71.3570022223455	
883.3126852	90	9	1	0.004176034201	0.002242412865	97.2250355	2.712961589	0.06200290959	89.96949987	9.026541752	1.003958382	0	0	0	-883.3126852	0.002242412865	71.5763698099389	
883.1526852	90	9	1	0.008599684694	0.00447081304	97.21693099	2.720930802	0.06213820651	89.93696401	9.054850027	1.008185959	0	0	0	-883.1526852	0.00447081304	72.0615265531864	
882.8326852	90	9	1	0.01734573172	0.008879850224	97.20073395	2.736858642	0.06240740651	89.87188484	9.111455573	1.016659591	0	0	0	-882.8326852	0.008879850224	73.0547615361674	
882.1926852	90	9	1	0.03445856855	0.01752970351	97.16838585	2.768674194	0.06293995573	89.74169649	9.224627082	1.033676428	0	0	0	-882.1926852	0.01752970351	74.9879130969882	
880.9126852	90	9	1	0.06723620258	0.03417283994	97.10387185	2.832146533	0.06398161512	89.48120337	9.450809646	1.067986979	0	0	0	-880.9126852	0.03417283994	79.0131614092536	
878.3526852	90	9	1	0.1275034715	0.06504697593	96.97555826	2.95847044	0.0659712968	88.95976649	9.902527487	1.137706028	0	0	0	-878.3526852	0.06504697593	-956.135420865139	
875.7926852	90	9	1	0.1812657621	0.0620542872	96.84804055	3.084146348	0.0678130972	88.43788007	10.35363003	1.208489896	0	0	0	-875.7926852	0.0620542872	-895.920058208806	
873.2326852	90	9	1	0.2294689043	0.05931060335	96.72127762	3.209213424	0.06950895544	87.91561074	10.80408647	1.280302795	0	0	0	-873.2326852	0.05931060335	-975.843649284323	
870.6726852	90	9	1	0.2728910756	0.05678886719	96.59522899	3.33370985	0.07106115687	87.39302825	11.25386294	1.353108817	0	0	0	-870.6726852	0.05678886719	-1059.61945829765	
868.1126852	90	9	1	0.3121751757	0.05446289479	96.46985483	3.457672782	0.07247238388	86.8702035	11.70292309	1.426873408	0	0	0	-868.1126852	0.05446289479	-1146.69283583351	
865.5526852	90	9	1	0.3478565488	0.05231042878	96.34511601	3.581138326	0.07374566275	86.34720874	12.15122812	1.501563144	0	0	0	-865.5526852	0.05231042878	-1237.02722724713	
862.9926852	90	9	1	0.3803842443	0.05031245445	96.2209741	3.704141587	0.07488431695	85.8241174	12.59873701	1.577145588	0	0	0	-862.9926852	0.05031245445	-1330.58988982635	
860.4326852	90	9	1	0.4101374735	0.04845262965	96.09739171	3.826716368	0.07589192131	85.30100406	13.04540678	1.653589162	0	0	0	-860.4326852	0.04845262965	-1427.34932624083	
857.8726852	90	9	1	0.4374384802	0.04671683868	95.97433113	3.948896594	0.07677227696	84.7779443	13.49119266	1.730863048	0	0	0	-857.8726852	0.04671683868	-1527.27165577073	
855.3126852	90	9	1	0.4625626895	0.04509281807	95.85175641	4.070714239	0.07752935544	84.25501455	13.93604835	1.808937097	0	0	0	-855.3126852	0.04509281807	-1630.32197589095	
852.7526852	90	9	1	0.4857467863	0.04356986915	95.72963194	4.192200778	0.07816728005	83.73229205	14.37992619	1.887781759	0	0	0	-852.7526852	0.04356986915	-1736.46723173373	
850.1926852	90	9	1	0.5071951939	0.04213861605	95.60792286	4.313386843	0.0786902927	83.20985463	14.82277735	1.967368021	0	0	0	-850.1926852	0.04213861605	-1845.67419013951	
847.6326852	90	9	1	0.5270853073	0.04079080844	95.48659502	4.434302254	0.07910272666	82.68778067	15.26455197	2.047667361	0	0	0	-847.6326852	0.04079080844	-1957.91043320948	
845.0726852	90	9	1	0.5455717502	0.03951915859	95.36561499	4.55497603	0.07940898155	82.16614889	15.70519941	2.128651706	0	0	0	-845.0726852	0.03951915859	-2073.14477149229	
842.5126852	90	9	1	0.5627898612	0.03831720594	95.24495008	4.675436416	0.07961350049	81.64503828	16.14466831	2.210293404	0	0	0	-842.5126852	0.03831720594	-2191.34763882277	
839.9526852	90	9	1	0.578858564	0.0371792039	95.12456836	4.795710892	0.07972074909	81.12452794	16.58290686	2.292565197	0	0	0	-839.9526852	0.0371792039	-2312.49142566479	
837.3926852	90	9	1	0.5938827462	0.03610002468	95.00443861	4.915826193	0.07973519636	80.60469692	17.01986288	2.375440202	0	0	0	-837.3926852	0.03610002468	-2436.55094360439	
834.8326852	90	9	1	0.60795524	0.03507507904	94.88453038	5.035808328	0.07966129729	80.08562413	17.45548397	2.458891902	0	0	0	-834.8326852	0.03507507904	-2563.50370743174	
832.2726852	90	9	1	0.6211584799	0.03410024803	94.76481394	5.155682587	0.07950347704	79.56738815	17.88971772	2.542894133	0	0	0	-832.2726852	0.03410024803	-2693.33031481761	
829.7126852	90	9	1	0.633565898	0.03317182498	94.64526032	5.275473566	0.07926611664	79.05006714	18.32251178	2.627421082	0	0	0	-829.7126852	0.03317182498	-2826.0147852951	
827.1526852	90	9	1	0.6452431014	0.03228646572	94.52584128	5.395205178	0.07895354015	78.53373867	18.75381404	2.712447286	0	0	0	-827.1526852	0.03228646572	-2961.54487153641	
824.5926852	90	9	1	0.6562488732	0.03144114591	94.40652933	5.514900667	0.07857000316	78.01847962	19.18357275	2.797947634	0	0	0	-824.5926852	0.03144114591	-3099.91229669	
822.0326852	90	9	1	0.6666360236	0.03063312412	94.28729769	5.634582631	0.07811968256	77.504366	19.61173663	2.883897369	0	0	0	-822.0326852	0.03063312412	-3241.11304319088	
819.4726852	90	9	1	0.6764521192	0.02985990998	94.1681203	5.754273033	0.07760666754	76.99147286	20.03825504	2.970272097	0	0	0	-819.4726852	0.02985990998	-3385.14751672736	
816.9126852	90	9	1	0.6857401089	0.02911923639	94.04897183	5.87399322	0.07703495172	76.47987416	20.46307805	3.057047795	0	0	0	-816.9126852	0.02911923639	-3532.02072682424	
814.3526852	90	9	1	0.6945388624	0.0284090354	93.92982763	5.993763945	0.07640842638	75.96964263	20.88615655	3.144200816	0	0	0	-814.3526852	0.0284090354	-3681.74247491997	
811.7926852	90	9	1	0.702883637	0.02772741705	93.81066375	6.11360538	0.07573087465	75.46084969	21.3074424	3.231707907	0	0	0	-811.7926852	0.02772741705	-3834.32740608288	
809.2326852	90	9	1	0.7108064813	0.02707265085	93.6914569	6.233537138	0.07500596667	74.9535653	21.72688849	3.319546212	0	0	0	-809.2326852	0.02707265085	-3989.79517611106	
806.6726852	90	9	1	0.7183365873	0.02644314949	93.57218445	6.353578295	0.07423725569	74.44785788	22.14444883	3.407693287	0	0	0	-806.6726852	0.02644314949	-4148.17031003648	
804.1126852	90	9	1	0.725500597	0.02583745442	93.45282442	6.473747408	0.07342817492	73.9437942	22.56007868	3.496127114	0	0	0	-804.1126852	0.02583745442	-4309.4824240816	
801.5526852	90	9	1	0.7323228712	0.02525422321	93.33335543	6.594062536	0.07258203518	73.44143932	22.97373457	3.58482611	0	0	0	-801.5526852	0.02525422321	-4473.76605026921	
798.9926852	90	9	1	0.7388257249	0.02469221821	93.21375671	6.714541265	0.0717020233	72.94085645	23.38537442	3.673769136	0	0	0	-798.9926852	0.02469221821	-4641.0605991222	
796.4326852	90	9	1	0.7450296349	0.0241502966	93.09400807	6.835200726	0.0707912011	72.44210691	23.79495757	3.762935516	0	0	0	-796.4326852	0.0241502966	-4811.4105425152	
793.8726852	90	9	1	0.750953422	0.02362740148	92.97408987	6.956057621	0.06985250504	71.94525008	24.20244488	3.85230504	0	0	0	-793.8726852	0.02362740148	-4984.86508406625	
791.3126852	90	9	1	0.7566144135	0.02312255391	92.85398301	7.077128248	0.06888874641	71.45034327	24.60779875	3.94185798	0	0	0	-791.3126852	0.02312255391	-5161.47789880993	
788.7526852	90	9	1	0.7620285856	0.02263484578	92.73366887	7.198428519	0.06790261199	70.95744173	25.01098318	4.031575095	0	0	0	-788.7526852	0.02263484578	-5341.30709157001	
786.1926852	90	9	1	0.7672106913	0.02216343346	92.61312934	7.319973991	0.06689666518	70.46659857	25.41196379	4.121437644	0	0	0	-786.1926852	0.02216343346	-5524.41470023296	
783.6326852	90	9	1	0.7721743729	0.02170753202	92.49234677	7.441779887	0.06587334755	69.97786473	25.81070788	4.211427391	0	0	0	-783.6326852	0.02170753202	-5710.86685918759	
781.0726852	90	9	1	0.7769322636	0.02126641017	92.3713039	7.563861121	0.06483498069	69.49128895	26.20718443	4.301526612	0	0	0	-781.0726852	0.02126641017	-5900.73472013895	
778.5126852	90	9	1	0.7814960773	0.02083938574	92.24998391	7.686232324	0.06378376851	69.00691773	26.60136416	4.391718105	0	0	0	-778.5126852	0.02083938574	-6094.09462792171	
775.9526852	90	9	1	0.7858766897	0.02042582159	92.12837033	7.808907868	0.06272179968	68.52479532	26.99321948	4.481985191	0	0	0	-775.9526852	0.02042582159	-6291.02599457231	
773.3926852	90	9	1	0.7900842107	0.02002512166	92.00644705	7.931901895	0.06165105042	68.04496371	27.38272457	4.572311719	0	0	0	-773.3926852	0.02002512166	-6491.6105322545	
770.8326852	90	9	1	0.7941280496	0.01963672758	91.88419828	8.055228336	0.06057338738	67.5674626	27.76985533	4.662682073	0	0	0	-770.8326852	0.01963672758	-6695.93352393668	
768.2726852	90	9	1	0.7980169738	0.01926011563	91.76160849	8.178900942	0.05949057078	67.09232943	28.1545894	4.753081171	0	0	0	-768.2726852	0.01926011563	-6906.28885475726	
765.7126852	90	9	1	0.8017592126	0.01889501694	91.63866001	8.302935743	0.058404248	66.61959553	28.5369098	4.843494671	0	0	0	-765.7126852	0.01889501694	-7116.24420932612	
763.1526852	90	9	1	0.8053623132	0.01854033362	91.51534237	8.427341649	0.05731598507	66.14930244	28.91679014	4.933907419	0	0	0	-763.1526852	0.01854033362	-7330.3601158622	
760.5926852	90	9	1	0.8088334526	0.01819623156	91.39163859	8.552134164	0.05622724387	65.68147613	29.29421702	5.024306847	0	0	0	-760.5926852	0.01819623156	-7552.57095344735	
758.0326852	90	9	1	0.8121793137	0.01786212425	91.26753401	8.677326596	0.05513939177	65.21614511	29.66917492	5.114679972	0	0	0	-758.0326852	0.01786212425	-7776.93926678483	
755.4726852	90	9	1	0.8154061506	0.01753759628	91.14301413	8.802932162	0.05405370769	64.75333565	30.04164995	5.205014402	0	0	0	-755.4726852	0.01753759628	-8005.41767283285	
752.9126852	90	9	1	0.8185198287	0.01722229152	91.01806461	8.928964006	0.0529713857	64.29307181	30.41162985	5.295298342	0	0	0	-752.9126852	0.01722229152	-8237.26317413052	
750.3526852	90	9	1	0.8215258372	0.01691578186	90.89267149	9.055434963	0.05189354431	63.8353776	30.77910225	5.385520148	0	0	0	-750.3526852	0.01691578186	-8477.75526809773	
747.7926852	90	9	1	0.8244293953	0.01661810015	90.7668195	9.182359311	0.05082119132	63.38026697	31.14406319	5.475669841	0	0	0	-747.7926852	0.01661810015	-8720.00633255808	
745.2326852	90	9	1	0.827235318	0.01632840896	90.64049534	9.309749357	0.04975530479	62.927764	31.50649997	5.565736032	0	0	0	-745.2326852	0.01632840896	-8964.67413939366	
742.6726852	90	9	1	0.829948192	0.01604674406	90.51368454	9.437618697	0.04869676357	62.47788245	31.86640821	5.655709339	0	0	0	-742.6726852	0.01604674406	-9217.80661823758	
740.1126852	90	9	1	0.832572323	0.01577275051	90.38637286	9.565980753	0.04764638406	62.03063628	32.22378329	5.745580435	0	0	0	-740.1126852	0.01577275051	-9474.80336292118	
737.5526852	90	9	1	0.8351117686	0.01550616069	90.25854602	9.694849061	0.04660491774	61.58603755	32.57862196	5.835340494	0	0	0	-737.5526852	0.01550616069	-9736.89740864022	
734.9926852	90	9	1	0.8375703551	0.0152467213	90.13018965	9.824237292	0.04557305427	61.14409645	32.93092237	5.92498118	0	0	0	-734.9926852	0.0152467213	-10004.2365057002	
732.4326852	90	9	1	0.8399516936	0.01499419106	90.00128929	9.954159285	0.0445514247	60.7048214	33.28068397	6.014494631	0	0	0	-732.4326852	0.01499419106	-10276.9489528265	
729.8726852	90	9	1	0.8422591948	0.01474833997	89.87183033	10.08462906	0.04354060446	60.26821905	33.62790749	6.103873458	0	0	0	-729.8726852	0.01474833997	-10555.1659853684	
727.3126852	90	9	1	0.8444960817	0.01450894857	89.74179803	10.21566086	0.04254111645	59.8342944	33.97259487	6.19311073	0	0	0	-727.3126852	0.01450894857	-10839.0210882778	
724.7526852	90	9	1	0.846665403	0.01427580728	89.61117743	10.34726913	0.0415534338	59.40305077	34.31474926	6.282199968	0	0	0	-724.7526852	0.01427580728	-11128.6514146385	
722.1926852	90	9	1	0.8487700434	0.01404871583	89.47995341	10.47946861	0.04057798274	58.97448994	34.65437493	6.371135135	0	0	0	-722.1926852	0.01404871583	-11424.1974854557	
719.6326852	90	9	1	0.850812735	0.01382748268	89.34811058	10.61227427	0.03961514522	58.54861216	34.99147722	6.459910626	0	0	0	-719.6326852	0.01382748268	-11725.8035413356	
717.0726852	90	9	1	0.8527960667	0.01361192454	89.21563331	10.74570143	0.03866526151	58.12541621	35.32606253	6.548521261	0	0	0	-717.0726852	0.01361192454	-12033.6169755908	
714.5126852	90	9	1	0.854722493	0.01340186585	89.08250569	10.87976568	0.03772863266	57.70489947	35.65813826	6.636962271	0	0	0	-714.5126852	0.01340186585	-12347.7891272384	
711.9526852	90	9	1	0.8565943429	0.01319713839	88.94871149	11.01448299	0.03680552287	57.28705796	35.98771275	6.725229292	0	0	0	-711.9526852	0.01319713839	-12668.4769441317	
709.3926852	90	9	1	0.8584138272	0.01299758088	88.81423416	11.14986967	0.03589616173	56.87188641	36.31479524	6.813318354	0	0	0	-709.3926852	0.01299758088	-12995.8409319209	
706.8326852	90	9	1	0.8601830457	0.01280303857	88.67905681	11.28594244	0.03500074639	56.45937831	36.63939582	6.90122587	0	0	0	-706.8326852	0.01280303857	-13330.0458066029	
704.2726852	90	9	1	0.8619039943	0.01261336291	88.54316215	11.4227184	0.03411944364	56.04952595	36.96152542	6.988948628	0	0	0	-704.2726852	0.01261336291	-13671.2627045858	
701.7126852	90	9	1	0.8635785705	0.01242841125	88.4065325	11.5602151	0.03325239181	55.6423205	37.28119572	7.076483781	0	0	0	-701.7126852	0.01242841125	-14019.6683617721	
699.1526852	90	9	1	0.8652085801	0.01224804652	88.26914976	11.69845054	0.0323997027	55.23775204	37.59841912	7.163828838	0	0	0	-699.1526852	0.01224804652	-14375.4459632929	
696.5926852	90	9	1	0.8667957417	0.01207213698	88.13099537	11.83744317	0.03156146332	54.83580961	37.91320873	7.250981653	0	0	0	-696.5926852	0.01207213698	-14738.7828152473	
694.0326852	90	9	1	0.8683416922	0.01190055588	87.9920503	11.97721197	0.03073773754	54.43648129	38.2255783	7.337940417	0	0	0	-694.0326852	0.01190055588	-15109.8769473726	
691.4726852	90	9	1	0.8698479915	0.01173318138	87.85229503	12.1177764	0.02992856772	54.03975419	38.53554216	7.42470365	0	0	0	-691.4726852	0.01173318138	-15488.9329086368	
688.9126852	90	9	1	0.8713161265	0.01156989615	87.71170954	12.25915649	0.0291339762	53.64561456	38.84311525	7.511270191	0	0	0	-688.9126852	0.01156989615	-15876.1610541563	
686.3526852	90	9	1	0.8727475158	0.01141058727	87.57027323	12.40137281	0.02835396672	53.25404781	39.148313	7.597639189	0	0	0	-686.3526852	0.01141058727	-16271.784336485	
683.7926852	90	9	1	0.8741435127	0.01125514601	87.42796495	12.54444652	0.02758852576	52.86503854	39.45115136	7.683810095	0	0	0	-683.7926852	0.01125514601	-16676.0329575402	
681.2326852	90	9	1	0.8755054096	0.01110346762	87.28476298	12.68839939	0.0268376238	52.4785706	39.75164674	7.769782657	0	0	0	-681.2326852	0.01110346762	-17089.1484578049	
678.6726852	90	9	1	0.8768344408	0.0109554512	87.14064496	12.83325382	0.02610121653	52.09462713	40.04981596	7.855556905	0	0	0	-678.6726852	0.0109554512	-17511.3842690379	
676.1126852	90	9	1	0.8781317857	0.01081099951	86.99558791	12.97903284	0.02537924597	51.7131906	40.34567625	7.941133154	0	0	0	-676.1126852	0.01081099951	-17943.0052052603	
673.5526852	90	9	1	0.8793985721	0.01067001883	86.84956817	13.12576019	0.0246716415	51.33424283	40.63924518	8.026511985	0	0	0	-673.5526852	0.01067001883	-18384.2894377185	
670.9926852	90	9	1	0.8806358784	0.01053241881	86.7025614	13.27346028	0.02397832091	50.95776507	40.93054068	8.111694249	0	0	0	-670.9926852	0.01053241881	-18835.5306585168	
668.4326852	90	9	1	0.8818447367	0.01039811236	86.55454256	13.42215825	0.02329919126	50.58373798	41.21958097	8.196681053	0	0	0	-668.4326852	0.01039811236	-19297.0373433461	
665.8726852	90	9	1	0.8830261349	0.01026701549	86.40548586	13.57187999	0.02263414984	50.2121417	41.50638454	8.281473757	0	0	0	-665.8726852	0.01026701549	-19769.133859113	
663.3126852	90	9	1	0.884181019	0.01013904721	86.25536474	13.72265217	0.02198308491	49.8429559	41.79097013	8.366073966	0	0	0	-663.3126852	0.01013904721	-20252.1642549363	
660.7526852	90	9	1	0.8853102955	0.01001412942	86.10415188	13.87450224	0.02134587651	49.47615975	42.07335672	8.450483528	0	0	0	-660.7526852	0.01001412942	-20746.4936956095	
658.1926852	90	9	1	0.8864148333	0.009892186816	85.95181911	14.0274585	0.0207223972	49.11173201	42.35356346	8.534704526	0	0	0	-658.1926852	0.009892186816	-21252.5074013957	
655.6326852	90	9	1	0.8874954653	0.00977314676	85.79833743	14.18155005	0.02011251269	48.74965102	42.63160971	8.618739271	0	0	0	-655.6326852	0.00977314676	-21770.6135978388	
653.0726852	90	9	1	0.8885529907	0.009656939209	85.64367699	14.33680693	0.0195160825	48.38989474	42.90751495	8.702590305	0	0	0	-653.0726852	0.009656939209	-22301.2474297218	
650.5126852	90	9	1	0.8895881765	0.00954349662	85.48780702	14.49326002	0.01893296053	48.03244079	43.18129882	8.786260388	0	0	0	-650.5126852	0.00954349662	-22844.8715043425	
647.9526852	90	9	1	0.8906017587	0.009432753867	85.33069582	14.65094118	0.01836299562	47.67726645	43.45298105	8.869752498	0	0	0	-647.9526852	0.009432753867	-23401.9789341888	
645.3926852	90	9	1	0.8915944444	0.009324648162	85.17231077	14.8098832	0.01780603209	47.32434868	43.72258149	8.953069831	0	0	0	-645.3926852	0.009324648162	-23973.0957827365	
642.8326852	90	9	1	0.8925669131	0.009219118978	85.01261824	14.97011985	0.01726191016	46.97366418	43.99012003	9.03621579	0	0	0	-642.8326852	0.009219118978	-24558.7843985656	
640.2726852	90	9	1	0.8935198176	0.009116107981	84.85158359	15.13168594	0.01673046644	46.62518936	44.25561665	9.119193991	0	0	0	-640.2726852	0.009116107981	-25159.6464885276	
637.7126852	90	9	1	0.8944537857	0.009015558959	84.68917116	15.2946173	0.01621153434	46.27890039	44.51909136	9.202008252	0	0	0	-637.7126852	0.009015558959	-25776.3272096125	
635.1526852	90	9	1	0.8953694215	0.008917417764	84.52534419	15.45895086	0.01570494446	45.93477322	44.78056418	9.284662598	0	0	0	-635.1526852	0.008917417764	-26409.5187670719	
632.5926852	90	9	1	0.896267306	0.008821632245	84.36006485	15.62472463	0.01521052491	45.59278357	45.04005517	9.367161256	0	0	0	-632.5926852	0.008821632245	-27059.9651085749	
630.0326852	90	9	1	0.8971479986	0.008728152197	84.19329414	15.79197776	0.01472810172	45.25290697	45.29758437	9.449508653	0	0	0	-630.0326852	0.008728152197	-27728.4673365467	
627.4726852	90	9	1	0.8980120381	0.008636929304	84.02499193	15.96075057	0.01425749907	44.91511877	45.55317181	9.531709419	0	0	0	-627.4726852	0.008636929304	-28415.8887005916	
624.9126852	90	9	1	0.8988599434	0.008547917089	83.85511689	16.13108457	0.01379853965	44.57939413	45.80683749	9.613768381	0	0	0	-624.9126852	0.008547917089	-29123.1610914764	
622.3526852	90	9	1	0.899692215	0.008461070865	83.68362643	16.30302252	0.01335104488	44.24570807	46.05860136	9.695690566	0	0	0	-622.3526852	0.008461070865	-29851.2923167105	
619.7926852	90	9	1	0.9005093349	0.008376347692	83.51047675	16.47660841	0.01291483518	43.91403545	46.30848335	9.777481202	0	0	0	-619.7926852	0.008376347692	-30601.3734865621	
617.2326852	90	9	1	0.9013117683	0.008293706331	83.33562273	16.65188754	0.01248973021	43.584351	46.55650329	9.859145718	0	0	0	-617.2326852	0.008293706331	-31374.5880292052	
614.6726852	90	9	1	0.9020999642	0.008213107207	83.15901792	16.82890653	0.01207554905	43.2566293	46.80268096	9.940689742	0	0	0	-614.6726852	0.008213107207	-32172.2214663329	
612.1126852	90	9	1	0.9028743557	0.008134512368	82.98061453	17.00771336	0.01167211045	42.93084483	47.04703606	10.02211911	0	0	0	-612.1126852	0.008134512368	-32995.6722784768	
609.5526852	90	9	1	0.9036353612	0.008057885451	82.80036338	17.18835739	0.01127923298	42.60697195	47.2895882	10.10343985	0	0	0	-609.5526852	0.008057885451	-33846.4646309126	
606.9926852	90	9	1	0.9043833848	0.007983191647	82.61821386	17.3708894	0.0108967352	42.28498489	47.53035689	10.18465822	0	0	0	-606.9926852	0.007983191647	-34726.2630524226	
604.4326852	90	9	1	0.9051188172	0.007910397673	82.43411392	17.55536164	0.01052443584	41.9648578	47.76936154	10.26578066	0	0	0	-604.4326852	0.007910397673	-35636.8879792422	
601.8726852	90	9	1	0.905842036	0.007839471739	82.24801002	17.74182783	0.01016215394	41.64656472	48.00662143	10.34681384	0	0	0	-601.8726852	0.007839471739	-36580.3334082479	
599.3126852	90	9	1	0.9065534063	0.007770383521	82.0598471	17.93034319	0.009809708971	41.33007959	48.24215576	10.42776465	0	0	0	-599.3126852	0.007770383521	-37558.7895508772	
596.7526852	90	9	1	0.9072532817	0.007703104139	81.86956856	18.12096452	0.009466920971	41.01537626	48.47598355	10.50864019	0	0	0	-596.7526852	0.007703104139	-38574.6655039361	
594.1926852	90	9	1	0.9079420043	0.007637606129	81.67711623	18.31375016	0.009133610672	40.70242848	48.70812374	10.58944778	0	0	0	-594.1926852	0.007637606129	-39630.6166943628	
591.6326852	90	9	1	0.9086199053	0.007573863424	81.48243034	18.50876006	0.008809599592	40.39120992	48.93859509	10.67019499	0	0	0	-591.6326852	0.007573863424	-40729.5780700027	
589.0726852	90	9	1	0.9092873058	0.007511851335	81.28544948	18.70605581	0.008494710147	40.08169415	49.16741625	10.7508896	0	0	0	-589.0726852	0.007511851335	-41874.7980658475	
586.5126852	90	9	1	0.9099445169	0.007451546527	81.08611059	18.90570064	0.008188765735	39.77385465	49.3946057	10.83153964	0	0	0	-586.5126852	0.007451546527	-43069.883063635	
583.9526852	90	9	1	0.9105918404	0.007392927009	80.88434895	19.10775946	0.007891590827	39.46766481	49.62018178	10.91215341	0	0	0	-583.9526852	0.007392927009	-44318.8476144953	
581.3926852	90	9	1	0.9112295689	0.007335972116	80.68009812	19.31229887	0.007603011042	39.16309792	49.84416266	10.99273942	0	0	0	-581.3926852	0.007335972116	-45626.1695835701	
578.8326852	90	9	1	0.9118579865	0.007280662494	80.47328996	19.51938719	0.007322853226	38.86012718	50.06656634	11.07330648	0	0	0	-578.8326852	0.007280662494	-46996.8602331732	
576.2726852	90	9	1	0.9124773691	0.007226980091	80.26385458	19.72909447	0.007050945516	38.55872568	50.28741067	11.15386365	0	0	0	-576.2726852	0.007226980091	-48436.5428625183	
573.7126852	90	9	1	0.9130879848	0.007174908142	80.05172037	19.94149251	0.006787117401	38.25886641	50.50671332	11.23442027	0	0	0	-573.7126852	0.007174908142	-49951.5484738987	
571.1526852	90	9	1	0.913690094	0.007124431164	79.83681396	20.15665484	0.006531199788	37.96052225	50.72449178	11.31498597	0	0	0	-571.1526852	0.007124431164	-51549.0283780751	
568.5926852	90	9	1	0.9142839501	0.007075534944	79.6190602	20.37465678	0.006283025046	37.66366599	50.94076334	11.39557067	0	0	0	-568.5926852	0.007075534944	-53237.0901100652	
566.0326852	90	9	1	0.9148697996	0.007028206537	79.3983822	20.59557537	0.006042427065	37.36827026	51.15554514	11.4761846	0	0	0	-566.0326852	0.007028206537	-55024.9587374481	
563.4726852	90	9	1	0.9154478825	0.006982434255	79.17470132	20.81948943	0.005809241297	37.07430759	51.36885409	11.55683832	0	0	0	-563.4726852	0.006982434255	-56923.1727907611	
560.9126852	90	9	1	0.9160184323	0.006938207665	78.94793718	21.04647951	0.005583304799	36.78175038	51.58070694	11.63754268	0	0	0	-560.9126852	0.006938207665	-58943.8264026513	
558.3526852	90	9	1	0.916581677	0.006895517585	78.71800766	21.27662788	0.005364456277	36.49057089	51.79112019	11.71830893	0	0	0	-558.3526852	0.006895517585	-61100.8610595875	
555.7926852	90	9	1	0.9171378385	0.00685435608	78.48482894	21.51001852	0.005152536119	36.20074122	52.00011017	11.79914861	0	0	0	-555.7926852	0.00685435608	-63410.4304824261	
553.2326852	90	9	1	0.9176871334	0.006814716462	78.24831553	21.74673708	0.00494738643	35.91223334	52.207693	11.88007367	0	0	0	-553.2326852	0.006814716462	-65891.3541811856	
550.6726852	90	9	1	0.9182297733	0.006776593289	78.00838032	21.98687083	0.004748851065	35.62501904	52.41388455	11.96109642	0	0	0	-550.6726852	0.006776593289	-68565.6801751028	
548.1126852	90	9	1	0.9187659646	0.00673998236	77.76493458	22.23050864	0.004556775658	35.33906995	52.61870048	12.04222957	0	0	0	-548.1126852	0.00673998236	-71459.4092045702	
545.5526852	90	9	1	0.9192959093	0.00670488072	77.51788809	22.4777409	0.00437100765	35.05435752	52.82215622	12.12348626	0	0	0	-545.5526852	0.00670488072	-74603.4160581851	
542.9926852	90	9	1	0.9198198046	0.006671286657	77.26714915	22.72865945	0.004191396314	34.77085302	53.02426697	12.20488001	0	0	0	-542.9926852	0.006671286657	-78034.6347054741	
540.4326852	90	9	1	0.9203378436	0.006639199701	77.01262467	22.98335754	0.004017792777	34.4885275	53.22504766	12.28642484	0	0	0	-540.4326852	0.006639199701	-81797.6256403273	
537.8726852	90	9	1	0.9208502154	0.006608620629	76.75422028	23.24192967	0.003850050045	34.20735184	53.42451297	12.36813519	0	0	0	-537.8726852	0.006608620629	-85946.6319723423	
535.3126852	90	9	1	0.9213571052	0.006579551457	76.49184042	23.50447156	0.003688023022	33.92729668	53.62267733	12.450026	0	0	0	-535.3126852	0.006579551457	-90548.3638918763	
532.7526852	90	9	1	0.9218586945	0.006551995448	76.22538844	23.77107999	0.003531568528	33.64833243	53.81955488	12.53211269	0	0	0	-532.7526852	0.006551995448	-95685.7864716054	
530.1926852	90	9	1	0.9223551613	0.006525957103	75.95476677	24.04185269	0.003380545318	33.37042929	54.01515947	12.61441124	0	0	0	-530.1926852	0.006525957103	-101463.38383126	
527.6326852	90	9	1	0.9228466804	0.006501442163	75.67987703	24.31688816	0.003234814095	33.09355721	54.20950467	12.69693812	0	0	0	-527.6326852	0.006501442163	-108014.626087736	
525.0726852	90	9	1	0.9233334235	0.006478457603	75.4006202	24.59628556	0.00309423753	32.81768588	54.40260372	12.7797104	0	0	0	-525.0726852	0.006478457603	-115512.777049935	
522.5126852	90	9	1	0.9238155591	0.00645701163	75.11689682	24.8801445	0.002958680271	32.54278475	54.59446955	12.86274571	0	0	0	-522.5126852	0.00645701163	-124186.917754143	
519.9526852	90	9	1	0.924293253	0.006437113668	74.82860716	25.16856483	0.002828008958	32.26882297	54.78511473	12.9460623	0	0	0	-519.9526852	0.006437113668	-134346.483339474	
517.3926852	90	9	1	0.9247666685	0.006418774358	74.53565144	25.46164646	0.002702092232	31.99576945	54.9745515	13.02967905	0	0	0	-517.3926852	0.006418774358	-146419.970195955	
514.8326852	90	9	1	0.9252359661	0.006402005536	74.23793008	25.75948911	0.002580800748	31.7235928	55.16279169	13.1136155	0	0	0	-514.8326852	0.006402005536	-161018.564536659	
512.2726852	90	9	1	0.9257013041	0.006386820223	73.93534394	26.06219205	0.002464007181	31.45226136	55.34984677	13.19789187	0	0	0	-512.2726852	0.006386820223	-179045.708345755	
509.7126852	90	9	1	0.9261628384	0.0063732326	73.62779458	26.36985384	0.002351586239	31.18174317	55.53572776	13.28252907	0	0	0	-509.7126852	0.0063732326	-201896.905627346	
507.1526852	90	9	1	0.9266207228	0.006361257987	73.31518458	26.68257201	0.002243414663	30.91200597	55.72044525	13.36754878	0	0	0	-507.1526852	0.006361257987	-231851.09733946	
504.5926852	90	9	1	0.9270751091	0.006350912811	72.99741785	27.00044278	0.002139371241	30.64301722	55.90400937	13.45297341	0	0	0	-504.5926852	0.006350912811	-272911.359244194	
502.0326852	90	9	1	0.9275261471	0.006342214568	72.67439997	27.3235607	0.002039336806	30.37474408	56.08642975	13.53882617	0	0	0	-502.0326852	0.006342214568	-332850.282985832	
499.4726852	90	9	1	0.9279739848	0.006335181782	72.34603852	27.65201829	0.001943194245	30.10715341	56.26771548	13.62513111	0	0	0	-499.4726852	0.006335181782	-429158.453077784	
496.9126852	90	9	1	0.9284187684	0.006329833951	72.0122435	27.98590567	0.0018508285	29.84021179	56.4478751	13.7119131	0	0	0	-496.9126852	0.006329833951	-612022.39456692	
494.3526852	90	9	1	0.9288606425	0.006326191531	71.67292773	28.32531015	0.001762126571	29.57388553	56.62691657	13.7991979	0	0	0	-494.3526852	0.006326191531	-1117911.13489413	
491.7926852	90	9	1	0.92929975	0.0063242757	71.32800724	28.67031578	0.001676977515	29.30814065	56.80484718	13.88701217	0	0	0	-491.7926852	0.0063242757	-14190819.6975535	
489.2326852	90	9	1	0.9297362323	0.006324108517	70.97740178	29.02100295	0.001595272449	29.04294291	56.98167357	13.97538351	0	0	0	-489.2326852	0.006324108517	-17279758.2294803	
486.6726852	90	9	1	0.9301702293	0.006325712669	70.62103523	29.37744786	0.001516904547	28.77825786	57.15740165	14.06434049	0	0	0	-486.6726852	0.006325712669	1325671.18443094	
484.1126852	90	9	1	0.9306018795	0.006329111398	70.25883615	29.73972208	0.001441769039	28.51405079	57.33203656	14.15391265	0	0	0	-484.1126852	0.006329111398	649664.634828198	
481.5526852	90	9	1	0.9310313198	0.006334328383	69.89073826	30.10789198	0.001369763207	28.25028683	57.50558259	14.24413058	0	0	0	-481.5526852	0.006334328383	436284.490760054	
478.9926852	90	9	1	0.9314586859	0.006341387585	69.51668098	30.48201823	0.001300786384	27.98693092	57.67804319	14.33502589	0	0	0	-478.9926852	0.006341387585	329159.562957818	
476.4326852	90	9	1	0.9318841118	0.006350313091	69.13661005	30.86215521	0.001234739945	27.72394788	57.84942083	14.42663129	0	0	0	-476.4326852	0.006350313091	264154.293981205	
473.8726852	90	9	1	0.9323077304	0.006361128922	68.75047802	31.24835046	0.001171527303	27.46130244	58.019717	14.51898057	0	0	0	-473.8726852	0.006361128922	220342.228894891	
471.3126852	90	9	1	0.9327296728	0.006373858825	68.35824493	31.64064402	0.001111053902	27.19895929	58.18893208	14.61210863	0	0	0	-471.3126852	0.006373858825	188759.19951759	
468.7526852	90	9	1	0.9331500687	0.006388526051	67.95988201	32.03906477	0.001053227199	26.93688315	58.35706533	14.70605152	0	0	0	-468.7526852	0.006388526051	164896.975855063	
466.1926852	90	9	1	0.9335690464	0.006405153003	67.55536012	32.44364193	0.0009979566956	26.67503879	58.52411476	14.80084645	0	0	0	-466.1926852	0.006405153003	146234.118046023	
463.6326852	90	9	1	0.9339867322	0.006423760313	67.14466845	32.8543864	0.000945153864	26.41339116	58.69007707	14.89653177	0	0	0	-463.6326852	0.006423760313	131239.843718972	
461.0726852	90	9	1	0.9344032508	0.006444369367	66.72780348	33.27130179	0.0008947321847	26.15190542	58.85494755	14.99314703	0	0	0	-461.0726852	0.006444369367	118934.03901381	
458.5126852	90	9	1	0.934818725	0.006466997558	66.30477247	33.69438093	0.0008466071166	25.89054706	59.01872	15.09073293	0	0	0	-458.5126852	0.006466997558	108666.636590689	
455.9526852	90	9	1	0.9352332754	0.006491660759	65.87559426	34.12360505	0.0008006960877	25.629282	59.18138662	15.18933138	0	0	0	-455.9526852	0.006491660759	99977.4953011468	
453.3926852	90	9	1	0.9356470206	0.006518372135	65.44030005	34.55894303	0.0007569184811	25.36807669	59.34293791	15.2889854	0	0	0	-453.3926852	0.006518372135	92538.410562217	
450.8326852	90	9	1	0.9360600763	0.00654714162	64.99893418	35.00035063	0.0007151956206	25.10689824	59.50336257	15.38973919	0	0	0	-450.8326852	0.00654714162	86107.729557767	
448.2726852	90	9	1	0.9364725559	0.006577975345	64.55155491	35.44776963	0.0006754507557	24.84571456	59.6626474	15.49163803	0	0	0	-448.2726852	0.006577975345	80503.6714886096	
445.7126852	90	9	1	0.9368845696	0.006610874998	64.09823533	35.90112706	0.0006376090463	24.58449454	59.82077717	15.59472829	0	0	0	-445.7126852	0.006610874998	75587.0693303433	
443.1526852	90	9	1	0.9372962243	0.006645837039	63.63906414	36.36033427	0.0006015975454	24.32320814	59.9777345	15.69905736	0	0	0	-443.1526852	0.006645837039	71249.3777302043	
440.5926852	90	9	1	0.9377076232	0.006682852322	63.17414656	36.8252861	0.0005673451832	24.06182667	60.13349977	15.80467355	0	0	0	-440.5926852	0.006682852322	67405.0216237126	
438.0326852	90	9	1	0.9381188655	0.006721904812	62.70360524	37.29585997	0.0005347827485	23.80032291	60.288051	15.91162609	0	0	0	-438.0326852	0.006721904812	63937.7193306173	
435.4726852	90	9	1	0.938530049	0.006763038176	62.22757177	37.77192439	0.0005038429743	23.53866838	60.44136529	16.01996633	0	0	0	-435.4726852	0.006763038176	60933.9215059683	
432.9126852	90	9	1	0.9389412558	0.006806010651	61.74622577	38.25329977	0.0004744601193	23.27684537	60.59341234	16.1297423	0	0	0	-432.9126852	0.006806010651	58269.7464001534	
430.3526852	90	9	1	0.9393525749	0.00685099761	61.25973749	38.73981594	0.0004465705271	23.01482959	60.74416408	16.24100633	0	0	0	-430.3526852	0.00685099761	55782.8746531763	
427.7926852	90	9	1	0.9397640846	0.006897872675	60.76830834	39.23127154	0.0004201122387	22.75260209	60.89358798	16.35380993	0	0	0	-427.7926852	0.006897872675	53609.6961498244	
425.2326852	90	9	1	0.9401758566	0.006946572364	60.27216171	39.72744327	0.0003950250604	22.49014659	61.04164865	16.46820476	0	0	0	-425.2326852	0.006946572364	51672.1407946778	
422.6726852	90	9	1	0.9405879554	0.006997020606	59.77154375	40.22808499	0.0003712505441	22.22744979	61.18830776	16.58424245	0	0	0	-422.6726852	0.006997020606	49950.406775431	
420.1126852	90	9	1	0.9410004378	0.007049127681	59.26672429	40.73292698	0.0003487319672	21.96450166	61.333524	16.70197434	0	0	0	-420.1126852	0.007049127681	48428.4898437698	
417.5526852	90	9	1	0.9414133517	0.007102789177	58.75799745	41.24167513	0.0003274143132	21.70129572	61.47725304	16.82145124	0	0	0	-417.5526852	0.007102789177	47093.6682903451	
414.9926852	90	9	1	0.9418267359	0.007157885006	58.24568239	41.75401036	0.0003072442517	21.43782934	61.61944756	16.9427231	0	0	0	-414.9926852	0.007157885006	45936.1220042833	
412.4326852	90	9	1	0.9422406194	0.007214278507	57.73012376	42.26958807	0.0002881701183	21.17410403	61.76005723	17.06583874	0	0	0	-412.4326852	0.007214278507	44948.6692385812	
409.8726852	90	9	1	0.94265502	0.007271815675	57.21169207	42.78803778	0.000270141895	20.91012573	61.89902884	17.19084543	0	0	0	-409.8726852	0.007271815675	44126.6046075582	
407.3126852	90	9	1	0.9430699445	0.007330324554	56.69078394	43.30896295	0.0002531111899	20.64590507	62.03630634	17.31778859	0	0	0	-407.3126852	0.007330324554	43467.625644631	
404.7526852	90	9	1	0.9434853871	0.007389614854	56.16782196	43.83194101	0.000237031218	20.38145762	62.17183107	17.44671131	0	0	0	-404.7526852	0.007389614854	42971.8508041729	
402.1926852	90	9	1	0.9439013296	0.007449477824	55.6432545	44.35652365	0.0002218567807	20.11680411	62.30554188	17.577654	0	0	0	-402.1926852	0.007449477824	42641.9318973853	
399.6326852	90	9	1	0.94431774	0.007509686451	55.11755505	44.88223741	0.0002075442465	19.85197063	62.43737546	17.7106539	0	0	0	-399.6326852	0.007509686451	42483.2731282468	
397.0726852	90	9	1	0.9447345724	0.007569996014	54.59122135	45.4085846	0.0001940515307	19.58698873	62.56726662	17.84574465	0	0	0	-397.0726852	0.007569996014	42504.3788608807	
394.5126852	90	9	1	0.9451517666	0.007630145056	54.06477411	45.93504456	0.0001813380761	19.32189553	62.69514865	17.98295583	0	0	0	-394.5126852	0.007630145056	42717.3603718856	
391.9526852	90	9	1	0.9455692477	0.007689856798	53.53875534	46.4610753	0.0001693648322	19.05673372	62.82095377	18.12231251	0	0	0	-391.9526852	0.007689856798	43138.6552339032	
389.3926852	90	9	1	0.9459869256	0.00774884103	53.01372629	46.98611562	0.0001580942352	18.79155152	62.94461364	18.26383484	0	0	0	-389.3926852	0.00774884103	43790.0273994873	
386.8326852	90	9	1	0.9464046956	0.007806796496	52.49026496	47.50958755	0.0001474901867	18.52640256	63.06605985	18.40753759	0	0	0	-386.8326852	0.007806796496	44699.9725794168	
384.2726852	90	9	1	0.9468224382	0.007863413744	51.96896317	48.03089931	0.0001375180328	18.26134562	63.18522458	18.5534298	0	0	0	-384.2726852	0.007863413744	45905.6859780521	
381.7126852	90	9	1	0.9472400193	0.007918378458	51.45042324	48.54944861	0.0001281445415	17.99644435	63.30204119	18.70151446	0	0	0	-381.7126852	0.007918378458	47455.8737744567	
379.1526852	90	9	1	0.9476572911	0.007971375169	50.9352543	49.06462636	0.0001193378798	17.7317669	63.41644492	18.85178818	0	0	0	-379.1526852	0.007971375169	49414.8306924173	
376.5926852	90	9	1	0.9480740929	0.008022091323	50.42406818	49.57582075	0.0001110675889	17.46738538	63.52837358	19.00424105	0	0	0	-376.5926852	0.008022091323	51868.4798448966	
374.0326852	90	9	1	0.9484902517	0.008070221577	49.9174751	50.0824216	0.0001033045593	17.20337534	63.63776823	19.15885643	0	0	0	-374.0326852	0.008070221577	54933.5774279154	
371.4726852	90	9	1	0.948905584	0.008115472222	49.41607906	50.58382492	9.6021003E-05	16.93981512	63.74457392	19.31561095	0	0	0	-371.4726852	0.008115472222	58772.1732127339	
368.9126852	90	9	1	0.9493198965	0.008157565592	48.92047317	51.07943764	8.919042509E-05	16.67678512	63.84874035	19.47447453	0	0	0	-368.9126852	0.008157565592	63615.1989774551	
366.3526852	90	9	1	0.9497329882	0.008196244325	48.43123485	51.56868236	8.278759277E-05	16.41436705	63.95022248	19.63541047	0	0	0	-366.3526852	0.008196244325	69802.7234175049	
363.7926852	90	9	1	0.9501446522	0.008231275321	47.94892115	52.05100206	7.678850281E-05	16.15264313	64.04898115	19.79837572	0	0	0	-363.7926852	0.008231275321	77856.5225575079	
361.2326852	90	9	1	0.9505546767	0.008262453263	47.47406418	52.52586465	7.117034697E-05	15.89169529	64.14498357	19.96332114	0	0	0	-361.2326852	0.008262453263	88620.1509637255	
358.6726852	90	9	1	0.950962848	0.008289603576	47.0071668	52.99276729	6.591147536E-05	15.63160431	64.23820378	20.13019191	0	0	0	-358.6726852	0.008289603576	103554.138912959	
356.1126852	90	9	1	0.9513689516	0.008312584699	46.5486987	53.45124031	6.099135797E-05	15.3724491	64.32862295	20.29892796	0	0	0	-356.1126852	0.008312584699	125435.26079466	
353.5526852	90	9	1	0.9517727743	0.008331289623	46.09909285	53.90085076	5.639054437E-05	15.11430586	64.41622961	20.46946452	0	0	0	-353.5526852	0.008331289623	160311.645496274	
350.9926852	90	9	1	0.9521741065	0.008345646626	45.6587425	54.34120541	5.209062188E-05	14.85724747	64.50101984	20.6417327	0	0	0	-350.9926852	0.008345646626	224570.888691885	
348.4326852	90	9	1	0.9525727432	0.008355619194	45.2279987	54.77195323	4.807417243E-05	14.6013428	64.58299718	20.81566002	0	0	0	-348.4326852	0.008355619194	385914.919631351	
345.8726852	90	9	1	0.9529684863	0.008361205173	44.80716841	55.19278727	4.432472836E-05	14.34665621	64.66217265	20.99117114	0	0	0	-345.8726852	0.008361205173	1788397.69040316	
343.3126852	90	9	1	0.9533611455	0.008362435184	44.39651325	55.60344592	4.082672759E-05	14.09324711	64.73856449	21.1681884	0	0	0	-343.3126852	0.008362435184	4036518.98832842	
340.7526852	90	9	1	0.9537505402	0.008359370397	43.99624881	56.00371362	3.75654685E-05	13.84116963	64.81219787	21.3466325	0	0	0	-340.7526852	0.008359370397	-692012.147898824	
338.1926852	90	9	1	0.9541364999	0.008352099767	43.60654455	56.39342092	3.45270649E-05	13.59047241	64.88310455	21.52642304	0	0	0	-338.1926852	0.008352099767	-302622.543379162	
335.6326852	90	9	1	0.9545188655	0.008340736846	43.2275242	56.7724441	3.169840145E-05	13.34119843	64.95132242	21.70747915	0	0	0	-335.6326852	0.008340736846	-200510.967401292	
333.0726852	90	9	1	0.95489749	0.008325416307	42.85926673	57.1407042	2.906708994E-05	13.09338508	65.01689499	21.88971994	0	0	0	-333.0726852	0.008325416307	-152309.006985121	
330.5126852	90	9	1	0.9552722384	0.008306290296	42.50180766	57.49816572	2.662142674E-05	12.84706417	65.07987083	22.073065	0	0	0	-330.5126852	0.008306290296	-124079.403757991	
327.9526852	90	9	1	0.9556429885	0.008283524736	42.15514074	57.84483491	2.435035176E-05	12.60226217	65.14030302	22.25743481	0	0	0	-327.9526852	0.008283524736	-105550.967264758	
325.3926852	90	9	1	0.9560096308	0.008257295681	41.81921999	58.18075776	2.224340909E-05	12.35900043	65.19824851	22.44275106	0	0	0	-325.3926852	0.008257295681	-92495.5305436135	
322.8326852	90	9	1	0.9563720682	0.008227785827	41.49396188	58.50601783	2.029070962E-05	12.11729551	65.25376755	22.62893694	0	0	0	-322.8326852	0.008227785827	-82838.7354048405	
320.2726852	90	9	1	0.9567302156	0.00819518123	41.17924764	58.82073387	1.848289584E-05	11.87715959	65.30692305	22.81591736	0	0	0	-320.2726852	0.00819518123	-75438.7650518295	
317.7126852	90	9	1	0.957084	0.008159668319	40.87492578	59.12505741	1.68111087E-05	11.63860087	65.35778	23.00361913	0	0	0	-317.7126852	0.008159668319	-69613.4212462586	
315.1526852	90	9	1	0.9574333595	0.008121431215	40.58081449	59.41917024	1.52669569E-05	11.40162409	65.40640491	23.191971	0	0	0	-315.1526852	0.008121431215	-64929.1384366503	
312.5926852	90	9	1	0.957778243	0.008080649392	40.2967041	59.70328206	1.384248837E-05	11.16623095	65.45286528	23.38090378	0	0	0	-312.5926852	0.008080649392	-61096.7011478873	
310.0326852	90	9	1	0.9581186091	0.008037495693	40.02235946	59.97762801	1.253016403E-05	10.93242069	65.49722904	23.57035026	0	0	0	-310.0326852	0.008037495693	-57915.478250143	
307.4726852	90	9	1	0.9584544259	0.00799213468	39.75752222	60.24246646	1.132283379E-05	10.70019058	65.53956416	23.76024525	0	0	0	-307.4726852	0.00799213468	-55241.6980352473	
304.9126852	90	9	1	0.9587856699	0.007944721324	39.50191292	60.49807687	1.021371455E-05	10.46953644	65.57993813	23.95052542	0	0	0	-304.9126852	0.007944721324	-52969.4740280409	
302.3526852	90	9	1	0.9591123254	0.007895399999	39.25523303	60.74475777	9.196370277E-06	10.24045315	65.61841763	24.14112922	0	0	0	-302.3526852	0.007895399999	-48640.8574459312	
300	90	9	1	0.9594084338	0.007212382774	39.03529613	60.96469553	8.337029254E-06	10.03126479	65.65222606	24.31650915	0	0	0	-300	0.007212382774	41751.7626650492	
