T	w(AL)	w(MG)	w(SI)	fs	fw(@FCC_A1)	w(AL@FCC_A1)	w(MG@FCC_A1)	w(SI@FCC_A1)	w(AL@LIQUID)	w(MG@LIQUID)	w(SI@LIQUID)	dwdT_L(AL@LIQUID)	dwdT_L(MG@LIQUID)	dwdT_L(SI@LIQUID)	-T	fw(@FCC_A1)_1	-T//fw(@FCC_A1)	
K	%	%	%	mole/mole	kg/kg	%	%	%	%	%	%	SI	SI	SI				
881.3716419	90	4	6	0	0	98.53211534	0.8892777042	0.5786069568	90	4	6	0.001993930937	-0.0007269634972	-0.001266967439	-881.3716419	0	21.3532408487319	
881.3616419	90	4	6	0.0002334306377	0.0002337187063	98.53191739	0.8893643174	0.5787182952	89.99800679	4.000726751	6.001266459	0	0	0	-881.3616419	0.0002337187063	64.2197127098503	
881.3416419	90	4	6	0.0006999796957	0.0004672627949	98.53152155	0.8895374753	0.5789409743	89.9940181	4.002180964	6.003800936	0	0	0	-881.3416419	0.0004672627949	85.6854858997737	
881.3016419	90	4	6	0.001631761107	0.0009335587895	98.53073006	0.889883599	0.5793863418	89.98604184	4.005088964	6.008869199	0	0	0	-881.3016419	0.0009335587895	85.8389494876232	
881.2216419	90	4	6	0.003490805987	0.001864313211	98.52914829	0.8905747064	0.5802770032	89.97008788	4.010905332	6.019006783	0	0	0	-881.2216419	0.001864313211	86.0815360917779	
881.0616419	90	4	6	0.007190916947	0.003717454536	98.52598923	0.8919526679	0.5820581031	89.93817428	4.022539544	6.03928618	0	0	0	-881.0616419	0.003717454536	86.6011752594319	
880.7416419	90	4	6	0.01451996581	0.007390587434	98.51968897	0.8946916209	0.5856194105	89.87432424	4.04581396	6.079861801	0	0	0	-880.7416419	0.007390587434	87.7344690761681	
880.1016419	90	4	6	0.02887585187	0.01458644766	98.50716099	0.9000997231	0.5927392902	89.74653718	4.092378186	6.161084632	0	0	0	-880.1016419	0.01458644766	90.0683349289301	
878.8216419	90	4	6	0.05648015705	0.02846267062	98.48238922	0.910644464	0.6069663158	89.49060201	4.185593601	6.323804393	0	0	0	-878.8216419	0.02846267062	94.6652915524909	
876.2616419	90	4	6	0.1076224638	0.05427706598	98.43396082	0.9306706608	0.635368521	88.97728697	4.372412678	6.650300348	0	0	0	-876.2616419	0.05427706598	-1203.67091978028	
873.7016419	90	4	6	0.1538861814	0.0519166188	98.38697456	0.9493288024	0.6636966344	88.46201682	4.559859179	6.978124006	0	0	0	-873.7016419	0.0519166188	-1135.27797704302	
871.1416419	90	4	6	0.1959183304	0.04975050231	98.34138901	0.9666573209	0.6919536672	87.94478039	4.747981955	7.307237657	0	0	0	-871.1416419	0.04975050231	-1235.70376211194	
868.5816419	90	4	6	0.2342604986	0.04775864948	98.29716401	0.9826934502	0.720142536	87.42556769	4.936825964	7.637606343	0	0	0	-868.5816419	0.04775864948	-1341.42303536596	
866.0216419	90	4	6	0.2693669875	0.04592122474	98.25426033	0.9974732948	0.7482663718	86.90436673	5.126432826	7.969200442	0	0	0	-866.0216419	0.04592122474	-1451.76330165579	
863.4616419	90	4	6	0.3016215219	0.04422123989	98.21263963	1.011031941	0.7763284295	86.38116427	5.316841028	8.301994703	0	0	0	-863.4616419	0.04422123989	-1566.7479602288	
860.9016419	90	4	6	0.3313503258	0.04264411067	98.17226437	1.023403581	0.8043320502	85.85594586	5.508086323	8.635967817	0	0	0	-860.9016419	0.04264411067	-1686.4203752209	
858.3416419	90	4	6	0.3588324106	0.0411772456	98.13309775	1.034621621	0.8322806305	85.3286959	5.700202064	8.97110204	0	0	0	-858.3416419	0.0411772456	-1810.82534897003	
855.7816419	90	4	6	0.3843077434	0.03980971645	98.09510364	1.044718762	0.8601775939	84.79939764	5.893219494	9.307382864	0	0	0	-855.7816419	0.03980971645	-1940.00901531941	
853.2216419	90	4	6	0.4079837856	0.038531992	98.05824655	1.053727082	0.8880263671	84.26803328	6.087167991	9.644798726	0	0	0	-853.2216419	0.038531992	-2074.0186315533	
850.6616419	90	4	6	0.4300407674	0.03733572128	98.02249155	1.06167809	0.9158303573	83.73458397	6.282075279	9.983340748	0	0	0	-850.6616419	0.03733572128	-2212.90232229208	
848.1016419	90	4	6	0.4506359735	0.03621355593	97.98780428	1.068602782	0.9435929334	83.19902989	6.477967608	10.3230025	0	0	0	-848.1016419	0.03621355593	-2356.70891192405	
845.5416419	90	4	6	0.4699072486	0.03515900376	97.95415091	1.074531682	0.9713174069	82.66135027	6.674869915	10.66377981	0	0	0	-845.5416419	0.03515900376	-2505.48762692482	
842.9816419	90	4	6	0.4879758829	0.03416630715	97.92149811	1.079494876	0.9990070161	82.12152351	6.872805956	11.00567053	0	0	0	-842.9816419	0.03416630715	-2659.28777502162	
840.4216419	90	4	6	0.5049490017	0.03323034164	97.88981304	1.083522049	1.02666491	81.57952716	7.071798421	11.34867442	0	0	0	-840.4216419	0.03323034164	-2818.15846444574	
837.8616419	90	4	6	0.520921555	0.03234653085	97.85906337	1.086642498	1.054294134	81.03533802	7.271869038	11.69279294	0	0	0	-837.8616419	0.03234653085	-2982.14825427141	
835.3016419	90	4	6	0.5359779825	0.03151077476	97.82921722	1.088885164	1.081897615	80.48893222	7.473038657	12.03802912	0	0	0	-835.3016419	0.03151077476	-3151.30474588257	
832.7416419	90	4	6	0.5501936149	0.03071938894	97.80024321	1.09027864	1.109478148	79.94028524	7.675327326	12.38438743	0	0	0	-832.7416419	0.03071938894	-3325.67420699512	
830.1816419	90	4	6	0.5636358575	0.02996905288	97.77211043	1.090851186	1.137038383	79.389372	7.878754351	12.73187365	0	0	0	-830.1816419	0.02996905288	-3505.30104552742	
827.6216419	90	4	6	0.5763651953	0.02925676578	97.74478845	1.09063074	1.164580812	78.8361669	8.083338358	13.08049474	0	0	0	-827.6216419	0.02925676578	-3690.22729650409	
825.0616419	90	4	6	0.5884360499	0.02857980867	97.71824732	1.089644926	1.192107753	78.28064392	8.289097327	13.43025875	0	0	0	-825.0616419	0.02857980867	-3880.49216579933	
822.5016419	90	4	6	0.5998975127	0.02793571178	97.6924576	1.087921057	1.219621343	77.72277669	8.496048642	13.78117467	0	0	0	-822.5016419	0.02793571178	-4076.13141667826	
819.9416419	90	4	6	0.6107939752	0.02732222633	97.66739034	1.085486139	1.247123518	77.1625385	8.704209113	14.13325239	0	0	0	-819.9416419	0.02732222633	-4277.1765951464	
817.3816419	90	4	6	0.6211656718	0.02673730003	97.64301712	1.082366875	1.274616001	76.59990244	8.913595007	14.48650256	0	0	0	-817.3816419	0.02673730003	-4483.65444892921	
814.8216419	90	4	6	0.6310491502	0.02617905582	97.61931004	1.078589663	1.302100293	76.03484144	9.124222065	14.84093649	0	0	0	-814.8216419	0.02617905582	-4695.58623726411	
812.2616419	90	4	6	0.6404776795	0.02564577327	97.59624175	1.074180597	1.329577651	75.46732836	9.336105516	15.19656613	0	0	0	-812.2616419	0.02564577327	-4912.98661472623	
809.7016419	90	4	6	0.6494816052	0.02513587226	97.57378546	1.06916546	1.357049081	74.89733603	9.54926009	15.55340388	0	0	0	-809.7016419	0.02513587226	-5135.86299578978	
807.1416419	90	4	6	0.6580886602	0.02464789873	97.55191495	1.06356973	1.384515315	74.32483739	9.763700018	15.9114626	0	0	0	-807.1416419	0.02464789873	-5364.21450416788	
804.5816419	90	4	6	0.6663242359	0.02418051204	97.53060463	1.057418568	1.411976804	73.7498055	9.97943904	16.27075546	0	0	0	-804.5816419	0.02418051204	-5598.03072263864	
802.0216419	90	4	6	0.6742116218	0.02373247385	97.50982949	1.050736818	1.439433696	73.17221368	10.1964904	16.63129593	0	0	0	-802.0216419	0.02373247385	-5837.29081596689	
799.4616419	90	4	6	0.6817722155	0.02330263828	97.48956518	1.043549	1.46688582	72.59203556	10.41486682	16.99309761	0	0	0	-799.4616419	0.02330263828	-6081.96235274564	
796.9016419	90	4	6	0.6890257082	0.02288994317	97.46978802	1.035879306	1.494332671	72.00924519	10.63458055	17.35617426	0	0	0	-796.9016419	0.02288994317	-6331.99947802652	
794.3416419	90	4	6	0.6959902498	0.02249340224	97.45047502	1.027751592	1.521773391	71.42381712	10.85564327	17.72053961	0	0	0	-794.3416419	0.02249340224	-6587.34185797924	
791.7816419	90	4	6	0.7026825939	0.0221120982	97.43160388	1.019189373	1.54920675	70.83572647	11.07806614	18.08620739	0	0	0	-791.7816419	0.0221120982	-6847.91326823154	
789.2216419	90	4	6	0.709118228	0.02174517651	97.41315305	1.010215817	1.576631128	70.24494909	11.30185975	18.45319115	0	0	0	-789.2216419	0.02174517651	-7113.61953305689	
786.6616419	90	4	6	0.7153114892	0.02139183981	97.39510177	1.000853737	1.604044494	69.6514616	11.52703412	18.82150429	0	0	0	-786.6616419	0.02139183981	-7384.34696579086	
784.1016419	90	4	6	0.7212756667	0.02105134292	97.37743003	0.9911255831	1.631444386	69.0552415	11.75359863	19.19115987	0	0	0	-784.1016419	0.02105134292	-7659.96055163078	
781.5416419	90	4	6	0.7270230951	0.02072298834	97.36011867	0.981053438	1.65882789	68.45626734	11.98156204	19.56217062	0	0	0	-781.5416419	0.02072298834	-7940.30173080507	
778.9816419	90	4	6	0.7325652364	0.02040612217	97.34314937	0.9706590072	1.68619162	67.85451875	12.21093243	19.93454882	0	0	0	-778.9816419	0.02040612217	-8225.18670486632	
776.4216419	90	4	6	0.7379127545	0.02010013047	97.3265047	0.959963613	1.713531691	67.24997662	12.44171718	20.3083062	0	0	0	-776.4216419	0.02010013047	-8514.4041561559	
773.8616419	90	4	6	0.7430755826	0.01980443591	97.31016811	0.9489881871	1.740843701	66.6426232	12.6739229	20.6834539	0	0	0	-773.8616419	0.01980443591	-8807.71211912953	
771.3016419	90	4	6	0.7480629826	0.01951849472	97.29412403	0.9377532632	1.768122706	66.03244224	12.90755542	21.06000234	0	0	0	-771.3016419	0.01951849472	-9104.83693596567	
768.7416419	90	4	6	0.7528836006	0.01924179401	97.27835784	0.9262789702	1.795363191	65.41941911	13.14261973	21.43796116	0	0	0	-768.7416419	0.01924179401	-9405.47017620917	
766.1816419	90	4	6	0.7575455153	0.0189738492	97.26285592	0.9145850249	1.822559055	64.80354097	13.37911994	21.81733909	0	0	0	-766.1816419	0.0189738492	-9709.26568454594	
763.6216419	90	4	6	0.7620562828	0.01871420176	97.2476057	0.9026907255	1.849703575	64.1847969	13.6170592	22.1981439	0	0	0	-763.6216419	0.01871420176	-10015.8389547892	
761.0616419	90	4	6	0.7664229773	0.01846241716	97.23259566	0.8906149449	1.87678939	63.56317808	13.85643966	22.58038226	0	0	0	-761.0616419	0.01846241716	-10324.7620243818	
758.5016419	90	4	6	0.7706522277	0.01821808284	97.21781541	0.8783761243	1.903808469	62.93867792	14.09726243	22.96405965	0	0	0	-758.5016419	0.01821808284	-10635.5631613223	
755.9416419	90	4	6	0.7747502508	0.01798080658	97.20325565	0.8659922673	1.930752087	62.31129228	14.33952747	23.34918025	0	0	0	-755.9416419	0.01798080658	-10947.725229326	
753.3816419	90	4	6	0.778722882	0.01775021481	97.18890827	0.8534809334	1.957610798	61.68101963	14.58323353	23.73574684	0	0	0	-753.3816419	0.01775021481	-11260.5306199022	
750.8216419	90	4	6	0.7825756018	0.01752594536	97.17476635	0.8408592272	1.984374423	61.04786148	14.82837802	24.1237605	0	0	0	-750.8216419	0.01752594536	-11573.9916804226	
748.2616419	90	4	6	0.7863135675	0.01730768073	97.16082421	0.8281438237	2.011031966	60.41182148	15.07495733	24.5132212	0	0	0	-748.2616419	0.01730768073	-11886.5970709052	
745.7016419	90	4	6	0.7899416235	0.01709506028	97.1470774	0.8153509009	2.037571698	59.7729078	15.32296588	24.90412632	0	0	0	-745.7016419	0.01709506028	-12197.7411722986	
743.1416419	90	4	6	0.7934643355	0.01688779434	97.13352278	0.8024961982	2.063981022	59.13113123	15.57239693	25.29647184	0	0	0	-743.1416419	0.01688779434	-12507.35272936	
740.5816419	90	4	6	0.7968860034	0.01668557662	97.12015851	0.7895949801	2.090246509	58.48650647	15.82324201	25.69025152	0	0	0	-740.5816419	0.01668557662	-12819.788770516	
738.0216419	90	4	6	0.800210739	0.01648829007	97.10698305	0.7766617783	2.11635517	57.83904704	16.07549019	26.08546277	0	0	0	-738.0216419	0.01648829007	-13114.5911757896	
735.4616419	90	4	6	0.8034422601	0.0162950864	97.09399912	0.7637111368	2.142289746	57.18879016	16.32912654	26.4820833	0	0	0	-735.4616419	0.0162950864	-13408.0340675278	
732.9016419	90	4	6	0.8065842224	0.0161063261	97.08120817	0.7507569375	2.168034896	56.53575404	16.58414066	26.88010529	0	0	0	-732.9016419	0.0161063261	-13708.6666932384	
730.3416419	90	4	6	0.809640033	0.01592151649	97.06861389	0.7378125389	2.193573575	55.8799708	16.84051655	27.27951266	0	0	0	-730.3416419	0.01592151649	-13994.9283879507	
727.7816419	90	4	6	0.8126129107	0.01574040456	97.05622139	0.7248908163	2.218887791	55.22147763	17.09823599	27.68028639	0	0	0	-727.7816419	0.01574040456	-14273.5685923798	
725.2216419	90	4	6	0.8155058975	0.01556274508	97.04403726	0.7120041597	2.243958584	54.56031713	17.35727848	28.08240439	0	0	0	-725.2216419	0.01556274508	-14543.5338351147	
722.6616419	90	4	6	0.8183218701	0.01538829941	97.03206951	0.6991644723	2.268766018	53.89653763	17.61762106	28.4858413	0	0	0	-722.6616419	0.01538829941	-14803.7371781496	
720.1016419	90	4	6	0.8210635498	0.01521683508	97.02032766	0.6863831698	2.293289175	53.23019351	17.87923822	28.89056827	0	0	0	-720.1016419	0.01521683508	-15053.0885628802	
717.5416419	90	4	6	0.8237335115	0.01504812527	97.00882268	0.6736711796	2.317506144	52.56134556	18.14210168	29.29655276	0	0	0	-717.5416419	0.01504812527	-15290.5022219739	
714.9816419	90	4	6	0.8263341931	0.01488194838	96.99756703	0.6610389404	2.341394026	51.89006133	18.40618033	29.70375834	0	0	0	-714.9816419	0.01488194838	-15514.9087300831	
712.4216419	90	4	6	0.8288679031	0.0147180876	96.98657466	0.6484964025	2.364928935	51.21641554	18.67144002	30.11214444	0	0	0	-712.4216419	0.0147180876	-15725.2728489644	
709.8616419	90	4	6	0.831336828	0.01455633066	96.97586096	0.6360530285	2.38808601	50.54049039	18.93784344	30.52166617	0	0	0	-709.8616419	0.01455633066	-15920.6063071711	
707.3016419	90	4	6	0.8337430397	0.01439646946	96.96544278	0.623717794	2.410839428	49.862376	19.20534994	30.93227405	0	0	0	-707.3016419	0.01439646946	-16099.983713826	
704.7416419	90	4	6	0.8360885016	0.01423829992	96.95533839	0.6114991891	2.433162425	49.18217077	19.47391541	31.34391382	0	0	0	-704.7416419	0.01423829992	-16262.5631197319	
702.1816419	90	4	6	0.8383750753	0.01408162181	96.94556745	0.59940522	2.455027329	48.49998177	19.74349206	31.75652617	0	0	0	-702.1816419	0.01408162181	-16407.5978816811	
699.6216419	90	4	6	0.8406045255	0.01392623862	96.936151	0.5874434111	2.476405591	47.81592513	20.01402833	32.17004654	0	0	0	-699.6216419	0.01392623862	-16534.4585978949	
697.0616419	90	4	6	0.8427785259	0.01377195762	96.92711136	0.5756208072	2.497267831	47.1301264	20.2854687	32.5844049	0	0	0	-697.0616419	0.01377195762	-16642.6377418223	
694.5016419	90	4	6	0.8448986642	0.01361858966	96.91847213	0.5639439768	2.517583893	46.44272098	20.55775356	32.99952547	0	0	0	-694.5016419	0.01361858966	-16731.7824852102	
691.9416419	90	4	6	0.8469664468	0.0134659497	96.91025808	0.5524190146	2.537322904	45.75385438	20.83081904	33.41532658	0	0	0	-691.9416419	0.0134659497	-16801.6939922967	
689.3816419	90	4	6	0.848983303	0.01331385652	96.90249511	0.5410515455	2.556453348	45.06368266	21.10459691	33.83172043	0	0	0	-689.3816419	0.01331385652	-16852.3309033769	
686.8216419	90	4	6	0.8509505898	0.01316213326	96.89521013	0.529846728	2.574943146	44.37237266	21.37901444	34.2486129	0	0	0	-686.8216419	0.01316213326	-16883.8376499778	
684.2616419	90	4	6	0.8528695956	0.01301060767	96.88843099	0.5188092588	2.592759753	43.68010235	21.65399427	34.66590338	0	0	0	-684.2616419	0.01301060767	-16896.5307726743	
681.7016419	90	4	6	0.854741544	0.01285911247	96.88218637	0.5079433772	2.609870258	42.98706101	21.92945436	35.08348463	0	0	0	-681.7016419	0.01285911247	-16890.9063096997	
679.1416419	90	4	6	0.8565675977	0.01270748587	96.87650563	0.4972528702	2.626241497	42.29344948	22.20530788	35.50124264	0	0	0	-679.1416419	0.01270748587	-16867.6377288388	
676.5816419	90	4	6	0.8583488622	0.01255557209	96.87141874	0.4867410774	2.641840186	41.59948031	22.48146315	35.91905654	0	0	0	-676.5816419	0.01255557209	-16827.5683100496	
674.0216419	90	4	6	0.8600863887	0.012403222	96.86695605	0.4764108975	2.656633052	40.90537779	22.75782366	36.33679855	0	0	0	-674.0216419	0.012403222	-16771.7010699243	
671.4616419	90	4	6	0.8617811778	0.01225029377	96.86314823	0.4662647941	2.670586981	40.21137805	23.03428801	36.75433394	0	0	0	-671.4616419	0.01225029377	-16701.1882129204	
668.9016419	90	4	6	0.8634341828	0.01209665368	96.86002602	0.4563048027	2.683669179	39.51772895	23.31074999	37.17152106	0	0	0	-668.9016419	0.01209665368	-16617.3137082508	
666.3416419	90	4	6	0.8650463124	0.01194217685	96.85762012	0.4465325375	2.695847339	38.82468996	23.58709863	37.58821141	0	0	0	-666.3416419	0.01194217685	-16521.4759750513	
663.7816419	90	4	6	0.8666184341	0.01178674816	96.85596098	0.4369491997	2.707089816	38.13253194	23.86321828	38.00424977	0	0	0	-663.7816419	0.01178674816	-16415.1701940676	
661.2216419	90	4	6	0.8681513769	0.01163026309	96.8550786	0.427555586	2.717365812	37.4415368	24.13898882	38.41947437	0	0	0	-661.2216419	0.01163026309	-16299.9647453026	
658.6616419	90	4	6	0.8696459346	0.01147262864	96.85500233	0.418352097	2.726645569	36.75199706	24.41428579	38.83371714	0	0	0	-658.6616419	0.01147262864	-16177.4826210377	
656.1016419	90	4	6	0.8711028681	0.01131376424	96.85576069	0.4093387476	2.734900558	36.06421532	24.68898065	39.24680403	0	0	0	-656.1016419	0.01131376424	-16049.379375473	
653.5416419	90	4	6	0.8725229084	0.01115360264	96.85738114	0.4005151773	2.742103684	35.37850357	24.96294107	39.65855535	0	0	0	-653.5416419	0.01115360264	-15917.3241844532	
650.9816419	90	4	6	0.8739067595	0.0109920908	96.85988986	0.3918806617	2.748229479	34.69518247	25.23603127	40.06878627	0	0	0	-650.9816419	0.0109920908	-15782.9792054344	
648.4216419	90	4	6	0.8752551008	0.01082919066	96.86331158	0.3834341242	2.7532543	34.01458036	25.50811237	40.47730727	0	0	0	-648.4216419	0.01082919066	-15647.9825965439	
645.8616419	90	4	6	0.8765685897	0.01066487991	96.86766933	0.3751741494	2.757156524	33.33703234	25.77904287	40.88392478	0	0	0	-645.8616419	0.01066487991	-15513.9320508372	
643.3016419	90	4	6	0.877847864	0.01049915256	96.87298427	0.3670989971	2.759916729	32.66287907	26.0486791	41.28844183	0	0	0	-643.3016419	0.01049915256	-15382.3737587404	
640.7416419	90	4	6	0.8790935447	0.01033201954	96.87927551	0.3592066169	2.761517874	31.99246554	26.31687572	41.69065874	0	0	0	-640.7416419	0.01033201954	-15254.79137173	
638.1816419	90	4	6	0.8803062377	0.010163509	96.88655988	0.3514946641	2.76194546	31.32613974	26.58348635	42.09037391	0	0	0	-638.1816419	0.010163509	-15132.5925862797	
635.6216419	90	4	6	0.8814865367	0.009993666501	96.8948518	0.3439605165	2.76118768	30.66425121	26.84836412	42.48738467	0	0	0	-635.6216419	0.009993666501	-15017.1068591464	
633.0616419	90	4	6	0.8826350246	0.009822555054	96.90416316	0.3366012922	2.759235546	30.0071495	27.11136232	42.88148818	0	0	0	-633.0616419	0.009822555054	-14909.5806009296	
630.5016419	90	4	6	0.8837522759	0.009650254917	96.91450313	0.3294138677	2.756083007	29.35518265	27.37233505	43.2724823	0	0	0	-630.5016419	0.009650254917	-14811.1964790414	
627.9416419	90	4	6	0.8848388586	0.009476863738	96.92587807	0.3223948977	2.751727033	28.70869545	27.63113794	43.66016661	0	0	0	-627.9416419	0.009476863738	-14722.9871382157	
625.3816419	90	4	6	0.8858953352	0.009302493892	96.93829149	0.3155408349	2.746167675	28.06802795	27.88762875	44.0443433	0	0	0	-625.3816419	0.009302493892	-14645.9321361029	
622.8216419	90	4	6	0.886922265	0.009127274485	96.95174394	0.3088479513	2.739408105	27.43351365	28.14166814	44.4248182	0	0	0	-622.8216419	0.009127274485	-14580.9822164969	
620.2616419	90	4	6	0.8879202047	0.008951348725	96.96623301	0.302312359	2.731454633	26.80547792	28.39312033	44.80140175	0	0	0	-620.2616419	0.008951348725	-14528.9479058598	
617.7016419	90	4	6	0.8888897103	0.008774872853	96.98175328	0.2959300326	2.722316684	26.18423636	28.64185373	45.17390991	0	0	0	-617.7016419	0.008774872853	-14490.5756793881	
615.1416419	90	4	6	0.8898313372	0.0085980148	96.99829641	0.2896968301	2.712006763	25.57009326	28.88774161	45.54216513	0	0	0	-615.1416419	0.0085980148	-14466.5458458228	
612.5816419	90	4	6	0.8907456418	0.008420952611	97.01585111	0.2836085162	2.700540378	24.96334014	29.1306627	45.90599716	0	0	0	-612.5816419	0.008420952611	-14457.4740296414	
610.0216419	90	4	6	0.8916331814	0.008243872713	97.03440327	0.2776607834	2.68793595	24.36425435	29.37050174	46.26524391	0	0	0	-610.0216419	0.008243872713	-14463.9166637828	
607.4616419	90	4	6	0.8924945151	0.008066968097	97.05393604	0.2718492744	2.674214688	23.77309787	29.60714997	46.61975216	0	0	0	-607.4616419	0.008066968097	-14486.3768789401	
604.9016419	90	4	6	0.8933302036	0.007890436416	97.07442995	0.2661696029	2.659400452	23.19011611	29.84050562	46.96937827	0	0	0	-604.9016419	0.007890436416	-14525.3102114495	
602.3416419	90	4	6	0.8941408097	0.007714478063	97.09586304	0.260617375	2.643519588	22.61553702	30.07047428	47.31398869	0	0	0	-602.3416419	0.007714478063	-14581.1302131767	
599.7816419	90	4	6	0.8949268977	0.007539294238	97.11821104	0.2551882088	2.626600748	22.04957024	30.29696922	47.65346054	0	0	0	-599.7816419	0.007539294238	-14654.2134791663	
597.2216419	90	4	6	0.8956890333	0.007365085058	97.14144755	0.2498777538	2.608674698	21.49240643	30.51991166	47.98768192	0	0	0	-597.2216419	0.007365085058	-14744.9048646676	
594.6616419	90	4	6	0.8964277834	0.007192047737	97.16554418	0.2446817087	2.58977411	20.94421685	30.73923091	48.31655224	0	0	0	-594.6616419	0.007192047737	-14853.5220577703	
592.1016419	90	4	6	0.8971437153	0.007020374866	97.19047081	0.2395958383	2.56993335	20.405153	30.95486457	48.63998243	0	0	0	-592.1016419	0.007020374866	-14980.3599686928	
589.5416419	90	4	6	0.8978373961	0.006850252825	97.21619575	0.2346159893	2.549188257	19.87534653	31.16675847	48.957895	0	0	0	-589.5416419	0.006850252825	-15125.6943545641	
586.9816419	90	4	6	0.8985093922	0.006681860336	97.24268597	0.2297381043	2.527575924	19.35490921	31.37486674	49.27022406	0	0	0	-586.9816419	0.006681860336	-15289.7854593753	
584.4216419	90	4	6	0.8991602685	0.006515367197	97.26990729	0.2249582347	2.505134477	18.84393313	31.57915165	49.57691522	0	0	0	-584.4216419	0.006515367197	-15472.8811993981	
581.8616419	90	4	6	0.8997905871	0.006350933186	97.29782459	0.2202725515	2.481902857	18.34249103	31.77958353	49.87792544	0	0	0	-581.8616419	0.006350933186	-15675.219802064	
579.3016419	90	4	6	0.9004009071	0.006188707161	97.32640204	0.215677356	2.457920608	17.85063676	31.97614051	50.17322273	0	0	0	-579.3016419	0.006188707161	-15897.0321045646	
576.7416419	90	4	6	0.9009917836	0.006028826341	97.35560323	0.2111690869	2.43322768	17.36840581	32.16880832	50.46278587	0	0	0	-576.7416419	0.006028826341	-16138.543596659	
574.1816419	90	4	6	0.9015637663	0.005871415784	97.38539144	0.2067443283	2.407864228	16.89581603	32.35757998	50.74660399	0	0	0	-574.1816419	0.005871415784	-16399.9765124881	
571.6216419	90	4	6	0.9021173995	0.005716588045	97.41572975	0.2023998139	2.381870435	16.43286835	32.54245548	51.02467617	0	0	0	-571.6216419	0.005716588045	-16681.5509656017	
569.0616419	90	4	6	0.9026532205	0.005564443001	97.44658122	0.1981324318	2.355286344	15.97954766	32.72344142	51.29701092	0	0	0	-569.0616419	0.005564443001	-16983.4861467689	
566.5016419	90	4	6	0.9031717596	0.00541506784	97.47790907	0.1939392268	2.3281517	15.53582368	32.90055065	51.56362567	0	0	0	-566.5016419	0.00541506784	-17306.0017611762	
563.9416419	90	4	6	0.9036735384	0.005268537198	97.50967679	0.189817402	2.300505808	15.10165189	33.07380186	51.82454625	0	0	0	-563.9416419	0.005268537198	-17649.3184260422	
561.3816419	90	4	6	0.9041590703	0.005124913414	97.54184827	0.185764319	2.272387408	14.67697454	33.24321916	52.0798063	0	0	0	-561.3816419	0.005124913414	-18013.6586036621	
558.8216419	90	4	6	0.9046288589	0.004984246911	97.57438794	0.1817774969	2.24383456	14.26172157	33.40883172	52.32944671	0	0	0	-558.8216419	0.004984246911	-18399.2470877385	
556.2616419	90	4	6	0.9050833979	0.004846576657	97.60726084	0.1778546111	2.214884548	13.85581167	33.5706733	52.57351503	0	0	0	-556.2616419	0.004846576657	-18806.311409156	
553.7016419	90	4	6	0.9055231707	0.004711930716	97.64043272	0.1739934905	2.185573789	13.45915321	33.72878187	52.81206492	0	0	0	-553.7016419	0.004711930716	-19235.0821802738	
551.1416419	90	4	6	0.9059486496	0.004580326848	97.67387012	0.1701921141	2.155937768	13.07164525	33.8831992	53.04515555	0	0	0	-551.1416419	0.004580326848	-19685.7932965007	
548.5816419	90	4	6	0.906360296	0.004451773164	97.70754042	0.1664486071	2.126010972	12.69317846	34.03397048	53.27285106	0	0	0	-548.5816419	0.004451773164	-20158.6824898819	
546.0216419	90	4	6	0.9067585596	0.004326268807	97.74141192	0.1627612367	2.095826846	12.32363604	34.18114391	53.49522004	0	0	0	-546.0216419	0.004326268807	-20653.9908673712	
543.4616419	90	4	6	0.9071438784	0.004203804647	97.77545384	0.1591284068	2.065417754	11.96289463	34.32477037	53.71233499	0	0	0	-543.4616419	0.004203804647	-21171.9636470572	
540.9016419	90	4	6	0.9075166787	0.004084363993	97.80963639	0.1555486526	2.034814953	11.61082512	34.46490306	53.92427183	0	0	0	-540.9016419	0.004084363993	-21712.8500327986	
538.3416419	90	4	6	0.9078773747	0.003967923288	97.84393079	0.1520206353	2.004048574	11.26729345	34.60159714	54.13110942	0	0	0	-538.3416419	0.003967923288	-22276.9030819397	
535.7816419	90	4	6	0.9082263686	0.003854452801	97.87830925	0.1485431361	1.97314761	10.93216139	34.73490947	54.33292914	0	0	0	-535.7816419	0.003854452801	-22864.3806258201	
533.2216419	90	4	6	0.9085640506	0.003743917299	97.91274503	0.1451150499	1.942139918	10.60528724	34.86489829	54.52981446	0	0	0	-533.2216419	0.003743917299	-23475.5446307718	
530.6616419	90	4	6	0.9088907989	0.003636276686	97.9472124	0.1417353795	1.911052221	10.28652647	34.99162297	54.72185056	0	0	0	-530.6616419	0.003636276686	-24110.6614916284	
528.1016419	90	4	6	0.9092069799	0.003531486621	97.98168666	0.1384032295	1.879910114	9.975732344	35.11514371	54.90912395	0	0	0	-528.1016419	0.003531486621	-24770.0026779781	
525.5416419	90	4	6	0.9095129481	0.003429499099	98.01614412	0.1351177995	1.848738083	9.672756486	35.23552137	55.09172214	0	0	0	-525.5416419	0.003429499099	-25453.8446237157	
522.9816419	90	4	6	0.9098090464	0.003330262997	98.0505621	0.1318783787	1.817559523	9.377449399	35.35281723	55.26973337	0	0	0	-522.9816419	0.003330262997	-26162.4689915508	
520.4216419	90	4	6	0.9100956064	0.003233724583	98.0849189	0.1286843394	1.786396756	9.089660934	35.46709279	55.44324627	0	0	0	-520.4216419	0.003233724583	-26896.1632980835	
517.8616419	90	4	6	0.9103729485	0.00313982799	98.11919381	0.1255351312	1.755271062	8.809240725	35.57840961	55.61234967	0	0	0	-517.8616419	0.00313982799	-27655.2209665874	
515.3016419	90	4	6	0.9106413818	0.003048515648	98.15336702	0.122430275	1.7242027	8.536038571	35.68682913	55.7771323	0	0	0	-515.3016419	0.003048515648	-28439.9420146348	
512.7416419	90	4	6	0.9109012049	0.002959728685	98.1874197	0.1193693576	1.693210944	8.269904793	35.79241256	55.93768265	0	0	0	-512.7416419	0.002959728685	-29250.633260896	
510.1816419	90	4	6	0.9111527058	0.002873407285	98.22133387	0.1163520258	1.662314106	8.01069054	35.89522073	56.09408873	0	0	0	-510.1816419	0.002873407285	-30087.6090701141	
507.6216419	90	4	6	0.9113961625	0.002789491019	98.25509245	0.1133779816	1.631529573	7.75824807	35.99531398	56.24643795	0	0	0	-507.6216419	0.002789491019	-30951.1925529458	
505.0616419	90	4	6	0.9116318427	0.002707919139	98.28867919	0.1104469765	1.600873838	7.512430994	36.09275206	56.39481694	0	0	0	-505.0616419	0.002707919139	-31841.7147208076	
502.5016419	90	4	6	0.9118600047	0.002628630836	98.32207866	0.107558807	1.570362531	7.273094492	36.18759407	56.53931144	0	0	0	-502.5016419	0.002628630836	-32759.5167976461	
499.9416419	90	4	6	0.9120808973	0.002551565481	98.35527624	0.1047133098	1.540010452	7.040095497	36.27989834	56.68000616	0	0	0	-499.9416419	0.002551565481	-33704.9504727545	
497.3816419	90	4	6	0.9122947603	0.002476662824	98.38825804	0.101910357	1.509831606	6.813292856	36.3697224	56.81698474	0	0	0	-497.3816419	0.002476662824	-34678.3787402585	
494.8216419	90	4	6	0.9125018247	0.00240386318	98.42101092	0.09914985225	1.47983923	6.59254747	36.45712291	56.95032962	0	0	0	-494.8216419	0.00240386318	-35680.1771049614	
492.2616419	90	4	6	0.9127023131	0.002333107581	98.45352244	0.09643172633	1.45004583	6.377722405	36.54215563	57.08012197	0	0	0	-492.2616419	0.002333107581	-36710.7340052966	
489.7016419	90	4	6	0.9128964396	0.002264337913	98.48578086	0.09375593339	1.420463207	6.16868299	36.62487534	57.20644167	0	0	0	-489.7016419	0.002264337913	-37770.4532629553	
487.1416419	90	4	6	0.9130844108	0.002197497032	98.51777506	0.09112244724	1.391102494	5.965296891	36.70533588	57.32936723	0	0	0	-487.1416419	0.002197497032	-38859.7537356565	
484.5816419	90	4	6	0.9132664255	0.002132528857	98.54949457	0.08853125795	1.361974175	5.767434176	36.78359006	57.44897576	0	0	0	-484.5816419	0.002132528857	-39979.0723970175	
482.0216419	90	4	6	0.913442675	0.002069378457	98.58092951	0.08598236849	1.333088123	5.574967357	36.85968969	57.56534295	0	0	0	-482.0216419	0.002069378457	-41128.8643429619	
479.4616419	90	4	6	0.9136133438	0.002007992109	98.61207058	0.08347579174	1.304453624	5.387771426	36.93368553	57.67854305	0	0	0	-479.4616419	0.002007992109	-42309.605133808	
476.9016419	90	4	6	0.9137786095	0.001948317358	98.64290905	0.08101154752	1.276079402	5.205723873	37.0056273	57.78864883	0	0	0	-476.9016419	0.001948317358	-43521.7923492399	
474.3416419	90	4	6	0.9139386431	0.001890303051	98.67343669	0.07858965995	1.247973645	5.0287047	37.07556369	57.89573161	0	0	0	-474.3416419	0.001890303051	-44765.9461513339	
471.7816419	90	4	6	0.9140936094	0.00183389937	98.70364581	0.07621015486	1.220144033	4.856596415	37.14354234	57.99986124	0	0	0	-471.7816419	0.00183389937	-46042.6143359111	
469.2216419	90	4	6	0.9142436671	0.001779057855	98.73352919	0.07387305749	1.192597755	4.689284036	37.20960985	58.10110611	0	0	0	-469.2216419	0.001779057855	-47352.3711585238	
466.6616419	90	4	6	0.9143889691	0.001725731411	98.76308007	0.07157839026	1.165341538	4.526655063	37.2738118	58.19953314	0	0	0	-466.6616419	0.001725731411	-48695.8197967986	
464.1016419	90	4	6	0.9145296629	0.001673874316	98.79229217	0.06932617073	1.138381662	4.368599468	37.33619273	58.2952078	0	0	0	-464.1016419	0.001673874316	-50073.5968664916	
461.5416419	90	4	6	0.9146658904	0.00162344222	98.8211596	0.06711640972	1.111723988	4.215009662	37.39679618	58.38819416	0	0	0	-461.5416419	0.00162344222	-51486.372645112	
458.9816419	90	4	6	0.9147977886	0.001574392136	98.84967692	0.0649491096	1.085373969	4.065780467	37.4556647	58.47855484	0	0	0	-458.9816419	0.001574392136	-52934.8554672629	
456.4216419	90	4	6	0.9149254894	0.001526682432	98.87783906	0.06282426266	1.059336674	3.920809078	37.51283984	58.56635108	0	0	0	-456.4216419	0.001526682432	-54419.7924836729	
453.8616419	90	4	6	0.9150491203	0.00148027281	98.90564135	0.06074184966	1.033616804	3.779995023	37.56836221	58.65164277	0	0	0	-453.8616419	0.00148027281	-55941.9726077566	
451.3016419	90	4	6	0.9151688039	0.00143512429	98.93307945	0.05870183847	1.008218708	3.643240128	37.62227145	58.73448843	0	0	0	-451.3016419	0.00143512429	-57502.2338073711	
448.7416419	90	4	6	0.9152846588	0.00139119919	98.96014942	0.05670418293	0.9831464002	3.510448462	37.67460629	58.81494525	0	0	0	-448.7416419	0.00139119919	-59101.4605122001	
446.1816419	90	4	6	0.9153967992	0.001348461095	98.98684761	0.05474882166	0.9584035721	3.3815263	37.72540454	58.89306916	0	0	0	-446.1816419	0.001348461095	-60740.5903704718	
443.6216419	90	4	6	0.9155053355	0.001306874837	99.01317071	0.05283567718	0.9339936098	3.256382071	37.77470313	58.9689148	0	0	0	-443.6216419	0.001306874837	-62420.6183956949	
441.0616419	90	4	6	0.9156103743	0.001266406462	99.03911574	0.05096465497	0.9099196052	3.134926308	37.82253812	59.04253557	0	0	0	-441.0616419	0.001266406462	-64142.5996003886	
438.5016419	90	4	6	0.9157120184	0.001227023204	99.06467999	0.04913564271	0.8861843695	3.017071599	37.86894472	59.11398368	0	0	0	-438.5016419	0.001227023204	-65907.6525722537	
435.9416419	90	4	6	0.9158103673	0.00118869345	99.08986105	0.04734850967	0.8627904448	2.902732539	37.91395733	59.18331013	0	0	0	-435.9416419	0.00118869345	-67716.9660755543	
433.3816419	90	4	6	0.915905517	0.001151386714	99.11465678	0.04560310607	0.8397401149	2.791825672	37.95760952	59.25056481	0	0	0	-433.3816419	0.001151386714	-69571.803386981	
430.8216419	90	4	6	0.9159975604	0.001115073601	99.13906532	0.04389926262	0.8170354166	2.68426945	37.99993409	59.31579646	0	0	0	-430.8216419	0.001115073601	-71473.5062655801	
428.2616419	90	4	6	0.9160865873	0.001079725778	99.16308506	0.04223679016	0.794678149	2.579984174	38.04096309	59.37905273	0	0	0	-428.2616419	0.001079725778	-73423.5009693288	
425.7016419	90	4	6	0.9161726845	0.001045315939	99.18671464	0.04061547929	0.7726698833	2.478891945	38.08072782	59.44038024	0	0	0	-425.7016419	0.001045315939	-75423.3037162214	
423.1416419	90	4	6	0.9162559362	0.001011817775	99.20995293	0.03903510018	0.7510119711	2.380916617	38.11925885	59.49982453	0	0	0	-423.1416419	0.001011817775	-77474.5290365556	
420.5816419	90	4	6	0.9163364236	0.0009792059415	99.23279904	0.03749540239	0.7297055532	2.285983743	38.15658607	59.55743018	0	0	0	-420.5816419	0.0009792059415	-79578.8928154264	
418.0216419	90	4	6	0.9164142256	0.0009474560255	99.25525232	0.03599611479	0.7087515669	2.194020529	38.19273868	59.61324079	0	0	0	-418.0216419	0.0009474560255	-81738.2216891808	
415.4616419	90	4	6	0.9164894185	0.0009165445156	99.2773123	0.03453694555	0.6881507537	2.104955785	38.22774523	59.66729898	0	0	0	-415.4616419	0.0009165445156	-83954.4614335414	
412.9016419	90	4	6	0.9165620761	0.0008864487705	99.29897875	0.03311758218	0.6679036659	2.018719876	38.26163362	59.71964651	0	0	0	-412.9016419	0.0008864487705	-86229.6834486447	
410.3416419	90	4	6	0.9166322703	0.0008571469885	99.32025164	0.03173769165	0.648010673	1.935244679	38.29443113	59.77032419	0	0	0	-410.3416419	0.0008571469885	-88566.0938601656	
407.7816419	90	4	6	0.9167000704	0.0008286181774	99.34113111	0.03039692057	0.628471968	1.854463533	38.32616445	59.81937201	0	0	0	-407.7816419	0.0008286181774	-90966.0428523515	
405.2216419	90	4	6	0.916765544	0.0008008421251	99.36161753	0.02909489537	0.6092875728	1.776311197	38.35685969	59.86682911	0	0	0	-405.2216419	0.0008008421251	-93432.0354123456	
402.6616419	90	4	6	0.9168287564	0.0007737993711	99.38171143	0.02783122266	0.5904573436	1.700723809	38.38654239	59.91273381	0	0	0	-402.6616419	0.0007737993711	-95966.7416000792	
400.1016419	90	4	6	0.9168897712	0.000747471178	99.40141353	0.02660548949	0.5719809758	1.627638838	38.41523752	59.95712364	0	0	0	-400.1016419	0.000747471178	-98573.0083454681	
397.5416419	90	4	6	0.91694865	0.0007218395043	99.42072473	0.02541726379	0.5538580087	1.556995049	38.44296957	60.00003538	0	0	0	-397.5416419	0.0007218395043	-101253.872078229	
394.9816419	90	4	6	0.9170054529	0.0006968869773	99.43964608	0.02426609476	0.53608783	1.488732459	38.46976247	60.04150507	0	0	0	-394.9816419	0.0006968869773	-104012.571267471	
392.4216419	90	4	6	0.917060238	0.0006725968667	99.45817881	0.02315151338	0.5186696797	1.4227923	38.49563967	60.08156803	0	0	0	-392.4216419	0.0006725968667	-106852.562835291	
389.8616419	90	4	6	0.9171130621	0.0006489530597	99.47632431	0.02207303289	0.5016026537	1.35911698	38.52062415	60.12025887	0	0	0	-389.8616419	0.0006489530597	-109777.536467299	
387.3016419	90	4	6	0.9171639802	0.0006259400353	99.49408414	0.02103014936	0.484885708	1.297650052	38.5447384	60.15761154	0	0	0	-387.3016419	0.0006259400353	-112791.432147929	
384.7416419	90	4	6	0.9172130459	0.0006035428408	99.51146	0.0200223423	0.4685176615	1.23833617	38.56800448	60.19365935	0	0	0	-384.7416419	0.0006035428408	-115898.458478652	
382.1816419	90	4	6	0.9172603114	0.0005817470675	99.52845373	0.01904907525	0.4524971992	1.181121064	38.59044399	60.22843495	0	0	0	-382.1816419	0.0005817470675	-119103.113447027	
379.6216419	90	4	6	0.9173058277	0.0005605388286	99.54506733	0.01810979647	0.4368228755	1.125951501	38.61207812	60.26197038	0	0	0	-379.6216419	0.0005605388286	-122410.204729651	
377.0616419	90	4	6	0.9173496441	0.0005399047358	99.56130294	0.01720393962	0.4214931166	1.072775259	38.63292764	60.2942971	0	0	0	-377.0616419	0.0005399047358	-125824.869028884	
374.5016419	90	4	6	0.9173918089	0.000519831877	99.57716285	0.01633092448	0.4065062231	1.021541092	38.65301292	60.32544598	0	0	0	-374.5016419	0.000519831877	-129352.591292398	
371.9416419	90	4	6	0.9174323693	0.0005003077927	99.59264947	0.01549015768	0.3918603726	0.9721987052	38.67235396	60.35544734	0	0	0	-371.9416419	0.0005003077927	-132999.256613018	
369.3816419	90	4	6	0.917471371	0.0004813204621	99.60776534	0.01468103348	0.3775536221	0.9246987258	38.69097034	60.38433093	0	0	0	-369.3816419	0.0004813204621	-136771.195580621	
366.8216419	90	4	6	0.9175088589	0.0004628582844	99.62251316	0.01390293457	0.3635839097	0.8789926752	38.70888133	60.41212599	0	0	0	-366.8216419	0.0004628582844	-140675.16571247	
364.2616419	90	4	6	0.9175448767	0.0004449100508	99.63689571	0.01315523287	0.3499490571	0.8350329453	38.7261058	60.43886125	0	0	0	-364.2616419	0.0004449100508	-144718.383211569	
361.7016419	90	4	6	0.917579467	0.0004274649266	99.65091594	0.01243729035	0.3366467712	0.7927727741	38.74266231	60.46456492	0	0	0	-361.7016419	0.0004274649266	-148908.600629043	
359.1416419	90	4	6	0.9176126715	0.0004105124354	99.66457689	0.01174845988	0.3236746463	0.7521662229	38.75856905	60.48926473	0	0	0	-359.1416419	0.0004105124354	-153254.148173532	
356.5816419	90	4	6	0.9176445309	0.0003940424412	99.67788175	0.01108808609	0.3110301654	0.7131681545	38.7738439	60.51298794	0	0	0	-356.5816419	0.0003940424412	-157763.967535067	
354.0216419	90	4	6	0.9176750851	0.0003780451301	99.69083379	0.01045550624	0.2987107023	0.6757342126	38.78850444	60.53576135	0	0	0	-354.0216419	0.0003780451301	-162447.664329315	
351.4616419	90	4	6	0.9177043728	0.0003625109936	99.70343643	0.009850051097	0.2867135231	0.6398208025	38.8025679	60.55761129	0	0	0	-351.4616419	0.0003625109936	-167316.092230224	
348.9016419	90	4	6	0.9177324322	0.0003474309025	99.71569317	0.009271045816	0.2750357877	0.6053850728	38.81605125	60.57856368	0	0	0	-348.9016419	0.0003474309025	-172374.982522629	
346.3416419	90	4	6	0.9177593004	0.0003327950294	99.72760764	0.008717810851	0.2636745508	0.5723849539	38.82897112	60.59864393	0	0	0	-346.3416419	0.0003327950294	-177649.325736569	
343.7816419	90	4	6	0.9177850139	0.0003185967964	99.73918357	0.0081896628	0.252626765	0.5407789123	38.84134392	60.61787717	0	0	0	-343.7816419	0.0003185967964	-183346.966110683	
341.2216419	90	4	6	0.9178096083	0.0003048549289	99.75042481	0.0076859153	0.2418892778	0.5105262951	38.85318571	60.636288	0	0	0	-341.2216419	0.0003048549289	-189063.607521455	
338.6616419	90	4	6	0.9178331184	0.0002915046459	99.76133528	0.007205880165	0.2314588447	0.4815870515	38.8645123	60.65390065	0	0	0	-338.6616419	0.0002915046459	-194854.457496562	
336.1016419	90	4	6	0.9178555784	0.000278566018	99.77191902	0.006748867845	0.2213321145	0.4539218149	38.87533923	60.67073896	0	0	0	-336.1016419	0.000278566018	-201095.613650888	
333.5416419	90	4	6	0.9178770217	0.0002660313138	99.78218017	0.006314188634	0.2115056414	0.4274918697	38.88568177	60.68682637	0	0	0	-333.5416419	0.0002660313138	-207620.5108009	
330.9816419	90	4	6	0.917897481	0.0002538929136	99.79212296	0.005901153467	0.2019758839	0.4022591452	38.89555493	60.70218593	0	0	0	-330.9816419	0.0002538929136	-214447.633754907	
328.4216419	90	4	6	0.9179169885	0.000242143365	99.80175172	0.005509074795	0.192739206	0.3781862062	38.90497346	60.71684033	0	0	0	-328.4216419	0.000242143365	-221597.561320135	
325.8616419	90	4	6	0.9179355755	0.0002307753743	99.81107085	0.00513726745	0.1837918791	0.3552362439	38.91395188	60.73081188	0	0	0	-325.8616419	0.0002307753743	-229092.646402169	
323.3016419	90	4	6	0.9179532727	0.0002197817938	99.82008487	0.004785049502	0.1751300836	0.333373068	38.92250443	60.7441225	0	0	0	-323.3016419	0.0002197817938	-236957.147006441	
320.7416419	90	4	6	0.9179701104	0.0002091556088	99.82879835	0.004451743094	0.1667499102	0.3125610997	38.93064512	60.75679378	0	0	0	-320.7416419	0.0002091556088	-245217.426958133	
318.1816419	90	4	6	0.9179861181	0.0001988899265	99.83721596	0.004136675269	0.1586473621	0.2927653653	38.93838771	60.76884692	0	0	0	-318.1816419	0.0001988899265	-253902.179553216	
315.6216419	90	4	6	0.9180013248	0.0001889779646	99.84534246	0.003839178776	0.1508183564	0.2739514913	38.94574573	60.78030278	0	0	0	-315.6216419	0.0001889779646	-263042.671534983	
313.0616419	90	4	6	0.9180157587	0.0001794130409	99.85318268	0.003558592854	0.1432587263	0.2560856998	38.95273246	60.79118184	0	0	0	-313.0616419	0.0001794130409	-272672.980092693	
310.5016419	90	4	6	0.9180294476	0.0001701885604	99.86074151	0.003294264001	0.1359642228	0.2391348051	38.95936095	60.80150425	0	0	0	-310.5016419	0.0001701885604	-282830.436067959	
307.9416419	90	4	6	0.9180424189	0.0001612980142	99.86802394	0.003045546715	0.1289305167	0.2230662104	38.965644	60.81128979	0	0	0	-307.9416419	0.0001612980142	-293557.516647577	
305.3816419	90	4	6	0.918054699	0.0001527350521	99.875035	0.002811804383	0.1221531958	0.2078478975	38.9715942	60.82055791	0	0	0	-305.3816419	0.0001527350521	-304893.47828992	
302.8216419	90	4	6	0.9180663142	0.0001444930114	99.8817798	0.002592409301	0.1156277881	0.193448462	38.97722387	60.82932767	0	0	0	-302.8216419	0.0001444930114	-316891.722187016	
300.2616419	90	4	6	0.9180772899	0.0001365658542	99.88826352	0.002386744334	0.1093497328	0.1798370559	38.98254514	60.83761781	0	0	0	-300.2616419	0.0001365658542	-303522.401807739	
300	90	4	6	0.9180783767	1.352524395E-05	99.88891168	0.002366473838	0.1087218435	0.1784891052	38.9830721	60.83843879	0	0	0	-300	1.352524395E-05	299269.466139291	
