T	w(AL)	w(MG)	w(SI)	fs	fw(@FCC_A1)	w(AL@FCC_A1)	w(MG@FCC_A1)	w(SI@FCC_A1)	w(AL@LIQUID)	w(MG@LIQUID)	w(SI@LIQUID)	dwdT_L(AL@LIQUID)	dwdT_L(MG@LIQUID)	dwdT_L(SI@LIQUID)	-T	fw(@FCC_A1)_1	-T//fw(@FCC_A1)	
K	%	%	%	mole/mole	kg/kg	%	%	%	%	%	%	SI	SI	SI				
884.3673949	90	8	2	0	0	97.60662078	2.257021726	0.13635749	90	8	2	0.002157117864	-0.001628595907	-0.0005285219571	-884.3673949	0	17.5680280627011	
884.3573949	90	8	2	0.0002820728023	0.0002836355156	97.60621079	2.257409919	0.1363792889	89.99784287	8.001628656	2.000528472	0	0	0	-884.3573949	0.0002836355156	52.9450032749788	
884.3373949	90	8	2	0.0008456521007	0.000566884084	97.60539058	2.258186527	0.1364228948	89.99352848	8.004885871	2.001585644	0	0	0	-884.3373949	0.000566884084	70.6354473956299	
884.2973949	90	8	2	0.001971266775	0.001132754471	97.6037507	2.259739241	0.1365100557	89.98489902	8.011400523	2.003700458	0	0	0	-884.2973949	0.001132754471	70.7413737589307	
884.2173949	90	8	2	0.004216413128	0.002261920546	97.60047227	2.262843521	0.1366842086	89.96763743	8.024430509	2.007932057	0	0	0	-884.2173949	0.002261920546	70.9615686158661	
884.0573949	90	8	2	0.008682509825	0.004509548925	97.59392067	2.26904749	0.1370318385	89.93310365	8.050493216	2.016403136	0	0	0	-884.0573949	0.004509548925	71.4500354240525	
883.7373949	90	8	2	0.01751101339	0.008955719173	97.58083969	2.281435647	0.1377246623	89.86399363	8.102626244	2.033380128	0	0	0	-883.7373949	0.008955719173	72.4509589756341	
883.0973949	90	8	2	0.03478054491	0.01767622214	97.55476399	2.306135988	0.1391000205	89.72560282	8.206930571	2.067466612	0	0	0	-883.0973949	0.01767622214	74.3947018302722	
881.8173949	90	8	2	0.06784117483	0.0344463251	97.50295597	2.355234686	0.1418093469	89.44813804	8.41569526	2.136166699	0	0	0	-881.8173949	0.0344463251	78.4451443238083	
879.2573949	90	8	2	0.1285699987	0.06552491977	97.40069946	2.452239353	0.1470611816	88.8904642	8.833880265	2.275655536	0	0	0	-879.2573949	0.06552491977	-964.693662277912	
876.6973949	90	8	2	0.1827622353	0.06256532114	97.30006964	2.547880218	0.1520501463	88.32919892	9.253414049	2.417387026	0	0	0	-876.6973949	0.06256532114	-906.759272622284	
874.1373949	90	8	2	0.2313692148	0.05985632344	97.20103021	2.642193671	0.1567761169	87.76435431	9.674331912	2.561313778	0	0	0	-874.1373949	0.05985632344	-989.147684149277	
871.5773949	90	8	2	0.2751730257	0.05737008071	97.10354534	2.735215218	0.1612394446	87.19595516	10.09665844	2.707386407	0	0	0	-871.5773949	0.05737008071	-1075.40408292243	
869.0173949	90	8	2	0.3148190349	0.05507934596	97.00757872	2.826980116	0.1654411626	86.62403652	10.52040732	2.855556158	0	0	0	-869.0173949	0.05507934596	-1164.78786816497	
866.4573949	90	8	2	0.350844079	0.0529609748	96.91309523	2.917521893	0.169382878	86.0486447	10.94558111	3.005774187	0	0	0	-866.4573949	0.0529609748	-1257.14214365803	
863.8973949	90	8	2	0.3836980539	0.05099522546	96.82005981	3.00687344	0.1730667496	85.46983762	11.37217132	3.157991057	0	0	0	-863.8973949	0.05099522546	-1352.30348681561	
861.3373949	90	8	2	0.4137605947	0.04916515528	96.72843775	3.095066818	0.1764954363	84.88768524	11.80015847	3.312156295	0	0	0	-861.3373949	0.04916515528	-1450.09213547181	
858.7773949	90	8	2	0.4413540928	0.04745614317	96.63819463	3.182133312	0.179672057	84.30226987	12.22951214	3.468217989	0	0	0	-858.7773949	0.04745614317	-1550.31373489254	
856.2173949	90	8	2	0.4667539511	0.0458555078	96.54929639	3.268103459	0.1826001548	83.7136865	12.66019106	3.62612244	0	0	0	-856.2173949	0.0458555078	-1652.76141990122	
853.6573949	90	8	2	0.4901967309	0.04435219978	96.46170926	3.353007073	0.1852836646	83.122043	13.09214314	3.785813864	0	0	0	-853.6573949	0.04435219978	-1757.21841000784	
851.0973949	90	8	2	0.5118866797	0.04293655162	96.37539987	3.43687325	0.1877268824	82.52746026	13.52530561	3.947234132	0	0	0	-851.0973949	0.04293655162	-1863.46126564197	
848.5373949	90	8	2	0.5320009972	0.04160007339	96.29033518	3.519730378	0.1899344379	81.9300723	13.95960514	4.110322558	0	0	0	-848.5373949	0.04160007339	-1971.26373969049	
845.9773949	90	8	2	0.5506941166	0.04033528457	96.20648261	3.601606122	0.1919112671	81.33002622	14.39495805	4.275015731	0	0	0	-845.9773949	0.04033528457	-2080.40104808344	
843.4173949	90	8	2	0.5681012059	0.03913557481	96.12380999	3.682527419	0.1936625869	80.72748211	14.8312705	4.441247397	0	0	0	-843.4173949	0.03913557481	-2190.65456991476	
840.8573949	90	8	2	0.5843410502	0.03799508802	96.04228567	3.76252046	0.1951938708	80.12261276	15.26843886	4.608948382	0	0	0	-840.8573949	0.03799508802	-2301.81667280364	
838.2973949	90	8	2	0.5995184375	0.03690862515	95.9618785	3.841610674	0.1965108242	79.51560338	15.70635006	4.778046562	0	0	0	-838.2973949	0.03690862515	-2413.69570780647	
835.7373949	90	8	2	0.6137261448	0.0358715624	95.88255794	3.919822702	0.197619361	78.90665109	16.14488203	4.94846688	0	0	0	-835.7373949	0.0358715624	-2526.12084582462	
833.1773949	90	8	2	0.6270465996	0.03487978177	95.80429404	3.99718038	0.1985255801	78.2959644	16.58390419	5.120131412	0	0	0	-833.1773949	0.03487978177	-2638.94645360709	
830.6173949	90	8	2	0.6395532763	0.03392961181	95.72705754	4.073706718	0.1992357417	77.68376242	17.02327811	5.292959477	0	0	0	-830.6173949	0.03392961181	-2752.05624335941	
828.0573949	90	8	2	0.6513118759	0.03301777686	95.65081988	4.149423879	0.1997562446	77.07027412	17.4628581	5.466867787	0	0	0	-828.0573949	0.03301777686	-2865.36657862048	
825.4973949	90	8	2	0.6623813258	0.03214135305	95.57555324	4.224353161	0.2000936031	76.45573738	17.90249197	5.641770646	0	0	0	-825.4973949	0.03214135305	-2978.82900883192	
822.9373949	90	8	2	0.6728146319	0.0312977301	95.50123059	4.298514986	0.2002544237	75.84039796	18.34202185	5.817580189	0	0	0	-822.9373949	0.0312977301	-3092.4320840899	
820.3773949	90	8	2	0.6826596056	0.03048457783	95.42782573	4.371928884	0.2002453827	75.22450838	18.78128497	5.994206649	0	0	0	-820.3773949	0.03048457783	-3206.20201226775	
817.8173949	90	8	2	0.6919594889	0.02969981655	95.3553133	4.444613492	0.2000732036	74.60832669	19.22011464	6.171558669	0	0	0	-817.8173949	0.02969981655	-3320.20272336551	
815.2573949	90	8	2	0.7007534909	0.02894159089	95.28366882	4.516586549	0.1997446353	73.99211527	19.65834109	6.349543633	0	0	0	-815.2573949	0.02894159089	-3434.53486561127	
812.6973949	90	8	2	0.7090772521	0.02820824626	95.21286867	4.587864903	0.1992664302	73.37613945	20.09579252	6.528068024	0	0	0	-812.6973949	0.02820824626	-3549.3339102027	
810.1373949	90	8	2	0.7169632455	0.02749830774	95.14289016	4.658464515	0.1986453236	72.76066618	20.53229602	6.707037801	0	0	0	-810.1373949	0.02749830774	-3664.76784985471	
807.5773949	90	8	2	0.7244411256	0.02681046099	95.07371151	4.728400476	0.1978880135	72.14596267	20.96767854	6.886358784	0	0	0	-807.5773949	0.02681046099	-3781.03439599936	
805.0173949	90	8	2	0.7315380321	0.02614353497	95.00531183	4.797687024	0.1970011411	71.53229505	21.4017679	7.065937048	0	0	0	-805.0173949	0.02614353497	-3898.35784821092	
802.4573949	90	8	2	0.7382788547	0.02549648621	94.93767116	4.86633757	0.1959912732	70.91992698	21.8343937	7.24567932	0	0	0	-802.4573949	0.02549648621	-4016.98526660464	
799.8973949	90	8	2	0.7446864652	0.02486838435	94.87077039	4.934364723	0.1948648846	70.30911838	22.26538825	7.425493367	0	0	0	-799.8973949	0.02486838435	-4137.179245607	
797.3373949	90	8	2	0.7507819208	0.02425839802	94.80459133	5.001780326	0.1936283422	69.70012424	22.6945874	7.605288364	0	0	0	-797.3373949	0.02425839802	-4259.21462998395	
794.7773949	90	8	2	0.7565846429	0.02366578305	94.73911661	5.068595499	0.1922878903	69.09319339	23.12183136	7.784975255	0	0	0	-794.7773949	0.02366578305	-4383.38592319472	
792.2173949	90	8	2	0.762112575	0.02308987364	94.67432969	5.134820667	0.190849638	68.48856745	23.54696545	7.964467098	0	0	0	-792.2173949	0.02308987364	-4509.99801963263	
789.6573949	90	8	2	0.7673823225	0.02253007081	94.61021485	5.200465599	0.1893195484	67.88647982	23.96984079	8.143679387	0	0	0	-789.6573949	0.02253007081	-4639.35307211053	
787.0973949	90	8	2	0.7724092751	0.02198583272	94.54675712	5.265539457	0.1877034274	67.28715477	24.3903149	8.32253033	0	0	0	-787.0973949	0.02198583272	-4771.75402089487	
784.5373949	90	8	2	0.7772077172	0.02145666691	94.48394224	5.330050843	0.1860069154	66.69080672	24.80825217	8.500941102	0	0	0	-784.5373949	0.02145666691	-4907.50531909939	
781.9773949	90	8	2	0.7817909242	0.02094212316	94.42175668	5.394007836	0.18423548	66.09763958	25.22352435	8.678836073	0	0	0	-781.9773949	0.02094212316	-5046.90940313005	
779.4173949	90	8	2	0.7861712505	0.02044178695	94.36018754	5.457418046	0.1823944108	65.50784617	25.63601084	8.856142992	0	0	0	-779.4173949	0.02044178695	-5190.2640437141	
776.8573949	90	8	2	0.7903602061	0.01995527366	94.29922253	5.520288651	0.1804888146	64.92160784	26.04559902	9.032793147	0	0	0	-776.8573949	0.01995527366	-5337.86080272418	
774.2973949	90	8	2	0.7943685268	0.01948222349	94.23884994	5.582626443	0.1785236129	64.33909411	26.45218441	9.20872148	0	0	0	-774.2973949	0.01948222349	-5489.98388891494	
771.7373949	90	8	2	0.7982062364	0.01902229705	94.17905859	5.644437867	0.1765035399	63.76046255	26.85567078	9.383866676	0	0	0	-771.7373949	0.01902229705	-5646.90946407975	
769.1773949	90	8	2	0.8018827028	0.0185751716	94.11983779	5.705729064	0.1744331421	63.18585858	27.2559702	9.55817122	0	0	0	-769.1773949	0.0185751716	-5808.90487400812	
766.6173949	90	8	2	0.8054066891	0.01814053781	94.06117732	5.766505905	0.1723167789	62.61541556	27.65300302	9.731581421	0	0	0	-766.6173949	0.01814053781	-5976.2283902256	
764.0573949	90	8	2	0.8087863995	0.01771809711	94.00306735	5.826774028	0.1701586242	62.04925481	28.04669779	9.904047407	0	0	0	-764.0573949	0.01771809711	-6151.98853416697	
761.4973949	90	8	2	0.8120295982	0.0173079251	93.94549629	5.886541065	0.1679626503	61.4874796	28.4369962	10.0755242	0	0	0	-761.4973949	0.0173079251	-6328.6455571045	
758.9373949	90	8	2	0.8151433697	0.01690877698	93.888459	5.945808333	0.1657326717	60.93020142	28.82383249	10.2459661	0	0	0	-758.9373949	0.01690877698	-6510.77219934846	
756.3773949	90	8	2	0.8181345193	0.01652119598	93.83194494	6.004582721	0.163472337	60.37749952	29.20716382	10.41533666	0	0	0	-756.3773949	0.01652119598	-6703.5635507764	
753.8173949	90	8	2	0.8210093962	0.0161446835	93.77594566	6.062869233	0.1611851083	59.82944954	29.58694967	10.58360079	0	0	0	-753.8173949	0.0161446835	-6901.07127315957	
751.2573949	90	8	2	0.8237739649	0.01577896812	93.72045295	6.120672771	0.15887428	59.28611661	29.96315654	10.75072685	0	0	0	-751.2573949	0.01577896812	-7105.25322721509	
748.6973949	90	8	2	0.826433832	0.01542378237	93.66545886	6.177998158	0.1565429843	58.74755572	30.33575772	10.91668655	0	0	0	-748.6973949	0.01542378237	-7316.31174350218	
746.1373949	90	8	2	0.8289942703	0.01507886105	93.61095565	6.234850155	0.1541941969	58.21381226	30.70473291	11.08145482	0	0	0	-746.1373949	0.01507886105	-7534.43169470499	
743.5773949	90	8	2	0.8314602415	0.01474394122	93.55693578	6.291233477	0.1518307419	57.68492244	31.0700679	11.24500966	0	0	0	-743.5773949	0.01474394122	-7759.79157551353	
741.0173949	90	8	2	0.8338364166	0.0144187621	93.5033919	6.347152801	0.149455298	57.16091381	31.43175418	11.40733201	0	0	0	-741.0173949	0.0144187621	-7992.56251462089	
738.4573949	90	8	2	0.8361271953	0.01410306514	93.45031681	6.402612781	0.1470704044	56.64180578	31.78978863	11.56840559	0	0	0	-738.4573949	0.01410306514	-8232.90883355938	
735.8973949	90	8	2	0.8383367234	0.01379659413	93.39770348	6.457618056	0.1446784663	56.12761011	32.14417315	11.72821674	0	0	0	-735.8973949	0.01379659413	-8480.98819670031	
733.3373949	90	8	2	0.8404689095	0.01349909539	93.34554499	6.512173252	0.1422817608	55.61833142	32.49491426	11.88675432	0	0	0	-733.3373949	0.01349909539	-8736.95171518587	
730.7773949	90	8	2	0.84252744	0.01321031797	93.29383456	6.566282996	0.1398824428	55.11396768	32.84202283	12.04400949	0	0	0	-730.7773949	0.01321031797	-9000.94512214281	
728.2173949	90	8	2	0.844515793	0.01293001396	93.24256554	6.61995191	0.1374825503	54.61451071	33.18551369	12.1999756	0	0	0	-728.2173949	0.01293001396	-9273.10875639805	
725.6573949	90	8	2	0.8464372519	0.01265793871	93.19173137	6.673184622	0.1350840102	54.11994666	33.5254053	12.35464805	0	0	0	-725.6573949	0.01265793871	-9553.57689324508	
723.0973949	90	8	2	0.8482949172	0.01239385109	93.14132559	6.725985764	0.1326886435	53.63025643	33.86171946	12.50802411	0	0	0	-723.0973949	0.01239385109	-9842.47996402404	
720.5373949	90	8	2	0.8500917182	0.01213751382	93.09134186	6.778359973	0.1302981704	53.14541617	34.194481	12.66010282	0	0	0	-720.5373949	0.01213751382	-10139.9432742565	
717.9773949	90	8	2	0.8518304234	0.01188869363	93.04177389	6.830311895	0.1279142153	52.66539766	34.52371749	12.81088485	0	0	0	-717.9773949	0.01188869363	-10446.0875015482	
715.4173949	90	8	2	0.8535136501	0.01164716156	92.99261551	6.881846177	0.1255383117	52.19016871	34.84945893	12.96037236	0	0	0	-715.4173949	0.01164716156	-10761.0300883696	
712.8573949	90	8	2	0.8551438742	0.01141269315	92.94386062	6.932967474	0.1231719068	51.71969356	35.17173756	13.10856888	0	0	0	-712.8573949	0.01141269315	-11084.8838398097	
710.2973949	90	8	2	0.8567234386	0.01118506861	92.89550319	6.983680442	0.1208163654	51.25393326	35.49058755	13.25547919	0	0	0	-710.2973949	0.01118506861	-11417.7581865966	
707.7373949	90	8	2	0.8582545608	0.01096407301	92.84753728	7.033989742	0.1184729748	50.79284596	35.8060448	13.40110923	0	0	0	-707.7373949	0.01096407301	-11759.7596419427	
705.1773949	90	8	2	0.8597393412	0.01074949641	92.79995702	7.083900029	0.116142948	50.33638727	36.11814674	13.54546598	0	0	0	-705.1773949	0.01074949641	-12110.9904816535	
702.6173949	90	8	2	0.8611797692	0.01054113394	92.75275661	7.133415961	0.1138274282	49.88451055	36.42693209	13.68855736	0	0	0	-702.6173949	0.01054113394	-12471.5512822176	
700.0573949	90	8	2	0.8625777308	0.01033878596	92.70593032	7.182542186	0.1115274917	49.43716717	36.7324407	13.83039213	0	0	0	-700.0573949	0.01033878596	-12841.5383596844	
697.4973949	90	8	2	0.8639350137	0.01014225801	92.6594725	7.231283347	0.1092441516	48.99430679	37.03471337	13.97097984	0	0	0	-697.4973949	0.01014225801	-13221.0473653891	
694.9373949	90	8	2	0.8652533139	0.00995136101	92.61337756	7.279644078	0.106978361	48.55587761	37.3337917	14.1103307	0	0	0	-694.9373949	0.00995136101	-13610.1676012459	
692.3773949	90	8	2	0.8665342406	0.009765911027	92.56763999	7.327628997	0.1047310157	48.12182656	37.62971791	14.24845553	0	0	0	-692.3773949	0.009765911027	-14008.9898765914	
689.8173949	90	8	2	0.8677793213	0.009585729608	92.52225433	7.375242709	0.1025029573	47.69209954	37.92253475	14.38536571	0	0	0	-689.8173949	0.009585729608	-14417.6026817556	
687.2573949	90	8	2	0.8689900067	0.009410643452	92.47721522	7.422489802	0.1002949759	47.26664159	38.21228535	14.52107306	0	0	0	-687.2573949	0.009410643452	-14836.0881339323	
684.6973949	90	8	2	0.8701676751	0.009240484548	92.43251734	7.469374844	0.09810781209	46.84539706	38.49901311	14.65558984	0	0	0	-684.6973949	0.009240484548	-15264.5306489599	
682.1373949	90	8	2	0.8713136362	0.009075090073	92.38815546	7.515902379	0.09594216001	46.42830978	38.78276158	14.78892863	0	0	0	-682.1373949	0.009075090073	-15703.0107921006	
679.5773949	90	8	2	0.8724291355	0.008914302328	92.3441244	7.562076929	0.09379866899	46.01532323	39.06357441	14.92110235	0	0	0	-679.5773949	0.008914302328	-16151.6074540475	
677.0173949	90	8	2	0.8735153576	0.008757968667	92.30041907	7.607902988	0.09167794584	45.60638062	39.34149522	15.05212416	0	0	0	-677.0173949	0.008757968667	-16610.3980561634	
674.4573949	90	8	2	0.8745734297	0.008605941413	92.25703442	7.653385024	0.08958055679	45.20142504	39.61656755	15.18200741	0	0	0	-674.4573949	0.008605941413	-17079.4581069238	
671.8973949	90	8	2	0.8756044248	0.008458077758	92.2139655	7.698527473	0.08750702926	44.80039957	39.88883476	15.31076566	0	0	0	-671.8973949	0.008458077758	-17558.8616174437	
669.3373949	90	8	2	0.8766093648	0.008314239669	92.17120741	7.743334739	0.0854578536	44.4032474	40.15834002	15.43841258	0	0	0	-669.3373949	0.008314239669	-18048.6811853979	
666.7773949	90	8	2	0.8775892233	0.008174293776	92.12875532	7.787811195	0.08343348469	44.00991186	40.42512619	15.56496195	0	0	0	-666.7773949	0.008174293776	-18548.9875954644	
664.2173949	90	8	2	0.8785449281	0.008038111259	92.08660448	7.831961177	0.08143434341	43.62033656	40.68923583	15.6904276	0	0	0	-664.2173949	0.008038111259	-19059.85076143	
661.6573949	90	8	2	0.8794773638	0.007905567741	92.0447502	7.875788986	0.07946081814	43.23446545	40.95071112	15.81482344	0	0	0	-661.6573949	0.007905567741	-19581.3390336006	
659.0973949	90	8	2	0.8803873743	0.007776543158	92.00318785	7.919298886	0.07751326599	42.85224284	41.20959382	15.93816335	0	0	0	-659.0973949	0.007776543158	-20113.5194173413	
656.5373949	90	8	2	0.8812757646	0.007650921648	91.96191288	7.962495104	0.07559201414	42.47361351	41.46592525	16.06046124	0	0	0	-656.5373949	0.007650921648	-20656.4579570128	
653.9773949	90	8	2	0.8821433035	0.007528591424	91.92092081	8.005381825	0.07369736095	42.09852275	41.71974628	16.18173098	0	0	0	-653.9773949	0.007528591424	-21210.2195089367	
651.4173949	90	8	2	0.8829907248	0.007409444656	91.88020723	8.047963196	0.07182957712	41.72691638	41.97109724	16.30198638	0	0	0	-651.4173949	0.007409444656	-21774.8678246518	
648.8573949	90	8	2	0.8838187296	0.007293377345	91.83976777	8.090243325	0.06998890669	41.3587408	42.22001798	16.42124121	0	0	0	-648.8573949	0.007293377345	-22350.4654050565	
646.2973949	90	8	2	0.8846279881	0.007180289203	91.79959816	8.132226276	0.06817556808	40.99394306	42.46654778	16.53950916	0	0	0	-646.2973949	0.007180289203	-22937.0741213881	
643.7373949	90	8	2	0.8854191408	0.007070083535	91.75969417	8.173916072	0.06638975497	40.63247083	42.71072538	16.65680379	0	0	0	-643.7373949	0.007070083535	-23534.7547299259	
641.1773949	90	8	2	0.8861928004	0.006962667116	91.72005167	8.215316696	0.06463163722	40.27427245	42.95258894	16.77313861	0	0	0	-641.1773949	0.006962667116	-24143.5671589921	
638.6173949	90	8	2	0.8869495531	0.006857950078	91.68066655	8.256432087	0.06290136169	39.91929697	43.19217605	16.88852698	0	0	0	-638.6173949	0.006857950078	-24763.5704947683	
636.0573949	90	8	2	0.8876899598	0.006755845791	91.64153481	8.297266141	0.06119905304	39.56749414	43.42952372	17.00298214	0	0	0	-636.0573949	0.006755845791	-25394.8228224354	
633.4973949	90	8	2	0.8884145578	0.006656270752	91.60265247	8.337822713	0.05952481446	39.21881445	43.66466834	17.1165172	0	0	0	-633.4973949	0.006656270752	-26037.381593754	
630.9373949	90	8	2	0.8891238616	0.006559144474	91.56401566	8.378105614	0.05787872844	38.87320912	43.89764574	17.22914515	0	0	0	-630.9373949	0.006559144474	-26691.3034363422	
628.3773949	90	8	2	0.8898183642	0.006464389378	91.52562053	8.418118614	0.05626085738	38.5306301	44.12849111	17.34087879	0	0	0	-628.3773949	0.006464389378	-27356.6444151896	
625.8173949	90	8	2	0.890498538	0.006371930689	91.48746332	8.457865439	0.0546712443	38.19103011	44.35723908	17.45173081	0	0	0	-625.8173949	0.006371930689	-28033.4598336369	
623.2573949	90	8	2	0.8911648362	0.006281696332	91.44954031	8.497349772	0.05310991346	37.85436264	44.58392364	17.56171372	0	0	0	-623.2573949	0.006281696332	-28721.8038266381	
620.6973949	90	8	2	0.8918176933	0.006193616831	91.41184787	8.536575256	0.05157687092	37.52058191	44.80857821	17.67083988	0	0	0	-620.6973949	0.006193616831	-29421.7308855063	
618.1373949	90	8	2	0.8924575264	0.00610762522	91.3743824	8.57554549	0.05007210514	37.18964291	45.03123561	17.77912148	0	0	0	-618.1373949	0.00610762522	-30133.2941441671	
615.5773949	90	8	2	0.8930847357	0.006023656938	91.33714038	8.614264032	0.04859558753	36.86150139	45.25192806	17.88657055	0	0	0	-615.5773949	0.006023656938	-30856.5463393842	
613.0173949	90	8	2	0.8936997056	0.00594164975	91.30011833	8.6527344	0.047147273	36.53611387	45.47068718	17.99319895	0	0	0	-613.0173949	0.00594164975	-31591.5396754316	
610.4573949	90	8	2	0.8943028052	0.005861543649	91.26331283	8.690960068	0.04572710043	36.21343761	45.68754403	18.09901836	0	0	0	-610.4573949	0.005861543649	-32338.3256598187	
607.8973949	90	8	2	0.8948943892	0.00578328078	91.22672053	8.728944473	0.0443349932	35.8934306	45.90252909	18.20404031	0	0	0	-607.8973949	0.00578328078	-33096.9556333883	
605.3373949	90	8	2	0.8954747985	0.005706805352	91.19033813	8.76669101	0.04297085968	35.57605161	46.11567225	18.30827614	0	0	0	-605.3373949	0.005706805352	-33867.4798369005	
602.7773949	90	8	2	0.8960443608	0.005632063562	91.15416237	8.804203035	0.04163459367	35.26126012	46.32700286	18.41173702	0	0	0	-602.7773949	0.005632063562	-34649.948635455	
600.2173949	90	8	2	0.8966033916	0.005559003519	91.11819006	8.841483864	0.04032607487	34.94901635	46.53654969	18.51443397	0	0	0	-600.2173949	0.005559003519	-35444.4113206206	
597.6573949	90	8	2	0.897152194	0.005487575168	91.08241805	8.878536778	0.03904516933	34.63928122	46.74434098	18.6163778	0	0	0	-597.6573949	0.005487575168	-36250.9169962735	
595.0973949	90	8	2	0.89769106	0.005417730223	91.04684325	8.915365016	0.03779172987	34.33201639	46.95040442	18.71757919	0	0	0	-595.0973949	0.005417730223	-37069.5144173975	
592.5373949	90	8	2	0.8982202706	0.005349422096	91.01146262	8.951971783	0.03656559653	34.02718421	47.15476717	18.81804862	0	0	0	-592.5373949	0.005349422096	-37900.2518433278	
589.9773949	90	8	2	0.8987400964	0.005282605834	90.97627316	8.988360245	0.03536659695	33.72474772	47.35745586	18.91779642	0	0	0	-589.9773949	0.005282605834	-38743.1768749118	
587.4173949	90	8	2	0.8992507981	0.005217238053	90.94127192	9.024533535	0.03419454681	33.42467064	47.55849662	19.01683274	0	0	0	-587.4173949	0.005217238053	-39598.3362703543	
584.8573949	90	8	2	0.899752627	0.005153276879	90.906456	9.060494748	0.03304925022	33.12691738	47.75791505	19.11516757	0	0	0	-584.8573949	0.005153276879	-40465.777149439	
582.2973949	90	8	2	0.9002458251	0.005090681891	90.87182255	9.096246946	0.03193050011	32.831453	47.95573628	19.21281072	0	0	0	-582.2973949	0.005090681891	-41345.545935655	
579.7373949	90	8	2	0.9007306259	0.005029414063	90.83736876	9.131793157	0.03083807864	32.53824321	48.15198491	19.30977187	0	0	0	-579.7373949	0.005029414063	-42237.6882235431	
577.1773949	90	8	2	0.9012072546	0.004969435711	90.80309187	9.167136377	0.02977175754	32.24725437	48.34668511	19.40606051	0	0	0	-577.1773949	0.004969435711	-43142.2496216906	
574.6173949	90	8	2	0.9016759284	0.004910710442	90.76898913	9.202279569	0.02873129857	31.95845347	48.53986054	19.50168599	0	0	0	-574.6173949	0.004910710442	-44059.2746073383	
572.0573949	90	8	2	0.9021368569	0.004853203102	90.73505788	9.237225663	0.02771645379	31.67180812	48.73153441	19.59665747	0	0	0	-572.0573949	0.004853203102	-44988.8077011229	
569.4973949	90	8	2	0.9025902425	0.004796879732	90.70129547	9.271977561	0.02672696605	31.38728652	48.92172949	19.690984	0	0	0	-569.4973949	0.004796879732	-45930.8929914793	
566.9373949	90	8	2	0.9030362806	0.004741707519	90.6676993	9.306538132	0.02576256924	31.10485749	49.11046807	19.78467444	0	0	0	-566.9373949	0.004741707519	-46885.5740508671	
564.3773949	90	8	2	0.9034751598	0.004687654755	90.63426679	9.34091022	0.02482298876	30.82449044	49.29777205	19.87773751	0	0	0	-564.3773949	0.004687654755	-47852.8929433401	
561.8173949	90	8	2	0.9039070624	0.00463469079	90.60099542	9.375096638	0.02390794181	30.54615534	49.48366286	19.9701818	0	0	0	-561.8173949	0.00463469079	-48832.8924976408	
559.2573949	90	8	2	0.9043321647	0.004582785999	90.56788269	9.40910017	0.0230171378	30.26982273	49.66816155	20.06201573	0	0	0	-559.2573949	0.004582785999	-49825.614406357	
556.6973949	90	8	2	0.9047506369	0.004531911735	90.53492614	9.442923577	0.02215027867	29.9954637	49.85128872	20.15324758	0	0	0	-556.6973949	0.004531911735	-50831.0996115736	
554.1373949	90	8	2	0.9051626436	0.004482040299	90.50212335	9.476569593	0.02130705928	29.7230499	50.0330646	20.24388549	0	0	0	-554.1373949	0.004482040299	-51849.3886477528	
551.5773949	90	8	2	0.9055683442	0.004433144898	90.46947191	9.510040926	0.02048716772	29.4525535	50.21350902	20.33393747	0	0	0	-551.5773949	0.004433144898	-52880.5211412956	
549.0173949	90	8	2	0.9059678925	0.004385199616	90.43696945	9.54334026	0.01969028571	29.1839472	50.39264142	20.42341138	0	0	0	-549.0173949	0.004385199616	-53924.53589505	
546.4573949	90	8	2	0.9063614378	0.004338179376	90.40461365	9.576470257	0.01891608893	28.91720419	50.57048086	20.51231495	0	0	0	-546.4573949	0.004338179376	-54981.4720990073	
543.8973949	90	8	2	0.9067491241	0.004292059915	90.3724022	9.609433556	0.01816424735	28.6522982	50.74704603	20.60065577	0	0	0	-543.8973949	0.004292059915	-56051.3672941278	
541.3373949	90	8	2	0.9071310912	0.004246817746	90.3403328	9.642232775	0.0174344256	28.38920343	50.92235527	20.68844131	0	0	0	-541.3373949	0.004246817746	-57134.2575179552	
538.7773949	90	8	2	0.9075074743	0.004202430135	90.30840321	9.674870511	0.01672628332	28.12789455	51.09642655	20.7756789	0	0	0	-538.7773949	0.004202430135	-58230.1788991296	
536.2173949	90	8	2	0.9078784044	0.004158875069	90.27661118	9.707349343	0.01603947548	27.86834672	51.26927751	20.86237577	0	0	0	-536.2173949	0.004158875069	-59339.1652713418	
533.6573949	90	8	2	0.9082440083	0.004116131231	90.24495452	9.739671829	0.01537365271	27.61053557	51.44092545	20.94853899	0	0	0	-533.6573949	0.004116131231	-60461.2518265423	
531.0973949	90	8	2	0.908604409	0.004074177976	90.21343103	9.771840511	0.0147284617	27.35443716	51.61138732	21.03417552	0	0	0	-531.0973949	0.004074177976	-61596.4715931134	
528.5373949	90	8	2	0.9089597257	0.004032995303	90.18203854	9.803857914	0.01410354546	27.10002802	51.78067976	21.11929222	0	0	0	-528.5373949	0.004032995303	-62744.8554102949	
525.9773949	90	8	2	0.9093100739	0.003992563833	90.15077491	9.835726547	0.01349854371	26.84728509	51.9488191	21.20389582	0	0	0	-525.9773949	0.003992563833	-63906.4330631689	
523.4173949	90	8	2	0.9096555657	0.003952864785	90.119638	9.867448904	0.01291309317	26.59618575	52.11582133	21.28799292	0	0	0	-523.4173949	0.003952864785	-65081.2344085757	
520.8573949	90	8	2	0.9099963096	0.003913879957	90.08862571	9.899027467	0.01234682794	26.34670781	52.28170217	21.37159003	0	0	0	-520.8573949	0.003913879957	-66269.2877153036	
518.2973949	90	8	2	0.9103324112	0.003875591702	90.05773592	9.930464703	0.01179937977	26.09882946	52.44647701	21.45469353	0	0	0	-518.2973949	0.003875591702	-67470.6183356637	
515.7373949	90	8	2	0.9106639727	0.003837982909	90.02696655	9.961763069	0.01127037843	25.85252931	52.61016099	21.5373097	0	0	0	-515.7373949	0.003837982909	-68685.2503220029	
513.1773949	90	8	2	0.9109910933	0.003801036983	89.99631554	9.992925011	0.01075945202	25.60778636	52.77276891	21.61944473	0	0	0	-513.1773949	0.003801036983	-69913.2069443612	
510.6173949	90	8	2	0.9113138694	0.003764737828	89.96578081	10.02395297	0.01026622726	25.36458	52.93431534	21.70110466	0	0	0	-510.6173949	0.003764737828	-71154.509062065	
508.0573949	90	8	2	0.9116323946	0.003729069827	89.93536031	10.05484936	0.009790329846	25.12288999	53.09481454	21.78229548	0	0	0	-508.0573949	0.003729069827	-72409.1842435499	
505.4973949	90	8	2	0.9119467597	0.003694017835	89.905052	10.08561662	0.009331384737	24.88269645	53.25428052	21.86302303	0	0	0	-505.4973949	0.003694017835	-73677.2328351893	
502.9373949	90	8	2	0.912257053	0.003659567129	89.87485384	10.11625715	0.00888901647	24.64397988	53.41272704	21.94329308	0	0	0	-502.9373949	0.003659567129	-74958.6694238237	
500.3773949	90	8	2	0.9125633602	0.00362570344	89.84476379	10.14677337	0.008462849467	24.40672112	53.57016757	22.02311131	0	0	0	-500.3773949	0.00362570344	-76253.5226144008	
497.8173949	90	8	2	0.9128657646	0.003592412907	89.81477982	10.17716767	0.00805250833	24.17090138	53.72661536	22.10248327	0	0	0	-497.8173949	0.003592412907	-77561.7928015928	
495.2573949	90	8	2	0.9131643472	0.003559682068	89.7848999	10.20744248	0.007657618142	23.93650218	53.88208339	22.18141444	0	0	0	-495.2573949	0.003559682068	-78883.4868508032	
492.6973949	90	8	2	0.9134591867	0.003527497849	89.75512201	10.23760018	0.007277804755	23.70350539	54.03658441	22.2599102	0	0	0	-492.6973949	0.003527497849	-80218.6119170217	
490.1373949	90	8	2	0.9137503597	0.00349584755	89.72544412	10.26764318	0.006912695079	23.47189322	54.19013093	22.33797585	0	0	0	-490.1373949	0.00349584755	-81567.1652911357	
487.5773949	90	8	2	0.9140379405	0.003464718827	89.69586419	10.29757389	0.006561917362	23.24164818	54.34273524	22.41561658	0	0	0	-487.5773949	0.003464718827	-82929.1431228092	
485.0173949	90	8	2	0.9143220014	0.003434099686	89.66638019	10.32739471	0.006225101469	23.01275311	54.49440938	22.49283751	0	0	0	-485.0173949	0.003434099686	-84304.347468451	
482.4573949	90	8	2	0.914602613	0.003403978332	89.63699007	10.35710805	0.005901879149	22.78519114	54.64516519	22.56964367	0	0	0	-482.4573949	0.003403978332	-85693.1889102392	
479.8973949	90	8	2	0.9148798438	0.003374343718	89.60769332	10.3867148	0.005591883867	22.55894573	54.79501428	22.64603999	0	0	0	-479.8973949	0.003374343718	-87095.5776369925	
477.3373949	90	8	2	0.9151537603	0.003345184647	89.57848487	10.41622038	0.005294752831	22.33400061	54.94396804	22.72203135	0	0	0	-477.3373949	0.003345184647	-88511.1328700508	
474.7773949	90	8	2	0.9154244274	0.003316490418	89.54936413	10.44562575	0.005010124576	22.11033982	55.09203767	22.79762251	0	0	0	-474.7773949	0.003316490418	-89940.0698690495	
472.2173949	90	8	2	0.9156919084	0.003288250598	89.52032901	10.47493335	0.004737640997	21.88794768	55.23923414	22.87281817	0	0	0	-472.2173949	0.003288250598	-91382.3318483403	
469.6573949	90	8	2	0.9159562647	0.003260455038	89.49137741	10.50414564	0.004476947143	21.6668088	55.38556824	22.94762296	0	0	0	-469.6573949	0.003260455038	-92837.8877291558	
467.0973949	90	8	2	0.9162175562	0.003233093859	89.46250722	10.53326509	0.004227691451	21.44690805	55.53105055	23.0220414	0	0	0	-467.0973949	0.003233093859	-94306.6944046739	
464.5373949	90	8	2	0.9164758412	0.003206157443	89.4337163	10.56229418	0.003989525973	21.22823058	55.67569145	23.09607796	0	0	0	-464.5373949	0.003206157443	-95788.7120325336	
461.9773949	90	8	2	0.9167311765	0.003179636429	89.40500249	10.59123541	0.003762106593	21.01076181	55.81950115	23.16973704	0	0	0	-461.9773949	0.003179636429	-97283.8862250665	
459.4173949	90	8	2	0.9169836174	0.003153521695	89.37636361	10.6200913	0.00354509324	20.79448742	55.96248964	23.24302294	0	0	0	-459.4173949	0.003153521695	-98792.1546433901	
456.8573949	90	8	2	0.9172332179	0.003127804358	89.34779745	10.6488644	0.003338150095	20.57939334	56.10466676	23.3159399	0	0	0	-456.8573949	0.003127804358	-100313.459267443	
454.2973949	90	8	2	0.9174800305	0.003102475764	89.31930179	10.67755726	0.003140945781	20.36546577	56.24604214	23.38849209	0	0	0	-454.2973949	0.003102475764	-101847.720724952	
451.7373949	90	8	2	0.9177241065	0.003077527475	89.29087435	10.70617249	0.002953153558	20.15269113	56.38662526	23.46068361	0	0	0	-451.7373949	0.003077527475	-103394.877896416	
449.1773949	90	8	2	0.9179654957	0.003052951279	89.26251285	10.7347127	0.002774451498	19.94105612	56.5264254	23.53251849	0	0	0	-449.1773949	0.003052951279	-104954.805382535	
446.6173949	90	8	2	0.9182042468	0.00302873914	89.23421494	10.76318054	0.002604522658	19.73054765	56.66545168	23.60400068	0	0	0	-446.6173949	0.00302873914	-106527.400273611	
444.0573949	90	8	2	0.9184404073	0.003004883247	89.20597825	10.79157869	0.002443055243	19.52115288	56.80371305	23.67513407	0	0	0	-444.0573949	0.003004883247	-108112.58856827	
441.4973949	90	8	2	0.9186740235	0.002981375971	89.17780038	10.81990988	0.00228974276	19.31285922	56.94121829	23.74592249	0	0	0	-441.4973949	0.002981375971	-109710.235692007	
438.9373949	90	8	2	0.9189051404	0.00295820987	89.14967886	10.84817685	0.002144284163	19.10565429	57.07797602	23.81636969	0	0	0	-438.9373949	0.00295820987	-111320.209849384	
436.3773949	90	8	2	0.9191338021	0.002935377678	89.1216112	10.87638241	0.002006383987	18.89952593	57.21399471	23.88647937	0	0	0	-436.3773949	0.002935377678	-112942.364350592	
433.8173949	90	8	2	0.9193600516	0.002912872302	89.09359484	10.9045294	0.001875752479	18.69446222	57.34928263	23.95625514	0	0	0	-433.8173949	0.002912872302	-114576.547433958	
431.2573949	90	8	2	0.9195839307	0.002890686816	89.06562718	10.93262072	0.001752105711	18.49045146	57.48384795	24.02570059	0	0	0	-431.2573949	0.002890686816	-116222.591239317	
428.6973949	90	8	2	0.9198054803	0.002868814454	89.03770554	10.9606593	0.001635165691	18.28748216	57.61769864	24.0948192	0	0	0	-428.6973949	0.002868814454	-117880.304167226	
426.1373949	90	8	2	0.9200247403	0.002847248602	89.0098272	10.98864814	0.001524660461	18.08554305	57.75084253	24.16361441	0	0	0	-426.1373949	0.002847248602	-119549.49655734	
423.5773949	90	8	2	0.9202417497	0.002825982801	88.98198937	11.01659031	0.001420324185	17.88462307	57.88328732	24.23208961	0	0	0	-423.5773949	0.002825982801	-121229.953002528	
421.0173949	90	8	2	0.9204565465	0.00280501073	88.95418919	11.04448891	0.00132189723	17.68471137	58.01504053	24.3002481	0	0	0	-421.0173949	0.00280501073	-122921.435375858	
418.4573949	90	8	2	0.9206691677	0.00278432621	88.92642373	11.07234715	0.001229126236	17.4857973	58.14610956	24.36809314	0	0	0	-418.4573949	0.00278432621	-124623.704638187	
415.8973949	90	8	2	0.9208796496	0.002763923196	88.89868996	11.10016828	0.001141764176	17.28787043	58.27650164	24.43562793	0	0	0	-415.8973949	0.002763923196	-126336.491388462	
413.3373949	90	8	2	0.9210880275	0.002743795771	88.87098479	11.12795564	0.001059570406	17.09092053	58.40622387	24.5028556	0	0	0	-413.3373949	0.002743795771	-128059.505053997	
410.7773949	90	8	2	0.9212943359	0.002723938142	88.84330504	11.15571265	0.0009823107089	16.89493755	58.53528321	24.56977924	0	0	0	-410.7773949	0.002723938142	-129792.431411746	
408.2173949	90	8	2	0.9214986086	0.002704344634	88.81564741	11.18344283	0.0009097573229	16.69991167	58.66368648	24.63640185	0	0	0	-408.2173949	0.002704344634	-131534.947980268	
405.6573949	90	8	2	0.9217008784	0.002685009691	88.78800852	11.21114979	0.0008416889662	16.50583324	58.79144036	24.7027264	0	0	0	-405.6573949	0.002685009691	-133286.701240013	
403.0973949	90	8	2	0.9219011776	0.002665927864	88.76038488	11.23883723	0.0007778908492	16.31269283	58.91855137	24.7687558	0	0	0	-403.0973949	0.002665927864	-135047.305953784	
400.5373949	90	8	2	0.9220995374	0.002647093812	88.73277287	11.26650898	0.0007181546777	16.12048118	59.04502593	24.83449289	0	0	0	-400.5373949	0.002647093812	-136816.358387241	
397.9773949	90	8	2	0.9222959887	0.002628502295	88.70516875	11.29416897	0.0006622786482	15.92918925	59.17087029	24.89994046	0	0	0	-397.9773949	0.002628502295	-138593.42141386	
395.4173949	90	8	2	0.9224905612	0.002610148171	88.67756867	11.32182127	0.0006100674326	15.73880817	59.29609058	24.96510124	0	0	0	-395.4173949	0.002610148171	-140378.032616768	
392.8573949	90	8	2	0.9226832844	0.002592026392	88.6499686	11.34947007	0.000561332155	15.54932927	59.42069281	25.02997792	0	0	0	-392.8573949	0.002592026392	-142169.706857302	
390.2973949	90	8	2	0.9228741867	0.002574132002	88.62236439	11.37711972	0.0005158903594	15.36074408	59.54468283	25.0945731	0	0	0	-390.2973949	0.002574132002	-143967.909728354	
387.7373949	90	8	2	0.9230632961	0.002556460127	88.5947517	11.40477473	0.0004735659692	15.17304429	59.66806637	25.15888935	0	0	0	-387.7373949	0.002556460127	-145772.076015859	
385.1773949	90	8	2	0.9232506398	0.002539005978	88.56712604	11.43243977	0.0004341892379	14.9862218	59.79084902	25.22292918	0	0	0	-385.1773949	0.002539005978	-147581.62251645	
382.6173949	90	8	2	0.9234362446	0.002521764845	88.53948272	11.46011968	0.0003975966919	14.80026871	59.91303624	25.28669505	0	0	0	-382.6173949	0.002521764845	-149395.914164475	
380.0573949	90	8	2	0.9236201363	0.002504732092	88.51181684	11.48781953	0.0003636310658	14.61517729	60.03463337	25.35018934	0	0	0	-380.0573949	0.002504732092	-151214.268725539	
377.4973949	90	8	2	0.9238023405	0.002487903153	88.4841233	11.51554456	0.0003321412294	14.43094	60.1556456	25.4134144	0	0	0	-377.4973949	0.002487903153	-153035.971985145	
374.9373949	90	8	2	0.923982882	0.002471273531	88.45639674	11.54330028	0.0003029821083	14.24754949	60.276078	25.47637251	0	0	0	-374.9373949	0.002471273531	-154860.275849503	
372.3773949	90	8	2	0.9241617851	0.002454838794	88.42863156	11.57109243	0.0002760145961	14.0649986	60.3959355	25.53906589	0	0	0	-372.3773949	0.002454838794	-156686.3780842	
369.8173949	90	8	2	0.9243390734	0.00243859457	88.40082188	11.59892702	0.0002511054618	13.88328037	60.5152229	25.60149673	0	0	0	-369.8173949	0.00243859457	-158513.424005167	
367.2573949	90	8	2	0.9245147701	0.002422536544	88.37296153	11.62681035	0.0002281272487	13.70238802	60.63394486	25.66366712	0	0	0	-367.2573949	0.002422536544	-160340.518369938	
364.6973949	90	8	2	0.9246888979	0.002406660456	88.34504399	11.65474905	0.0002069581692	13.52231494	60.75210592	25.72557914	0	0	0	-364.6973949	0.002406660456	-162166.718493546	
362.1373949	90	8	2	0.9248614787	0.002390962097	88.31706241	11.68275011	0.000187481992	13.34305476	60.86971048	25.78723477	0	0	0	-362.1373949	0.002390962097	-163991.021984983	
359.5773949	90	8	2	0.9250325343	0.002375437305	88.28900952	11.71082089	0.0001695879256	13.16460125	60.98676279	25.84863596	0	0	0	-359.5773949	0.002375437305	-165812.374572315	
357.0173949	90	8	2	0.9252020856	0.002360081963	88.26087767	11.73896916	0.0001531704959	12.98694842	61.10326698	25.90978459	0	0	0	-357.0173949	0.002360081963	-167629.678867012	
354.4573949	90	8	2	0.9253701532	0.002344891997	88.23265869	11.76720318	0.0001381294194	12.81009045	61.21922705	25.9706825	0	0	0	-354.4573949	0.002344891997	-169441.764963145	
351.8973949	90	8	2	0.9255367572	0.002329863369	88.20434393	11.7955317	0.000124369472	12.63402173	61.33464684	26.03133143	0	0	0	-351.8973949	0.002329863369	-171247.417171191	
349.3373949	90	8	2	0.9257019172	0.00231499208	88.17592416	11.82396404	0.0001118003545	12.45873683	61.44953005	26.09173311	0	0	0	-349.3373949	0.00231499208	-173045.359047477	
346.7773949	90	8	2	0.9258656523	0.002300274161	88.14738951	11.85251015	0.000100336554	12.28423056	61.56388026	26.15188918	0	0	0	-346.7773949	0.002300274161	-174834.254521872	
344.2173949	90	8	2	0.9260279813	0.002285705676	88.11872944	11.88118066	8.989720306E-05	12.11049789	61.67770088	26.21180122	0	0	0	-344.2173949	0.002285705676	-176612.721989305	
341.6573949	90	8	2	0.9261889223	0.002271282716	88.0899326	11.90998699	8.040593543E-05	11.93753404	61.7909952	26.27147076	0	0	0	-341.6573949	0.002271282716	-178379.311453492	
339.0973949	90	8	2	0.9263484931	0.002257001398	88.06098678	11.93894143	7.179074027E-05	11.76533441	61.90376632	26.33089927	0	0	0	-339.0973949	0.002257001398	-180132.533625611	
336.5373949	90	8	2	0.9265067111	0.002242857864	88.0318788	11.96805721	6.398381425E-05	11.59389464	62.01601724	26.39008813	0	0	0	-336.5373949	0.002242857864	-181870.854589496	
333.9773949	90	8	2	0.9266635931	0.002228848279	88.00259437	11.99734871	5.692141235E-05	11.42321056	62.12775076	26.44903868	0	0	0	-333.9773949	0.002228848279	-183592.676757609	
331.4173949	90	8	2	0.9268191558	0.002214968827	87.97311796	12.0268315	5.054369777E-05	11.25327824	62.23896955	26.5077522	0	0	0	-331.4173949	0.002214968827	-185296.379530818	
328.8573949	90	8	2	0.926973415	0.002201215715	87.94343261	12.05652259	4.479459117E-05	11.08409399	62.34967611	26.56622989	0	0	0	-328.8573949	0.002201215715	-186980.320426068	
326.2973949	90	8	2	0.9271263866	0.002187585169	87.91351977	12.08644061	3.962161991E-05	10.91565432	62.45987278	26.6244729	0	0	0	-326.2973949	0.002187585169	-188642.847419751	
323.7373949	90	8	2	0.9272780857	0.002174073439	87.88335902	12.11660601	3.497576738E-05	10.747956	62.56956171	26.68248229	0	0	0	-323.7373949	0.002174073439	-190282.300868121	
321.1773949	90	8	2	0.9274285273	0.002160676795	87.85292781	12.14704138	3.081132302E-05	10.58099603	62.6787449	26.74025907	0	0	0	-321.1773949	0.002160676795	-192015.355585124	
318.6173949	90	8	2	0.9275777263	0.002147407685	87.82219744	12.17777547	2.708573975E-05	10.41477073	62.78742445	26.79780482	0	0	0	-318.6173949	0.002147407685	-193541.290688432	
316.0573949	90	8	2	0.9277256957	0.002134221966	87.79114873	12.20882751	2.375946135E-05	10.24927916	62.89560128	26.85511956	0	0	0	-316.0573949	0.002134221966	-194987.97881865	
313.4973949	90	8	2	0.9278724499	0.002121148693	87.75974549	12.24023372	2.079581269E-05	10.08451846	63.00327724	26.9122043	0	0	0	-313.4973949	0.002121148693	-196580.972447057	
310.9373949	90	8	2	0.9280180022	0.002108175943	87.72795249	12.27202935	1.816083281E-05	9.920486631	63.11045358	26.96905979	0	0	0	-310.9373949	0.002108175943	-198082.867817542	
308.3773949	90	8	2	0.9281623656	0.002095300197	87.69572978	12.3042544	1.582313872E-05	9.757181976	63.21713134	27.02568668	0	0	0	-308.3773949	0.002095300197	-199553.750584977	
305.8173949	90	8	2	0.9283055528	0.002082518013	87.66303174	12.3369545	1.375378651E-05	9.594603067	63.32331135	27.08208558	0	0	0	-305.8173949	0.002082518013	-200993.182350311	
303.2573949	90	8	2	0.9284475761	0.002069826057	87.62980595	12.37018213	1.192613537E-05	9.432748761	63.42899421	27.13825703	0	0	0	-303.2573949	0.002069826057	-202401.251909737	
300.6973949	90	8	2	0.9285884475	0.002057221128	87.59599166	12.40399803	1.031571478E-05	9.271618205	63.5341803	27.19420149	0	0	0	-300.6973949	0.002057221128	-201405.087132072	
300	90	8	2	0.9286266178	0.0005585640126	87.58665097	12.41333912	9.911660937E-06	9.227849983	63.56275029	27.20939973	0	0	0	-300	0.0005585640126	200474.394056473	
