T	w(AL)	w(MG)	w(SI)	fs	fw(@FCC_A1)	w(AL@FCC_A1)	w(MG@FCC_A1)	w(SI@FCC_A1)	w(AL@LIQUID)	w(MG@LIQUID)	w(SI@LIQUID)	dwdT_L(AL@LIQUID)	dwdT_L(MG@LIQUID)	dwdT_L(SI@LIQUID)	-T	fw(@FCC_A1)_1	-T//fw(@FCC_A1)	
K	%	%	%	mole/mole	kg/kg	%	%	%	%	%	%	SI	SI	SI				
869.8421561	89	2	9	0	0	98.59531104	0.3733322892	1.031356667	89	2	9	0.001656915204	-0.00028089487	-0.001376020334	-869.8421561	0	28.7871912181114	
869.8321561	89	2	9	0.0001730509378	0.0001728030062	98.59512444	0.3733497917	1.031525772	88.99834323	2.000280892	9.001375883	0	0	0	-869.8321561	0.0001728030062	86.951536016958	
869.8121561	89	2	9	0.0005187080962	0.0003452546076	98.59475126	0.3733847273	1.031864015	88.99502931	2.000842705	9.004127986	0	0	0	-869.8121561	0.0003452546076	115.994159973518	
869.7721561	89	2	9	0.001209319424	0.0006899831623	98.59400495	0.3734545399	1.032540513	88.98840204	2.001966283	9.009631674	0	0	0	-869.7721561	0.0006899831623	116.09974572352	
869.6921561	89	2	9	0.002587892297	0.001378259633	98.59251254	0.3735938454	1.033893616	88.97514857	2.004213429	9.020638	0	0	0	-869.6921561	0.001378259633	116.376717876486	
869.5321561	89	2	9	0.005334482834	0.002749715317	98.58952874	0.3738710399	1.036600219	88.94864586	2.008707688	9.042646456	0	0	0	-869.5321561	0.002749715317	116.954683101543	
869.2121561	89	2	9	0.01078579642	0.005472400157	98.58356506	0.3744198904	1.042015047	88.89565734	2.017696093	9.086646568	0	0	0	-869.2121561	0.005472400157	118.203376975616	
868.5721561	89	2	9	0.02151038798	0.0108269017	98.57165341	0.3754952136	1.052851373	88.7897493	2.035670702	9.17458	0	0	0	-868.5721561	0.0108269017	120.76609136403	
867.2921561	89	2	9	0.04230091196	0.021218739	98.54789114	0.3775582942	1.074550568	88.57820274	2.071616863	9.350180398	0	0	0	-867.2921561	0.021218739	125.806357443094	
864.7321561	89	2	9	0.08142452908	0.04079567113	98.50060068	0.3813429301	1.118056388	88.15617859	2.14350824	9.700313171	0	0	0	-864.7321561	0.04079567113	-1799.90932546545	
862.1721561	89	2	9	0.1175215169	0.0392409347	98.45360782	0.3846749434	1.161717239	87.73559372	2.215345459	10.04906082	0	0	0	-862.1721561	0.0392409347	-1711.14782374067	
859.6121561	89	2	9	0.1509241613	0.03779556443	98.40689031	0.3875716361	1.205538056	87.31642328	2.287140742	10.39643598	0	0	0	-859.6121561	0.03779556443	-1839.21569373958	
857.0521561	89	2	9	0.1819196641	0.03645000896	98.36042671	0.3900496111	1.249523682	86.89864111	2.358905556	10.74245334	0	0	0	-857.0521561	0.03645000896	-1973.26067853809	
854.4921561	89	2	9	0.2107563364	0.03519462897	98.31419619	0.3921248174	1.293678995	86.48221908	2.430650717	11.0871302	0	0	0	-854.4921561	0.03519462897	-2112.61340259044	
851.9321561	89	2	9	0.2376499081	0.03402097695	98.26817852	0.3938125972	1.338008881	86.06712741	2.502386457	11.43048613	0	0	0	-851.9321561	0.03402097695	-2257.35089898634	
849.3721561	89	2	9	0.2627886632	0.03292163059	98.22235404	0.3951277309	1.382518234	85.65333482	2.574122517	11.77254267	0	0	0	-849.3721561	0.03292163059	-2407.56401816416	
846.8121561	89	2	9	0.2863376383	0.03189004147	98.17670357	0.3960844765	1.427211952	85.2408086	2.645868212	12.11332319	0	0	0	-846.8121561	0.03189004147	-2563.34778862219	
844.2521561	89	2	9	0.3084420767	0.03092040991	98.13120845	0.3966966048	1.47209494	84.82951479	2.7176325	12.45285271	0	0	0	-844.2521561	0.03092040991	-2724.80149013019	
841.6921561	89	2	9	0.3292302874	0.03000758066	98.08585046	0.3969774314	1.517172107	84.41941823	2.789424033	12.79115774	0	0	0	-841.6921561	0.03000758066	-2892.02893839217	
839.1321561	89	2	9	0.3488160246	0.02914695575	98.04061179	0.3969398442	1.562448369	84.01048268	2.861251206	13.12826611	0	0	0	-839.1321561	0.02914695575	-3065.13867947921	
836.5721561	89	2	9	0.3673004787	0.02833442101	97.99547502	0.3965963297	1.607928648	83.60267092	2.933122197	13.46420689	0	0	0	-836.5721561	0.02833442101	-3244.24411058507	
834.0121561	89	2	9	0.3847739514	0.027566284	97.95042313	0.3959589955	1.653617876	83.19594478	3.005045002	13.79901022	0	0	0	-834.0121561	0.027566284	-3429.46395127195	
831.4521561	89	2	9	0.4013172703	0.02683922133	97.90543941	0.3950395911	1.699520995	82.79026528	3.077027468	14.13270725	0	0	0	-831.4521561	0.02683922133	-3620.92252008451	
828.8921561	89	2	9	0.4170029901	0.02615023365	97.86050751	0.3938495274	1.74564296	82.38559265	3.149077317	14.46533003	0	0	0	-828.8921561	0.02615023365	-3818.75007171453	
826.3321561	89	2	9	0.4318964168	0.02549660713	97.81561137	0.3923998935	1.791988741	81.98188639	3.221202177	14.79691144	0	0	0	-826.3321561	0.02549660713	-4023.08317864912	
823.7721561	89	2	9	0.4460564831	0.02487588029	97.7707352	0.3907014725	1.838563324	81.57910535	3.293409597	15.12748506	0	0	0	-823.7721561	0.02487588029	-4234.06534506884	
821.2121561	89	2	9	0.4595365019	0.02428581544	97.72586353	0.3887647564	1.885371715	81.17720775	3.365707068	15.45708518	0	0	0	-821.2121561	0.02428581544	-4451.84733396329	
818.6521561	89	2	9	0.4723848151	0.02372437382	97.6809811	0.3865999587	1.932418941	80.77615125	3.438102043	15.78574671	0	0	0	-818.6521561	0.02372437382	-4678.40673581915	
816.0921561	89	2	9	0.4846455564	0.02319008125	97.63607176	0.3842170982	1.979711141	80.37588589	3.510603393	16.11351071	0	0	0	-816.0921561	0.02319008125	-4907.90154858579	
813.5321561	89	2	9	0.496358307	0.02268003305	97.59112309	0.3816257394	2.027251174	79.97638252	3.583215786	16.44040169	0	0	0	-813.5321561	0.02268003305	-5145.55458541303	
810.9721561	89	2	9	0.5075598065	0.0221939	97.54611933	0.3788353863	2.075045286	79.57759009	3.655947948	16.76646196	0	0	0	-810.9721561	0.0221939	-5394.16766083625	
808.4121561	89	2	9	0.5182834442	0.02172983522	97.50104612	0.3758552526	2.123098623	79.17946423	3.728807325	17.09172844	0	0	0	-808.4121561	0.02172983522	-5648.51879289224	
805.8521561	89	2	9	0.5285598074	0.02128651926	97.45588931	0.3726943256	2.171416363	78.78196018	3.801801384	17.41623844	0	0	0	-805.8521561	0.02128651926	-5910.75954300731	
803.2921561	89	2	9	0.5384169681	0.0208627385	97.4106349	0.3693613744	2.220003723	78.38503273	3.874937636	17.74002964	0	0	0	-803.2921561	0.0208627385	-6181.12146638452	
800.7321561	89	2	9	0.547880734	0.02045737301	97.36526908	0.3658649576	2.268865961	77.98863625	3.948223639	18.06314011	0	0	0	-800.7321561	0.02045737301	-6459.8401842206	
798.1721561	89	2	9	0.5569748713	0.02006938806	97.31977819	0.3622134297	2.318008382	77.59272472	4.021667011	18.38560827	0	0	0	-798.1721561	0.02006938806	-6747.16840247614	
795.6121561	89	2	9	0.5657213006	0.01969782628	97.27414872	0.3584149482	2.367436337	77.19725167	4.095275442	18.70747289	0	0	0	-795.6121561	0.01969782628	-7043.37605126537	
793.0521561	89	2	9	0.574140272	0.01934180074	97.22836729	0.3544774787	2.417155228	76.80217026	4.169056698	19.02877304	0	0	0	-793.0521561	0.01934180074	-7348.75177772458	
790.4921561	89	2	9	0.5822505197	0.0190004887	97.18242069	0.350408801	2.467170513	76.4074332	4.243018634	19.34954816	0	0	0	-790.4921561	0.0190004887	-7663.60490852323	
787.9321561	89	2	9	0.5900694009	0.01867312609	97.13629578	0.3462165139	2.517487706	76.0129928	4.317169203	19.66983799	0	0	0	-787.9321561	0.01867312609	-7988.26778029217	
785.3721561	89	2	9	0.597613019	0.01835900252	97.08997958	0.3419080397	2.568112382	75.61880093	4.391516466	19.98968261	0	0	0	-785.3721561	0.01835900252	-8323.09720926884	
782.8121561	89	2	9	0.6048963345	0.01805745677	97.04345919	0.337490629	2.619050181	75.22480899	4.466068599	20.30912242	0	0	0	-782.8121561	0.01805745677	-8668.47806270353	
780.2521561	89	2	9	0.6119332637	0.01776787283	96.99672183	0.3329713639	2.670306809	74.83096793	4.540833901	20.62819817	0	0	0	-780.2521561	0.01776787283	-9024.82548301564	
777.6921561	89	2	9	0.6187367682	0.0174896762	96.94975479	0.3283571628	2.721888047	74.43722822	4.615820811	20.94695097	0	0	0	-777.6921561	0.0174896762	-9392.58841487465	
775.1321561	89	2	9	0.625318935	0.01722233068	96.90254547	0.3236547827	2.773799747	74.0435398	4.691037909	21.26542229	0	0	0	-775.1321561	0.01722233068	-9772.25375101263	
772.5721561	89	2	9	0.6316910488	0.01696533538	96.85508133	0.3188708232	2.826047842	73.64985208	4.766493931	21.58365399	0	0	0	-772.5721561	0.01696533538	-10164.3491585469	
770.0121561	89	2	9	0.6378636574	0.01671822202	96.80734992	0.3140117288	2.878638348	73.25611392	4.842197779	21.9016883	0	0	0	-770.0121561	0.01671822202	-10569.4487730662	
767.4521561	89	2	9	0.6438466306	0.01648055253	96.75933884	0.3090837922	2.931577367	72.86227355	4.918158529	22.21956792	0	0	0	-767.4521561	0.01648055253	-10988.1790876533	
764.8921561	89	2	9	0.649649214	0.01625191685	96.71103575	0.3040931563	2.984871093	72.4682786	4.994385445	22.53733596	0	0	0	-764.8921561	0.01625191685	-11421.2238952382	
762.3321561	89	2	9	0.6552800775	0.0160319309	96.66242837	0.2990458166	3.038525813	72.07407598	5.07088799	22.85503603	0	0	0	-762.3321561	0.0160319309	-11869.3301865819	
759.7721561	89	2	9	0.6607473596	0.01582023473	96.61350446	0.2939476238	3.092547919	71.67961194	5.147675836	23.17271222	0	0	0	-759.7721561	0.01582023473	-12333.3192033877	
757.2121561	89	2	9	0.6660587075	0.01561649095	96.56425181	0.288804285	3.146943903	71.28483194	5.224758878	23.49040918	0	0	0	-757.2121561	0.01561649095	-12814.0932772026	
754.6521561	89	2	9	0.6712213137	0.01542038312	96.51465827	0.2836213661	3.201720369	70.88968062	5.302147248	23.80817213	0	0	0	-754.6521561	0.01542038312	-13312.6447688591	
752.0921561	89	2	9	0.67624195	0.0152316144	96.46471167	0.2784042934	3.256884035	70.49410179	5.379851328	24.12604689	0	0	0	-752.0921561	0.0152316144	-13830.0720638999	
749.5321561	89	2	9	0.6811269972	0.01504990633	96.4143999	0.2731583549	3.31244174	70.09803831	5.457881765	24.44407993	0	0	0	-749.5321561	0.01504990633	-14367.5899933144	
746.9721561	89	2	9	0.6858824742	0.01487499761	96.36371085	0.267888702	3.36840045	69.70143209	5.536249482	24.76231843	0	0	0	-746.9721561	0.01487499761	-14926.546612926	
744.4121561	89	2	9	0.6905140628	0.0147066431	96.31263239	0.2626003509	3.424767262	69.30422399	5.614965703	25.08081031	0	0	0	-744.4121561	0.0147066431	-15508.4434013797	
741.8521561	89	2	9	0.6950271318	0.01454461284	96.26115241	0.2572981835	3.48154941	68.90635375	5.694041962	25.39960429	0	0	0	-741.8521561	0.01454461284	-16114.9552072357	
739.2921561	89	2	9	0.6994267583	0.01438869117	96.20925877	0.251986949	3.538754277	68.50775996	5.773490123	25.71874992	0	0	0	-739.2921561	0.01438869117	-16747.9584276607	
736.7321561	89	2	9	0.7037177482	0.01423867596	96.15693934	0.2466712646	3.596389395	68.10837991	5.853322403	26.03829769	0	0	0	-736.7321561	0.01423867596	-17409.5587470606	
734.1721561	89	2	9	0.7079046538	0.01409437783	96.10418193	0.2413556169	3.654462456	67.70814958	5.933551387	26.35829903	0	0	0	-734.1721561	0.01409437783	-18102.128458845	
731.6121561	89	2	9	0.7119917915	0.01395561953	96.05097431	0.2360443624	3.712981323	67.3070035	6.014190051	26.67880644	0	0	0	-731.6121561	0.01395561953	-18828.3525709561	
729.0521561	89	2	9	0.7159832567	0.01382223534	95.99730424	0.230741729	3.771954031	66.9048747	6.095251789	26.99987351	0	0	0	-729.0521561	0.01382223534	-19591.2751306899	
726.4921561	89	2	9	0.7198829391	0.01369407048	95.94315938	0.2254518162	3.831388803	66.50169456	6.176750431	27.32155501	0	0	0	-726.4921561	0.01369407048	-20394.3645284633	
723.9321561	89	2	9	0.7236945352	0.01357098066	95.88852735	0.2201785964	3.891294055	66.09739273	6.258700271	27.643907	0	0	0	-723.9321561	0.01357098066	-21241.5926358096	
721.3721561	89	2	9	0.7274215615	0.01345283164	95.83339567	0.2149259155	3.95167841	65.69189703	6.341116099	27.96698687	0	0	0	-721.3721561	0.01345283164	-22137.5204573262	
718.8121561	89	2	9	0.7310673654	0.01333949879	95.7777518	0.2096974938	4.012550706	65.2851333	6.424013222	28.29085347	0	0	0	-718.8121561	0.01333949879	-23087.414206046	
716.2521561	89	2	9	0.7346351362	0.01323086677	95.72158306	0.2044969262	4.073920009	64.87702528	6.507407506	28.61556721	0	0	0	-716.2521561	0.01323086677	-24097.3908380322	
713.6921561	89	2	9	0.7381279152	0.01312682923	95.66487669	0.1993276839	4.135795625	64.46749446	6.591315399	28.94119014	0	0	0	-713.6921561	0.01312682923	-25174.5889249546	
711.1321561	89	2	9	0.7415486046	0.01302728852	95.60761977	0.1941931142	4.198187114	64.05645995	6.675753975	29.26778608	0	0	0	-711.1321561	0.01302728852	-26327.3928979233	
708.5721561	89	2	9	0.7448999763	0.01293215549	95.54979925	0.1890964415	4.261104304	63.64383829	6.760740969	29.59542074	0	0	0	-708.5721561	0.01293215549	-27565.7124615244	
706.0121561	89	2	9	0.7481846801	0.01284134927	95.49140192	0.1840407683	4.324557309	63.22954331	6.846294822	29.92416186	0	0	0	-706.0121561	0.01284134927	-28901.3421629491	
703.4521561	89	2	9	0.7514052509	0.01275479713	95.43241438	0.1790290752	4.388556542	62.81348591	6.932434722	30.25407936	0	0	0	-703.4521561	0.01275479713	-30348.4442861265	
700.8921561	89	2	9	0.7545641163	0.01267243442	95.37282304	0.1740642226	4.453112735	62.39557388	7.019180652	30.58524547	0	0	0	-700.8921561	0.01267243442	-31924.1485013207	
698.3321561	89	2	9	0.7576636027	0.01259420441	95.31261409	0.1691489504	4.518236959	61.97571166	7.106553449	30.91773489	0	0	0	-698.3321561	0.01259420441	-33649.3800869043	
695.7721561	89	2	9	0.7607059418	0.01252005833	95.25177348	0.1642858793	4.583940646	61.55380014	7.194574852	31.251625	0	0	0	-695.7721561	0.01252005833	-35549.9751628467	
693.2121561	89	2	9	0.7636932765	0.01244995534	95.19028688	0.1594775116	4.650235607	61.12973638	7.283267567	31.58699606	0	0	0	-693.2121561	0.01244995534	-37658.2193467011	
690.6521561	89	2	9	0.7666276662	0.01238386267	95.1281397	0.1547262315	4.717134067	60.70341332	7.372655331	31.92393135	0	0	0	-690.6521561	0.01238386267	-40014.9335975688	
688.0921561	89	2	9	0.7695110925	0.01232175554	95.06531701	0.1500343066	4.784648681	60.27471954	7.462762988	32.26251747	0	0	0	-688.0921561	0.01232175554	-42672.551232371	
685.5321561	89	2	9	0.7723454634	0.01226361748	95.00180354	0.1454038879	4.85279257	59.84353888	7.553616561	32.60284456	0	0	0	-685.5321561	0.01226361748	-45699.581313666	
682.9721561	89	2	9	0.7751326188	0.01220944046	94.93758364	0.1408370114	4.921579353	59.4097501	7.645243338	32.94500656	0	0	0	-682.9721561	0.01220944046	-49187.2039234386	
680.4121561	89	2	9	0.7778743344	0.01215922511	94.87264122	0.1363355984	4.991023179	58.97322653	7.737671968	33.28910151	0	0	0	-680.4121561	0.01215922511	-53451.3504786276	
677.8521561	89	2	9	0.7805723522	0.01211327484	94.80696168	0.1319014856	5.061136833	58.5338402	7.830932452	33.63522735	0	0	0	-677.8521561	0.01211327484	-58397.4924585823	
675.2921561	89	2	9	0.7832283453	0.01207120808	94.74052443	0.1275363296	5.131939236	58.09144144	7.925057966	33.98350059	0	0	0	-675.2921561	0.01207120808	-64072.8800167314	
672.7321561	89	2	9	0.7858438853	0.01203299643	94.67331358	0.1232417239	5.203444699	57.64589054	8.020080608	34.33402885	0	0	0	-672.7321561	0.01203299643	-71201.1226800223	
670.1721561	89	2	9	0.7884205331	0.01199884492	94.60531094	0.1190191418	5.27566992	57.19703437	8.116035578	34.68693005	0	0	0	-670.1721561	0.01199884492	-80416.7408767999	
667.6121561	89	2	9	0.7909598059	0.01196880384	94.53649769	0.114869947	5.348632362	56.74471183	8.212960041	35.04232813	0	0	0	-667.6121561	0.01196880384	-92602.0042644104	
665.0521561	89	2	9	0.7934631802	0.01194293522	94.46685429	0.1107953948	5.422350313	56.28875316	8.31089329	35.40035355	0	0	0	-665.0521561	0.01194293522	-109550.013835832	
662.4921561	89	2	9	0.7959320956	0.01192131361	94.39636041	0.1067966332	5.496842956	55.82897924	8.409876927	35.76114384	0	0	0	-662.4921561	0.01192131361	-134900.092111055	
659.9321561	89	2	9	0.798367958	0.01190402705	94.32499485	0.1028747046	5.572130443	55.36520071	8.509955051	36.12484424	0	0	0	-659.9321561	0.01190402705	-177431.65442303	
657.3721561	89	2	9	0.8007721437	0.01189117819	94.25273548	0.09903054626	5.648233977	54.89721715	8.611174483	36.49160836	0	0	0	-657.3721561	0.01189117819	-265768.723187317	
654.8121561	89	2	9	0.8031460023	0.01188288553	94.1795591	0.09526499219	5.72517591	54.42481603	8.713585003	36.86159896	0	0	0	-654.8121561	0.01188288553	-589196.969579448	
652.2521561	89	2	9	0.8054908603	0.01187928489	94.10544139	0.0915787743	5.802979839	53.9477716	8.817239619	37.23498878	0	0	0	-652.2521561	0.01187928489	3517889.4574404	
649.6921561	89	2	9	0.807808025	0.01188053107	94.03035675	0.08797252377	5.881670727	53.46584365	8.922194872	37.61196148	0	0	0	-649.6921561	0.01188053107	1781341.06797615	
647.1321561	89	2	9	0.8100987878	0.01188679977	93.9542782	0.08444677254	5.961275031	52.97877613	9.028511166	37.99271271	0	0	0	-647.1321561	0.01188679977	342870.79878434	
644.5721561	89	2	9	0.8123644281	0.01189828989	93.8771772	0.08100195473	6.041820845	52.48629555	9.136253154	38.3774513	0	0	0	-644.5721561	0.01189828989	193840.752621134	
642.0121561	89	2	9	0.8146062173	0.01191522613	93.79902353	0.07763840821	6.123338064	51.98810924	9.245490155	38.7664006	0	0	0	-642.0121561	0.01191522613	134865.69650612	
639.4521561	89	2	9	0.8168254228	0.01193786214	93.71978506	0.07435637612	6.205858569	51.48390338	9.356296645	39.15979998	0	0	0	-639.4521561	0.01193786214	102649.114680483	
636.8921561	89	2	9	0.8190233126	0.01196648404	93.63942756	0.07115600852	6.289416431	50.97334067	9.468752794	39.55790654	0	0	0	-636.8921561	0.01196648404	82166.8806473058	
634.3321561	89	2	9	0.8212011601	0.01200141462	93.55791448	0.06803736396	6.374048153	50.45605783	9.582945096	39.96099708	0	0	0	-634.3321561	0.01200141462	67923.1712652369	
631.7721561	89	2	9	0.8233602491	0.01204301817	93.47520666	0.06500041122	6.459792933	49.93166263	9.698967072	40.3693703	0	0	0	-631.7721561	0.01204301817	57407.6879671311	
629.2121561	89	2	9	0.8255018793	0.01209170621	93.39126199	0.06204503091	6.546692977	49.39973052	9.816920088	40.78334939	0	0	0	-629.2121561	0.01209170621	49304.1700813438	
626.6521561	89	2	9	0.8276273731	0.01214794428	93.30603514	0.05917101728	6.634793847	48.8598008	9.936914286	41.20328491	0	0	0	-626.6521561	0.01214794428	42853.7544665265	
624.0921561	89	2	9	0.829738082	0.01221225995	93.21947705	0.05637807986	6.724144867	48.31137211	10.05906967	41.62955822	0	0	0	-624.0921561	0.01221225995	37587.3853624702	
621.5321561	89	2	9	0.8318353945	0.01228525245	93.13153456	0.05366584521	6.814799594	47.75389725	10.18351736	42.06258539	0	0	0	-621.5321561	0.01228525245	33199.2132299179	
618.9721561	89	2	9	0.8339207452	0.01236760414	93.04214978	0.05103385868	6.906816361	47.18677715	10.31040105	42.5028218	0	0	0	-618.9721561	0.01236760414	29481.1813367906	
616.4121561	89	2	9	0.835995625	0.01246009444	92.95125951	0.04848158608	7.000258909	46.60935379	10.43987872	42.95076749	0	0	0	-616.4121561	0.01246009444	26286.7914554761	
613.8521561	89	2	9	0.8380615922	0.01256361663	92.85879445	0.04600841534	7.095197132	46.0209018	10.57212468	43.40697352	0	0	0	-613.8521561	0.01256361663	23509.9183650729	
611.2921561	89	2	9	0.8401202867	0.01267919838	92.76467839	0.04361365816	7.191707952	45.42061864	10.70733194	43.87204942	0	0	0	-611.2921561	0.01267919838	21071.8129979328	
608.7321561	89	2	9	0.8421734459	0.01280802698	92.6688271	0.04129655158	7.289876351	44.80761275	10.84571507	44.34667218	0	0	0	-608.7321561	0.01280802698	18912.8368905747	
606.1721561	89	2	9	0.8442229232	0.01295148055	92.57114714	0.03905625937	7.389796601	44.18088946	10.98751363	44.83159691	0	0	0	-606.1721561	0.01295148055	16987.0319699455	
603.6121561	89	2	9	0.8462707108	0.01311116689	92.47153438	0.03689187344	7.491573745	43.53933382	11.13299632	45.32766986	0	0	0	-603.6121561	0.01311116689	15258.4460153882	
601.0521561	89	2	9	0.8483189668	0.01328897237	92.36987222	0.03480241491	7.595325363	42.8816899	11.28246601	45.83584409	0	0	0	-601.0521561	0.01328897237	13698.5863882111	
598.4921561	89	2	9	0.8503700478	0.01348712381	92.26602943	0.03278683514	7.701183736	42.20653516	11.43626595	46.35719889	0	0	0	-598.4921561	0.01348712381	12284.6902667847	
595.9321561	89	2	9	0.8524265486	0.01370826473	92.15985738	0.03084401448	7.809298603	41.51224912	11.59478735	46.89296353	0	0	0	-595.9321561	0.01370826473	10998.0918828675	
593.3721561	89	2	9	0.8544913543	0.01395557352	92.05118733	0.02897276967	7.919839903	40.79697315	11.75847918	47.44454767	0	0	0	-593.3721561	0.01395557352	9823.79185420273	
590.8121561	89	2	9	0.8565676986	0.01423286433	91.93982566	0.02717184363	8.033002497	40.05856176	11.92785998	48.01357825	0	0	0	-590.8121561	0.01423286433	8749.68152630782	
588.2521561	89	2	9	0.8586592447	0.014544797	91.82554935	0.02543991142	8.149010739	39.29451835	12.10353352	48.60194813	0	0	0	-588.2521561	0.014544797	7765.30028086508	
585.6921561	89	2	9	0.8607701838	0.01489709598	91.70809952	0.02377557747	8.268124902	38.50191341	12.28620867	49.21187791	0	0	0	-585.6921561	0.01489709598	6862.30229860874	
583.1321561	89	2	9	0.8629053642	0.015296873	91.58717342	0.02217737389	8.390649211	37.67727731	12.47672564	49.84599705	0	0	0	-583.1321561	0.015296873	6033.7161529202	
580.5721561	89	2	9	0.8650704585	0.01575306517	91.46241415	0.02064375825	8.516942089	36.8164581	12.67609076	50.50745115	0	0	0	-580.5721561	0.01575306517	5273.77359630949	
578.0121561	89	2	9	0.8672721851	0.01627704696	91.33339756	0.01917311111	8.64742933	35.91443007	12.88552356	51.20004637	0	0	0	-578.0121561	0.01627704696	4583.65209553242	
575.4521561	89	2	9	0.8695184658	0.01688149656	91.1996073	0.01776369553	8.782629006	34.96510748	13.10648067	51.92841186	0	0	0	-575.4521561	0.01688149656	3953.17319541465	
572.8921561	89	2	9	0.8718191173	0.01758800356	91.06043536	0.01641376342	8.923150874	33.96083947	13.34083048	52.69833005	0	0	0	-572.8921561	0.01758800356	3371.6635443744	
570.3321561	89	2	9	0.874186152	0.01842053702	90.91512883	0.01512145238	9.069749716	32.89202258	13.59090343	53.51707399	0	0	0	-570.3321561	0.01842053702	2850.04768166959	
567.7721561	89	2	9	0.8766344818	0.01941192842	90.76276979	0.01388485793	9.223345355	31.74640132	13.8596761	54.39392257	0	0	0	-567.7721561	0.01941192842	2383.47282251959	
565.2121561	89	2	9	0.8791827908	0.02060590134	90.60223886	0.01270209414	9.385059044	30.50811054	14.15100542	55.34088404	0	0	0	-565.2121561	0.02060590134	1971.56852919131	
562.6521561	89	2	9	0.8818544401	0.02205915191	90.43219962	0.0115714683	9.556228907	29.15643634	14.46993214	56.37363152	0	0	0	-562.6521561	0.02205915191	1616.12238052929	
560.0921561	89	2	9	0.884677852	0.02383947376	90.25116256	0.0104919142	9.738345529	27.66448133	14.82300944	57.51250923	0	0	0	-560.0921561	0.02383947376	1321.97340122093	
557.5321561	89	2	9	0.8876843138	0.02600759956	90.05783111	0.009464103833	9.932704782	25.99846538	15.21855443	58.78298019	0	0	0	-557.5321561	0.02600759956	1104.14594663636	
554.9721561	89	2	9	0.8908963531	0.02852965613	89.85220649	0.008492899154	10.13930061	24.12336152	15.66517712	60.21146136	0	0	0	-554.9721561	0.02852965613	1018.77548575276	
552.4121561	89	2	9	0.8942902235	0.03103337453	89.63871715	0.007592644908	10.35369021	22.02508002	16.16664803	61.80827195	0	0	0	-552.4121561	0.03103337453	1618.2273432115	
549.8521561	89	2	9	0.8977188016	0.03235753221	89.43155648	0.006792273447	10.56165124	19.77102266	16.70703244	63.52194489	0	0	0	-549.8521561	0.03235753221	30367.0565340858	
547.2921561	89	2	9	0.9008830402	0.03086354165	89.25461025	0.006124635101	10.73926511	17.55822106	17.23889553	65.20288341	0	0	0	-547.2921561	0.03086354165	-1424.86698949684	
544.7321561	89	2	9	0.9035244341	0.02658791534	89.12504257	0.00559442577	10.869363	15.60343624	17.70963808	66.68692568	0	0	0	-544.7321561	0.02658791534	-558.59452727164	
542.1721561	89	2	9	0.9056116293	0.02158408984	89.04140378	0.005173049054	10.95342317	13.98349208	18.10018815	67.91631977	0	0	0	-542.1721561	0.02158408984	-561.327792342872	
539.6121561	89	2	9	0.9072524357	0.01734201371	88.9929766	0.004826328438	11.00219707	12.65979768	18.41952297	68.92067934	0	0	0	-539.6121561	0.01734201371	-713.478990701005	
537.0521561	89	2	9	0.9085660985	0.01412913002	88.96956332	0.004529562326	11.02590712	11.56619264	18.68343278	69.75037459	0	0	0	-537.0521561	0.01412913002	-956.184319065982	
534.4921561	89	2	9	0.9096428087	0.01174638916	88.9639001	0.00426735654	11.03183255	10.64626049	18.90545012	70.44828939	0	0	0	-534.4921561	0.01174638916	-1278.06967929206	
531.9321561	89	2	9	0.9105448249	0.009957418982	88.97114971	0.004030302953	11.02481999	9.858511253	19.09555074	71.045938	0	0	0	-531.9321561	0.009957418982	-1676.34450790567	
529.3721561	89	2	9	0.9113147365	0.0085844982	88.98808573	0.003812506922	11.00810176	9.173346182	19.26086197	71.56579185	0	0	0	-529.3721561	0.0085844982	-2150.22769221973	
526.8121561	89	2	9	0.9119821838	0.007506374236	89.01250577	0.003610134127	10.98388409	8.56951345	19.40650688	72.02397967	0	0	0	-526.8121561	0.007506374236	-2699.46633260417	
524.2521561	89	2	9	0.912568308	0.00664155138	89.04286302	0.003420591107	10.95371639	8.031473618	19.53623477	72.43229161	0	0	0	-524.2521561	0.00664155138	-3323.9549297774	
521.6921561	89	2	9	0.9130885747	0.00593463078	89.07804024	0.003242057298	10.9187177	7.547621612	19.65284773	72.79953065	0	0	0	-521.6921561	0.00593463078	-4023.59445823652	
519.1321561	89	2	9	0.9135545678	0.005347186973	89.11720949	0.003073209966	10.8797173	7.109109577	19.75848348	73.13240694	0	0	0	-519.1321561	0.005347186973	-4798.48577345928	
516.5721561	89	2	9	0.9139751539	0.00485201293	89.15974258	0.002913056663	10.83734436	6.709058208	19.85480503	73.43613676	0	0	0	-516.5721561	0.00485201293	-5648.38965730308	
514.0121561	89	2	9	0.9143572462	0.004429348431	89.20515353	0.002760830917	10.79208564	6.342028853	19.9431278	73.71484334	0	0	0	-514.0121561	0.004429348431	-6573.3186424915	
511.4521561	89	2	9	0.9147063296	0.004064625075	89.25305916	0.002615923972	10.74432492	6.003651439	20.02450925	73.97183931	0	0	0	-511.4521561	0.004064625075	-7564.7484922803	
508.8921561	89	2	9	0.9150268168	0.00374626113	89.30315103	0.002477838597	10.69437113	5.690366148	20.09980934	74.20982452	0	0	0	-508.8921561	0.00374626113	-8644.03683210101	
506.3321561	89	2	9	0.9153223176	0.003467168709	89.35518149	0.002346162882	10.64247235	5.39923587	20.16974146	74.43102267	0	0	0	-506.3321561	0.003467168709	-9802.36536865253	
503.7721561	89	2	9	0.9155958085	0.00322006356	89.4089454	0.002220544095	10.58883406	5.127811201	20.23489894	74.63728986	0	0	0	-503.7721561	0.00322006356	-11027.6590829809	
501.2121561	89	2	9	0.9158497743	0.002999806995	89.46427191	0.002100675596	10.53362741	4.874028027	20.29578195	74.83019002	0	0	0	-501.2121561	0.002999806995	-12328.3608246923	
498.6521561	89	2	9	0.9160863097	0.002802292332	89.52101733	0.001986285987	10.47699638	4.636131179	20.35281596	75.01105286	0	0	0	-498.6521561	0.002802292332	-13704.5366652782	
496.0921561	89	2	9	0.9163071956	0.002624203974	89.57905964	0.001877131229	10.41906323	4.412615834	20.40636585	75.18101832	0	0	0	-496.0921561	0.002624203974	-15156.3772063414	
493.5321561	89	2	9	0.9165139583	0.002462837291	89.63829437	0.001772988826	10.35993264	4.202182093	20.45674691	75.34107099	0	0	0	-493.5321561	0.002462837291	-16684.1195694854	
490.9721561	89	2	9	0.9167079151	0.00231596516	89.69863135	0.001673653472	10.299695	4.003699359	20.50423347	75.49206718	0	0	0	-490.9721561	0.00231596516	-18288.0509954607	
488.4121561	89	2	9	0.9168902111	0.002181737765	89.7599922	0.00157893378	10.23842887	3.816178095	20.54906566	75.63475625	0	0	0	-488.4121561	0.002181737765	-17176.6349096965	
487.1321561	89	2	9	0.9169773222	0.001045130589	89.79103921	0.001533250415	10.20742754	3.726251796	20.57055815	75.70319006	0	0	0	-487.1321561	0.001045130589	-1175.93082551815	
486.4921561	89	2	9	0.9170199174	0.0005114856112	89.80665041	0.001510818045	10.19183877	3.682202843	20.58108378	75.73671338	0	0	0	-486.4921561	0.0005114856112	-86906.1616239456	
485.8521561	89	2	9	0.9170618883	0.0005042189316	89.82231832	0.001488654741	10.17619303	3.638747444	20.59146563	75.76978692	0	0	0	-485.8521561	0.0005042189316	-85665.3290581305	
485.5321561	89	2	9	0.9170826447	0.0002494858608	89.83017351	0.001477673298	10.16834881	3.617238815	20.59660377	75.78615742	0	0	0	-485.5321561	0.0002494858608	-180117.202298066	
485.2121561	89	2	9	0.91710325	0.0002477213768	89.83804253	0.001466758138	10.16049071	3.595874198	20.60170701	75.80241879	0	0	0	-485.2121561	0.0002477213768	-178839.658263609	
485.0521561	89	2	9	0.9171134968	0.0001232251207	89.84198226	0.001461325348	10.15655641	3.585245425	20.60424574	75.81050883	0	0	0	-485.0521561	0.0001232251207	-364458.838971577	
484.8921561	89	2	9	0.9171237063	0.0001227876455	89.84592541	0.00145590901	10.15261868	3.574652232	20.60677585	75.81857191	0	0	0	-484.8921561	0.0001227876455	-363174.954057755	
484.8121561	89	2	9	0.9171287942	6.094774054E-05	89.8478977	0.00145320672	10.1506491	3.569368873	20.60803709	75.82259404	0	0	0	-484.8121561	6.094774054E-05	-1305.56666696131	
484.7721561	89	2	9	0.9171313347	3.044686602E-05	89.84888419	0.001451857128	10.14966395	3.566730504	20.60866694	75.82460256	0	0	0	-484.7721561	3.044686602E-05	382089.715514099	
484.7321561	89	2	9	0.9171338744	3.055191653E-05	89.84987116	0.00145050869	10.14867833	3.564094344	20.60929654	75.82660912	0	0	0	-484.7321561	3.055191653E-05	383402.075964629	
484.7121561	89	2	9	0.9171351427	1.520229199E-05	89.85036484	0.001449834852	10.14818533	3.562777085	20.60961101	75.82761191	0	0	0	-484.7121561	1.520229199E-05	351426.1520367	
484.6921561	89	2	9	0.9171364111	1.525941633E-05	89.85085846	0.001449161272	10.14769238	3.561460378	20.60992547	75.82861415	0	0	0	-484.6921561	1.525941633E-05	352752.668679634	
484.6821561	89	2	9	0.9171370448	7.596035428E-06	89.8511051	0.001448824519	10.14744607	3.56080223	20.61008259	75.82911518	0	0	0	-484.6821561	7.596035428E-06	339822.379948099	
484.6721561	89	2	9	0.9171376786	7.625576882E-06	89.85135195	0.001448487889	10.14719956	3.560144219	20.61023974	75.82961604	0	0	0	-484.6721561	7.625576882E-06	338073.23529755	
484.6321561	89	2	9	0.9171402115	3.051124793E-05	89.85233962	0.001447142064	10.14621324	3.557513578	20.61086815	75.83161827	0	0	0	-484.6321561	3.051124793E-05	-7525.81228256011	
484.6121561	89	2	9	0.9171414734	1.51524419E-05	89.85283357	0.00144646951	10.14571996	3.55619909	20.61118204	75.83261887	0	0	0	-484.6121561	1.51524419E-05	7827417.66301445	
484.5721561	89	2	9	0.9171440047	3.050358129E-05	89.85382119	0.001445125173	10.14473369	3.553571659	20.61180965	75.83461869	0	0	0	-484.5721561	3.050358129E-05	2613.92456836939	
484.4921561	89	2	9	0.9171490602	6.09185979E-05	89.85579767	0.00144243964	10.14275989	3.548323459	20.61306325	75.8386133	0	0	0	-484.4921561	6.09185979E-05	2634.00569373963	
484.3321561	89	2	9	0.9171591437	0.0001214919332	89.8597531	0.001437080767	10.13880982	3.537853233	20.61556401	75.84658275	0	0	0	-484.3321561	0.0001214919332	2648.99612817456	
484.0121561	89	2	9	0.9171792007	0.0002416117158	89.86767374	0.001426411665	10.13089985	3.51701691	20.62054002	75.86244307	0	0	0	-484.0121561	0.0002416117158	2679.36971331873	
483.3721561	89	2	9	0.9172188813	0.0004778109069	89.88355383	0.001405266951	10.1150409	3.475755822	20.6303912	75.89385297	0	0	0	-483.3721561	0.0004778109069	2739.99170024949	
482.0921561	89	2	9	0.9172965399	0.000935136792	89.91546847	0.001363743794	10.08316778	3.394845331	20.64970062	75.95545405	0	0	0	-482.0921561	0.000935136792	2861.7712166859	
479.5321561	89	2	9	0.917445414	0.001794222185	89.97989851	0.001283696508	10.0188178	3.239200093	20.68681788	76.07398203	0	0	0	-479.5321561	0.001794222185	-31072.897165169	
476.9721561	89	2	9	0.9175862736	0.0017006709	90.04510169	0.001207525775	9.953690782	3.09131127	20.7220591	76.18662963	0	0	0	-476.9721561	0.0017006709	-28430.2796164244	
474.4121561	89	2	9	0.9177197023	0.001613659397	90.11103751	0.001135084639	9.887827409	2.950655825	20.75555138	76.29379279	0	0	0	-474.4121561	0.001613659397	-30533.0444054046	
471.8521561	89	2	9	0.9178462242	0.001532567354	90.1776694	0.001066231211	9.821264373	2.816761747	20.78740944	76.39582881	0	0	0	-471.8521561	0.001532567354	-32721.2210295277	
469.2921561	89	2	9	0.9179663116	0.00145682191	90.24496429	0.00100082816	9.754034885	2.68920158	20.81773718	76.49306124	0	0	0	-469.2921561	0.00145682191	-34990.5937891831	
466.7321561	89	2	9	0.9180803912	0.001385922394	90.31289211	0.0009387423377	9.686169146	2.567586901	20.84662905	76.58578405	0	0	0	-466.7321561	0.001385922394	-37342.1791321293	
464.1721561	89	2	9	0.9181888497	0.0013194292	90.38142543	0.0008798444851	9.617694724	2.451563637	20.87417115	76.67426522	0	0	0	-464.1721561	0.0013194292	-39777.0643418835	
461.6121561	89	2	9	0.9182920391	0.001256954785	90.45053911	0.0008240089947	9.548636886	2.340808058	20.90044221	76.75874974	0	0	0	-461.6121561	0.001256954785	-42296.4448762441	
459.0521561	89	2	9	0.9183902804	0.001198156209	90.52021001	0.0007711137283	9.479018875	2.235023346	20.92551443	76.83946223	0	0	0	-459.0521561	0.001198156209	-44901.632207332	
456.4921561	89	2	9	0.9184838672	0.001142728921	90.59041681	0.0007210398728	9.408862147	2.133936624	20.9494542	76.91660918	0	0	0	-456.4921561	0.001142728921	-47594.0642464753	
453.9321561	89	2	9	0.9185730689	0.001090401557	90.66113975	0.0006736718268	9.338186577	2.037296394	20.9723227	76.99038091	0	0	0	-453.9321561	0.001090401557	-50375.3099731352	
451.3721561	89	2	9	0.9186581332	0.001040931549	90.73236046	0.0006288971111	9.267010639	1.944870304	20.99417648	77.06095322	0	0	0	-451.3721561	0.001040931549	-53247.0806158229	
448.8121561	89	2	9	0.9187392882	0.0009941014246	90.80406183	0.0005866062978	9.19535156	1.856443197	21.01506789	77.12848892	0	0	0	-448.8121561	0.0009941014246	-56211.2379406058	
446.2521561	89	2	9	0.9188167448	0.0009497156494	90.87622785	0.0005466929547	9.123225455	1.771815404	21.03504552	77.19313908	0	0	0	-446.2521561	0.0009497156494	-59269.8041328509	
443.6921561	89	2	9	0.9188906981	0.0009075979432	90.9488435	0.000509053599	9.050647445	1.690801246	21.05415456	77.25504419	0	0	0	-443.6921561	0.0009075979432	-62424.9743106186	
441.1321561	89	2	9	0.9189613293	0.0008675889743	91.02189465	0.0004735876605	8.977631762	1.613227708	21.07243713	77.31433517	0	0	0	-441.1321561	0.0008675889743	-65679.1256906044	
438.5721561	89	2	9	0.9190288066	0.0008295443784	91.09536796	0.0004401974503	8.904191842	1.53893327	21.08993252	77.37113421	0	0	0	-438.5721561	0.0008295443784	-69034.8309865479	
436.0121561	89	2	9	0.9190932867	0.0007933330483	91.16925081	0.0004087881334	8.830340406	1.467766867	21.10667752	77.42555561	0	0	0	-436.0121561	0.0007933330483	-72494.8716158983	
433.4521561	89	2	9	0.9191549158	0.0007588356524	91.2435312	0.0003792677039	8.756089533	1.399586964	21.12270657	77.47770647	0	0	0	-433.4521561	0.0007588356524	-76062.2514486075	
430.8921561	89	2	9	0.9192138305	0.0007259433466	91.31819773	0.0003515469625	8.681450724	1.334260735	21.13805198	77.52768728	0	0	0	-430.8921561	0.0007259433466	-79740.2112355409	
428.3321561	89	2	9	0.9192701588	0.000694556651	91.3932395	0.0003255394932	8.60643496	1.271663323	21.15274416	77.57559252	0	0	0	-428.3321561	0.000694556651	-83532.2464597178	
425.7721561	89	2	9	0.9193240205	0.0006645844688	91.46864608	0.0003011616416	8.531052759	1.211677179	21.16681169	77.62151113	0	0	0	-425.7721561	0.0006645844688	-87442.1234350601	
423.2121561	89	2	9	0.9193755282	0.0006359432235	91.54440745	0.0002783324906	8.455314215	1.154191468	21.18028154	77.66552699	0	0	0	-423.2121561	0.0006359432235	-91473.8975198489	
420.6521561	89	2	9	0.9194247879	0.0006085561015	91.62051398	0.0002569738365	8.379229047	1.099101538	21.19317918	77.70771928	0	0	0	-420.6521561	0.0006085561015	-95631.9291185144	
418.0921561	89	2	9	0.9194718993	0.0005823523807	91.69695676	0.000237010161	8.302806228	1.04630843	21.20552868	77.74816289	0	0	0	-418.0921561	0.0005823523807	-99920.9332778727	
415.5321561	89	2	9	0.9195169565	0.0005572668534	91.77372566	0.0002183685959	8.226055972	0.995718449	21.2173528	77.78692875	0	0	0	-415.5321561	0.0005572668534	-104345.948075749	
412.9721561	89	2	9	0.9195600482	0.0005332392735	91.85081289	0.0002009789533	8.148986128	0.9472427629	21.22867317	77.82408407	0	0	0	-412.9721561	0.0005332392735	-108912.396820726	
410.4121561	89	2	9	0.9196012585	0.0005102139189	91.92820982	0.0001847735579	8.071605405	0.900797047	21.23951026	77.85969269	0	0	0	-410.4121561	0.0005102139189	-113626.135196422	
407.8521561	89	2	9	0.9196406669	0.0004881391629	92.00590807	0.0001696873564	7.993922244	0.8563011562	21.24988356	77.89381529	0	0	0	-407.8521561	0.0004881391629	-118493.433790272	
405.2921561	89	2	9	0.9196783489	0.0004669671056	92.08389953	0.0001556578064	7.915944809	0.8136788284	21.25981158	77.92650959	0	0	0	-405.2921561	0.0004669671056	-123521.036839398	
402.7321561	89	2	9	0.9197143759	0.0004466532429	92.16217627	0.0001426248536	7.8376811	0.7728574129	21.26931198	77.95783061	0	0	0	-402.7321561	0.0004466532429	-128716.192344474	
400.1721561	89	2	9	0.919748816	0.0004271561689	92.2407305	0.0001305308904	7.759138974	0.7337676229	21.27840157	77.98783081	0	0	0	-400.1721561	0.0004271561689	-134086.688708752	
397.6121561	89	2	9	0.9197817339	0.0004084373089	92.31955452	0.0001193207129	7.680326161	0.6963433093	21.2870964	78.01656029	0	0	0	-397.6121561	0.0004084373089	-139640.89543599	
395.0521561	89	2	9	0.9198131911	0.0003904606787	92.39864077	0.0001089414762	7.601250291	0.6605212525	21.2954118	78.04406695	0	0	0	-395.0521561	0.0003904606787	-145387.807069251	
392.4921561	89	2	9	0.9198432463	0.0003731926677	92.47798175	9.934264693E-05	7.521918905	0.6262409729	21.30336243	78.07039659	0	0	0	-392.4921561	0.0003731926677	-151337.092159528	
389.9321561	89	2	9	0.9198719556	0.0003566018429	92.55757005	9.047595468E-05	7.442339475	0.5934445551	21.31096233	78.09559311	0	0	0	-389.9321561	0.0003566018429	-157499.145118277	
387.3721561	89	2	9	0.9198993725	0.0003406587713	92.63739829	8.229534124E-05	7.362519419	0.562076488	21.31822494	78.11969857	0	0	0	-387.3721561	0.0003406587713	-163885.142459708	
384.8121561	89	2	9	0.9199255481	0.0003253358588	92.71745913	7.475690841E-05	7.282466118	0.5320835165	21.32516315	78.14275334	0	0	0	-384.8121561	0.0003253358588	-170507.106940246	
382.2521561	89	2	9	0.9199505314	0.0003106072042	92.79774526	6.781886433E-05	7.202186925	0.5034145053	21.33178931	78.16479618	0	0	0	-382.2521561	0.0003106072042	-177569.601260827	
379.6921561	89	2	9	0.9199743694	0.000296477263	92.87824939	6.144146947E-05	7.121689167	0.4760203127	21.33811535	78.18586434	0	0	0	-379.6921561	0.000296477263	-184692.619419329	
377.1321561	89	2	9	0.9199971068	0.0002828660741	92.95896421	5.558697716E-05	7.0409802	0.4498536774	21.34415265	78.20599368	0	0	0	-377.1321561	0.0002828660741	-191931.6825311	
374.5721561	89	2	9	0.9200187869	0.0002697804217	93.03988238	5.021958013E-05	6.960067398	0.4248691068	21.34991218	78.22521872	0	0	0	-374.5721561	0.0002697804217	-199639.519765562	
372.0121561	89	2	9	0.9200394509	0.0002571999688	93.12099654	4.530535089E-05	6.878958151	0.4010227815	21.35540451	78.24357271	0	0	0	-372.0121561	0.0002571999688	-207659.242502916	
369.4521561	89	2	9	0.9200591386	0.000245105508	93.2022993	4.081218304E-05	6.797659891	0.3782724628	21.36063981	78.26108772	0	0	0	-369.4521561	0.000245105508	-216009.677961485	
366.8921561	89	2	9	0.9200778883	0.0002334788808	93.28378319	3.670973195E-05	6.716180101	0.356577408	21.36562791	78.27779468	0	0	0	-366.8921561	0.0002334788808	-224711.189032114	
364.3321561	89	2	9	0.9200957368	0.0002223029005	93.3654407	3.296935501E-05	6.634526327	0.3358982924	21.37037825	78.29372345	0	0	0	-364.3321561	0.0002223029005	-233785.778376803	
361.7721561	89	2	9	0.9201127194	0.0002115612802	93.44726425	2.95640516E-05	6.552706189	0.3161971361	21.37489997	78.3089029	0	0	0	-361.7721561	0.0002115612802	-243257.233280687	
359.2121561	89	2	9	0.9201288703	0.0002012385671	93.52924614	2.646840295E-05	6.470727394	0.2974372373	21.37920187	78.3233609	0	0	0	-359.2121561	0.0002012385671	-253151.288945553	
356.6521561	89	2	9	0.9201442223	0.0001913200814	93.6113786	2.365851203E-05	6.388597744	0.2795831097	21.38329246	78.33712443	0	0	0	-356.6521561	0.0001913200814	-263495.814454113	
354.0921561	89	2	9	0.9201588072	0.0001817918607	93.69365374	2.111194364E-05	6.306325149	0.262600425	21.38717998	78.3502196	0	0	0	-354.0921561	0.0001817918607	-274321.014225206	
351.5321561	89	2	9	0.9201726555	0.0001726406079	93.77606356	1.880766477E-05	6.223917637	0.2464559593	21.39087236	78.36267168	0	0	0	-351.5321561	0.0001726406079	-285659.660480543	
348.9721561	89	2	9	0.9201857969	0.0001638536441	93.85859991	1.672598538E-05	6.141383365	0.2311175435	21.39437731	78.37450515	0	0	0	-348.9721561	0.0001638536441	-297547.338693664	
346.4121561	89	2	9	0.9201982598	0.0001554188637	93.94125452	1.484849981E-05	6.05873063	0.2165540174	21.39770225	78.38574373	0	0	0	-346.4121561	0.0001554188637	-310022.738852932	
343.8521561	89	2	9	0.9202100719	0.0001473246945	94.02401897	1.315802879E-05	5.975967877	0.2027351872	21.40085441	78.39641041	0	0	0	-343.8521561	0.0001473246945	-323127.974397123	
341.2921561	89	2	9	0.9202212596	0.0001395600594	94.10688465	1.163856236E-05	5.893103714	0.1896317858	21.40384073	78.40652748	0	0	0	-341.2921561	0.0001395600594	-336908.935218424	
338.7321561	89	2	9	0.920231849	0.0001321143419	94.1898428	1.027520352E-05	5.810146921	0.1772154364	21.40666799	78.41611658	0	0	0	-338.7321561	0.0001321143419	-351415.703530756	
336.1721561	89	2	9	0.9202418647	0.0001249773539	94.27288449	9.054113097E-06	5.727106457	0.1654586188	21.40934271	78.42519867	0	0	0	-336.1721561	0.0001249773539	-366703.017538947	
333.6121561	89	2	9	0.920251331	0.0001181393063	94.35600056	7.962455566E-06	5.643991478	0.1543346379	21.41187123	78.43379413	0	0	0	-333.6121561	0.0001181393063	-382830.784940101	
331.0521561	89	2	9	0.9202602713	0.0001115907812	94.43918167	6.98834611E-06	5.560811343	0.1438175946	21.4142597	78.44192271	0	0	0	-331.0521561	0.0001115907812	-399864.6967299	
328.4921561	89	2	9	0.9202687079	0.0001053227074	94.52241825	6.120798963E-06	5.477575624	0.1338823592	21.41651405	78.44960359	0	0	0	-328.4921561	0.0001053227074	-417876.925350477	
325.9321561	89	2	9	0.9202766629	9.93263372E-05	94.60570053	5.349677082E-06	5.394294124	0.1245045468	21.41864006	78.4568554	0	0	0	-325.9321561	9.93263372E-05	-436946.915717067	
323.3721561	89	2	9	0.9202841573	9.359322557E-05	94.68901845	4.665643242E-06	5.310976879	0.1156604936	21.4206433	78.4636962	0	0	0	-323.3721561	9.359322557E-05	-457162.333735839	
320.8121561	89	2	9	0.9202912117	8.811521141E-05	94.77236176	4.0601126E-06	5.227634179	0.1073272367	21.4225292	78.47014356	0	0	0	-320.8121561	8.811521141E-05	-478620.168218411	
318.2521561	89	2	9	0.9202978458	8.288440072E-05	94.85571991	3.525206778E-06	5.14427657	0.09948249389	21.42430299	78.47621451	0	0	0	-318.2521561	8.288440072E-05	-501428.04347703	
315.6921561	89	2	9	0.9203040788	7.789315197E-05	94.93908207	3.053709526E-06	5.060914874	0.09210464563	21.42596977	78.48192559	0	0	0	-315.6921561	7.789315197E-05	-525705.795669724	
313.1321561	89	2	9	0.9203099294	7.313406356E-05	95.02243716	2.639023974E-06	4.977560197	0.08517271865	21.42753444	78.48729284	0	0	0	-313.1321561	7.313406356E-05	-551587.389221038	
310.5721561	89	2	9	0.9203154154	6.85999637E-05	95.10577378	2.275131538E-06	4.894223941	0.0786663703	21.42900179	78.49233184	0	0	0	-310.5721561	6.85999637E-05	-579223.289054504	
308.0121561	89	2	9	0.9203205543	6.428390295E-05	95.18908023	1.956552468E-06	4.810917816	0.07256587436	21.43037642	78.4970577	0	0	0	-308.0121561	6.428390295E-05	-608783.439020399	
305.4521561	89	2	9	0.9203253628	6.017914984E-05	95.27234447	1.678308076E-06	4.727653857	0.06685210788	21.43166281	78.50148508	0	0	0	-305.4521561	6.017914984E-05	-625284.473180283	
302.8921561	89	2	9	0.9203298567	5.609552091E-05	95.355554	1.435884506E-06	4.644444568	0.06150653864	21.4328651	78.50562836	0	0	0	-302.8921561	5.609552091E-05	-658571.952342286	
300.3321561	89	2	9	0.9203340521	5.237166563E-05	95.43869624	1.225198788E-06	4.561302534	0.05651121474	21.43398763	78.50950115	0	0	0	-300.3321561	5.237166563E-05	-636350.411105877	
300	89	2	9	0.9203345755	6.534647353E-06	95.44947828	1.199992773E-06	4.550520518	0.05588783864	21.4341277	78.50998446	0	0	0	-300	6.534647353E-06	621857.491955127	
