T	w(AL)	w(SI)	fs	fw(@FCC_A1)	w(AL@FCC_A1)	w(SI@FCC_A1)	w(AL@LIQUID)	w(SI@LIQUID)	dwdT_L(AL@LIQUID)	dwdT_L(SI@LIQUID)	-T	fw(@FCC_A1)_1	-T//fw(@FCC_A1)	
K	%	%	mole/mole	kg/kg	%	%	%	%	SI	SI				
915.6625197	97	3	0	0	99.65238207	0.3476179302	97	3	0.001636212666	-0.001636212666	-915.6625197	0	8.04767670196837	
915.6525197	97	3	0.0006174311363	0.0006167831256	99.65218456	0.3478154436	96.99836356	3.001636439	0	0	-915.6525197	0.0006167831256	24.378631946677	
915.6325197	97	3	0.001849837982	0.001231780435	99.65178952	0.3482104765	96.99509152	3.004908475	0	0	-915.6325197	0.001231780435	32.5496107919232	
915.5925197	97	3	0.00430654863	0.002458482999	99.65099942	0.3490005795	96.98854766	3.011452343	0	0	-915.5925197	0.002458482999	32.6784523968572	
915.5125197	97	3	0.009187117132	0.004896098019	99.64941907	0.3505809294	96.97546255	3.024537453	0	0	-915.5125197	0.004896098019	32.9601788933911	
915.3525197	97	3	0.01881875816	0.009709714923	99.64625786	0.3537421353	96.94930283	3.05069717	0	0	-915.3525197	0.009709714923	33.5752144018434	
915.0325197	97	3	0.03753864215	0.01905874867	99.63993322	0.360066776	96.89702597	3.10297403	0	0	-915.0325197	0.01905874867	34.8480626219985	
914.3925197	97	3	0.07301806146	0.03682367655	99.62727496	0.3727250422	96.79264091	3.207359088	0	0	-914.3925197	0.03682367655	37.3811828268345	
913.1125197	97	3	0.1370116319	0.06895826336	99.60192217	0.398077835	96.58454528	3.415454722	0	0	-913.1125197	0.06895826336	42.8874671051257	
910.5525197	97	3	0.2427077582	0.1223340342	99.5510685	0.4489314978	96.17105432	3.828945681	0	0	-910.5525197	0.1223340342	-279.480493903574	
907.9925197	97	3	0.3258412155	0.1096335699	99.5000109	0.4999890987	95.76115361	4.238846388	0	0	-907.9925197	0.1096335699	-226.337039628158	
905.4325197	97	3	0.3928497982	0.09925173892	99.4487419	0.5512581019	95.35482758	4.64517242	0	0	-905.4325197	0.09925173892	-273.651701036507	
902.8725197	97	3	0.4479503542	0.09060851954	99.39725431	0.602745687	94.95205602	5.047943977	0	0	-902.8725197	0.09060851954	-325.547062246986	
900.3125197	97	3	0.4940167207	0.08330191014	99.34554108	0.6544589207	94.55281348	5.447186523	0	0	-900.3125197	0.08330191014	-382.034044715149	
897.7525197	97	3	0.5330730289	0.07704504904	99.29359529	0.7064047101	94.15707019	5.842929808	0	0	-897.7525197	0.07704504904	-443.136803287919	
895.1925197	97	3	0.5665849635	0.07162777398	99.24141019	0.7585898116	93.76479264	6.235207362	0	0	-895.1925197	0.07162777398	-508.883930065944	
892.6325197	97	3	0.59563918	0.06689257835	99.18897916	0.8110208393	93.37594399	6.624056013	0	0	-892.6325197	0.06689257835	-579.307238823279	
890.0725197	97	3	0.6210578934	0.06271908101	99.13629573	0.8637042734	92.99048454	7.009515458	0	0	-890.0725197	0.06271908101	-654.441590887508	
887.5125197	97	3	0.6434743709	0.0590136879	99.08335353	0.9166464679	92.60837215	7.391627853	0	0	-887.5125197	0.0590136879	-734.32470318654	
884.9525197	97	3	0.6633840258	0.05570252726	99.03014634	0.9698536583	92.22956254	7.770437457	0	0	-884.9525197	0.05570252726	-818.996940844593	
882.3925197	97	3	0.6811798271	0.05272650945	98.97666803	1.023331969	91.85400971	8.145990294	0	0	-882.3925197	0.05272650945	-908.501107178337	
879.8325197	97	3	0.6971773577	0.05003780152	98.92291258	1.077087421	91.48166615	8.518333848	0	0	-879.8325197	0.05003780152	-1002.88223817856	
877.2725197	97	3	0.7116328813	0.04759726527	98.86887406	1.131125938	91.1124832	8.887516797	0	0	-877.2725197	0.04759726527	-1102.18740440558	
874.7125197	97	3	0.7247565879	0.04537256496	98.81454665	1.185453352	90.74641124	9.25358876	0	0	-874.7125197	0.04537256496	-1206.46553509009	
872.1525197	97	3	0.7367224526	0.04333674896	98.75992459	1.240075412	90.38339992	9.61660008	0	0	-872.1525197	0.04333674896	-1315.76723983259	
869.5925197	97	3	0.7476756748	0.04146717231	98.70500221	1.294997789	90.02339838	9.97660162	0	0	-869.5925197	0.04146717231	-1430.14464563327	
867.0325197	97	3	0.7577383605	0.0397446683	98.64977392	1.350226082	89.66635541	10.33364459	0	0	-867.0325197	0.0397446683	-1549.65127156103	
864.4725197	97	3	0.7670139149	0.0381529044	98.59423418	1.405765822	89.31221961	10.68778039	0	0	-864.4725197	0.0381529044	-1674.34188587576	
861.9125197	97	3	0.7755904713	0.0366778763	98.53837752	1.46162248	88.96093953	11.03906047	0	0	-861.9125197	0.0366778763	-1804.27238852369	
859.3525197	97	3	0.7835435954	0.03530750676	98.48219853	1.51780147	88.61246382	11.38753618	0	0	-859.3525197	0.03530750676	-1939.49974417961	
856.7925197	97	3	0.7909384359	0.03403132476	98.42569184	1.574308155	88.26674128	11.73325872	0	0	-856.7925197	0.03403132476	-2080.08188561705	
854.2325197	97	3	0.7978314501	0.03284020674	98.36885215	1.631147852	87.92372102	12.07627898	0	0	-854.2325197	0.03284020674	-2226.07760462233	
851.6725197	97	3	0.8042717983	0.03172616636	98.31167416	1.688325835	87.58335251	12.41664749	0	0	-851.6725197	0.03172616636	-2377.5465616841	
849.1125197	97	3	0.8103024796	0.03068218256	98.25415266	1.745847341	87.24558565	12.75441435	0	0	-849.1125197	0.03068218256	-2536.01718643708	
846.5525197	97	3	0.815961439	0.02970309357	98.19628124	1.803718763	86.91036525	13.08963475	0	0	-846.5525197	0.02970309357	-2697.49176319169	
843.9925197	97	3	0.821281684	0.02878074024	98.13805719	1.861942811	86.57765397	13.42234603	0	0	-843.9925197	0.02878074024	-2864.47093131709	
841.4325197	97	3	0.8262928008	0.02791242007	98.07947409	1.920525911	86.24739725	13.75260275	0	0	-841.4325197	0.02791242007	-3039.21706742649	
838.8725197	97	3	0.8310209735	0.02709323673	98.02052681	1.97947319	85.91954727	14.08045273	0	0	-838.8725197	0.02709323673	-3218.97967917774	
836.3125197	97	3	0.8354895348	0.02631928736	97.96121025	2.038789755	85.59405695	14.40594305	0	0	-836.3125197	0.02631928736	-3404.58529949154	
833.7525197	97	3	0.8397193425	0.02558707153	97.90151931	2.098480694	85.27087985	14.72912015	0	0	-833.7525197	0.02558707153	-3596.10353899427	
831.1925197	97	3	0.8437290967	0.02489343768	97.84144891	2.158551086	84.94997029	15.05002971	0	0	-831.1925197	0.02489343768	-3793.59921128135	
828.6325197	97	3	0.8475356105	0.02423554113	97.780994	2.219006	84.6312833	15.3687167	0	0	-828.6325197	0.02423554113	-3997.13874647539	
826.0725197	97	3	0.8511540406	0.02361080767	97.7201495	2.279850498	84.31477468	15.68522532	0	0	-826.0725197	0.02361080767	-4206.78951763705	
823.5125197	97	3	0.8545980853	0.02301690226	97.65891036	2.341089641	84.00040098	15.99959902	0	0	-823.5125197	0.02301690226	-4422.61965559336	
820.9525197	97	3	0.8578801546	0.02245170189	97.59727151	2.402728486	83.6881195	16.3118805	0	0	-820.9525197	0.02245170189	-4644.69828657169	
818.3925197	97	3	0.8610115173	0.02191327218	97.53522791	2.464772094	83.37788833	16.62211167	0	0	-818.3925197	0.02191327218	-4873.09558474024	
815.8325197	97	3	0.8640024288	0.02139984691	97.47277447	2.527225532	83.06966631	16.93033369	0	0	-815.8325197	0.02139984691	-5107.88269693301	
813.2725197	97	3	0.8668622414	0.02090981022	97.40990613	2.590093871	82.76341304	17.23658696	0	0	-813.2725197	0.02090981022	-5349.13199845535	
810.7125197	97	3	0.8695995012	0.02044168101	97.34661781	2.653382193	82.45908889	17.54091111	0	0	-810.7125197	0.02044168101	-5596.91694932769	
808.1525197	97	3	0.8722220327	0.01999409922	97.28290441	2.717095591	82.156655	17.843345	0	0	-808.1525197	0.01999409922	-5851.31234977151	
805.5925197	97	3	0.8747370128	0.0195658138	97.21876083	2.781239173	81.85607323	18.14392677	0	0	-805.5925197	0.0195658138	-6112.39453842268	
803.0325197	97	3	0.8771510362	0.01915567206	97.15418194	2.84581806	81.55730619	18.44269381	0	0	-803.0325197	0.01915567206	-6380.24102706158	
800.4725197	97	3	0.879470173	0.01876261021	97.08916261	2.910837394	81.26031723	18.73968277	0	0	-800.4725197	0.01876261021	-6654.93119855573	
797.9125197	97	3	0.8817000192	0.01838564507	97.02369766	2.976302336	80.9650704	19.0349296	0	0	-797.9125197	0.01838564507	-6936.54610319726	
795.3525197	97	3	0.8838457423	0.01802386657	96.95778193	3.042218069	80.67153049	19.32846951	0	0	-795.3525197	0.01802386657	-7225.16809186761	
792.7925197	97	3	0.885912121	0.01767643113	96.8914102	3.108589798	80.37966294	19.62033706	0	0	-792.7925197	0.01767643113	-7520.88196167004	
790.2325197	97	3	0.8879035812	0.01734255579	96.82457724	3.175422757	80.08943393	19.91056607	0	0	-790.2325197	0.01734255579	-7823.77450599497	
787.6725197	97	3	0.8898242273	0.01702151286	96.7572778	3.242722203	79.80081028	20.19918972	0	0	-787.6725197	0.01702151286	-8133.93445507483	
785.1125197	97	3	0.8916778712	0.01671262519	96.68950657	3.310493427	79.51375946	20.48624054	0	0	-785.1125197	0.01671262519	-8451.45284093636	
782.5525197	97	3	0.8934680578	0.01641526188	96.62125825	3.378741746	79.22824961	20.77175039	0	0	-782.5525197	0.01641526188	-8776.42313684734	
779.9925197	97	3	0.8951980874	0.01612883445	96.55252749	3.447472513	78.9442495	21.0557505	0	0	-779.9925197	0.01612883445	-9108.94181212237	
777.4325197	97	3	0.8968710367	0.01585279338	96.48330889	3.516691114	78.6617285	21.3382715	0	0	-777.4325197	0.01585279338	-9449.10770849414	
774.8725197	97	3	0.8984897772	0.01558662494	96.41359703	3.58640297	78.38065661	21.61934339	0	0	-774.8725197	0.01558662494	-9797.02253049561	
772.3125197	97	3	0.9000569921	0.01532984838	96.34338646	3.656613538	78.10100439	21.89899561	0	0	-772.3125197	0.01532984838	-10152.7909832662	
769.7525197	97	3	0.9015751911	0.01508201333	96.27267168	3.727328318	77.82274302	22.17725698	0	0	-769.7525197	0.01508201333	-10516.5215272007	
767.1925197	97	3	0.9030467246	0.01484269751	96.20144716	3.798552845	77.5458442	22.4541558	0	0	-767.1925197	0.01484269751	-10888.3263096686	
764.6325197	97	3	0.9044737956	0.01461150457	96.1297073	3.870292698	77.27028021	22.72971979	0	0	-764.6325197	0.01461150457	-11268.319824185	
762.0725197	97	3	0.9058584715	0.01438806213	96.0574465	3.9425535	76.99602386	23.00397614	0	0	-762.0725197	0.01438806213	-11656.6217152134	
759.5125197	97	3	0.9072026938	0.01417202009	95.98465908	4.015340917	76.72304847	23.27695153	0	0	-759.5125197	0.01417202009	-12053.3554930267	
756.9525197	97	3	0.908508288	0.01396304894	95.91133934	4.08866066	76.4513279	23.5486721	0	0	-756.9525197	0.01396304894	-12458.6482949156	
754.3925197	97	3	0.909776972	0.01376083833	95.83748151	4.16251849	76.18083647	23.81916353	0	0	-754.3925197	0.01376083833	-12872.6333863125	
751.8325197	97	3	0.9110103635	0.01356509573	95.76307979	4.236920213	75.91154901	24.08845099	0	0	-751.8325197	0.01356509573	-13295.4479426287	
749.2725197	97	3	0.9122099878	0.01337554515	95.68812831	4.311871687	75.64344082	24.35655918	0	0	-749.2725197	0.01337554515	-13727.2330654295	
746.7125197	97	3	0.9133772836	0.01319192601	95.61262118	4.387378821	75.37648765	24.62351235	0	0	-746.7125197	0.01319192601	-14168.1378769578	
744.1525197	97	3	0.9145136097	0.01301399216	95.53655242	4.463447575	75.1106657	24.8893343	0	0	-744.1525197	0.01301399216	-14618.3153002379	
741.5925197	97	3	0.9156202499	0.01284151081	95.45991603	4.540083965	74.84595162	25.15404838	0	0	-741.5925197	0.01284151081	-15077.9250669686	
739.0325197	97	3	0.9166984186	0.01267426176	95.38270594	4.61729406	74.58232246	25.41767754	0	0	-739.0325197	0.01267426176	-15547.1337703678	
736.4725197	97	3	0.9177492649	0.01251203649	95.30491601	4.695083986	74.31975569	25.68024431	0	0	-736.4725197	0.01251203649	-16026.113911945	
733.9125197	97	3	0.9187738774	0.01235463747	95.22654007	4.773459926	74.05822919	25.94177081	0	0	-733.9125197	0.01235463747	-16515.0452265905	
731.3525197	97	3	0.9197732877	0.01220187741	95.14757188	4.852428122	73.79772121	26.20227879	0	0	-731.3525197	0.01220187741	-17014.115965479	
728.7925197	97	3	0.9207484745	0.01205357868	95.06800512	4.931994876	73.53821041	26.46178959	0	0	-728.7925197	0.01205357868	-17523.6180660365	
726.2325197	97	3	0.9217003666	0.01190957416	94.98783345	5.01216655	73.27967578	26.72032422	0	0	-726.2325197	0.01190957416	-18043.5531885947	
723.6725197	97	3	0.922629846	0.01176970062	94.90705043	5.09294957	73.0220967	26.9779033	0	0	-723.6725197	0.01176970062	-18574.1556685368	
721.1125197	97	3	0.9235377512	0.01163380745	94.82564958	5.174350424	72.76545288	27.23454712	0	0	-721.1125197	0.01163380745	-19115.8273833095	
718.5525197	97	3	0.9244248795	0.01150174995	94.74362433	5.256375665	72.50972437	27.49027563	0	0	-718.5525197	0.01150174995	-19668.7071653388	
715.9925197	97	3	0.9252919895	0.01137339047	94.66096809	5.339031913	72.25489252	27.74510748	0	0	-715.9925197	0.01137339047	-20233.1157041127	
713.4325197	97	3	0.9261398039	0.0112485989	94.57767415	5.422325853	72.00093604	27.99906396	0	0	-713.4325197	0.0112485989	-20809.1453168566	
710.8725197	97	3	0.9269690108	0.0111272486	94.49373576	5.506264241	71.74783695	28.25216305	0	0	-710.8725197	0.0111272486	-21397.0787878134	
708.3125197	97	3	0.9277802663	0.01100922164	94.4091461	5.590853898	71.49557655	28.50442345	0	0	-708.3125197	0.01100922164	-21997.3415422182	
705.7525197	97	3	0.9285741963	0.01089440471	94.32389828	5.676101721	71.24413644	28.75586356	0	0	-705.7525197	0.01089440471	-22610.1497235571	
703.1925197	97	3	0.9293513982	0.01078268973	94.23798533	5.762014673	70.9934985	29.0065015	0	0	-703.1925197	0.01078268973	-23235.8097878397	
700.6325197	97	3	0.9301124421	0.01067397359	94.15140021	5.848599795	70.74364488	29.25635512	0	0	-700.6325197	0.01067397359	-23874.6440670745	
698.0725197	97	3	0.9308578731	0.01056815786	94.0641358	5.935864198	70.494558	29.505442	0	0	-698.0725197	0.01056815786	-24526.9929837548	
695.5125197	97	3	0.9315882119	0.01046514857	93.97618493	6.02381507	70.24622052	29.75377948	0	0	-695.5125197	0.01046514857	-25193.2101708487	
692.9525197	97	3	0.9323039566	0.01036485591	93.88754032	6.112459675	69.99861537	30.00138463	0	0	-692.9525197	0.01036485591	-25873.6677203393	
690.3925197	97	3	0.933005584	0.01026719407	93.79819465	6.201805355	69.75172571	30.24827429	0	0	-690.3925197	0.01026719407	-26568.761580902	
687.8325197	97	3	0.9336935502	0.01017208101	93.70814047	6.291859529	69.50553495	30.49446505	0	0	-687.8325197	0.01017208101	-27278.9464508372	
685.2725197	97	3	0.9343682924	0.01007943853	93.6173703	6.3826297	69.2600267	30.7399733	0	0	-685.2725197	0.01007943853	-28004.6175131147	
682.7125197	97	3	0.9350302292	0.009989191289	93.52587655	6.474123447	69.01518481	30.98481519	0	0	-682.7125197	0.009989191289	-28746.1687900655	
680.1525197	97	3	0.9356797621	0.009901267263	93.43365157	6.56634843	68.77099333	31.22900667	0	0	-680.1525197	0.009901267263	-29504.1417118783	
677.5925197	97	3	0.9363172761	0.009815597779	93.3406876	6.659312396	68.52743653	31.47256347	0	0	-677.5925197	0.009815597779	-30279.0709227121	
675.0325197	97	3	0.9369431407	0.009732116939	93.24697683	6.753023174	68.28449886	31.71550114	0	0	-675.0325197	0.009732116939	-31071.4746901713	
672.4725197	97	3	0.9375577104	0.009650761608	93.15251132	6.847488679	68.04216499	31.95783501	0	0	-672.4725197	0.009650761608	-31881.920884156	
669.9125197	97	3	0.9381613259	0.009571471277	93.05728309	6.942716912	67.80041973	32.19958027	0	0	-669.9125197	0.009571471277	-32711.0105928185	
667.3525197	97	3	0.9387543144	0.009494187944	92.96128404	7.038715963	67.55924811	32.44075189	0	0	-667.3525197	0.009494187944	-33559.3796745159	
664.7925197	97	3	0.9393369903	0.009418855989	92.86450599	7.13549401	67.31863532	32.68136468	0	0	-664.7925197	0.009418855989	-34427.7003070063	
662.2325197	97	3	0.939909656	0.009345422064	92.76694068	7.233059321	67.0785667	32.9214333	0	0	-662.2325197	0.009345422064	-35316.6844600323	
659.6725197	97	3	0.9404726024	0.009273834986	92.66857975	7.331420254	66.83902778	33.16097222	0	0	-659.6725197	0.009273834986	-36227.0876095582	
657.1125197	97	3	0.9410261094	0.009204045642	92.56941474	7.430585261	66.60000422	33.39999578	0	0	-657.1125197	0.009204045642	-37159.7100893274	
654.5525197	97	3	0.9415704464	0.009136006887	92.46943711	7.530562886	66.36148184	33.63851816	0	0	-654.5525197	0.009136006887	-38115.401564667	
651.9925197	97	3	0.942105873	0.009069673463	92.36863823	7.631361767	66.1234466	33.8765534	0	0	-651.9925197	0.009069673463	-39095.0645942121	
649.4325197	97	3	0.9426326391	0.009005001908	92.26700936	7.732990638	65.8858846	34.1141154	0	0	-649.4325197	0.009005001908	-40099.659330758	
646.8725197	97	3	0.9431509857	0.008941950485	92.16454167	7.835458331	65.64878206	34.35121794	0	0	-646.8725197	0.008941950485	-41130.2069431914	
644.3125197	97	3	0.9436611449	0.008880479098	92.06122623	7.938773773	65.41212535	34.58787465	0	0	-644.3125197	0.008880479098	-42187.7941005891	
641.7525197	97	3	0.9441633409	0.008820549227	91.95705401	8.042945992	65.17590094	34.82409906	0	0	-641.7525197	0.008820549227	-43273.5802789426	
639.1925197	97	3	0.9446577896	0.008762123859	91.85201588	8.147984115	64.94009543	35.05990457	0	0	-639.1925197	0.008762123859	-44388.8024634134	
636.6325197	97	3	0.9451446997	0.008705167426	91.74610263	8.253897371	64.70469552	35.29530448	0	0	-636.6325197	0.008705167426	-45534.7805971303	
634.0725197	97	3	0.9456242725	0.008649645741	91.63930491	8.360695089	64.46968803	35.53031197	0	0	-634.0725197	0.008649645741	-46712.9261740006	
631.5125197	97	3	0.9460967024	0.008595525946	91.5316133	8.468386703	64.23505986	35.76494014	0	0	-631.5125197	0.008595525946	-47924.7501895591	
628.9525197	97	3	0.9465621774	0.008542776455	91.42301825	8.576981751	64.00079803	35.99920197	0	0	-628.9525197	0.008542776455	-49171.8694389797	
626.3925197	97	3	0.9470208788	0.008491366902	91.31351012	8.686489876	63.76688963	36.23311037	0	0	-626.3925197	0.008491366902	-50456.0194215518	
623.8325197	97	3	0.9474729822	0.008441268097	91.20307917	8.796920829	63.53332185	36.46667815	0	0	-623.8325197	0.008441268097	-51779.0622542817	
621.2725197	97	3	0.9479186572	0.008392451974	91.09171553	8.908284466	63.30008196	36.69991804	0	0	-621.2725197	0.008392451974	-53142.9993792178	
618.7125197	97	3	0.948358068	0.008344891553	90.97940925	9.020590753	63.0671573	36.9328427	0	0	-618.7125197	0.008344891553	-54549.9847751461	
616.1525197	97	3	0.9487913734	0.008298560894	90.86615023	9.133849766	62.83453529	37.16546471	0	0	-616.1525197	0.008298560894	-56002.3393294272	
613.5925197	97	3	0.9492187271	0.008253435062	90.75192831	9.248071692	62.60220342	37.39779658	0	0	-613.5925197	0.008253435062	-57502.5677552577	
611.0325197	97	3	0.9496402779	0.008209490087	90.63673317	9.363266828	62.37014923	37.62985077	0	0	-611.0325197	0.008209490087	-59053.3732123375	
608.4725197	97	3	0.9500561698	0.008166702927	90.52055442	9.479445585	62.13836033	37.86163967	0	0	-608.4725197	0.008166702927	-60657.6838360771	
605.9125197	97	3	0.9504665425	0.008125051441	90.40338151	9.596618487	61.90682439	38.09317561	0	0	-605.9125197	0.008125051441	-62318.6699403839	
603.3525197	97	3	0.9508715313	0.008084514348	90.28520383	9.714796175	61.67552911	38.32447089	0	0	-603.3525197	0.008084514348	-64039.773559075	
600.7925197	97	3	0.9512712672	0.008045071207	90.1660106	9.833989403	61.44446226	38.55553774	0	0	-600.7925197	0.008045071207	-65824.7342856704	
598.2325197	97	3	0.9516658774	0.008006702377	90.04579096	9.954209043	61.21361162	38.78638838	0	0	-598.2325197	0.008006702377	-67677.6247309483	
595.6725197	97	3	0.9520554852	0.007969389001	89.92453391	10.07546609	60.98296504	39.01703496	0	0	-595.6725197	0.007969389001	-69602.8869557546	
593.1125197	97	3	0.9524402102	0.00793311297	89.80222836	10.19777164	60.75251039	39.24748961	0	0	-593.1125197	0.00793311297	-71605.3744713035	
590.5525197	97	3	0.9528201684	0.007897856907	89.67886307	10.32113693	60.52223556	39.47776444	0	0	-590.5525197	0.007897856907	-73690.4033257826	
587.9925197	97	3	0.9531954725	0.007863604138	89.55442669	10.44557331	60.29212846	39.70787154	0	0	-587.9925197	0.007863604138	-75863.8011980769	
585.4325197	97	3	0.9535662318	0.007830338671	89.42890776	10.57109224	60.06217705	39.93782295	0	0	-585.4325197	0.007830338671	-78131.9785229755	
582.8725197	97	3	0.9539325525	0.007798045177	89.30229468	10.69770532	59.83236927	40.16763073	0	0	-582.8725197	0.007798045177	-80501.997131566	
580.3125197	97	3	0.9542945378	0.007766708967	89.17457573	10.82542427	59.6026931	40.3973069	0	0	-580.3125197	0.007766708967	-82981.6551948293	
577.7525197	97	3	0.954652288	0.007736315975	89.04573908	10.95426092	59.37313649	40.62686351	0	0	-577.7525197	0.007736315975	-85579.5903786604	
575.1925197	97	3	0.9550059005	0.007706852741	88.91577277	11.08422723	59.14368744	40.85631256	0	0	-575.1925197	0.007706852741	-88305.3893695622	
572.6325197	97	3	0.9553554699	0.007678306392	88.7846647	11.2153353	58.91433391	41.08566609	0	0	-572.6325197	0.007678306392	-91169.7186039902	
570.0725197	97	3	0.9557010884	0.007650664625	88.65240265	11.34759735	58.68506388	41.31493612	0	0	-570.0725197	0.007650664625	-94184.4892929402	
567.5125197	97	3	0.9560428456	0.007623915695	88.51897429	11.48102571	58.45586529	41.54413471	0	0	-567.5125197	0.007623915695	-97363.0376931979	
564.9525197	97	3	0.9563808286	0.007598048397	88.38436715	11.61563285	58.22672609	41.77327391	0	0	-564.9525197	0.007598048397	-100720.348721451	
562.3925197	97	3	0.9567151221	0.007573052057	88.24856862	11.75143138	57.9976342	42.0023658	0	0	-562.3925197	0.007573052057	-104273.312383123	
559.8325197	97	3	0.9570458089	0.007548916514	88.11156598	11.88843402	57.76857752	42.23142248	0	0	-559.8325197	0.007548916514	-108041.030087804	
557.2725197	97	3	0.9573729691	0.007525632109	87.97334638	12.02665362	57.53954393	42.46045607	0	0	-557.2725197	0.007525632109	-112045.205557439	
554.7125197	97	3	0.9576966812	0.007503189676	87.83389682	12.16610318	57.31052126	42.68947874	0	0	-554.7125197	0.007503189676	-116310.595863295	
552.1525197	97	3	0.9580170213	0.00748158053	87.69320419	12.30679581	57.08149732	42.91850268	0	0	-552.1525197	0.00748158053	-120865.555408908	
549.5925197	97	3	0.9583340637	0.007460796455	87.55125524	12.44874476	56.85245985	43.14754015	0	0	-549.5925197	0.007460796455	-125742.725596417	
547.0325197	97	3	0.9586478809	0.007440829697	87.40803659	12.59196341	56.62339659	43.37660341	0	0	-547.0325197	0.007440829697	-130979.873092025	
544.4725197	97	3	0.9589585433	0.007421672953	87.26353473	12.73646527	56.39429518	43.60570482	0	0	-544.4725197	0.007421672953	-136620.934141226	
541.9125197	97	3	0.9592661198	0.007403319364	87.11773601	12.88226399	56.16514324	43.83485676	0	0	-541.9125197	0.007403319364	-142717.328942755	
539.3525197	97	3	0.9595706776	0.007385762506	86.97062667	13.02937333	55.93592832	44.06407168	0	0	-539.3525197	0.007385762506	-149329.631857602	
536.7925197	97	3	0.959872282	0.007368996385	86.8221928	13.1778072	55.70663789	44.29336211	0	0	-536.7925197	0.007368996385	-156529.679398732	
534.2325197	97	3	0.9601709969	0.007353015425	86.67242034	13.32757966	55.47725937	44.52274063	0	0	-534.2325197	0.007353015425	-164403.351709675	
531.6725197	97	3	0.9604668848	0.007337814469	86.52129514	13.47870486	55.2477801	44.7522199	0	0	-531.6725197	0.007337814469	-173054.175633403	
529.1125197	97	3	0.9607600063	0.007323388769	86.36880289	13.63119711	55.01818733	44.98181267	0	0	-529.1125197	0.007323388769	-182608.05634426	
526.5525197	97	3	0.9610504211	0.007309733979	86.21492916	13.78507084	54.78846823	45.21153177	0	0	-526.5525197	0.007309733979	-193219.737238885	
523.9925197	97	3	0.961338187	0.007296846154	86.05965936	13.94034064	54.55860989	45.44139011	0	0	-523.9925197	0.007296846154	-205081.579186613	
521.4325197	97	3	0.9616233609	0.007284721746	85.90297881	14.09702119	54.32859928	45.67140072	0	0	-521.4325197	0.007284721746	-218435.664195057	
518.8725197	97	3	0.961905998	0.007273357595	85.74487267	14.25512733	54.0984233	45.9015767	0	0	-518.8725197	0.007273357595	-233591.066500781	
516.3125197	97	3	0.9621861526	0.00726275093	85.58532599	14.41467401	53.86806872	46.13193128	0	0	-516.3125197	0.00726275093	-250948.863266242	
513.7525197	97	3	0.9624638776	0.007252899367	85.42432366	14.57567634	53.6375222	46.3624778	0	0	-513.7525197	0.007252899367	-271039.088134904	
511.1925197	97	3	0.9627392247	0.007243800902	85.26185046	14.73814954	53.40677029	46.59322971	0	0	-511.1925197	0.007243800902	-294577.323859318	
508.6325197	97	3	0.9630122446	0.007235453911	85.09789105	14.90210895	53.17579941	46.82420059	0	0	-508.6325197	0.007235453911	-322554.166309436	
506.0725197	97	3	0.9632829867	0.007227857151	84.93242995	15.06757005	52.94459585	47.05540415	0	0	-506.0725197	0.007227857151	-336279.65284972	
504.7925197	97	3	0.9634174472	0.003613791312	84.84913119	15.15086881	52.82890238	47.17109762	0	0	-504.7925197	0.003613791312	-556647.038157774	
503.5125197	97	3	0.9635512548	0.00361149329	84.76545137	15.23454863	52.71314568	47.28685432	0	0	-503.5125197	0.00361149329	-556293.256792131	
502.8725197	97	3	0.9636179304	0.001805762889	84.72346781	15.27653219	52.65524298	47.34475702	0	0	-502.8725197	0.001805762889	-354.404620186934	
502.5525197	97	3	0.963651199	0.0009028113345	84.70244005	15.29755995	52.62628547	47.37371453	0	0	-502.5525197	0.0009028113345	-2448041.93321941	
502.2325197	97	3	0.9636844317	0.0009026806367	84.68138823	15.31861177	52.5973238	47.4026762	0	0	-502.2325197	0.0009026806367	-2447687.55298481	
502.0725197	97	3	0.9637010313	0.0004513272475	84.6708533	15.3291467	52.5828419	47.4171581	0	0	-502.0725197	0.0004513272475	-354.518633509352	
501.9925197	97	3	0.9637093276	0.0002256784478	84.66558288	15.33441712	52.57559996	47.42440004	0	0	-501.9925197	0.0002256784478	-4222618.49925423	
501.9125197	97	3	0.9637176222	0.0002256595038	84.66031165	15.33968835	52.56835811	47.43164189	0	0	-501.9125197	0.0002256595038	-4222264.31151033	
501.8725197	97	3	0.9637217677	0.0001127990401	84.65767584	15.34232416	52.56473698	47.43526302	0	0	-501.8725197	0.0001127990401	-354.545170593852	
501.8525197	97	3	0.9637238402	5.639869309E-05	84.65635778	15.34364222	52.56292641	47.43707359	0	0	-501.8525197	5.639869309E-05	1286791.51511619	
501.8325197	97	3	0.963725913	5.641423991E-05	84.65503945	15.34496055	52.56111586	47.43888414	0	0	-501.8325197	5.641423991E-05	1287146.13371483	
501.8225197	97	3	0.9637269492	2.819895724E-05	84.65438033	15.34561967	52.56021056	47.43978944	0	0	-501.8225197	2.819895724E-05	-354.41785634221	
501.8125197	97	3	0.9637279855	2.820700816E-05	84.65372111	15.34627889	52.55930527	47.44069473	0	0	-501.8125197	2.820700816E-05	-354.339184256351	
501.7725197	97	3	0.9637321306	0.0001128367654	84.65108389	15.34891611	52.555684	47.444316	0	0	-501.7725197	0.0001128367654	-2009.98988997728	
501.7525197	97	3	0.9637342021	5.639899588E-05	84.64976501	15.35023499	52.55387331	47.44612669	0	0	-501.7525197	5.639899588E-05	32289666.6336182	
501.7125197	97	3	0.9637383466	0.0001128349072	84.64712735	15.35287265	52.55025222	47.44974778	0	0	-501.7125197	0.0001128349072	708.842737567254	
501.6325197	97	3	0.9637466349	0.0002256713133	84.64185046	15.35814954	52.54300954	47.45699046	0	0	-501.6325197	0.0002256713133	709.028377867239	
501.4725197	97	3	0.9637632065	0.0004513084731	84.63129362	15.36870638	52.52852355	47.47147645	0	0	-501.4725197	0.0004513084731	709.197573923527	
501.1525197	97	3	0.963796331	0.0009024024625	84.61016042	15.38983958	52.49954716	47.50045284	0	0	-501.1525197	0.0009024024625	709.459051877344	
500.5125197	97	3	0.9638625041	0.001804313887	84.56782145	15.43217855	52.44158254	47.55841746	0	0	-500.5125197	0.001804313887	709.773878013623	
499.2325197	97	3	0.963994554	0.003606843172	84.48285236	15.51714764	52.32560114	47.67439886	0	0	-499.2325197	0.003606843172	710.437990455924	
496.6725197	97	3	0.9642574868	0.007206967752	84.31174258	15.68825742	52.09342346	47.90657654	0	0	-496.6725197	0.007206967752	-547965.057821996	
494.1125197	97	3	0.9645182199	0.007202289835	84.13905699	15.86094301	51.86094707	48.13905293	0	0	-494.1125197	0.007202289835	-674232.442681865	
491.5525197	97	3	0.964776937	0.007198943701	83.96477953	16.03522047	51.62815746	48.37184254	0	0	-491.5525197	0.007198943701	-889713.558613818	
488.9925197	97	3	0.9650336812	0.007196348392	83.78889393	16.21110607	51.39503991	48.60496009	0	0	-488.9925197	0.007196348392	-1222286.35241967	
486.4325197	97	3	0.9652884945	0.007194506291	83.61138376	16.38861624	51.16157949	48.83842051	0	0	-486.4325197	0.007194506291	-1997060.23258952	
483.8725197	97	3	0.9655414185	0.007193419427	83.43223251	16.56776749	50.92776108	49.07223892	0	0	-483.8725197	0.007193419427	-6515814.25482567	
481.3125197	97	3	0.9657924937	0.00719309021	83.25142353	16.74857647	50.69356939	49.30643061	0	0	-481.3125197	0.00719309021	-52030635.3765226	
478.7525197	97	3	0.9660417598	0.007193521437	83.06894007	16.93105993	50.45898889	49.54101111	0	0	-478.7525197	0.007193521437	4930395.3292484	
476.1925197	97	3	0.9662892559	0.007194716293	82.88476528	17.11523472	50.22400386	49.77599614	0	0	-476.1925197	0.007194716293	1825432.42412603	
473.6325197	97	3	0.9665350202	0.007196678355	82.6988822	17.3011178	49.98859834	50.01140166	0	0	-473.6325197	0.007196678355	1150915.34661652	
471.0725197	97	3	0.9667790904	0.007199411596	82.51127377	17.48872623	49.75275615	50.24724385	0	0	-471.0725197	0.007199411596	845967.0954411	
468.5125197	97	3	0.9670215034	0.00720292039	82.32192285	17.67807715	49.51646088	50.48353912	0	0	-468.5125197	0.00720292039	669868.25942915	
465.9525197	97	3	0.9672622954	0.007207209516	82.13081218	17.86918782	49.27969585	50.72030415	0	0	-465.9525197	0.007207209516	554538.602441524	
463.3925197	97	3	0.9675015021	0.007212284164	81.93792444	18.06207556	49.04244414	50.95755586	0	0	-463.3925197	0.007212284164	472909.270056959	
460.8325197	97	3	0.9677391583	0.007218149938	81.7432422	18.2567578	48.80468856	51.19531144	0	0	-460.8325197	0.007218149938	411984.114192008	
458.2725197	97	3	0.9679752985	0.007224812856	81.54674797	18.45325203	48.56641163	51.43358837	0	0	-458.2725197	0.007224812856	364715.615273999	
455.7125197	97	3	0.9682099565	0.00723227939	81.34842419	18.65157581	48.32759559	51.67240441	0	0	-455.7125197	0.00723227939	326940.527781084	
453.1525197	97	3	0.9684431655	0.007240556428	81.14825321	18.85174679	48.08822238	51.91177762	0	0	-453.1525197	0.007240556428	296037.968306433	
450.5925197	97	3	0.9686749582	0.007249651303	80.94621734	19.05378266	47.84827364	52.15172636	0	0	-450.5925197	0.007249651303	270272.927338412	
448.0325197	97	3	0.9689053668	0.007259571802	80.74229882	19.25770118	47.60773065	52.39226935	0	0	-448.0325197	0.007259571802	248450.68479771	
445.4725197	97	3	0.9691344229	0.007270326169	80.53647984	19.46352016	47.36657441	52.63342559	0	0	-445.4725197	0.007270326169	229721.237281011	
442.9125197	97	3	0.9693621577	0.007281923121	80.32874256	19.67125744	47.12478552	52.87521448	0	0	-442.9125197	0.007281923121	213463.083219601	
440.3525197	97	3	0.9695886018	0.007294371851	80.1190691	19.8809309	46.88234426	53.11765574	0	0	-440.3525197	0.007294371851	199211.213377678	
437.7925197	97	3	0.9698137855	0.007307682041	79.90744153	20.09255847	46.63923051	53.36076949	0	0	-437.7925197	0.007307682041	186610.635249186	
435.2325197	97	3	0.9700377384	0.007321863874	79.69384194	20.30615806	46.39542377	53.60457623	0	0	-435.2325197	0.007321863874	175385.64944438	
432.6725197	97	3	0.97026049	0.007336928042	79.47825239	20.52174761	46.15090314	53.84909686	0	0	-432.6725197	0.007336928042	165318.858942243	
430.1125197	97	3	0.9704820691	0.00735288576	79.26065494	20.73934506	45.90564731	54.09435269	0	0	-430.1125197	0.00735288576	156236.484972839	
427.5525197	97	3	0.9707025041	0.007369748781	79.04103165	20.95896835	45.65963451	54.34036549	0	0	-427.5525197	0.007369748781	147997.96555313	
424.9925197	97	3	0.9709218233	0.007387529405	78.81936462	21.18063538	45.41284255	54.58715745	0	0	-424.9925197	0.007387529405	140488.3853149	
422.4325197	97	3	0.9711400543	0.007406240494	78.59563599	21.40436401	45.16524875	54.83475125	0	0	-422.4325197	0.007406240494	133612.849024909	
419.8725197	97	3	0.9713572244	0.00742589549	78.36982791	21.63017209	44.91682996	55.08317004	0	0	-419.8725197	0.00742589549	127299.308610759	
417.3125197	97	3	0.9715733606	0.007446505988	78.14192261	21.85807739	44.66756252	55.33243748	0	0	-417.3125197	0.007446505988	121468.469927288	
414.7525197	97	3	0.9717884896	0.007468091369	77.9119024	22.0880976	44.41742225	55.58257775	0	0	-414.7525197	0.007468091369	116061.783675239	
412.1925197	97	3	0.9720026377	0.007490664598	77.67974965	22.32025035	44.16638441	55.83361559	0	0	-412.1925197	0.007490664598	111047.067702138	
409.6325197	97	3	0.9722158308	0.007514241587	77.44544687	22.55455313	43.91442373	56.08557627	0	0	-409.6325197	0.007514241587	106311.493262205	
407.0725197	97	3	0.9724280956	0.00753887088	77.20897664	22.79102336	43.66151343	56.33848657	0	0	-407.0725197	0.00753887088	101989.068516626	
404.5125197	97	3	0.9726394558	0.007564481356	76.97032171	23.02967829	43.40762876	56.59237124	0	0	-404.5125197	0.007564481356	97983.1105016133	
401.9525197	97	3	0.9728499371	0.007591169149	76.72946498	23.27053502	43.15274174	56.84725826	0	0	-401.9525197	0.007591169149	94100.0011451781	
399.3925197	97	3	0.9730595644	0.007618934161	76.4863895	23.5136105	42.89682461	57.10317539	0	0	-399.3925197	0.007618934161	90488.9440192216	
396.8325197	97	3	0.9732683622	0.007647792882	76.24107855	23.75892145	42.63984891	57.36015109	0	0	-396.8325197	0.007647792882	87090.8323471543	
394.2725197	97	3	0.9734763548	0.007677765524	75.9935156	24.0064844	42.38178544	57.61821456	0	0	-394.2725197	0.007677765524	83882.0972842045	
391.7125197	97	3	0.9736835662	0.007708873098	75.74368436	24.25631564	42.1226043	57.8773957	0	0	-391.7125197	0.007708873098	80846.7449849179	
389.1525197	97	3	0.9738900201	0.007741137439	75.49156882	24.50843118	41.86227479	58.13772521	0	0	-389.1525197	0.007741137439	77970.5610982247	
386.5925197	97	3	0.9740957401	0.007774581236	75.23715325	24.76284675	41.60076542	58.39923458	0	0	-386.5925197	0.007774581236	75240.8702294421	
384.0325197	97	3	0.9743007495	0.007809228059	74.98042223	25.01957777	41.33804385	58.66195615	0	0	-384.0325197	0.007809228059	72646.3337608505	
381.4725197	97	3	0.9745050713	0.007845102392	74.7213607	25.2786393	41.07407687	58.92592313	0	0	-381.4725197	0.007845102392	70176.7775705661	
378.9125197	97	3	0.9747087284	0.007882229663	74.45995397	25.54004603	40.80883038	59.19116962	0	0	-378.9125197	0.007882229663	67823.0470618184	
376.3525197	97	3	0.9749117435	0.00792063628	74.19618777	25.80381223	40.5422693	59.4577307	0	0	-376.3525197	0.00792063628	65576.8768400366	
373.7925197	97	3	0.9751141391	0.007960349671	73.93004827	26.06995173	40.27435757	59.72564243	0	0	-373.7925197	0.007960349671	63430.7932717811	
371.2325197	97	3	0.9753159374	0.008001398313	73.66152212	26.33847788	40.0050581	59.9949419	0	0	-371.2325197	0.008001398313	61378.0200018911	
368.6725197	97	3	0.9755171605	0.00804381178	73.39059649	26.60940351	39.73433274	60.26566726	0	0	-368.6725197	0.00804381178	59412.3909957944	
366.1125197	97	3	0.9757178303	0.008087620785	73.11725914	26.88274086	39.46214217	60.53785783	0	0	-366.1125197	0.008087620785	57528.290776949	
363.5525197	97	3	0.9759179685	0.008132857222	72.8414984	27.1585016	39.18844592	60.81155408	0	0	-363.5525197	0.008132857222	55720.5929267947	
360.9925197	97	3	0.9761175968	0.008179554215	72.56330328	27.43669672	38.91320228	61.08679772	0	0	-360.9925197	0.008179554215	55460.7774057068	
359.7125197	97	3	0.9762170436	0.004105279446	72.42328802	27.57671198	38.77498638	61.22501362	0	0	-359.7125197	0.004105279446	88094.5831841415	
358.4325197	97	3	0.9763163486	0.004119861661	72.28266234	27.71733766	38.63636809	61.36363191	0	0	-358.4325197	0.004119861661	88407.4218066535	
357.7925197	97	3	0.9763659075	0.002063936458	72.2121189	27.7878811	38.56690541	61.43309459	0	0	-357.7925197	0.002063936458	-310.753112265418	
357.4725197	97	3	0.9763906609	0.001033278479	72.17678982	27.82321018	38.53213577	61.46786423	0	0	-357.4725197	0.001033278479	340046.989522672	
357.1525197	97	3	0.9764154087	0.001034220387	72.14142234	27.85857766	38.49734036	61.50265964	0	0	-357.1525197	0.001034220387	340356.763050751	
356.9925197	97	3	0.9764277754	0.0005173638329	72.12372416	27.87627584	38.47993293	61.52006707	0	0	-356.9925197	0.0005173638329	675985.808444847	
356.8325197	97	3	0.9764401417	0.0005176006328	72.1060164	27.8939836	38.46251903	61.53748097	0	0	-356.8325197	0.0005176006328	676295.200034108	
356.7525197	97	3	0.9764463225	0.0002588639459	72.097158	27.902842	38.45380964	61.54619036	0	0	-356.7525197	0.0002588639459	-309.017707720268	
356.7125197	97	3	0.9764494116	0.0001293844235	72.09272888	27.90727112	38.44945505	61.55054495	0	0	-356.7125197	0.0001293844235	-309.170794767361	
356.6925197	97	3	0.9764509566	6.472050006E-05	72.09051405	27.90948595	38.44727684	61.55272316	0	0	-356.6925197	6.472050006E-05	-309.111923439486	
356.6825197	97	3	0.9764517291	3.236035195E-05	72.08940656	27.91059344	38.44618773	61.55381227	0	0	-356.6825197	3.236035195E-05	-668.856363236588	
356.6425197	97	3	0.9764548202	0.0001295308302	72.08497491	27.91502509	38.44183114	61.55816886	0	0	-356.6425197	0.0001295308302	-1751.04915853702	
356.6225197	97	3	0.9764563648	6.472104048E-05	72.0827602	27.9172398	38.43965372	61.56034628	0	0	-356.6225197	6.472104048E-05	2430481.85888644	
356.5825197	97	3	0.976459455	0.0001295061406	72.07832839	27.92167161	38.43529751	61.56470249	0	0	-356.5825197	0.0001295061406	617.396807955598	
356.5025197	97	3	0.9764656368	0.0002590946727	72.06946287	27.93053713	38.42658232	61.57341768	0	0	-356.5025197	0.0002590946727	617.323072642913	
356.3425197	97	3	0.9764779996	0.0005182912669	72.05172659	27.94827341	38.40914849	61.59085151	0	0	-356.3425197	0.0005182912669	617.176691046651	
356.0225197	97	3	0.976502725	0.001036975387	72.01622336	27.98377664	38.37426123	61.62573877	0	0	-356.0225197	0.001036975387	616.562086942996	
355.3825197	97	3	0.9765521819	0.002076285365	71.94510147	28.05489853	38.30440803	61.69559197	0	0	-355.3825197	0.002076285365	615.0971429742	
354.1025197	97	3	0.976651121	0.004161993926	71.80239557	28.19760443	38.16438445	61.83561555	0	0	-354.1025197	0.004161993926	92315.0111131631	
352.8225197	97	3	0.9767499362	0.004175769119	71.65907195	28.34092805	38.02393199	61.97606801	0	0	-352.8225197	0.004175769119	94743.2479223409	
351.5425197	97	3	0.9768486458	0.004189033606	71.51513111	28.48486889	37.88304582	62.11695418	0	0	-351.5425197	0.004189033606	95650.6756006631	
350.2625197	97	3	0.9769472531	0.004202537455	71.37057088	28.62942912	37.74171907	62.25828093	0	0	-350.2625197	0.004202537455	94100.7907112766	
348.9825197	97	3	0.9770457606	0.004216241422	71.22539089	28.77460911	37.59994583	62.40005417	0	0	-348.9825197	0.004216241422	92700.9739520403	
347.7025197	97	3	0.9771441707	0.004230156353	71.07959041	28.92040959	37.45771981	62.54228019	0	0	-347.7025197	0.004230156353	91297.2683441735	
346.4225197	97	3	0.9772424862	0.004244284947	70.93316874	29.06683126	37.31503462	62.68496538	0	0	-346.4225197	0.004244284947	89919.8097894269	
345.1425197	97	3	0.9773407095	0.004258629438	70.78612528	29.21387472	37.17188374	62.82811626	0	0	-345.1425197	0.004258629438	88564.953453989	
343.8625197	97	3	0.9774388432	0.004273193625	70.63845947	29.36154053	37.02826057	62.97173943	0	0	-343.8625197	0.004273193625	87231.8764389216	
342.5825197	97	3	0.9775368899	0.004287979868	70.49017084	29.50982916	36.88415838	63.11584162	0	0	-342.5825197	0.004287979868	85923.1668647234	
341.3025197	97	3	0.9776348521	0.004302991082	70.34125899	29.65874101	36.73957031	63.26042969	0	0	-341.3025197	0.004302991082	84978.3383209842	
338.7425197	97	3	0.9778309652	0.0086525324	70.04156436	29.95843564	36.44890782	63.55109218	0	0	-338.7425197	0.0086525324	40153.2815496422	
336.1825197	97	3	0.9780267702	0.008715392928	69.73937413	30.26062587	36.15621742	63.84378258	0	0	-336.1825197	0.008715392928	40136.0943382977	
333.6225197	97	3	0.9782222872	0.008780155029	69.43468798	30.56531202	35.86143909	64.13856091	0	0	-333.6225197	0.008780155029	38957.3687867713	
331.0625197	97	3	0.9784175364	0.008846877059	69.12750716	30.87249284	35.56451139	64.43548861	0	0	-331.0625197	0.008846877059	37814.2630032564	
328.5025197	97	3	0.9786125378	0.008915613579	68.81783443	31.18216557	35.26537059	64.73462941	0	0	-328.5025197	0.008915613579	36706.9915966852	
325.9425197	97	3	0.9788073114	0.008986421506	68.50567423	31.49432577	34.96395052	65.03604948	0	0	-325.9425197	0.008986421506	35633.8768484825	
323.3825197	97	3	0.979001877	0.009059360232	68.19103278	31.80896722	34.66018247	65.33981753	0	0	-323.3825197	0.009059360232	34593.3473609846	
320.8225197	97	3	0.9791962543	0.009134491776	67.87391816	32.12608184	34.35399501	65.64600499	0	0	-320.8225197	0.009134491776	33583.9243957623	
318.2625197	97	3	0.9793904632	0.009211880945	67.55434047	32.44565953	34.04531385	65.95468615	0	0	-318.2625197	0.009211880945	32604.213909934	
315.7025197	97	3	0.9795845232	0.009291595517	67.23231196	32.76768804	33.73406165	66.26593835	0	0	-315.7025197	0.009291595517	31652.9004819279	
313.1425197	97	3	0.9797784541	0.009373706429	66.90784713	33.09215287	33.42015789	66.57984211	0	0	-313.1425197	0.009373706429	30728.7402062011	
310.5825197	97	3	0.9799722753	0.009458288001	66.58096294	33.41903706	33.10351858	66.89648142	0	0	-310.5825197	0.009458288001	29830.5533445914	
308.0225197	97	3	0.9801660066	0.009545418172	66.25167891	33.74832109	32.78405612	67.21594388	0	0	-308.0225197	0.009545418172	28957.2205258083	
305.4625197	97	3	0.9803596673	0.009635178764	65.9200173	34.0799827	32.46167906	67.53832094	0	0	-305.4625197	0.009635178764	28107.6770674335	
302.9025197	97	3	0.9805532772	0.009727655775	65.58600332	34.41399668	32.13629178	67.86370822	0	0	-302.9025197	0.009727655775	27280.9076935431	
300.3425197	97	3	0.9807468557	0.009822939709	65.24966526	34.75033474	31.8077943	68.1922057	0	0	-300.3425197	0.009822939709	27172.0655871083	
300	97	3	0.9807726427	0.001321540794	65.20448934	34.79551066	31.7636009	68.2363991	0	0	-300	0.001321540794	-27252.6451960467	
