T	w(AL)	w(MG)	w(SI)	fs	fw(@FCC_A1)	w(AL@FCC_A1)	w(MG@FCC_A1)	w(SI@FCC_A1)	w(AL@LIQUID)	w(MG@LIQUID)	w(SI@LIQUID)	dwdT_L(AL@LIQUID)	dwdT_L(MG@LIQUID)	dwdT_L(SI@LIQUID)	-T	fw(@FCC_A1)_1	-T//fw(@FCC_A1)	
K	%	%	%	mole/mole	kg/kg	%	%	%	%	%	%	SI	SI	SI				
861.3455424	85	8	7	0	0	97.81845641	1.643638845	0.5379047441	85	8	7	0.002321973761	-0.00115140632	-0.001170567441	-861.3455424	0	27.4351821132062	
861.3355424	85	8	7	0.000180492528	0.000181275967	97.81828213	1.643747719	0.5379701485	84.99767795	8.001151527	7.001170522	0	0	0	-861.3355424	0.000181275967	82.8938390525273	
861.3155424	85	8	7	0.0005409861518	0.0003621663652	97.81793367	1.643965361	0.538100967	84.99303383	8.003454405	7.003511769	0	0	0	-861.3155424	0.0003621663652	110.571521226336	
861.2755424	85	8	7	0.001261326045	0.0007238751999	97.81723691	1.644400513	0.538362582	84.98374457	8.008060642	7.008194792	0	0	0	-861.2755424	0.0007238751999	110.642660666759	
861.1955424	85	8	7	0.002699426848	0.00144618735	97.8158449	1.645269482	0.538885623	84.96516241	8.017274721	7.017562867	0	0	0	-861.1955424	0.00144618735	110.875466237545	
861.0355424	85	8	7	0.00556535088	0.002886140289	97.8130663	1.647002675	0.5399310287	84.92798358	8.035709306	7.036307115	0	0	0	-861.0355424	0.002886140289	111.356008005014	
860.7155424	85	8	7	0.01125639699	0.00574748755	97.80753074	1.650450122	0.5420191338	84.85356779	8.072604243	7.073827965	0	0	0	-860.7155424	0.00574748755	112.400767829438	
860.0755424	85	8	7	0.02246340489	0.01138552298	97.7965478	1.657266807	0.5461853931	84.70450757	8.146487641	7.149004788	0	0	0	-860.0755424	0.01138552298	114.545327154301	
858.7955424	85	8	7	0.04422992235	0.02236766845	97.77492853	1.670595263	0.5544762107	84.40546012	8.294654033	7.299885846	0	0	0	-858.7955424	0.02236766845	118.734766612042	
856.2355424	85	8	7	0.08533122764	0.04320199185	97.73305963	1.696050463	0.5708899087	83.80365573	8.59261121	7.60373306	0	0	0	-856.2355424	0.04320199185	-2045.26659005071	
853.6755424	85	8	7	0.1234348372	0.04185847921	97.69297235	1.71995719	0.5870704548	83.19687101	8.89285791	7.910271077	0	0	0	-853.6755424	0.04185847921	-1968.90047829975	
851.1155424	85	8	7	0.1588434165	0.04059646259	97.654633	1.742349141	0.6030178554	82.58510137	9.195426471	8.219472158	0	0	0	-851.1155424	0.04059646259	-2094.81719714137	
848.5555424	85	8	7	0.1918220279	0.0394097275	97.61800792	1.763260243	0.6187318369	81.96835276	9.500342773	8.531304469	0	0	0	-848.5555424	0.0394097275	-2224.9469298333	
845.9955424	85	8	7	0.2226023578	0.03829124591	97.5830634	1.782724591	0.6342120097	81.3466399	9.807626244	8.845733852	0	0	0	-845.9955424	0.03829124591	-2357.86748930799	
843.4355424	85	8	7	0.2513877228	0.03723474425	97.54976572	1.80077646	0.6494578199	80.71998744	10.11728947	9.16272309	0	0	0	-843.4355424	0.03723474425	-2493.27384312321	
840.8755424	85	8	7	0.2783572307	0.03623463116	97.51808113	1.817450342	0.6644685226	80.08843051	10.42933803	9.482231461	0	0	0	-840.8755424	0.03623463116	-2630.8633229635	
838.3155424	85	8	7	0.3036692376	0.03528590678	97.48797586	1.83278098	0.6792431569	79.45201531	10.74377037	9.804214327	0	0	0	-838.3155424	0.03528590678	-2770.31056686011	
835.7555424	85	8	7	0.3274642334	0.03438408675	97.45941609	1.846803384	0.6937805234	78.81079969	11.06057757	10.12862275	0	0	0	-835.7555424	0.03438408675	-2911.27076061214	
833.1955424	85	8	7	0.3498672645	0.03352513816	97.43236799	1.85955285	0.7080791636	78.16485363	11.37974326	10.45540311	0	0	0	-833.1955424	0.03352513816	-3053.38362386266	
830.6355424	85	8	7	0.3709899761	0.03270542534	97.4067977	1.87106496	0.7221373414	77.51425973	11.70124342	10.78449685	0	0	0	-830.6355424	0.03270542534	-3196.27833746139	
828.0755424	85	8	7	0.3909323433	0.03192166385	97.3826714	1.881375577	0.7359530269	76.85911364	12.02504626	11.1158401	0	0	0	-828.0755424	0.03192166385	-3339.57936207968	
825.5155424	85	8	7	0.4097841434	0.03117088128	97.35995528	1.890520839	0.7495238825	76.19952438	12.3511121	11.44936352	0	0	0	-825.5155424	0.03117088128	-3482.91308467653	
822.9555424	85	8	7	0.4276262141	0.03045038378	97.33861561	1.898537134	0.7628472519	75.53561465	12.67939331	11.78499204	0	0	0	-822.9555424	0.03045038378	-3625.91493642081	
820.3955424	85	8	7	0.4445315328	0.0297577273	97.31861877	1.905461075	0.7759201515	74.86752102	13.00983421	12.12264477	0	0	0	-820.3955424	0.0297577273	-3768.23686111149	
817.8355424	85	8	7	0.4605661457	0.02909069285	97.29993127	1.911329469	0.7887392644	74.19539404	13.34237113	12.46223483	0	0	0	-817.8355424	0.02909069285	-3909.55506924788	
815.2755424	85	8	7	0.4757899703	0.02844726513	97.28251979	1.916179273	0.8013009387	73.51939824	13.67693239	12.80366938	0	0	0	-815.2755424	0.02844726513	-4049.5774274039	
812.7155424	85	8	7	0.4902574918	0.02782561392	97.26635126	1.920047551	0.8136011874	72.83971202	14.01343841	13.14684958	0	0	0	-812.7155424	0.02782561392	-4188.05055351833	
810.1555424	85	8	7	0.5040183678	0.02722407789	97.25139289	1.92297142	0.8256356931	72.15652746	14.35180185	13.49167069	0	0	0	-810.1555424	0.02722407789	-4324.76611672901	
807.5955424	85	8	7	0.5171179561	0.02664115032	97.23761219	1.924987991	0.8373998156	71.47004997	14.69192781	13.83802222	0	0	0	-807.5955424	0.02664115032	-4459.56614489137	
805.0355424	85	8	7	0.5295977764	0.02607546651	97.22497709	1.92613431	0.8488886031	70.78049785	15.03371407	14.18578808	0	0	0	-805.0355424	0.02607546651	-4592.34722587375	
802.4755424	85	8	7	0.541495915	0.02552579253	97.2134559	1.926447289	0.8600968074	70.0881017	15.37705139	14.53484691	0	0	0	-802.4755424	0.02552579253	-4723.06312077528	
799.9155424	85	8	7	0.5528473808	0.02499101508	97.20301746	1.925963636	0.8710189025	69.39310373	15.72182394	14.88507232	0	0	0	-799.9155424	0.02499101508	-4851.72604615227	
797.3555424	85	8	7	0.5636844183	0.02447013229	97.19363111	1.924719785	0.8816491068	68.69575699	16.06790967	15.23633334	0	0	0	-797.3555424	0.02447013229	-4978.40671325727	
794.7955424	85	8	7	0.5740367848	0.02396224531	97.18526677	1.922751819	0.8919814094	67.9963244	16.41518081	15.58849479	0	0	0	-794.7955424	0.02396224531	-5103.23240794775	
792.2355424	85	8	7	0.5839319949	0.02346655042	97.177895	1.920095398	0.9020095989	67.29507777	16.76350441	15.94141781	0	0	0	-792.2355424	0.02346655042	-5226.38721800993	
789.6755424	85	8	7	0.5933955379	0.0229823323	97.17148702	1.916785691	0.9117272915	66.59229667	17.11274295	16.29496038	0	0	0	-789.6755424	0.0229823323	-5348.0533418405	
787.1155424	85	8	7	0.6024510661	0.02250894764	97.16601476	1.912857242	0.9211279961	65.8882675	17.46275478	16.64897772	0	0	0	-787.1155424	0.02250894764	-5468.68644269253	
784.5555424	85	8	7	0.6111205821	0.02204586616	97.16145085	1.908344104	0.9302050481	65.18328105	17.81339541	17.00332354	0	0	0	-784.5555424	0.02204586616	-5588.36977982286	
781.9955424	85	8	7	0.6194245606	0.02159255102	97.15776876	1.903279402	0.9389518358	64.47763357	18.16451702	17.35784941	0	0	0	-781.9955424	0.02159255102	-5707.47399208507	
779.4355424	85	8	7	0.627382114	0.02114860132	97.15494272	1.897695623	0.9473616598	63.77162306	18.51597028	17.71240666	0	0	0	-779.4355424	0.02114860132	-5826.57838392478	
776.8755424	85	8	7	0.6350110986	0.02071363553	97.15294775	1.891624382	0.9554278662	63.06554911	18.86760455	18.06684635	0	0	0	-776.8755424	0.02071363553	-5945.9040358794	
774.3155424	85	8	7	0.6423282254	0.02028733019	97.15175974	1.885096393	0.9631438708	62.35971134	19.21926862	18.42102004	0	0	0	-774.3155424	0.02028733019	-6065.90545648328	
771.7555424	85	8	7	0.649349157	0.01986940714	97.15135537	1.878141428	0.9705032024	61.65440804	19.57081149	18.77478047	0	0	0	-771.7555424	0.01986940714	-6187.00066244744	
769.1955424	85	8	7	0.6560885939	0.0194596284	97.15171219	1.870788267	0.9774995456	60.94993491	19.92208298	19.12798211	0	0	0	-769.1955424	0.0194596284	-6309.61112497789	
766.6355424	85	8	7	0.6625603524	0.01905779127	97.15280856	1.86306466	0.9841267831	60.24658378	20.27293443	19.48048178	0	0	0	-766.6355424	0.01905779127	-6434.15664446989	
764.0755424	85	8	7	0.6687774335	0.01866372364	97.15462367	1.854997298	0.9903790356	59.54464147	20.62321934	19.83213919	0	0	0	-764.0755424	0.01866372364	-6564.76158516838	
761.5155424	85	8	7	0.6747522449	0.01827770355	97.157137	1.846611856	0.9962511469	58.8443793	20.97279762	20.18282308	0	0	0	-761.5155424	0.01827770355	-6691.79436337388	
758.9555424	85	8	7	0.6804960855	0.01789848653	97.16033049	1.837932443	1.001737066	58.14609046	21.32151995	20.5323896	0	0	0	-758.9555424	0.01789848653	-6821.08387789063	
756.3955424	85	8	7	0.686019952	0.01752693326	97.16418504	1.828982789	1.006832168	57.45003002	21.66925477	20.88071521	0	0	0	-756.3955424	0.01752693326	-6959.76437177033	
753.8355424	85	8	7	0.6913341515	0.01716268443	97.16868294	1.819785165	1.011531899	56.75645449	22.0158696	21.22767591	0	0	0	-753.8355424	0.01716268443	-7099.98051073089	
751.2755424	85	8	7	0.696448432	0.01680565982	97.17380716	1.810360725	1.015832111	56.0656108	22.36123654	21.57315266	0	0	0	-751.2755424	0.01680565982	-7244.42662724988	
748.7155424	85	8	7	0.7013720204	0.01645578943	97.17954139	1.800729513	1.019729092	55.3777356	22.70523269	21.91703171	0	0	0	-748.7155424	0.01645578943	-7393.44316987503	
746.1555424	85	8	7	0.7061136564	0.01611300919	97.18586993	1.790910476	1.02321959	54.69305484	23.04774035	22.25920481	0	0	0	-746.1555424	0.01611300919	-7547.33886535362	
743.5955424	85	8	7	0.7106816237	0.01577725897	97.19277769	1.780921482	1.02630083	54.01178329	23.38864734	22.59956937	0	0	0	-743.5955424	0.01577725897	-7706.40582862187	
741.0355424	85	8	7	0.7150837777	0.01544848057	97.20025013	1.77077934	1.028970532	53.3341243	23.72784711	22.9380286	0	0	0	-741.0355424	0.01544848057	-7870.91810145659	
738.4755424	85	8	7	0.7193275723	0.01512661614	97.20827325	1.760499828	1.031226921	52.66026955	24.0652389	23.27449154	0	0	0	-738.4755424	0.01512661614	-8041.1316586846	
735.9155424	85	8	7	0.7234200828	0.01481160672	97.21683354	1.750097721	1.03306874	51.990399	24.40072784	23.60887316	0	0	0	-735.9155424	0.01481160672	-8217.28525950323	
733.3555424	85	8	7	0.7273680285	0.01450339121	97.22591792	1.739586826	1.034495254	51.3246808	24.73422492	23.94109427	0	0	0	-733.3555424	0.01450339121	-8399.60037528816	
730.7955424	85	8	7	0.7311777925	0.01420190537	97.23551374	1.728980011	1.035506253	50.66327143	25.06564704	24.27108153	0	0	0	-730.7955424	0.01420190537	-8588.28224601517	
728.2355424	85	8	7	0.7348554407	0.01390708126	97.2456087	1.718289245	1.036102057	50.00631574	25.39491695	24.59876731	0	0	0	-728.2355424	0.01390708126	-8783.52137046227	
725.6755424	85	8	7	0.738406739	0.01361884672	97.25619085	1.707525637	1.03628351	49.35394722	25.72196314	24.92408964	0	0	0	-725.6755424	0.01361884672	-8985.49236644334	
723.1155424	85	8	7	0.7418371695	0.01333712504	97.26724855	1.696699471	1.036051975	48.7062882	26.04671979	25.246992	0	0	0	-723.1155424	0.01333712504	-9194.35642256693	
720.5555424	85	8	7	0.7451519462	0.01306183488	97.27877042	1.685820247	1.035409332	48.06345021	26.36912657	25.56742322	0	0	0	-720.5555424	0.01306183488	-9410.26146950132	
717.9955424	85	8	7	0.7483560282	0.01279289019	97.29074532	1.674896718	1.034357964	47.42553424	26.68912852	25.88533725	0	0	0	-717.9955424	0.01279289019	-9633.34293954873	
715.4355424	85	8	7	0.7514541339	0.01253020036	97.30316231	1.663936935	1.032900751	46.79263117	27.00667586	26.20069298	0	0	0	-715.4355424	0.01253020036	-9863.7240568835	
712.8755424	85	8	7	0.7544507529	0.01227367033	97.31601066	1.652948279	1.031041056	46.16482217	27.3217238	26.51345403	0	0	0	-712.8755424	0.01227367033	-10101.5163711955	
710.3155424	85	8	7	0.7573501581	0.01202320089	97.32927978	1.641937503	1.028782712	45.54217909	27.63423235	26.82358856	0	0	0	-710.3155424	0.01202320089	-10346.8220134856	
707.7555424	85	8	7	0.7601564165	0.01177868901	97.34295923	1.630910766	1.026130008	44.92476495	27.94416606	27.13106898	0	0	0	-707.7555424	0.01177868901	-10599.7321200783	
705.1955424	85	8	7	0.7628734002	0.01154002813	97.35703866	1.619873674	1.02308767	44.31263434	28.25149388	27.43587178	0	0	0	-705.1955424	0.01154002813	-10860.3279721471	
702.6355424	85	8	7	0.7655047955	0.01130710859	97.37150784	1.608831309	1.01966085	43.70583388	28.55618883	27.73797728	0	0	0	-702.6355424	0.01130710859	-11128.6822136123	
700.0755424	85	8	7	0.768054113	0.01107981801	97.38635663	1.597788268	1.015855104	43.10440271	28.85822789	28.03736941	0	0	0	-700.0755424	0.01107981801	-11404.8583195898	
697.5155424	85	8	7	0.7705246961	0.0108580417	97.40157493	1.586748692	1.011676377	42.50837287	29.15759168	28.33403544	0	0	0	-697.5155424	0.0108580417	-11688.9141793836	
694.9555424	85	8	7	0.7729197296	0.01064166317	97.41715272	1.575716298	1.007130984	41.91776984	29.45426431	28.62796585	0	0	0	-694.9555424	0.01064166317	-11980.8938997891	
692.3955424	85	8	7	0.7752422475	0.01043056423	97.43308	1.564694406	1.002225592	41.33261289	29.74823311	28.919154	0	0	0	-692.3955424	0.01043056423	-12280.8391150746	
689.8355424	85	8	7	0.7774951405	0.01022462585	97.44934683	1.553685973	0.9969671977	40.75291554	30.03948844	29.20759602	0	0	0	-689.8355424	0.01022462585	-12588.784319637	
687.2755424	85	8	7	0.7796811638	0.01002372811	97.46594327	1.542693611	0.9913631153	40.17868597	30.32802349	29.49329054	0	0	0	-687.2755424	0.01002372811	-12904.7527224234	
684.7155424	85	8	7	0.781802943	0.009827750812	97.48285943	1.531719621	0.9854209521	39.60992743	30.61383405	29.77623852	0	0	0	-684.7155424	0.009827750812	-13228.7646633451	
682.1555424	85	8	7	0.7838629811	0.009636573713	97.5000854	1.520766007	0.9791485921	39.04663858	30.89691836	30.05644305	0	0	0	-682.1555424	0.009636573713	-13560.8320407863	
679.5955424	85	8	7	0.7858636649	0.009450076877	97.51761132	1.509834507	0.9725541769	38.48881391	31.17727688	30.33390921	0	0	0	-679.5955424	0.009450076877	-13900.9611975149	
677.0355424	85	8	7	0.7878072702	0.009268140955	97.5354273	1.498926608	0.9656460873	37.93644403	31.45491214	30.60864383	0	0	0	-677.0355424	0.009268140955	-14249.1520803891	
674.4755424	85	8	7	0.7896959678	0.009090647454	97.55352351	1.488043567	0.9584329252	37.38951606	31.72982856	30.88065538	0	0	0	-674.4755424	0.009090647454	-14605.3986452767	
671.9155424	85	8	7	0.7915318284	0.008917478976	97.57189008	1.47718643	0.9509234952	36.84801389	32.00203229	31.14995382	0	0	0	-671.9155424	0.008917478976	-14969.6889835452	
669.3555424	85	8	7	0.7933168281	0.008748519437	97.59051717	1.466356047	0.9431267875	36.31191852	32.27153108	31.41655041	0	0	0	-669.3555424	0.008748519437	-15342.0056256976	
666.7955424	85	8	7	0.7950528527	0.008583654262	97.60939495	1.455553092	0.9350519603	35.78120829	32.53833407	31.68045763	0	0	0	-666.7955424	0.008583654262	-15722.3256774442	
664.2355424	85	8	7	0.7967417023	0.008422770557	97.6285136	1.444778073	0.9267083229	35.25585922	32.80245176	31.94168903	0	0	0	-664.2355424	0.008422770557	-16110.6206802696	
661.6755424	85	8	7	0.7983850956	0.008265757254	97.64786333	1.434031347	0.9181053191	34.73584516	33.06389577	32.20025907	0	0	0	-661.6755424	0.008265757254	-16506.856953076	
659.1155424	85	8	7	0.7999846741	0.008112505245	97.66743435	1.423313136	0.9092525111	34.22113809	33.32267881	32.4561831	0	0	0	-659.1155424	0.008112505245	-16910.9958360593	
656.5555424	85	8	7	0.8015420057	0.00796290749	97.6872169	1.412623533	0.9001595634	33.71170831	33.57881451	32.70947717	0	0	0	-656.5555424	0.00796290749	-17322.9937168753	
653.9955424	85	8	7	0.8030585885	0.007816859111	97.70720125	1.401962519	0.8908362281	33.20752465	33.83231736	32.96015799	0	0	0	-653.9955424	0.007816859111	-17742.8018525635	
651.4355424	85	8	7	0.8045358542	0.007674257461	97.7273777	1.39132997	0.8812923291	32.70855462	34.08320258	33.2082428	0	0	0	-651.4355424	0.007674257461	-18170.3668786508	
648.8755424	85	8	7	0.8059751712	0.007535002192	97.74773659	1.380725667	0.8715377482	32.21476464	34.33148603	33.45374933	0	0	0	-648.8755424	0.007535002192	-18605.6309685012	
646.3155424	85	8	7	0.8073778482	0.007398995296	97.76826829	1.370149303	0.8615824105	31.72612015	34.57718415	33.6966957	0	0	0	-646.3155424	0.007398995296	-19048.5316980621	
643.7555424	85	8	7	0.8087451367	0.007266141141	97.78896323	1.359600495	0.8514362711	31.24258578	34.82031387	33.93710035	0	0	0	-643.7555424	0.007266141141	-19499.0023495099	
641.1955424	85	8	7	0.810078234	0.007136346491	97.80981191	1.349078789	0.8411093015	30.76412549	35.06089253	34.17498198	0	0	0	-641.1955424	0.007136346491	-19956.9717633214	
638.6355424	85	8	7	0.8113782857	0.007009520516	97.83080486	1.338583667	0.8306114768	30.29070267	35.29893783	34.41035949	0	0	0	-638.6355424	0.007009520516	-20422.3647369737	
636.0755424	85	8	7	0.8126463883	0.006885574796	97.85193268	1.328114554	0.8199527633	29.82228028	35.53446776	34.64325195	0	0	0	-636.0755424	0.006885574796	-20895.1022098698	
633.5155424	85	8	7	0.8138835917	0.006764423314	97.87318607	1.317670823	0.8091431061	29.35882094	35.76750055	34.87367851	0	0	0	-633.5155424	0.006764423314	-21375.1013286491	
630.9555424	85	8	7	0.8150909015	0.006645982443	97.89455578	1.307251804	0.798192418	28.90028704	35.99805458	35.10165838	0	0	0	-630.9555424	0.006645982443	-21862.2755703042	
628.3955424	85	8	7	0.8162692806	0.006530170925	97.91603265	1.296856783	0.7871105678	28.44664079	36.22614842	35.32721079	0	0	0	-628.3955424	0.006530170925	-22356.5345106061	
625.8355424	85	8	7	0.8174196519	0.006416909842	97.93760762	1.286485014	0.7759073694	27.99784435	36.4518007	35.55035495	0	0	0	-625.8355424	0.006416909842	-22857.7846122963	
623.2755424	85	8	7	0.8185429001	0.006306122591	97.95927171	1.276135716	0.7645925717	27.55385988	36.6750301	35.77111003	0	0	0	-623.2755424	0.006306122591	-23365.9291550335	
620.7155424	85	8	7	0.8196398731	0.006197734844	97.98101607	1.265808086	0.753175848	27.11464958	36.89585533	35.98949509	0	0	0	-620.7155424	0.006197734844	-23880.8682566769	
618.1555424	85	8	7	0.8207113841	0.006091674513	98.00283192	1.255501292	0.7416667866	26.68017579	37.1142951	36.2055291	0	0	0	-618.1555424	0.006091674513	-24402.4990008217	
615.5955424	85	8	7	0.8217582134	0.005987871704	98.02471063	1.245214487	0.7300748814	26.25040103	37.33036806	36.41923091	0	0	0	-615.5955424	0.005987871704	-24930.7158532977	
613.0355424	85	8	7	0.8227811094	0.005886258678	98.04664367	1.234946806	0.7184095228	25.82528801	37.54409279	36.6306192	0	0	0	-613.0355424	0.005886258678	-25465.4106969815	
610.4755424	85	8	7	0.8237807906	0.0057867698	98.06862264	1.224697372	0.7066799893	25.40479973	37.75548778	36.83971249	0	0	0	-610.4755424	0.0057867698	-26006.472929326	
607.9155424	85	8	7	0.8247579467	0.005689341495	98.09063926	1.214465296	0.694895439	24.98889947	37.96457142	37.0465291	0	0	0	-607.9155424	0.005689341495	-26553.7894982653	
605.3555424	85	8	7	0.8257132403	0.005593912194	98.11268541	1.204249684	0.683064902	24.57755087	38.17136195	37.25108718	0	0	0	-605.3555424	0.005593912194	-27107.2457594588	
602.7955424	85	8	7	0.8266473076	0.005500422292	98.13475309	1.194049636	0.6711972726	24.1707179	38.37587747	37.45340462	0	0	0	-602.7955424	0.005500422292	-27666.724897991	
600.2355424	85	8	7	0.8275607601	0.005408814088	98.15683445	1.18386425	0.6593013022	23.76836494	38.57813592	37.65349915	0	0	0	-600.2355424	0.005408814088	-28232.1084202823	
597.6755424	85	8	7	0.8284541855	0.005319031743	98.17892178	1.173692625	0.6473855927	23.37045675	38.77815504	37.85138821	0	0	0	-597.6755424	0.005319031743	-28803.2763426452	
595.1155424	85	8	7	0.8293281487	0.005231021221	98.20100755	1.163533861	0.6354585898	22.97695854	38.97595241	38.04708905	0	0	0	-595.1155424	0.005231021221	-29380.1072620332	
592.5555424	85	8	7	0.8301831932	0.005144730245	98.22308436	1.153387066	0.6235285769	22.58783596	39.1715454	38.24061864	0	0	0	-592.5555424	0.005144730245	-29962.4789741871	
589.9955424	85	8	7	0.8310198417	0.005060108242	98.24514498	1.14325135	0.6116036692	22.2030551	39.36495117	38.43199373	0	0	0	-589.9955424	0.005060108242	-30550.2681894434	
587.4355424	85	8	7	0.8318385971	0.004977106296	98.26718236	1.133125835	0.5996918087	21.82258253	39.55618668	38.62123079	0	0	0	-587.4355424	0.004977106296	-31143.3507728795	
584.8755424	85	8	7	0.8326399435	0.004895677095	98.28918959	1.123009652	0.5878007584	21.44638528	39.74526865	38.80834607	0	0	0	-584.8755424	0.004895677095	-31741.6019633621	
582.3155424	85	8	7	0.833424347	0.004815774885	98.31115996	1.112901946	0.5759380981	21.07443087	39.93221358	38.99335555	0	0	0	-582.3155424	0.004815774885	-32344.8969896828	
579.7555424	85	8	7	0.8341922564	0.004737355421	98.33308691	1.102801873	0.5641112197	20.70668729	40.11703777	39.17627494	0	0	0	-579.7555424	0.004737355421	-32953.1105897072	
577.1955424	85	8	7	0.8349441041	0.004660375919	98.35496407	1.092708607	0.5523273231	20.34312304	40.29975725	39.35711971	0	0	0	-577.1955424	0.004660375919	-33566.1183217466	
574.6355424	85	8	7	0.8356803066	0.004584795014	98.37678525	1.08262134	0.5405934125	19.98370708	40.48038784	39.53590508	0	0	0	-574.6355424	0.004584795014	-34183.7951820457	
572.0755424	85	8	7	0.8364012655	0.004510572707	98.39854443	1.072539282	0.5289162926	19.62840887	40.65894512	39.71264601	0	0	0	-572.0755424	0.004510572707	-34806.0168244454	
569.5155424	85	8	7	0.837107368	0.004437670329	98.42023577	1.062461662	0.517302566	19.27719836	40.83544443	39.88735721	0	0	0	-569.5155424	0.004437670329	-35432.6599943805	
566.9555424	85	8	7	0.8377989871	0.004366050492	98.44185364	1.052387735	0.5057586297	18.93004597	41.00990089	40.06005313	0	0	0	-566.9555424	0.004366050492	-36063.601704475	
564.3955424	85	8	7	0.8384764832	0.00429567705	98.46339255	1.042316777	0.4942906731	18.58692262	41.18232938	40.230748	0	0	0	-564.3955424	0.00429567705	-36698.7210016054	
561.8355424	85	8	7	0.8391402034	0.004226515059	98.48484723	1.032248089	0.4829046757	18.24779968	41.35274452	40.3994558	0	0	0	-561.8355424	0.004226515059	-37337.8976222098	
559.2755424	85	8	7	0.8397904832	0.004158530734	98.50621259	1.022181001	0.4716064048	17.912649	41.52116075	40.56619025	0	0	0	-559.2755424	0.004158530734	-37981.3876579872	
556.7155424	85	8	7	0.8404276464	0.0040916927	98.52748372	1.012114871	0.4604014131	17.58144291	41.68759224	40.73096485	0	0	0	-556.7155424	0.0040916927	-38628.2849069005	
554.1555424	85	8	7	0.8410520052	0.004025966716	98.54865588	1.002049083	0.4492950407	17.25415416	41.85205295	40.89379289	0	0	0	-554.1555424	0.004025966716	-39278.5397097404	
551.5955424	85	8	7	0.8416638616	0.003961323633	98.56972453	0.9919830552	0.4382924107	16.93075597	42.01455661	41.05468742	0	0	0	-551.5955424	0.003961323633	-39932.7766452201	
549.0355424	85	8	7	0.8422635072	0.003897733934	98.59068533	0.9819162366	0.4273984298	16.611222	42.17511673	41.21366127	0	0	0	-549.0355424	0.003897733934	-40590.4972941899	
546.4755424	85	8	7	0.8428512237	0.003835169085	98.6115341	0.971848111	0.4166177872	16.29552634	42.3337466	41.37072706	0	0	0	-546.4755424	0.003835169085	-41251.2950296775	
543.9155424	85	8	7	0.8434272835	0.003773600624	98.63226685	0.9617781932	0.4059549572	15.98364348	42.49045929	41.52589723	0	0	0	-543.9155424	0.003773600624	-41915.6992322444	
541.3555424	85	8	7	0.84399195	0.003713003697	98.65287976	0.9517060422	0.3954141929	15.67554837	42.64526768	41.67918395	0	0	0	-541.3555424	0.003713003697	-42583.5522667526	
538.7955424	85	8	7	0.844545478	0.003653351563	98.67336922	0.9416312514	0.3849995328	15.37121633	42.79818444	41.83059924	0	0	0	-538.7955424	0.003653351563	-43254.1597459695	
536.2355424	85	8	7	0.8450881137	0.003594619285	98.69373175	0.9315534537	0.3747147988	15.07062308	42.94922202	41.9801549	0	0	0	-536.2355424	0.003594619285	-43927.742652586	
533.6755424	85	8	7	0.8456200956	0.003536782753	98.71396408	0.9214723223	0.364563598	14.77374474	43.09839269	42.12786256	0	0	0	-533.6755424	0.003536782753	-44604.2105663562	
531.1155424	85	8	7	0.8461416544	0.003479818656	98.7340631	0.9113875727	0.354549323	14.48055779	43.24570853	42.27373368	0	0	0	-531.1155424	0.003479818656	-45283.4760470695	
528.5555424	85	8	7	0.8466530134	0.003423704453	98.75402588	0.9012989639	0.344675154	14.19103907	43.39118142	42.41777951	0	0	0	-528.5555424	0.003423704453	-45965.456056408	
525.9955424	85	8	7	0.8471543888	0.00336841835	98.77384964	0.8912062991	0.3349440599	13.90516577	43.53482306	42.56001117	0	0	0	-525.9955424	0.00336841835	-46650.0717060648	
523.4355424	85	8	7	0.8476459901	0.003313939272	98.79353177	0.881109428	0.3253588004	13.62291544	43.67664497	42.70043959	0	0	0	-523.4355424	0.003313939272	-47337.2500313756	
520.8755424	85	8	7	0.8481280202	0.003260246845	98.81306982	0.8710082472	0.315921928	13.34426595	43.81665851	42.83907555	0	0	0	-520.8755424	0.003260246845	-48026.9228836838	
518.3155424	85	8	7	0.8486006757	0.003207321367	98.83246151	0.8609027019	0.3066357903	13.06919548	43.95487485	42.97592967	0	0	0	-518.3155424	0.003207321367	-48719.0261651359	
515.7555424	85	8	7	0.849064147	0.003155143789	98.85170468	0.8507927871	0.2975025326	12.79768255	44.09130501	43.11101244	0	0	0	-515.7555424	0.003155143789	-49413.5056932327	
513.1955424	85	8	7	0.8495186191	0.0031036957	98.87079735	0.8406785489	0.2885241003	12.52970593	44.22595987	43.2443342	0	0	0	-513.1955424	0.0031036957	-50110.2990332049	
510.6355424	85	8	7	0.849964271	0.003052959272	98.88973767	0.8305600853	0.2797022423	12.26524473	44.35885012	43.37590515	0	0	0	-510.6355424	0.003052959272	-50809.3657042557	
508.0755424	85	8	7	0.8504012765	0.003002917306	98.90852394	0.8204375479	0.2710385134	12.0042783	44.48998633	43.50573538	0	0	0	-508.0755424	0.003002917306	-51510.6775309724	
505.5155424	85	8	7	0.8508298041	0.002953553161	98.92715458	0.8103111425	0.2625342784	11.74678626	44.61937891	43.63383483	0	0	0	-505.5155424	0.002953553161	-52214.1955457363	
502.9555424	85	8	7	0.8512500174	0.002904850751	98.94562815	0.8001811306	0.2541907147	11.4927485	44.74703815	43.76021335	0	0	0	-502.9555424	0.002904850751	-52919.89472674	
500.3955424	85	8	7	0.8516620753	0.002856794527	98.96394335	0.7900478304	0.2460088163	11.24214513	44.87297421	43.88488067	0	0	0	-500.3955424	0.002856794527	-53627.7574849907	
497.8355424	85	8	7	0.8520661318	0.002809369461	98.98209898	0.7799116177	0.2379893976	10.9949565	44.9971971	44.00784639	0	0	0	-497.8355424	0.002809369461	-54337.7749252008	
495.2755424	85	8	7	0.8524623368	0.002762561031	99.00009398	0.7697729273	0.2301330971	10.7511632	45.11971674	44.12912006	0	0	0	-495.2755424	0.002762561031	-55049.9452859861	
492.7155424	85	8	7	0.8528508355	0.002716355203	99.01792737	0.7596322532	0.2224403814	10.51074599	45.24054292	44.24871109	0	0	0	-492.7155424	0.002716355203	-55764.2765957984	
490.1555424	85	8	7	0.8532317694	0.002670738421	99.0355983	0.7494901503	0.2149115495	10.27368586	45.35968531	44.36662883	0	0	0	-490.1555424	0.002670738421	-56480.7861857472	
487.5955424	85	8	7	0.8536052756	0.002625697589	99.05310603	0.7393472347	0.2075467367	10.03996397	45.4771535	44.48288253	0	0	0	-487.5955424	0.002625697589	-57199.4993121871	
485.0355424	85	8	7	0.8539714879	0.002581220059	99.0704499	0.7292041849	0.2003459195	9.809561667	45.59295697	44.59748136	0	0	0	-485.0355424	0.002581220059	-57920.4524491161	
482.4755424	85	8	7	0.8543305358	0.002537293619	99.08762934	0.7190617421	0.1933089196	9.582460446	45.7071051	44.71043445	0	0	0	-482.4755424	0.002537293619	-58643.6931522313	
479.9155424	85	8	7	0.8546825457	0.002493906481	99.10464388	0.7089207114	0.1864354085	9.358641966	45.8196072	44.82175083	0	0	0	-479.9155424	0.002493906481	-59369.2791581736	
477.3555424	85	8	7	0.8550276404	0.002451047268	99.12149313	0.6987819619	0.1797249126	9.138088027	45.93047249	44.93143948	0	0	0	-477.3555424	0.002451047268	-60097.2795218888	
474.7955424	85	8	7	0.8553659395	0.002408705004	99.13817676	0.6886464275	0.173176817	8.920780557	46.03971011	45.03950933	0	0	0	-474.7955424	0.002408705004	-60827.7735428495	
472.2355424	85	8	7	0.8556975592	0.0023668691	99.15469452	0.6785151075	0.1667903711	8.706701604	46.14732914	45.14596926	0	0	0	-472.2355424	0.0023668691	-61560.8558272755	
469.6755424	85	8	7	0.8560226128	0.002325529351	99.17104624	0.6683890666	0.1605646931	8.495833325	46.25333858	45.25082809	0	0	0	-469.6755424	0.002325529351	-62296.6337620008	
467.1155424	85	8	7	0.8563412107	0.002284675919	99.18723179	0.6582694357	0.1544987748	8.288157973	46.35774739	45.35409463	0	0	0	-467.1155424	0.002284675919	-63035.2262924804	
464.5555424	85	8	7	0.8566534603	0.002244299328	99.2032511	0.6481574115	0.1485914865	8.083657887	46.46056447	45.45577764	0	0	0	-464.5555424	0.002244299328	-63776.7680191403	
461.9955424	85	8	7	0.8569594664	0.002204390453	99.21910416	0.6380542573	0.142841582	7.882315481	46.56179867	45.55588585	0	0	0	-461.9955424	0.002204390453	-64521.4079005791	
459.4355424	85	8	7	0.857259331	0.002164940513	99.23479099	0.6279613025	0.1372477037	7.684113232	46.66145879	45.65442798	0	0	0	-459.4355424	0.002164940513	-65269.3115916255	
456.8755424	85	8	7	0.8575531537	0.002125941063	99.25031167	0.6178799429	0.131808387	7.489033667	46.75955362	45.75141271	0	0	0	-456.8755424	0.002125941063	-66020.6599221209	
454.3155424	85	8	7	0.8578410317	0.002087383985	99.26566629	0.6078116402	0.126522066	7.297059356	46.8560919	45.84684874	0	0	0	-454.3155424	0.002087383985	-66775.6497898081	
451.7555424	85	8	7	0.8581230596	0.002049261481	99.280855	0.597757922	0.1213870781	7.108172897	46.95108235	45.94074475	0	0	0	-451.7555424	0.002049261481	-67534.4977594709	
449.1955424	85	8	7	0.8583993299	0.002011566068	99.29587795	0.5877203815	0.1164016687	6.922356907	47.04453368	46.03310941	0	0	0	-449.1955424	0.002011566068	-68297.4385334546	
446.6355424	85	8	7	0.8586699328	0.001974290569	99.31073533	0.5777006764	0.1115639966	6.739594008	47.13645457	46.12395142	0	0	0	-446.6355424	0.001974290569	-69064.7253129645	
444.0755424	85	8	7	0.8589349566	0.001937428108	99.32542733	0.567700529	0.1068721387	6.559866818	47.22685372	46.21327946	0	0	0	-444.0755424	0.001937428108	-69836.6307998285	
441.5155424	85	8	7	0.8591944874	0.001900972102	99.33995418	0.557721725	0.1023240948	6.383157937	47.31573982	46.30110225	0	0	0	-441.5155424	0.001900972102	-70613.4505928465	
438.9555424	85	8	7	0.8594486093	0.001864916259	99.35431609	0.5477661129	0.09791779266	6.209449938	47.40312154	46.38742852	0	0	0	-438.9555424	0.001864916259	-71395.5035461474	
436.3955424	85	8	7	0.8596974046	0.00182925457	99.3685133	0.5378356028	0.09365109244	6.038725354	47.48900761	46.47226703	0	0	0	-436.3955424	0.00182925457	-72183.128492717	
433.8355424	85	8	7	0.8599409539	0.001793981303	99.38254604	0.5279321653	0.08952179182	5.870966668	47.57340675	46.55562659	0	0	0	-433.8355424	0.001793981303	-72976.6875461679	
431.2755424	85	8	7	0.8601793359	0.001759090998	99.39641454	0.5180578304	0.08552763046	5.706156297	47.65632769	46.63751601	0	0	0	-431.2755424	0.001759090998	-73776.5720331434	
428.7155424	85	8	7	0.8604126278	0.001724578466	99.41011902	0.5082146859	0.0816662947	5.544276586	47.73777923	46.71794418	0	0	0	-428.7155424	0.001724578466	-74583.1990264796	
426.1555424	85	8	7	0.8606409049	0.00169043878	99.4236597	0.4984048759	0.0779354221	5.385309792	47.81777018	46.79692002	0	0	0	-426.1555424	0.00169043878	-75397.0101830064	
423.5955424	85	8	7	0.8608642413	0.001656667272	99.43703679	0.4886305992	0.0743326059	5.229238074	47.8963094	46.87445252	0	0	0	-423.5955424	0.001656667272	-76218.4777978015	
421.0355424	85	8	7	0.8610827094	0.001623259529	99.45025049	0.4788941073	0.07085539946	5.076043483	47.9734058	46.95055072	0	0	0	-421.0355424	0.001623259529	-77048.1036756874	
418.4755424	85	8	7	0.8612963803	0.001590211388	99.46330098	0.4691977025	0.06750132056	4.925707944	48.04906834	47.02522372	0	0	0	-418.4755424	0.001590211388	-77886.4238284659	
415.9155424	85	8	7	0.8615053238	0.001557518935	99.47618841	0.459543736	0.06426785563	4.778213253	48.12330605	47.0984807	0	0	0	-415.9155424	0.001557518935	-78734.006041863	
413.3555424	85	8	7	0.8617096081	0.001525178497	99.48891293	0.4499346051	0.0611524639	4.633541056	48.19612802	47.17033092	0	0	0	-413.3555424	0.001525178497	-79591.448886607	
410.7955424	85	8	7	0.8619093006	0.001493186639	99.50147467	0.4403727512	0.05815258143	4.491672846	48.26754343	47.24078372	0	0	0	-410.7955424	0.001493186639	-80459.3927965452	
408.2355424	85	8	7	0.8621044672	0.001461540164	99.51387372	0.4308606571	0.05526562509	4.352589942	48.33756152	47.30984853	0	0	0	-408.2355424	0.001461540164	-81338.5155026045	
405.6755424	85	8	7	0.8622951727	0.001430236105	99.52611016	0.4214008441	0.0524889964	4.216273485	48.40619164	47.37753488	0	0	0	-405.6755424	0.001430236105	-82229.5327708582	
403.1155424	85	8	7	0.862481481	0.001399271724	99.53818405	0.4119958694	0.04982008522	4.082704422	48.47344321	47.44385237	0	0	0	-403.1155424	0.001399271724	-83133.2037947597	
400.5555424	85	8	7	0.8626634547	0.001368644507	99.5500954	0.4026483227	0.04725627348	3.951863496	48.53932576	47.50881074	0	0	0	-400.5555424	0.001368644507	-84050.3294240813	
397.9955424	85	8	7	0.8628411556	0.00133835216	99.56184424	0.3933608235	0.04479493861	3.823731231	48.60384894	47.57241983	0	0	0	-397.9955424	0.00133835216	-84981.7612744015	
395.4355424	85	8	7	0.8630146445	0.001308392609	99.57343053	0.3841360171	0.04243345702	3.698287927	48.66702249	47.63468959	0	0	0	-395.4355424	0.001308392609	-85928.3985118542	
392.8755424	85	8	7	0.8631839814	0.001278763992	99.58485422	0.3749765719	0.04016920737	3.57551364	48.72885627	47.69563009	0	0	0	-392.8755424	0.001278763992	-86891.1893643214	
390.3155424	85	8	7	0.8633492254	0.001249464658	99.59611525	0.365885175	0.03799957375	3.455388176	48.78936029	47.75525153	0	0	0	-390.3155424	0.001249464658	-87871.1425172311	
387.7555424	85	8	7	0.8635104348	0.001220493165	99.60721352	0.3568645292	0.03592194876	3.33789108	48.84854466	47.81356426	0	0	0	-387.7555424	0.001220493165	-88869.3152589746	
385.1955424	85	8	7	0.8636676671	0.001191848269	99.61814892	0.3479173484	0.03393373648	3.22300162	48.90641965	47.87057873	0	0	0	-385.1955424	0.001191848269	-89886.8326577111	
382.6355424	85	8	7	0.8638209791	0.001163528932	99.62892129	0.3390463541	0.03203235526	3.110698781	48.96299565	47.92630557	0	0	0	-382.6355424	0.001163528932	-90924.8824831352	
380.0755424	85	8	7	0.863970427	0.001135534306	99.63953049	0.330254271	0.03021524045	3.000961252	49.01828321	47.98075553	0	0	0	-380.0755424	0.001135534306	-91984.7141176603	
377.5155424	85	8	7	0.8641160664	0.001107863737	99.64997633	0.3215438228	0.02847984702	2.893767414	49.07229305	48.03393954	0	0	0	-377.5155424	0.001107863737	-93067.6579667387	
374.9555424	85	8	7	0.8642579522	0.001080516759	99.66025862	0.3129177278	0.02682365197	2.78909533	49.12503602	48.08586865	0	0	0	-374.9555424	0.001080516759	-94175.1161807573	
372.3955424	85	8	7	0.8643961389	0.001053493089	99.67037715	0.3043786945	0.02524415676	2.686922738	49.17652316	48.1365541	0	0	0	-372.3955424	0.001053493089	-95308.5690122005	
369.8355424	85	8	7	0.8645306802	0.001026792622	99.68033169	0.2959294169	0.0237388895	2.587227035	49.22676567	48.1860073	0	0	0	-369.8355424	0.001026792622	-96469.5856826074	
367.2755424	85	8	7	0.8646616297	0.001000415429	99.69012202	0.2875725699	0.02230540706	2.489985274	49.27577492	48.23423981	0	0	0	-367.2755424	0.001000415429	-97659.8225869103	
364.7155424	85	8	7	0.8647890402	0.0009743617478	99.6997479	0.2793108044	0.02094129709	2.395174149	49.32356247	48.28126338	0	0	0	-364.7155424	0.0009743617478	-98881.0357318499	
362.1555424	85	8	7	0.8649129644	0.0009486319839	99.70920908	0.2711467429	0.0196441799	2.302769988	49.37014006	48.32708995	0	0	0	-362.1555424	0.0009486319839	-100135.08606461	
359.5955424	85	8	7	0.8650334544	0.0009232267007	99.71850532	0.263082974	0.01841171021	2.212748747	49.41551963	48.37173162	0	0	0	-359.5955424	0.0009232267007	-101423.939250251	
357.0355424	85	8	7	0.8651505621	0.0008981466159	99.72763637	0.255122048	0.01724157882	2.125085996	49.45971331	48.41520069	0	0	0	-357.0355424	0.0008981466159	-102749.680360802	
354.4755424	85	8	7	0.865264339	0.0008733925953	99.73660201	0.2472664716	0.01613151412	2.039756917	49.50273343	48.45750965	0	0	0	-354.4755424	0.0008733925953	-104114.519442128	
351.9155424	85	8	7	0.8653748364	0.0008489656473	99.74540201	0.2395187031	0.01507928353	1.956736294	49.54459251	48.49867119	0	0	0	-351.9155424	0.0008489656473	-105520.800628365	
349.3555424	85	8	7	0.8654821053	0.0008248669164	99.75403616	0.231881147	0.01408269484	1.875998506	49.5853033	48.5386982	0	0	0	-349.3555424	0.0008248669164	-106971.009818945	
346.7955424	85	8	7	0.8655861965	0.0008010976763	99.76250425	0.2243561495	0.01313959737	1.797517521	49.62487873	48.57760374	0	0	0	-346.7955424	0.0008010976763	-108467.787363518	
344.2355424	85	8	7	0.8656871606	0.0007776593239	99.77080612	0.2169459932	0.01224788311	1.721266894	49.66333198	48.61540112	0	0	0	-344.2355424	0.0007776593239	-110013.938329944	
341.6755424	85	8	7	0.8657850479	0.0007545533714	99.77894162	0.209652892	0.01140548767	1.647219754	49.70067642	48.65210382	0	0	0	-341.6755424	0.0007545533714	-111612.442795494	
339.1155424	85	8	7	0.8658799088	0.0007317814388	99.78691062	0.2024789863	0.01061039125	1.57534881	49.73692564	48.68772555	0	0	0	-339.1155424	0.0007317814388	-113266.472058523	
336.5555424	85	8	7	0.8659717934	0.0007093452466	99.79471304	0.195426338	0.009860619357	1.505626338	49.77209346	48.7222802	0	0	0	-336.5555424	0.0007093452466	-114979.402175532	
333.9955424	85	8	7	0.8660607518	0.0006872466072	99.80234883	0.1884969258	0.009154243544	1.438024185	49.80619391	48.7557819	0	0	0	-333.9955424	0.0006872466072	-116754.827845436	
331.4355424	85	8	7	0.8661468339	0.0006654874161	99.80981798	0.18169264	0.008489382011	1.372513764	49.83924126	48.78824498	0	0	0	-331.4355424	0.0006654874161	-118596.582375294	
328.8755424	85	8	7	0.8662300896	0.0006440696436	99.81712052	0.1750152786	0.007864200105	1.309066053	49.87124998	48.81968397	0	0	0	-328.8755424	0.0006440696436	-120508.755050664	
326.3155424	85	8	7	0.8663105688	0.0006229953247	99.82425655	0.1684665418	0.00727691075	1.247651595	49.90223479	48.85011362	0	0	0	-326.3155424	0.0006229953247	-122495.711970349	
323.7555424	85	8	7	0.8663883214	0.00060226655	99.8312262	0.1620480284	0.006725774777	1.188240501	49.9322106	48.87954889	0	0	0	-323.7555424	0.00060226655	-124562.120597132	
321.1955424	85	8	7	0.8664633971	0.0005818854555	99.83802967	0.1557612309	0.006209101174	1.130802448	49.96119259	48.90800496	0	0	0	-321.1955424	0.0005818854555	-126712.971521886	
318.6355424	85	8	7	0.8665358458	0.0005618542116	99.84466722	0.1496075316	0.005725247255	1.075306683	49.98919611	48.9354972	0	0	0	-318.6355424	0.0005618542116	-128953.60867824	
316.0755424	85	8	7	0.8666057173	0.000542175013	99.85113918	0.1435881985	0.005272618752	1.021722029	50.01623677	48.9620412	0	0	0	-316.0755424	0.000542175013	-131289.758699696	
313.5155424	85	8	7	0.8666730616	0.0005228500667	99.85744595	0.1377043819	0.004849669823	0.9700168862	50.04233038	48.98765273	0	0	0	-313.5155424	0.0005228500667	-133727.564530114	
310.9555424	85	8	7	0.8667379284	0.0005038815811	99.86358799	0.1319571102	0.004454902996	0.9201592405	50.06749296	49.0123478	0	0	0	-310.9555424	0.0005038815811	-136273.622099794	
308.3955424	85	8	7	0.8668003678	0.0004852717533	99.86956584	0.1263472871	0.004086869036	0.8721166702	50.09174075	49.03614258	0	0	0	-308.3955424	0.0004852717533	-138935.019200896	
305.8355424	85	8	7	0.8668604297	0.0004670227569	99.87538015	0.1208756879	0.003744166748	0.8258563536	50.1150902	49.05905345	0	0	0	-305.8355424	0.0004670227569	-141719.380336415	
303.2755424	85	8	7	0.8669181642	0.0004491367287	99.8810316	0.1155429571	0.00342544271	0.7813450794	50.13755795	49.08109697	0	0	0	-303.2755424	0.0004491367287	-144634.915069647	
300.7155424	85	8	7	0.8669736213	0.0004316157555	99.886521	0.1103496057	0.003129390951	0.7385492575	50.15916085	49.1022899	0	0	0	-300.7155424	0.0004316157555	-138509.79565707	
300	85	8	7	0.866988722	0.0001175829155	99.88802648	0.1089229917	0.003050523964	0.7268895861	50.1650466	49.10806381	0	0	0	-300	0.0001175829155	133952.677363327	
