T	w(AL)	w(MG)	w(SI)	fs	fw(@FCC_A1)	w(AL@FCC_A1)	w(MG@FCC_A1)	w(SI@FCC_A1)	w(AL@LIQUID)	w(MG@LIQUID)	w(SI@LIQUID)	dwdT_L(AL@LIQUID)	dwdT_L(MG@LIQUID)	dwdT_L(SI@LIQUID)	-T	fw(@FCC_A1)_1	-T//fw(@FCC_A1)	
K	%	%	%	mole/mole	kg/kg	%	%	%	%	%	%	SI	SI	SI				
887.0279474	91	4	5	0	0	98.58057898	0.9465170405	0.4729039803	91	4	5	0.002025772938	-0.0008159803576	-0.00120979258	-887.0279474	0	18.6861743880977	
887.0179474	91	4	5	0.0002668044251	0.0002672142261	98.58035947	0.9466347205	0.4730058099	90.99797501	4.000815714	5.001209271	0	0	0	-887.0179474	0.0002672142261	56.1601400910468	
886.9979474	91	4	5	0.0008001009294	0.0005342834386	98.57992051	0.9468700341	0.473209459	90.99392254	4.002448015	5.003629441	0	0	0	-886.9979474	0.0005342834386	74.9370875424452	
886.9579474	91	4	5	0.001865008239	0.001067352706	98.57904281	0.947340422	0.4736167685	90.98581872	4.005712086	5.008469197	0	0	0	-886.9579474	0.001067352706	75.0929933118779	
886.8779474	91	4	5	0.003988997443	0.002131119881	98.57728888	0.9482798338	0.4744312879	90.96960912	4.012240596	5.018150287	0	0	0	-886.8779474	0.002131119881	75.3314584167238	
886.7179474	91	4	5	0.008213809164	0.004247963114	98.5737864	0.9501535996	0.4760600042	90.93718213	4.025299103	5.037518769	0	0	0	-886.7179474	0.004247963114	75.8402642192257	
886.3979474	91	4	5	0.01657183918	0.008439342351	98.5668029	0.9538809533	0.4793161434	90.87229699	4.051422174	5.076280834	0	0	0	-886.3979474	0.008439342351	76.9531976493056	
885.7579474	91	4	5	0.03290018935	0.01663003645	98.55292357	0.9612521017	0.485824328	90.74240695	4.103681196	5.153911851	0	0	0	-885.7579474	0.01663003645	79.2489732485469	
884.4779474	91	4	5	0.06414319714	0.03235807037	98.52550763	0.9756705119	0.4988218547	90.48213262	4.208284598	5.309582785	0	0	0	-884.4779474	0.03235807037	83.7833208892989	
881.9179474	91	4	5	0.1214904981	0.06137915901	98.47202194	1.003238641	0.524739417	89.95960393	4.417888671	5.6225074	0	0	0	-881.9179474	0.06137915901	-982.186901818314	
879.3579474	91	4	5	0.1727509328	0.05845068187	98.42026518	1.029198101	0.5505367226	89.43437252	4.628256008	5.93737147	0	0	0	-879.3579474	0.05845068187	-919.67156330106	
876.7979474	91	4	5	0.2188164158	0.05578694427	98.37019316	1.053591552	0.5762152916	88.90641752	4.839457878	6.254124604	0	0	0	-876.7979474	0.05578694427	-1009.53678414607	
874.2379474	91	4	5	0.2604185264	0.0533575327	98.32176334	1.076460045	0.601776618	88.37572136	5.051559333	6.572719311	0	0	0	-874.2379474	0.0533575327	-1104.48356733186	
871.6779474	91	4	5	0.2981596521	0.05113324578	98.27493428	1.097843148	0.6272225733	87.84226521	5.264620136	6.893114657	0	0	0	-871.6779474	0.05113324578	-1203.89910688363	
869.1179474	91	4	5	0.332539984	0.04908944697	98.22966561	1.117779118	0.6525552752	87.30603005	5.478695064	7.215274887	0	0	0	-869.1179474	0.04908944697	-1307.78697127849	
866.5579474	91	4	5	0.3639781162	0.04720528141	98.18591787	1.136305097	0.6777770279	86.76699672	5.693834502	7.539168775	0	0	0	-866.5579474	0.04720528141	-1416.16869633614	
863.9979474	91	4	5	0.392826884	0.04546297676	98.14365244	1.153457288	0.7028902705	86.22514599	5.910084936	7.86476907	0	0	0	-863.9979474	0.04546297676	-1529.06443143218	
861.4379474	91	4	5	0.4193856724	0.04384729312	98.10283138	1.169271083	0.727897533	85.68045862	6.127489372	8.192052008	0	0	0	-861.4379474	0.04384729312	-1646.49243935371	
858.8779474	91	4	5	0.4439100753	0.04234508679	98.06341741	1.18378119	0.7528013968	85.13291543	6.346087675	8.520996893	0	0	0	-858.8779474	0.04234508679	-1768.46868753144	
856.3179474	91	4	5	0.4666195463	0.04094496113	98.02537382	1.19702172	0.7776044603	84.58249742	6.565916867	8.851585718	0	0	0	-856.3179474	0.04094496113	-1895.00630097314	
853.7579474	91	4	5	0.4877035081	0.03963698487	97.98866442	1.209026274	0.8023093076	84.02918581	6.787011368	9.183802827	0	0	0	-853.7579474	0.03963698487	-2026.11500091076	
851.1979474	91	4	5	0.507326271	0.03841246321	97.95325351	1.219828007	0.8269184804	83.47296218	7.009403203	9.517634621	0	0	0	-851.1979474	0.03841246321	-2161.80051589886	
848.6379474	91	4	5	0.5256310215	0.03726375049	97.91910586	1.229459687	0.8514344517	82.91380855	7.233122176	9.853069276	0	0	0	-848.6379474	0.03726375049	-2302.06394431933	
846.0779474	91	4	5	0.5427430774	0.0361840959	97.88618666	1.23795374	0.8758596017	82.35170749	7.458196012	10.1900965	0	0	0	-846.0779474	0.0361840959	-2446.90109412234	
843.5179474	91	4	5	0.5587725644	0.03516751563	97.85446152	1.245342285	0.9001961951	81.78664222	7.684650478	10.5287073	0	0	0	-843.5179474	0.03516751563	-2596.30174204206	
840.9579474	91	4	5	0.573816627	0.03420868629	97.82389647	1.25165717	0.9244463592	81.21859676	7.912509479	10.86889376	0	0	0	-840.9579474	0.03420868629	-2750.24894426415	
838.3979474	91	4	5	0.5879612671	0.03330285567	97.79445794	1.256929994	0.9486120632	80.64755597	8.141795144	11.21064888	0	0	0	-838.3979474	0.03330285567	-2908.71825814721	
835.8379474	91	4	5	0.6012828811	0.03244576753	97.76611278	1.261192125	0.9726950984	80.07350578	8.372527887	11.55396633	0	0	0	-835.8379474	0.03244576753	-3071.67689316623	
833.2779474	91	4	5	0.6138495501	0.03163359798	97.73882822	1.264474718	0.9966970581	79.49643321	8.604726455	11.89884034	0	0	0	-833.2779474	0.03163359798	-3239.08298853183	
830.7179474	91	4	5	0.6257221296	0.03086290144	97.71257196	1.266808721	1.020619319	78.91632655	8.838407973	12.24526547	0	0	0	-830.7179474	0.03086290144	-3410.88481833586	
828.1579474	91	4	5	0.6369551729	0.03013056449	97.68731209	1.268224885	1.04446302	78.33317551	9.073587965	12.59323653	0	0	0	-828.1579474	0.03013056449	-3587.01980234163	
825.5979474	91	4	5	0.6475977173	0.02943376627	97.66301718	1.268753767	1.068229048	77.74697128	9.310280376	12.94274834	0	0	0	-825.5979474	0.02943376627	-3767.41394240282	
823.0379474	91	4	5	0.6576939568	0.02876994455	97.63965626	1.268425728	1.091918014	77.15770675	9.548497581	13.29379567	0	0	0	-823.0379474	0.02876994455	-3951.98090178117	
820.4779474	91	4	5	0.6672838183	0.02813676627	97.61719883	1.267270935	1.115530237	76.56537656	9.788250385	13.64637306	0	0	0	-820.4779474	0.02813676627	-4140.6211920349	
817.9179474	91	4	5	0.676403459	0.02753210214	97.59561492	1.265319352	1.139065725	75.96997731	10.02954802	14.00047467	0	0	0	-817.9179474	0.02753210214	-4333.22147033211	
815.3579474	91	4	5	0.6850856958	0.02695400447	97.57487511	1.262600738	1.162524155	75.37150766	10.27239814	14.3560942	0	0	0	-815.3579474	0.02695400447	-4529.65405528602	
812.7979474	91	4	5	0.6933603777	0.02640068796	97.55495051	1.259144635	1.185904855	74.76996847	10.51680679	14.71322475	0	0	0	-812.7979474	0.02640068796	-4729.77604650217	
810.2379474	91	4	5	0.7012547098	0.02587051273	97.53581286	1.25498036	1.209206785	74.16536296	10.76277839	15.07185865	0	0	0	-810.2379474	0.02587051273	-4933.4289692786	
807.6779474	91	4	5	0.7087935363	0.02536196962	97.51743449	1.250136995	1.232428517	73.55769683	11.01031575	15.43198742	0	0	0	-807.6779474	0.02536196962	-5140.43837167959	
805.1179474	91	4	5	0.7159995879	0.02487366711	97.49978841	1.244643371	1.255568218	72.94697842	11.25941997	15.79360161	0	0	0	-805.1179474	0.02487366711	-5350.61324792083	
802.5579474	91	4	5	0.7228936992	0.02440431987	97.48284831	1.238528058	1.278623628	72.33321883	11.51009046	16.15669071	0	0	0	-802.5579474	0.02440431987	-5563.74638131566	
799.9979474	91	4	5	0.7294949997	0.02395273866	97.46658861	1.231819347	1.301592043	71.71643207	11.76232491	16.52124302	0	0	0	-799.9979474	0.02395273866	-5779.61366222928	
797.4379474	91	4	5	0.7358210826	0.02351782126	97.45098447	1.224545235	1.324470295	71.09663521	12.01611921	16.88724558	0	0	0	-797.4379474	0.02351782126	-5997.97455995732	
794.8779474	91	4	5	0.741888154	0.02309854458	97.43601185	1.216733412	1.347254737	70.47384849	12.27146748	17.25468403	0	0	0	-794.8779474	0.02309854458	-6218.57260015266	
792.3179474	91	4	5	0.7477111655	0.02269395752	97.42164754	1.20841124	1.369941216	69.84809548	12.52836196	17.62354256	0	0	0	-792.3179474	0.02269395752	-6441.13532330295	
789.7579474	91	4	5	0.753303931	0.02230317464	97.4078692	1.199605735	1.392525066	69.21940321	12.78679302	17.99380377	0	0	0	-789.7579474	0.02230317464	-6665.37512761039	
787.1979474	91	4	5	0.7586792323	0.0219253705	97.39465537	1.190343554	1.415001081	68.58780229	13.04674911	18.3654486	0	0	0	-787.1979474	0.0219253705	-6890.99053572685	
784.6379474	91	4	5	0.7638489119	0.02155977464	97.38198552	1.180650972	1.437363504	67.95332705	13.30821669	18.73845625	0	0	0	-784.6379474	0.02155977464	-7117.66662603916	
782.0779474	91	4	5	0.7688239572	0.02120566697	97.36984012	1.170553868	1.459606009	67.31601567	13.57118025	19.11280408	0	0	0	-782.0779474	0.02120566697	-7345.076641052	
779.5179474	91	4	5	0.7736145745	0.02086237376	97.35820061	1.160077702	1.481721684	66.67591027	13.83562219	19.48846754	0	0	0	-779.5179474	0.02086237376	-7572.88328031511	
776.9579474	91	4	5	0.7782302573	0.0205292639	97.34704948	1.149247501	1.50370302	66.03305706	14.10152287	19.86542006	0	0	0	-776.9579474	0.0205292639	-7800.74027967113	
774.3979474	91	4	5	0.7826798459	0.02020574564	97.33637027	1.138087836	1.525541893	65.38750645	14.3688605	20.24363304	0	0	0	-774.3979474	0.02020574564	-8028.29530813176	
771.8379474	91	4	5	0.7869715825	0.01989126363	97.32614763	1.126622811	1.547229559	64.73931314	14.63761114	20.62307572	0	0	0	-771.8379474	0.01989126363	-8255.19006385413	
769.2779474	91	4	5	0.7911131601	0.01958529611	97.31636733	1.114876038	1.568756636	64.08853624	14.90774863	21.00371513	0	0	0	-769.2779474	0.01958529611	-8481.06379829648	
766.7179474	91	4	5	0.795111767	0.01928735259	97.30701627	1.102870625	1.590113102	63.43523934	15.17924462	21.38551604	0	0	0	-766.7179474	0.01928735259	-8705.55559521964	
764.1579474	91	4	5	0.7989741272	0.01899697154	97.29808256	1.090629158	1.611288283	62.77949064	15.45206848	21.76844088	0	0	0	-764.1579474	0.01899697154	-8928.38696988311	
761.5979474	91	4	5	0.8027065378	0.01871372338	97.28955547	1.078173703	1.632270828	62.12136281	15.72618736	22.15244983	0	0	0	-761.5979474	0.01871372338	-9148.86838117943	
759.0379474	91	4	5	0.8063148975	0.01843717895	97.28142548	1.065525695	1.653048824	61.460934	16.00156581	22.53750019	0	0	0	-759.0379474	0.01843717895	-9367.09888648423	
756.4779474	91	4	5	0.8098047462	0.01816698202	97.27368432	1.052706117	1.673609558	60.7982861	16.27816648	22.92354742	0	0	0	-756.4779474	0.01816698202	-9582.68649488989	
753.9179474	91	4	5	0.8131812831	0.01790274893	97.26632495	1.039735295	1.693939757	60.13350658	16.55594937	23.31054406	0	0	0	-753.9179474	0.01790274893	-9794.92447799637	
751.3579474	91	4	5	0.8164493964	0.01764414128	97.25934155	1.026632976	1.714025478	59.46668765	16.83487218	23.69844017	0	0	0	-751.3579474	0.01764414128	-10009.0598882886	
748.7979474	91	4	5	0.81961375	0.01739109164	97.25272876	1.01341806	1.733853183	58.79791984	17.11489076	24.0871894	0	0	0	-748.7979474	0.01739109164	-10208.8456934018	
746.2379474	91	4	5	0.822678564	0.01714253495	97.24648478	1.000109234	1.753405982	58.12732171	17.39595344	24.47672485	0	0	0	-746.2379474	0.01714253495	-10405.3396227719	
743.6779474	91	4	5	0.8256479675	0.01689893668	97.24060683	0.9867244886	1.772668679	57.45499075	17.67801483	24.86699442	0	0	0	-743.6779474	0.01689893668	-10607.4295142101	
741.1179474	91	4	5	0.8285258119	0.01665977293	97.23509406	0.9732810861	1.791624851	56.78103917	17.96102306	25.25793777	0	0	0	-741.1179474	0.01665977293	-10799.9247425448	
738.5579474	91	4	5	0.8313157337	0.01642478573	97.22994686	0.9597956465	1.810257497	56.10558423	18.24492391	25.64949186	0	0	0	-738.5579474	0.01642478573	-10987.7341307553	
735.9979474	91	4	5	0.834021169	0.01619373238	97.22516679	0.946284141	1.828549072	55.42874822	18.52966075	26.04159103	0	0	0	-735.9979474	0.01619373238	-11170.6946177678	
733.4379474	91	4	5	0.8366453677	0.01596638372	97.2207566	0.9327618864	1.846481513	54.75065841	18.81517459	26.434167	0	0	0	-733.4379474	0.01596638372	-11348.65464863	
730.8779474	91	4	5	0.8391914055	0.01574252364	97.21672018	0.9192435419	1.864036275	54.07144704	19.10140412	26.82714884	0	0	0	-730.8779474	0.01574252364	-11521.4957565288	
728.3179474	91	4	5	0.8416621962	0.01552194842	97.21306253	0.9057431067	1.881194366	53.39125128	19.3882857	27.22046302	0	0	0	-728.3179474	0.01552194842	-11689.1292768707	
725.7579474	91	4	5	0.8440605019	0.01530446616	97.20978969	0.8922739187	1.897936395	52.71021315	19.67575342	27.61403344	0	0	0	-725.7579474	0.01530446616	-11851.4977056781	
723.1979474	91	4	5	0.8463889429	0.01508989625	97.20690873	0.8788486548	1.914242611	52.02847944	19.96373913	28.00778144	0	0	0	-723.1979474	0.01508989625	-12008.5748157246	
720.6379474	91	4	5	0.8486500073	0.01487806888	97.2044277	0.8654793326	1.930092963	51.34620163	20.25217249	28.40162588	0	0	0	-720.6379474	0.01487806888	-12160.3651089687	
718.0779474	91	4	5	0.8508460589	0.01466882457	97.20235554	0.852177313	1.945467146	50.66353582	20.54098103	28.79548315	0	0	0	-718.0779474	0.01466882457	-12306.9046876316	
715.5179474	91	4	5	0.8529793457	0.01446201379	97.20070203	0.8389533039	1.960344665	49.98064253	20.8300902	29.18926727	0	0	0	-715.5179474	0.01446201379	-12448.2602849641	
712.9579474	91	4	5	0.8550520066	0.01425749654	97.19947774	0.8258173662	1.974704897	49.29768667	21.11942344	29.5828899	0	0	0	-712.9579474	0.01425749654	-12584.5280614165	
710.3979474	91	4	5	0.8570660786	0.01405514201	97.19869392	0.8127789194	1.988527156	48.61483728	21.40890225	29.97626048	0	0	0	-710.3979474	0.01405514201	-12715.8337435715	
707.8379474	91	4	5	0.8590235027	0.01385482825	97.19836249	0.7998467501	2.001790765	47.93226745	21.69844629	30.36928625	0	0	0	-707.8379474	0.01385482825	-12842.3303598129	
705.2779474	91	4	5	0.8609261303	0.01365644184	97.19849585	0.78702902	2.014475127	47.25015413	21.98797346	30.76187241	0	0	0	-705.2779474	0.01365644184	-12964.1978521698	
702.7179474	91	4	5	0.8627757281	0.01345987763	97.19910692	0.7743332762	2.026559803	46.56867787	22.27739998	31.15392215	0	0	0	-702.7179474	0.01345987763	-13081.6427203838	
700.1579474	91	4	5	0.8645739835	0.01326503848	97.20020895	0.761766462	2.03802459	45.88802268	22.56664052	31.5453368	0	0	0	-700.1579474	0.01326503848	-13194.8940978133	
697.5979474	91	4	5	0.8663225092	0.01307183496	97.20181547	0.7493349288	2.048849602	45.20837575	22.8556083	31.93601594	0	0	0	-697.5979474	0.01307183496	-13304.2056474912	
695.0379474	91	4	5	0.8680228477	0.01288018522	97.2039402	0.7370444488	2.059015353	44.52992725	23.14421521	32.32585754	0	0	0	-695.0379474	0.01288018522	-13409.8465741233	
692.4779474	91	4	5	0.8696764753	0.01269001451	97.20659693	0.7249002288	2.068502841	43.85287002	23.43237192	32.71475807	0	0	0	-692.4779474	0.01269001451	-13512.1114739113	
689.9179474	91	4	5	0.8712848063	0.01250125539	97.20979944	0.7129069249	2.077293632	43.17739931	23.71998804	33.10261264	0	0	0	-689.9179474	0.01250125539	-13611.3118194199	
687.3579474	91	4	5	0.8728491961	0.01231384709	97.21356139	0.7010686575	2.085369948	42.50371253	24.00697227	33.4893152	0	0	0	-687.3579474	0.01231384709	-13707.7697913529	
684.7979474	91	4	5	0.8743709449	0.01212773559	97.21789623	0.6893890274	2.092714746	41.83200885	24.2932325	33.87475865	0	0	0	-684.7979474	0.01212773559	-13801.8271190226	
682.2379474	91	4	5	0.8758513008	0.0119428733	97.22281706	0.6778711327	2.099311811	41.16248898	24.57867598	34.25883504	0	0	0	-682.2379474	0.0119428733	-13893.8355676675	
679.6779474	91	4	5	0.8772914627	0.01175921892	97.22833659	0.6665175854	2.105145828	40.49535476	24.86320952	34.64143572	0	0	0	-679.6779474	0.01175921892	-13984.1586923845	
677.1179474	91	4	5	0.8786925833	0.01157673722	97.234467	0.65533053	2.110202472	39.83080885	25.1467396	35.02245155	0	0	0	-677.1179474	0.01157673722	-14073.1692279809	
674.5579474	91	4	5	0.8800557713	0.01139539887	97.24121986	0.6443116609	2.114468479	39.16905433	25.42917258	35.40177309	0	0	0	-674.5579474	0.01139539887	-14161.2484237383	
671.9979474	91	4	5	0.8813820942	0.01121518024	97.24860604	0.6334622412	2.117931722	38.51029437	25.71041484	35.77929078	0	0	0	-671.9979474	0.01121518024	-14248.7849035503	
669.4379474	91	4	5	0.8826725803	0.01103606323	97.25663559	0.6227831221	2.120581284	37.85473185	25.99037299	36.15489516	0	0	0	-669.4379474	0.01103606323	-14336.1708216692	
666.8779474	91	4	5	0.8839282213	0.010858035	97.26531772	0.6122747611	2.122407518	37.20256891	26.26895404	36.52847706	0	0	0	-666.8779474	0.010858035	-14423.8038988425	
664.3179474	91	4	5	0.8851499737	0.01068108787	97.27466064	0.6019372424	2.123402113	36.55400661	26.54606556	36.89992783	0	0	0	-664.3179474	0.01068108787	-14512.0846086326	
661.7579474	91	4	5	0.886338761	0.010505219	97.28467156	0.5917702958	2.123558146	35.90924453	26.82161592	37.26913955	0	0	0	-661.7579474	0.010505219	-14601.4150620791	
659.1979474	91	4	5	0.8874954759	0.01033043027	97.29535655	0.5817733164	2.122870131	35.26848032	27.09551443	37.63600526	0	0	0	-659.1979474	0.01033043027	-14692.1993142584	
656.6379474	91	4	5	0.888620981	0.01015672798	97.30672056	0.5719453846	2.121334059	34.6319093	27.36767154	38.00041916	0	0	0	-656.6379474	0.01015672798	-14784.8412329817	
654.0779474	91	4	5	0.8897161111	0.009984122679	97.31876728	0.5622852854	2.118947434	33.9997241	27.63799906	38.36227684	0	0	0	-654.0779474	0.009984122679	-14879.744031261	
651.5179474	91	4	5	0.8907816747	0.009812628859	97.33149917	0.5527915279	2.115709303	33.37211421	27.90641027	38.72147552	0	0	0	-651.5179474	0.009812628859	-14977.3088394251	
648.9579474	91	4	5	0.8918184548	0.009642264747	97.34491736	0.5434623654	2.11162027	32.74926557	28.1728202	39.07791424	0	0	0	-648.9579474	0.009642264747	-15077.9364561977	
646.3979474	91	4	5	0.8928272107	0.009473052038	97.35902168	0.534295814	2.10668251	32.13136021	28.43714571	39.43149408	0	0	0	-646.3979474	0.009473052038	-15182.0246071353	
643.8379474	91	4	5	0.893808679	0.009305015618	97.37381055	0.5252896721	2.100899774	31.51857583	28.69930576	39.78211841	0	0	0	-643.8379474	0.009305015618	-15289.9675417696	
641.2779474	91	4	5	0.8947635745	0.009138183283	97.38928108	0.516441539	2.094277379	30.91108545	28.9592215	40.12969305	0	0	0	-641.2779474	0.009138183283	-15402.1563433041	
638.7179474	91	4	5	0.8956925919	0.008972585463	97.40542896	0.5077488338	2.086822204	30.30905704	29.21681647	40.47412649	0	0	0	-638.7179474	0.008972585463	-15518.9787023338	
636.1579474	91	4	5	0.896596406	0.00880825493	97.42224853	0.499208813	2.07854266	29.71265314	29.47201677	40.81533009	0	0	0	-636.1579474	0.00880825493	-15640.818158049	
633.5979474	91	4	5	0.8974756732	0.0086452265	97.43973275	0.490818589	2.069448664	29.12203059	29.72475115	41.15321826	0	0	0	-633.5979474	0.0086452265	-15768.0538580142	
631.0379474	91	4	5	0.898331032	0.008483536732	97.45787325	0.4825751471	2.059551608	28.53734014	29.97495122	41.48770864	0	0	0	-631.0379474	0.008483536732	-15901.0605765042	
628.4779474	91	4	5	0.8991631039	0.008323223628	97.47666033	0.4744753623	2.048864307	27.95872624	30.22255151	41.81872225	0	0	0	-628.4779474	0.008323223628	-16040.2083823403	
625.9179474	91	4	5	0.8999724941	0.008164326325	97.49608303	0.4665160162	2.037400954	27.38632671	30.46748964	42.14618364	0	0	0	-625.9179474	0.008164326325	-16185.8627452654	
623.3579474	91	4	5	0.9007597924	0.008006884799	97.51612912	0.4586938127	2.025177063	26.82027252	30.7097064	42.47002108	0	0	0	-623.3579474	0.008006884799	-16338.3842168664	
620.7979474	91	4	5	0.9015255734	0.007850939556	97.5367852	0.4510053931	2.012209404	26.26068757	30.94914582	42.79016661	0	0	0	-620.7979474	0.007850939556	-16498.1284008579	
618.2379474	91	4	5	0.9022703975	0.007696531343	97.55803671	0.4434473513	1.998515936	25.70768848	31.18575532	43.1065562	0	0	0	-618.2379474	0.007696531343	-16665.446236641	
615.6779474	91	4	5	0.9029948111	0.007543700856	97.57986802	0.4360162479	1.984115736	25.16138448	31.41948568	43.41912984	0	0	0	-615.6779474	0.007543700856	-16840.6836192724	
613.1179474	91	4	5	0.9036993474	0.007392488458	97.60226246	0.4287086238	1.96902892	24.62187719	31.65029119	43.72783161	0	0	0	-613.1179474	0.007392488458	-17024.1816768246	
610.5579474	91	4	5	0.9043845264	0.00724293391	97.62520242	0.4215210127	1.953276563	24.08926059	31.87812964	44.03260976	0	0	0	-610.5579474	0.00724293391	-17216.2836341102	
607.9979474	91	4	5	0.905050856	0.007095076226	97.64866943	0.414449954	1.936880619	23.56362089	32.10296235	44.33341675	0	0	0	-607.9979474	0.007095076226	-17417.3156656305	
605.4379474	91	4	5	0.9056988317	0.006948953104	97.67264416	0.407492004	1.919863834	23.04503652	32.32475419	44.63020929	0	0	0	-605.4379474	0.006948953104	-17627.5880189532	
602.8779474	91	4	5	0.9063289375	0.006804600831	97.6971066	0.4006437467	1.902249657	22.53357807	32.54347359	44.92294834	0	0	0	-602.8779474	0.006804600831	-17847.437291002	
600.3179474	91	4	5	0.9069416456	0.00666205445	97.72203604	0.3939018043	1.884062158	22.02930837	32.75909251	45.21159913	0	0	0	-600.3179474	0.00666205445	-18077.1912490935	
597.7579474	91	4	5	0.9075374174	0.006521347111	97.74741121	0.3872628466	1.865325939	21.53228242	32.97158644	45.49613114	0	0	0	-597.7579474	0.006521347111	-18317.1553306591	
595.1979474	91	4	5	0.9081167033	0.00638251004	97.77321035	0.3807235997	1.846066046	21.04254755	33.18093435	45.7765181	0	0	0	-595.1979474	0.00638251004	-18567.6391635962	
592.6379474	91	4	5	0.9086799431	0.006245572375	97.79941126	0.3742808543	1.826307886	20.56014347	33.38711865	46.05273788	0	0	0	-592.6379474	0.006245572375	-18828.9483018595	
590.0779474	91	4	5	0.9092275662	0.006110561032	97.82599139	0.3679314728	1.806077141	20.08510237	33.59012512	46.32477251	0	0	0	-590.0779474	0.006110561032	-19101.3846016451	
587.5179474	91	4	5	0.9097599919	0.005977500585	97.85292792	0.3616723963	1.785399688	19.61744909	33.78994285	46.59260806	0	0	0	-587.5179474	0.005977500585	-19385.2459229113	
584.9579474	91	4	5	0.9102776296	0.005846413166	97.88019783	0.3555006503	1.76430152	19.15720125	33.98656417	46.85623458	0	0	0	-584.9579474	0.005846413166	-19680.8266648472	
582.3979474	91	4	5	0.9107808788	0.005717318391	97.90777798	0.3494133505	1.742808668	18.70436946	34.17998454	47.115646	0	0	0	-582.3979474	0.005717318391	-19988.4177426052	
579.8379474	91	4	5	0.9112701295	0.005590233298	97.93564516	0.3434077072	1.72094713	18.25895749	34.37020249	47.37084002	0	0	0	-579.8379474	0.005590233298	-20308.3067522405	
577.2779474	91	4	5	0.9117457624	0.005465172312	97.96377617	0.3374810293	1.698742801	17.82096249	34.55721949	47.62181802	0	0	0	-577.2779474	0.005465172312	-20640.7781664402	
574.7179474	91	4	5	0.9122081487	0.005342147222	97.99214786	0.3316307282	1.676221409	17.39037522	34.74103986	47.86858492	0	0	0	-574.7179474	0.005342147222	-20986.1134008751	
572.1579474	91	4	5	0.9126576508	0.005221167181	98.02073723	0.3258543202	1.65340845	16.9671803	34.92167065	48.11114905	0	0	0	-572.1579474	0.005221167181	-21344.5911509589	
569.5979474	91	4	5	0.9130946219	0.00510223872	98.04952143	0.3201494289	1.630329137	16.55135643	35.09912152	48.34952204	0	0	0	-569.5979474	0.00510223872	-21716.4873509403	
567.0379474	91	4	5	0.9135194065	0.004985365778	98.07847787	0.3145137874	1.607008341	16.1428767	35.27340465	48.58371865	0	0	0	-567.0379474	0.004985365778	-22102.0753991118	
564.4779474	91	4	5	0.9139323405	0.004870549747	98.10758421	0.3089452389	1.583470546	15.74170879	35.44453457	48.81375664	0	0	0	-564.4779474	0.004870549747	-22501.6264480851	
561.9179474	91	4	5	0.9143337513	0.004757789531	98.13681846	0.3034417377	1.559739805	15.3478153	35.61252806	49.03965664	0	0	0	-561.9179474	0.004757789531	-22915.4092563055	
559.3579474	91	4	5	0.9147239578	0.004647081613	98.16615895	0.2980013499	1.535839699	14.96115398	35.77740405	49.26144197	0	0	0	-559.3579474	0.004647081613	-23343.6908530201	
556.7979474	91	4	5	0.9151032706	0.004538420141	98.19558445	0.2926222525	1.511793298	14.58167805	35.93918344	49.4791385	0	0	0	-556.7979474	0.004538420141	-23786.7362735644	
554.2379474	91	4	5	0.9154719925	0.004431797011	98.22507413	0.2873027333	1.487623138	14.20933644	36.09788903	49.69277453	0	0	0	-554.2379474	0.004431797011	-24244.8088083811	
551.6779474	91	4	5	0.915830418	0.00432720197	98.25460763	0.2820411901	1.463351185	13.84407406	36.25354535	49.90238059	0	0	0	-551.6779474	0.00432720197	-24718.1707613921	
549.1179474	91	4	5	0.916178834	0.004224622719	98.28416506	0.2768361289	1.438998815	13.48583212	36.40617856	50.10798932	0	0	0	-549.1179474	0.004224622719	-25207.0826696616	
546.5579474	91	4	5	0.9165175196	0.004124045019	98.31372704	0.2716861627	1.414586794	13.13454835	36.55581633	50.30963532	0	0	0	-546.5579474	0.004124045019	-25711.8041900689	
543.9979474	91	4	5	0.9168467464	0.004025452809	98.34327473	0.2665900097	1.390135264	12.79015728	36.70248772	50.50735499	0	0	0	-543.9979474	0.004025452809	-26232.5944169584	
541.4379474	91	4	5	0.9171667785	0.00392882832	98.37278979	0.2615464905	1.365663722	12.45259051	36.84622306	50.70118643	0	0	0	-541.4379474	0.00392882832	-26769.7117013634	
538.8779474	91	4	5	0.9174778728	0.003834152194	98.40225445	0.2565545265	1.34119102	12.12177694	36.98705382	50.89116924	0	0	0	-538.8779474	0.003834152194	-27323.4143321569	
536.3179474	91	4	5	0.9177802791	0.003741403604	98.43165151	0.2516131366	1.31673535	11.79764302	37.12501254	51.07734443	0	0	0	-536.3179474	0.003741403604	-27893.9602599319	
533.7579474	91	4	5	0.9180742401	0.00365056037	98.46096432	0.2467214349	1.292314245	11.48011303	37.26013271	51.25975426	0	0	0	-533.7579474	0.00365056037	-28481.6076949236	
531.1979474	91	4	5	0.9183599918	0.00356159908	98.4901768	0.2418786271	1.267944576	11.16910922	37.39244863	51.43844215	0	0	0	-531.1979474	0.00356159908	-29086.6161200784	
528.6379474	91	4	5	0.9186377635	0.003474495208	98.51927344	0.2370840082	1.243642548	10.8645521	37.52199538	51.61345251	0	0	0	-528.6379474	0.003474495208	-29709.2451668481	
526.0779474	91	4	5	0.9189077778	0.003389223222	98.54823933	0.2323369585	1.219423711	10.56636064	37.64880868	51.78483068	0	0	0	-526.0779474	0.003389223222	-30349.7558823948	
523.5179474	91	4	5	0.919170251	0.003305756702	98.5770601	0.2276369405	1.195302956	10.27445245	37.7729248	51.95262275	0	0	0	-523.5179474	0.003305756702	-31008.4115747892	
520.9579474	91	4	5	0.9194253931	0.003224068445	98.60572197	0.2229834957	1.17129453	9.98874396	37.89438051	52.11687553	0	0	0	-520.9579474	0.003224068445	-31685.4773175068	
518.3979474	91	4	5	0.9196734082	0.00314413057	98.63421172	0.2183762404	1.147412035	9.709150647	38.01321298	52.27763637	0	0	0	-518.3979474	0.00314413057	-32381.2200067905	
515.8379474	91	4	5	0.9199144941	0.003065914614	98.66251669	0.2138148632	1.123668444	9.435587164	38.12945969	52.43495315	0	0	0	-515.8379474	0.003065914614	-33095.9106612936	
513.2779474	91	4	5	0.920148843	0.002989391637	98.69062477	0.2092991202	1.100076107	9.167967522	38.24315838	52.5888741	0	0	0	-513.2779474	0.002989391637	-33829.8237545267	
510.7179474	91	4	5	0.9203766414	0.002914532304	98.7185244	0.2048288322	1.076646767	8.906205234	38.35434699	52.73944778	0	0	0	-510.7179474	0.002914532304	-34583.2367225145	
508.1579474	91	4	5	0.9205980703	0.002841306975	98.74620455	0.2004038809	1.053391568	8.650213461	38.46306357	52.88672297	0	0	0	-508.1579474	0.002841306975	-35356.4327065248	
505.5979474	91	4	5	0.9208133053	0.002769685788	98.77365472	0.1960242049	1.03032107	8.399905144	38.56934624	53.03074862	0	0	0	-505.5979474	0.002769685788	-36149.7000601129	
503.0379474	91	4	5	0.9210225167	0.002699638734	98.80086494	0.1916897966	1.007445263	8.155193131	38.67323314	53.17157372	0	0	0	-503.0379474	0.002699638734	-36963.3324346226	
500.4779474	91	4	5	0.9212258698	0.002631135728	98.82782572	0.1874006981	0.9847735796	7.915990286	38.77476238	53.30924733	0	0	0	-500.4779474	0.002631135728	-37797.6309766834	
497.9179474	91	4	5	0.921423525	0.00256414668	98.85452809	0.183156998	0.9623149129	7.682209603	38.87397196	53.44381843	0	0	0	-497.9179474	0.00256414668	-38652.9035115193	
495.3579474	91	4	5	0.9216156376	0.002498641551	98.88096354	0.1789588276	0.9400776281	7.4537643	38.97089979	53.57533591	0	0	0	-495.3579474	0.002498641551	-39529.4659070739	
492.7979474	91	4	5	0.9218023587	0.002434590416	98.90712406	0.1748063578	0.9180695793	7.230567915	39.06558358	53.70384851	0	0	0	-492.7979474	0.002434590416	-40427.6449717201	
490.2379474	91	4	5	0.9219838344	0.002371963518	98.93300208	0.170699795	0.8962981244	7.012534383	39.15806086	53.82940475	0	0	0	-490.2379474	0.002371963518	-41347.7750364526	
487.6779474	91	4	5	0.9221602068	0.002310731308	98.95859048	0.1666393785	0.8747701406	6.799578117	39.24836893	53.95205295	0	0	0	-487.6779474	0.002310731308	-42290.2028859637	
485.1179474	91	4	5	0.9223316134	0.002250864502	98.98388258	0.1626253767	0.8534920393	6.591614074	39.33654481	54.07184111	0	0	0	-485.1179474	0.002250864502	-43255.287440457	
482.5579474	91	4	5	0.9224981877	0.00219233411	99.00887213	0.158658084	0.8324697818	6.38855782	39.42262525	54.18881693	0	0	0	-482.5579474	0.00219233411	-44243.3992964338	
479.9979474	91	4	5	0.9226600591	0.002135111479	99.03355329	0.1547378175	0.8117088941	6.190325587	39.50664668	54.30302773	0	0	0	-479.9979474	0.002135111479	-45254.9253492801	
477.4379474	91	4	5	0.9228173534	0.002079168325	99.0579206	0.1508649142	0.7912144821	5.996834321	39.58864518	54.4145205	0	0	0	-477.4379474	0.002079168325	-46290.266967629	
474.8779474	91	4	5	0.9229701923	0.00202447676	99.08196903	0.1470397277	0.7709912458	5.808001727	39.66865649	54.52334178	0	0	0	-474.8779474	0.00202447676	-47349.841958786	
472.3179474	91	4	5	0.9231186939	0.001971009319	99.10569388	0.1432626255	0.7510434945	5.623746313	39.746716	54.62953769	0	0	0	-472.3179474	0.001971009319	-48434.0874062422	
469.7579474	91	4	5	0.923262973	0.001918738984	99.12909085	0.1395339861	0.7313751603	5.443987418	39.82285867	54.73315391	0	0	0	-469.7579474	0.001918738984	-49543.459945763	
467.1979474	91	4	5	0.9234031407	0.001867639202	99.15215599	0.1358541959	0.7119898125	5.268645249	39.8971191	54.83423565	0	0	0	-467.1979474	0.001867639202	-50678.4372831031	
464.6379474	91	4	5	0.9235393049	0.001817683903	99.17488568	0.1322236472	0.6928906708	5.097640904	39.96953147	54.93282763	0	0	0	-464.6379474	0.001817683903	-51839.5198684676	
462.0779474	91	4	5	0.9236715704	0.001768847513	99.19727665	0.128642735	0.6740806189	4.930896393	40.04012954	55.02897407	0	0	0	-462.0779474	0.001768847513	-53027.2338814415	
459.5179474	91	4	5	0.9238000388	0.001721104969	99.21932593	0.1251118549	0.655562217	4.768334656	40.10894666	55.12271868	0	0	0	-459.5179474	0.001721104969	-54242.1323013401	
456.9579474	91	4	5	0.9239248087	0.001674431726	99.24103089	0.1216314005	0.6373377145	4.60987958	40.17601574	55.21410468	0	0	0	-456.9579474	0.001674431726	-55484.7942913272	
454.3979474	91	4	5	0.9240459758	0.001628803763	99.26238918	0.118201761	0.6194090624	4.455456012	40.24136925	55.30317474	0	0	0	-454.3979474	0.001628803763	-56755.8332393375	
451.8379474	91	4	5	0.924163633	0.001584197596	99.28339876	0.1148233193	0.6017779245	4.30498976	40.30503924	55.389971	0	0	0	-451.8379474	0.001584197596	-58055.8949635135	
449.2779474	91	4	5	0.9242778708	0.001540590274	99.30405786	0.1114964498	0.5844456895	4.158407607	40.36705732	55.47453508	0	0	0	-449.2779474	0.001540590274	-59385.6589922497	
446.7179474	91	4	5	0.9243887766	0.001497959386	99.324365	0.108221516	0.5674134814	4.015637309	40.42745464	55.55690805	0	0	0	-446.7179474	0.001497959386	-60745.8437058569	
444.1579474	91	4	5	0.9244964356	0.001456283059	99.34431896	0.1049988689	0.5506821706	3.876607599	40.48626194	55.63713046	0	0	0	-444.1579474	0.001456283059	-62137.2080650307	
441.5979474	91	4	5	0.9246009305	0.00141553996	99.36391877	0.1018288453	0.534252384	3.741248185	40.54350951	55.71524231	0	0	0	-441.5979474	0.00141553996	-63560.5562088083	
439.0379474	91	4	5	0.9247023418	0.001375709294	99.38316372	0.09871176541	0.518124515	3.609489745	40.5992272	55.79128306	0	0	0	-439.0379474	0.001375709294	-65016.7370806991	
436.4779474	91	4	5	0.9248007473	0.001336770799	99.40205334	0.09564793192	0.502298733	3.481263925	40.65344443	55.86529165	0	0	0	-436.4779474	0.001336770799	-66506.6492998283	
433.9179474	91	4	5	0.9248962232	0.001298704744	99.42058738	0.09263762789	0.4867749928	3.356503331	40.7061902	55.93730647	0	0	0	-433.9179474	0.001298704744	-68031.2460778576	
431.3579474	91	4	5	0.9249888432	0.001261491924	99.43876584	0.08968111552	0.4715530431	3.23514152	40.75749307	56.00736541	0	0	0	-431.3579474	0.001261491924	-69591.5371502014	
428.7979474	91	4	5	0.925078679	0.001225113654	99.45658893	0.08677863462	0.4566324355	3.117112994	40.80738119	56.07550582	0	0	0	-428.7979474	0.001225113654	-71188.592135061	
426.2379474	91	4	5	0.9251658005	0.001189551762	99.47405707	0.08393040139	0.4420125323	3.002353188	40.85588229	56.14176452	0	0	0	-426.2379474	0.001189551762	-72823.5470917487	
423.6779474	91	4	5	0.9252502757	0.001154788584	99.49117088	0.08113660713	0.4276925146	2.890798458	40.90302369	56.20617785	0	0	0	-423.6779474	0.001154788584	-74497.6059293113	
421.1179474	91	4	5	0.9253321705	0.001120806953	99.50793119	0.07839741712	0.41367139	2.782386069	40.94883231	56.26878162	0	0	0	-421.1179474	0.001120806953	-76212.0466314773	
418.5579474	91	4	5	0.9254115495	0.001087590194	99.52433903	0.07571296958	0.3999479994	2.677054185	40.99333467	56.32961114	0	0	0	-418.5579474	0.001087590194	-77968.2280676795	
415.9979474	91	4	5	0.9254884752	0.001055122114	99.5403956	0.07308337469	0.3865210245	2.574741851	41.03655689	56.38870126	0	0	0	-415.9979474	0.001055122114	-79767.5922434824	
413.4379474	91	4	5	0.9255630087	0.001023386993	99.55610229	0.07050871371	0.3733889945	2.475388981	41.07852472	56.4460863	0	0	0	-413.4379474	0.001023386993	-81611.6704447794	
410.8779474	91	4	5	0.9256352094	0.0009923695739	99.57146067	0.06798903819	0.3605502919	2.378936344	41.11926351	56.50180015	0	0	0	-410.8779474	0.0009923695739	-83502.0907809346	
408.3179474	91	4	5	0.9257051352	0.0009620550539	99.58647247	0.06552436926	0.3480031595	2.28532555	41.15879825	56.5558762	0	0	0	-408.3179474	0.0009620550539	-85440.5853754415	
405.7579474	91	4	5	0.9257728427	0.0009324290743	99.6011396	0.06311469696	0.3357457059	2.194499031	41.19715358	56.60834739	0	0	0	-405.7579474	0.0009324290743	-87428.9950512994	
403.1979474	91	4	5	0.925838387	0.0009034777096	99.61546411	0.06075997975	0.323775911	2.106400027	41.23435375	56.65924622	0	0	0	-403.1979474	0.0009034777096	-89469.2778346135	
400.6379474	91	4	5	0.9259018216	0.0008751874576	99.62944822	0.05846014399	0.3120916322	2.020972575	41.2704227	56.70860473	0	0	0	-400.6379474	0.0008751874576	-91563.5174470524	
398.0779474	91	4	5	0.9259631992	0.0008475452285	99.64309431	0.05621508358	0.3006906086	1.938161485	41.30538399	56.75645453	0	0	0	-398.0779474	0.0008475452285	-93713.9318377323	
395.5179474	91	4	5	0.9260225707	0.0008205383345	99.65640487	0.05402465963	0.2895704671	1.857912331	41.33926086	56.80282681	0	0	0	-395.5179474	0.0008205383345	-95922.8819734693	
392.9579474	91	4	5	0.9260799862	0.0007941544784	99.66938257	0.05188870027	0.2787287264	1.780171432	41.37207622	56.84775235	0	0	0	-392.9579474	0.0007941544784	-98192.8819463912	
390.3979474	91	4	5	0.9261354944	0.000768381743	99.6820302	0.04980700041	0.2681628024	1.704885838	41.40385266	56.8912615	0	0	0	-390.3979474	0.000768381743	-100526.610924426	
387.8379474	91	4	5	0.9261891429	0.0007432085802	99.69435067	0.04777932176	0.2578700118	1.632003313	41.43461247	56.93338422	0	0	0	-387.8379474	0.0007432085802	-102926.923390065	
385.2779474	91	4	5	0.9262409784	0.0007186237995	99.70634703	0.04580539275	0.2478475773	1.561472322	41.46437759	56.97415009	0	0	0	-385.2779474	0.0007186237995	-105396.861445675	
382.7179474	91	4	5	0.9262910463	0.0006946165569	99.71802246	0.04388490863	0.2380926312	1.493242013	41.4931697	57.01358829	0	0	0	-382.7179474	0.0006946165569	-107939.670413684	
380.1579474	91	4	5	0.9263393912	0.0006711763443	99.72938025	0.04201753162	0.2286022194	1.427262205	41.52101017	57.05172763	0	0	0	-380.1579474	0.0006711763443	-110558.811076285	
377.5979474	91	4	5	0.9263860565	0.0006482929773	99.7404238	0.0402028911	0.2193733057	1.363483372	41.54792008	57.08859655	0	0	0	-377.5979474	0.0006482929773	-113257.97727349	
375.0379474	91	4	5	0.926431085	0.0006259565852	99.75115664	0.0384405839	0.2104027749	1.301856629	41.57392024	57.12422313	0	0	0	-375.0379474	0.0006259565852	-116041.112442876	
372.4779474	91	4	5	0.9264745182	0.0006041575987	99.76158239	0.03673017466	0.2016874368	1.242333719	41.59903117	57.15863511	0	0	0	-372.4779474	0.0006041575987	-118912.427966908	
369.9179474	91	4	5	0.926516397	0.0005828867396	99.77170477	0.03507119623	0.1932240298	1.184867	41.62327313	57.19185987	0	0	0	-369.9179474	0.0005828867396	-121876.425435225	
367.3579474	91	4	5	0.9265567614	0.0005621350094	99.78152763	0.03346315018	0.1850092237	1.12940943	41.64666612	57.22392445	0	0	0	-367.3579474	0.0005621350094	-124937.918013866	
364.7979474	91	4	5	0.9265956507	0.0005418936786	99.79105487	0.03190550731	0.1770396237	1.075914556	41.66922987	57.25485557	0	0	0	-364.7979474	0.0005418936786	-128102.039768159	
362.2379474	91	4	5	0.9266331031	0.000522154271	99.80029052	0.03039770832	0.1693117729	1.024336505	41.69098387	57.28467962	0	0	0	-362.2379474	0.000522154271	-131374.271773954	
359.6779474	91	4	5	0.9266691563	0.0005029085536	99.80923868	0.02893916441	0.1618221559	0.9746299686	41.71194737	57.31342267	0	0	0	-359.6779474	0.0005029085536	-134760.537018112	
357.1179474	91	4	5	0.9267038473	0.0004841485402	99.81790354	0.02752925807	0.1545672015	0.9267501926	41.73213934	57.34111046	0	0	0	-357.1179474	0.0004841485402	-138267.173732126	
354.5579474	91	4	5	0.9267372122	0.0004658664643	99.82628937	0.02616734386	0.1475432859	0.8806529684	41.75157856	57.36776847	0	0	0	-354.5579474	0.0004658664643	-141900.919311019	
351.9979474	91	4	5	0.9267692866	0.0004480547682	99.83440052	0.02485274922	0.1407467352	0.8362946226	41.77028355	57.39342182	0	0	0	-351.9979474	0.0004480547682	-145669.017377544	
349.4379474	91	4	5	0.9268001054	0.0004307060971	99.8422414	0.0235847754	0.1341738287	0.7936320085	41.78827261	57.41809538	0	0	0	-349.4379474	0.0004307060971	-149579.257855744	
346.8779474	91	4	5	0.9268297027	0.0004138132876	99.8498165	0.02236269841	0.1278208013	0.7526224969	41.80556381	57.4418137	0	0	0	-346.8779474	0.0004138132876	-153640.000938935	
344.3179474	91	4	5	0.9268581122	0.0003973693562	99.85713038	0.02118577001	0.1216838464	0.7132239689	41.82217499	57.46460104	0	0	0	-344.3179474	0.0003973693562	-157860.229457865	
341.7579474	91	4	5	0.926885367	0.0003813674889	99.86418766	0.02005321877	0.1157591185	0.6753948086	41.83812379	57.4864814	0	0	0	-341.7579474	0.0003813674889	-162249.600323951	
339.1979474	91	4	5	0.9269114993	0.0003658010296	99.87099301	0.01896425116	0.1100427358	0.6390938968	41.85342764	57.50747847	0	0	0	-339.1979474	0.0003658010296	-166818.504248699	
336.6379474	91	4	5	0.9269365412	0.00035066347	99.87755116	0.01791805267	0.1045307832	0.6042806048	41.86810372	57.52761568	0	0	0	-336.6379474	0.00035066347	-171578.130699308	
334.0779474	91	4	5	0.9269605239	0.0003359484384	99.8838669	0.01691378901	0.09921931448	0.5709147899	41.88216904	57.54691617	0	0	0	-334.0779474	0.0003359484384	-176540.538736727	
331.5179474	91	4	5	0.9269834782	0.0003216496896	99.88994504	0.01595060732	0.09410435492	0.5389567905	41.89564038	57.56540283	0	0	0	-331.5179474	0.0003216496896	-181924.475762494	
328.9579474	91	4	5	0.9270054344	0.0003077911317	99.89579046	0.01502763727	0.0891819033	0.5083674277	41.90853432	57.58309825	0	0	0	-328.9579474	0.0003077911317	-187329.659248297	
326.3979474	91	4	5	0.9270264222	0.0002943078908	99.90140807	0.01414399293	0.08444793772	0.4791079818	41.92086724	57.60002477	0	0	0	-326.3979474	0.0002943078908	-192797.938210692	
323.8379474	91	4	5	0.9270464709	0.0002812228948	99.90680281	0.0132987732	0.07989841303	0.4511402212	41.93265532	57.61620446	0	0	0	-323.8379474	0.0002812228948	-198714.923270464	
321.2779474	91	4	5	0.9270656092	0.0002685303879	99.91197967	0.01249106373	0.0755292669	0.4244263795	41.94391451	57.63165911	0	0	0	-321.2779474	0.0002685303879	-204912.16212454	
318.7179474	91	4	5	0.9270838654	0.0002562246159	99.91694364	0.01171993816	0.07133642151	0.3989291604	41.95466059	57.64641025	0	0	0	-318.7179474	0.0002562246159	-211408.48615875	
316.1579474	91	4	5	0.9271012673	0.0002442998894	99.92169975	0.01098445949	0.06731578616	0.3746117371	41.96490912	57.66047914	0	0	0	-316.1579474	0.0002442998894	-218224.89342702	
313.5979474	91	4	5	0.9271178423	0.0002327505766	99.92625306	0.01028368149	0.06346325988	0.3514377535	41.97467546	57.67388678	0	0	0	-313.5979474	0.0002327505766	-225382.930688631	
311.0379474	91	4	5	0.9271336173	0.0002215709719	99.93060862	0.009616650404	0.0597747324	0.3293713382	41.98397478	57.68665388	0	0	0	-311.0379474	0.0002215709719	-232911.943130654	
308.4779474	91	4	5	0.9271486187	0.0002107559374	99.9347715	0.008982405131	0.05624609362	0.3083770513	41.99282205	57.6988009	0	0	0	-308.4779474	0.0002107559374	-240835.095581557	
305.9179474	91	4	5	0.9271628726	0.0002002995232	99.93874679	0.008379980625	0.05287322581	0.2884199727	42.001232	57.71034803	0	0	0	-305.9179474	0.0002002995232	-249179.822104392	
303.3579474	91	4	5	0.9271764045	0.0001901963898	99.94253958	0.007808407975	0.04965201346	0.2694656467	42.0092192	57.72131516	0	0	0	-303.3579474	0.0001901963898	-257982.76685954	
300.7979474	91	4	5	0.9271892395	0.0001804410573	99.94615494	0.007266716203	0.04657834423	0.2514801008	42.01679798	57.73172192	0	0	0	-300.7979474	0.0001804410573	-244037.161602834	
300	91	4	5	0.9271931017	5.429724099E-05	99.94724637	0.007103827002	0.04564980308	0.2460667898	42.01907904	57.73485417	0	0	0	-300	5.429724099E-05	231385.770145975	
