T	w(AL)	w(MG)	w(SI)	fs	fw(@FCC_A1)	w(AL@FCC_A1)	w(MG@FCC_A1)	w(SI@FCC_A1)	w(AL@LIQUID)	w(MG@LIQUID)	w(SI@LIQUID)	dwdT_L(AL@LIQUID)	dwdT_L(MG@LIQUID)	dwdT_L(SI@LIQUID)	-T	fw(@FCC_A1)_1	-T//fw(@FCC_A1)	
K	%	%	%	mole/mole	kg/kg	%	%	%	%	%	%	SI	SI	SI				
857.1938122	86	4	10	0	0	98.2687036	0.6847320879	1.04656431	86	4	10	0.001839603657	-0.0004971040755	-0.001342499582	-857.1938122	0	33.128950053216	
857.1838122	86	4	10	0.0001500533604	0.0001500530727	98.26854291	0.684751762	1.046705327	85.99816085	4.000497016	10.00134214	0	0	0	-857.1838122	0.0001500530727	100.157224232383	
857.1638122	86	4	10	0.0004497274918	0.0002997602708	98.26822157	0.6847910594	1.046987371	85.99448214	4.001491102	10.00402676	0	0	0	-857.1638122	0.0002997602708	133.563989937763	
857.1238122	86	4	10	0.001048755792	0.000599377418	98.26757902	0.684869467	1.04755151	85.98712265	4.003479893	10.00939746	0	0	0	-857.1238122	0.000599377418	133.606169569858	
857.0438122	86	4	10	0.002244695478	0.001197237273	98.26629431	0.6850258781	1.048679814	85.97240556	4.00745723	10.02013721	0	0	0	-857.0438122	0.001197237273	133.938443162292	
856.8838122	86	4	10	0.004628837474	0.002389546699	98.26372687	0.6853365626	1.050936566	85.94297096	4.015413001	10.04161603	0	0	0	-856.8838122	0.002389546699	134.471419954937	
856.5638122	86	4	10	0.00936638899	0.004759493436	98.25859963	0.6859496407	1.055450733	85.88410009	4.031328962	10.08457094	0	0	0	-856.5638122	0.004759493436	135.666764222958	
855.9238122	86	4	10	0.01871001892	0.009433274387	98.2483757	0.6871423298	1.064481971	85.76635347	4.063176088	10.17047044	0	0	0	-855.9238122	0.009433274387	138.115236796765	
854.6438122	86	4	10	0.03690919772	0.01854885765	98.22804789	0.689396378	1.082555737	85.53083257	4.126939108	10.34222832	0	0	0	-854.6438122	0.01854885765	142.907430453112	
852.0838122	86	4	10	0.07146729872	0.03588820708	98.18785996	0.6933905061	1.11874953	85.05967061	4.254753882	10.6855755	0	0	0	-852.0838122	0.03588820708	-2429.39751641926	
849.5238122	86	4	10	0.1037338393	0.03475602933	98.14827829	0.6967013893	1.155020324	84.5883825	4.38287048	11.02874703	0	0	0	-849.5238122	0.03475602933	-2336.60493588535	
846.9638122	86	4	10	0.1339257082	0.0336926822	98.10927458	0.6993525234	1.191372899	84.11694334	4.511305393	11.37175127	0	0	0	-846.9638122	0.0336926822	-2486.87767096661	
844.4038122	86	4	10	0.1622345894	0.03269326404	98.07082124	0.7013668103	1.227811951	83.64532686	4.640074604	11.71459854	0	0	0	-844.4038122	0.03269326404	-2643.71365242673	
841.8438122	86	4	10	0.1888296279	0.03175247275	98.03289122	0.7027665831	1.264342192	83.1735046	4.769193718	12.05730168	0	0	0	-841.8438122	0.03175247275	-2806.21806970411	
839.2838122	86	4	10	0.2138606105	0.03086556947	97.99545803	0.7035736343	1.300968333	82.70144623	4.898678001	12.39987577	0	0	0	-839.2838122	0.03086556947	-2974.49662081677	
836.7238122	86	4	10	0.2374606347	0.03002831598	97.95849568	0.7038092434	1.337695076	82.22911956	5.028542454	12.74233798	0	0	0	-836.7238122	0.03002831598	-3148.67657020779	
834.1638122	86	4	10	0.2597483507	0.02923691023	97.92197868	0.7034942019	1.374527118	81.75649065	5.158801883	13.08470747	0	0	0	-834.1638122	0.02923691023	-3328.89258313038	
831.6038122	86	4	10	0.2808298529	0.02848793157	97.88588202	0.7026488357	1.411469143	81.28352382	5.289470956	13.42700523	0	0	0	-831.6038122	0.02848793157	-3515.28705911747	
829.0438122	86	4	10	0.3008002837	0.02777829403	97.85018115	0.7012930249	1.448525825	80.81018171	5.420564258	13.76925403	0	0	0	-829.0438122	0.02777829403	-3708.01082540833	
826.4838122	86	4	10	0.3197451989	0.02710520641	97.81485196	0.6994462215	1.485701823	80.33642536	5.55209634	14.1114783	0	0	0	-826.4838122	0.02710520641	-3907.22370795474	
823.9238122	86	4	10	0.3377417351	0.02646613789	97.77987075	0.6971274654	1.523001784	79.8622142	5.684081759	14.45370404	0	0	0	-823.9238122	0.02646613789	-4113.09516989336	
821.3638122	86	4	10	0.3548596109	0.02585878842	97.74521426	0.6943553988	1.56043034	79.38750611	5.816535119	14.79595877	0	0	0	-821.3638122	0.02585878842	-4325.80499371811	
818.8038122	86	4	10	0.3711619906	0.02528106302	97.71085961	0.6911482791	1.597992108	78.91225747	5.949471109	15.13827142	0	0	0	-818.8038122	0.02528106302	-4545.54428914419	
816.2438122	86	4	10	0.3867062292	0.02473104955	97.67678432	0.6875239908	1.635691689	78.43642316	6.082904531	15.48067231	0	0	0	-816.2438122	0.02473104955	-4772.51634035997	
813.6838122	86	4	10	0.40154452	0.02420699923	97.64296627	0.6835000558	1.67353367	77.95995656	6.216850336	15.8231931	0	0	0	-813.6838122	0.02420699923	-5006.93751208223	
811.1238122	86	4	10	0.4157244569	0.02370730967	97.60938374	0.6790936436	1.71152262	77.48280964	6.351323649	16.16586671	0	0	0	-811.1238122	0.02370730967	-5249.03877745454	
808.5638122	86	4	10	0.4292895262	0.02323051001	97.57601533	0.6743215795	1.749663092	77.00493291	6.486339795	16.50872729	0	0	0	-808.5638122	0.02323051001	-5499.06674071066	
806.0038122	86	4	10	0.4422795361	0.02277524778	97.54284003	0.6692003529	1.787959621	76.52627545	6.62191433	16.85181022	0	0	0	-806.0038122	0.02277524778	-5757.28502952336	
803.4438122	86	4	10	0.4547309943	0.02234027737	97.50983715	0.6637461248	1.826416727	76.04678492	6.75806306	17.19515202	0	0	0	-803.4438122	0.02234027737	-6023.97632930649	
800.8838122	86	4	10	0.4666774404	0.02192444985	97.47698636	0.6579747339	1.86503891	75.56640754	6.894802067	17.5387904	0	0	0	-800.8838122	0.02192444985	-6299.4437265722	
798.3238122	86	4	10	0.4781497389	0.02152670387	97.44426765	0.6519017031	1.90383065	75.08508811	7.032147733	17.88276416	0	0	0	-798.3238122	0.02152670387	-6584.01274036614	
795.7638122	86	4	10	0.4891763383	0.02114605765	97.41166135	0.645542245	1.94279641	74.60276998	7.170116762	18.22711326	0	0	0	-795.7638122	0.02114605765	-6878.03436983515	
793.2038122	86	4	10	0.4997835013	0.02078160187	97.3791481	0.6389112669	1.98194063	74.11939506	7.308726199	18.57187874	0	0	0	-793.2038122	0.02078160187	-7181.88666885213	
790.6438122	86	4	10	0.5099955092	0.0204324932	97.34670889	0.6320233756	2.02126773	73.63490377	7.447993461	18.91710277	0	0	0	-790.6438122	0.0204324932	-7495.97793002646	
788.0838122	86	4	10	0.5198348436	0.02009794866	97.31432501	0.6248928813	2.060782106	73.14923503	7.587936351	19.26282862	0	0	0	-788.0838122	0.02009794866	-7820.75008052378	
785.5238122	86	4	10	0.5293223494	0.01977724046	97.28197807	0.6175338019	2.100488128	72.66232626	7.728573084	19.60910065	0	0	0	-785.5238122	0.01977724046	-8156.68251455565	
782.9638122	86	4	10	0.5384773794	0.01946969147	97.24964999	0.6099598666	2.140390141	72.17411331	7.869922312	19.95596438	0	0	0	-782.9638122	0.01946969147	-8504.29536746304	
780.4038122	86	4	10	0.5473179253	0.019174671	97.21732302	0.6021845189	2.180492461	71.68453041	8.012003146	20.30346644	0	0	0	-780.4038122	0.019174671	-8864.15460052823	
777.8438122	86	4	10	0.5558607339	0.01889159116	97.18497971	0.5942209196	2.220799373	71.1935102	8.154835179	20.65165462	0	0	0	-777.8438122	0.01889159116	-9236.87799060815	
775.2838122	86	4	10	0.564121413	0.01861990348	97.15260292	0.5860819499	2.261315128	70.70098361	8.298438513	21.00057788	0	0	0	-775.2838122	0.01861990348	-9623.13944616577	
772.7238122	86	4	10	0.5721145256	0.01835909584	97.12017585	0.577780214	2.30204394	70.20687984	8.442833785	21.35028638	0	0	0	-772.7238122	0.01835909584	-10023.6764485429	
770.1638122	86	4	10	0.579853676	0.01810868975	97.08768198	0.5693280409	2.342989982	69.71112629	8.588042191	21.70083152	0	0	0	-770.1638122	0.01810868975	-10439.2990089206	
767.6038122	86	4	10	0.5873515866	0.01786823789	97.05510513	0.560737487	2.384157387	69.21364852	8.734085518	22.05226596	0	0	0	-767.6038122	0.01786823789	-10870.8963119615	
765.0438122	86	4	10	0.5946201684	0.01763732177	97.02242943	0.5520203383	2.425550235	68.71437018	8.880986168	22.40464365	0	0	0	-765.0438122	0.01763732177	-11319.4479800372	
762.4838122	86	4	10	0.6016705846	0.01741554975	96.98963933	0.5431881118	2.467172557	68.2132129	9.028767192	22.75801991	0	0	0	-762.4838122	0.01741554975	-11786.0353790833	
759.9238122	86	4	10	0.6085133081	0.0172025551	96.95671962	0.5342520576	2.509028325	67.71009626	9.17745232	23.11245142	0	0	0	-759.9238122	0.0172025551	-12271.8549975324	
757.3638122	86	4	10	0.615158174	0.01699799435	96.92365539	0.5252231602	2.551121446	67.20493766	9.327065994	23.46799634	0	0	0	-757.3638122	0.01699799435	-12778.2344614089	
754.8038122	86	4	10	0.6216144277	0.0168015457	96.8904321	0.5161121406	2.593455758	66.6976523	9.477633403	23.8247143	0	0	0	-754.8038122	0.0168015457	-13306.6484498282	
752.2438122	86	4	10	0.6278907686	0.01661290758	96.85703552	0.5069294572	2.636035024	66.188153	9.629180517	24.18266649	0	0	0	-752.2438122	0.01661290758	-13858.7422595772	
749.6838122	86	4	10	0.6339953897	0.0164317974	96.82345177	0.4976853073	2.678862919	65.67635014	9.781734126	24.54191574	0	0	0	-749.6838122	0.0164317974	-14436.3545684324	
747.1238122	86	4	10	0.6399360142	0.0162579503	96.78966734	0.4883896289	2.721943028	65.16215157	9.93532188	24.90252655	0	0	0	-747.1238122	0.0162579503	-15041.5453233742	
744.5638122	86	4	10	0.6457199291	0.01609111808	96.75566907	0.4790521014	2.76527883	64.64546245	10.08997233	25.26456522	0	0	0	-744.5638122	0.01609111808	-15676.6300321882	
742.0038122	86	4	10	0.6513540158	0.01593106817	96.72144416	0.4696821471	2.808873693	64.12618516	10.24571498	25.62809986	0	0	0	-742.0038122	0.01593106817	-16344.2222287462	
739.4438122	86	4	10	0.6568447779	0.01577758277	96.68698021	0.4602889326	2.852730862	63.60421917	10.4025803	25.99320053	0	0	0	-739.4438122	0.01577758277	-17047.2765806706	
736.8838122	86	4	10	0.6621983674	0.0156304579	96.65226519	0.4508813697	2.896853441	63.07946087	10.56059983	26.3599393	0	0	0	-736.8838122	0.0156304579	-17789.1476656162	
734.3238122	86	4	10	0.6674206086	0.0154895027	96.6172875	0.4414681169	2.941244387	62.55180347	10.71980618	26.72839035	0	0	0	-734.3238122	0.0154895027	-18573.6578779862	
731.7638122	86	4	10	0.6725170196	0.01535453863	96.58203593	0.4320575807	2.985906489	62.02113682	10.88023309	27.09863009	0	0	0	-731.7638122	0.01535453863	-19405.180681926	
729.2038122	86	4	10	0.6774928326	0.01522539887	96.54649973	0.4226579165	3.030842353	61.48734724	11.04191553	27.47073723	0	0	0	-729.2038122	0.01522539887	-20288.7380781885	
726.6438122	86	4	10	0.6823530129	0.01510192761	96.51066859	0.4132770304	3.076054381	60.9503174	11.20488968	27.84479292	0	0	0	-726.6438122	0.01510192761	-21230.1236081623	
724.0838122	86	4	10	0.6871022758	0.01498397953	96.47453266	0.4039225801	3.121544757	60.40992608	11.36919307	28.22088085	0	0	0	-724.0838122	0.01498397953	-22236.0543976473	
721.5238122	86	4	10	0.6917451024	0.01487141921	96.43808261	0.3946019767	3.167315417	59.86604803	11.53486458	28.59908738	0	0	0	-721.5238122	0.01487141921	-23314.3559454493	
718.9638122	86	4	10	0.6962857546	0.01476412064	96.40130959	0.3853223858	3.213368024	59.31855376	11.70194456	28.97950168	0	0	0	-718.9638122	0.01476412064	-24474.1975858412	
716.4038122	86	4	10	0.7007282887	0.01466196672	96.36420532	0.3760907292	3.259703948	58.76730933	11.87047484	29.36221583	0	0	0	-716.4038122	0.01466196672	-25726.3699846755	
713.8438122	86	4	10	0.7050765677	0.01456484869	96.32676209	0.3669136866	3.306324226	58.21217616	12.04049884	29.74732499	0	0	0	-713.8438122	0.01456484869	-27083.6886529619	
711.2838122	86	4	10	0.7093342733	0.01447266589	96.28897277	0.3577976972	3.35322953	57.6530108	12.21206165	30.13492755	0	0	0	-711.2838122	0.01447266589	-28561.4548862284	
708.7238122	86	4	10	0.7135049167	0.01438532511	96.25083091	0.3487489614	3.400420133	57.08966471	12.38521005	30.52512524	0	0	0	-708.7238122	0.01438532511	-30178.0611891334	
706.1638122	86	4	10	0.7175918484	0.01430274021	96.2123307	0.3397734429	3.447895861	56.521984	12.55999268	30.91802332	0	0	0	-706.1638122	0.01430274021	-31955.8340513107	
703.6038122	86	4	10	0.7215982676	0.01422483169	96.17346708	0.3308768706	3.495656052	55.94980924	12.73646001	31.31373074	0	0	0	-703.6038122	0.01422483169	-33922.101851821	
701.0438122	86	4	10	0.7255272309	0.01415152619	96.13423576	0.3220647408	3.543699496	55.37297521	12.91466452	31.71236027	0	0	0	-701.0438122	0.01415152619	-36110.662228532	
698.4838122	86	4	10	0.7293816602	0.01408275605	96.0946333	0.3133423192	3.592024382	54.7913106	13.09466072	32.11402868	0	0	0	-698.4838122	0.01408275605	-38563.6990596075	
695.9238122	86	4	10	0.73316435	0.01401845852	96.05465712	0.3047146437	3.640628234	54.20463784	13.27650523	32.51885693	0	0	0	-695.9238122	0.01401845852	-41306.8061779726	
693.3638122	86	4	10	0.7368779543	0.01395850251	96.01430574	0.2961865459	3.689507713	53.61277599	13.46025593	32.92696808	0	0	0	-693.3638122	0.01395850251	-44503.5772338589	
690.8038122	86	4	10	0.7405250732	0.01390305919	95.97357847	0.2877625861	3.738658947	53.01552767	13.64597597	33.33849635	0	0	0	-690.8038122	0.01390305919	-48191.5091742103	
688.2438122	86	4	10	0.7441081533	0.0138519137	95.93247574	0.2794471105	3.788077149	52.41269544	13.83372872	33.75357584	0	0	0	-688.2438122	0.0138519137	-52342.2926976743	
685.6838122	86	4	10	0.7476295063	0.01380489515	95.89099971	0.2712443336	3.837755953	51.80408015	14.02357826	34.1723416	0	0	0	-685.6838122	0.01380489515	-57307.0757413674	
683.1238122	86	4	10	0.7510913986	0.01376216213	95.84915341	0.2631581688	3.88768842	51.1894663	14.21559395	34.59493975	0	0	0	-683.1238122	0.01376216213	-63311.8667525904	
680.5638122	86	4	10	0.7544959836	0.01372359899	95.80694147	0.2551923461	3.937866184	50.56863391	14.40984677	35.02151932	0	0	0	-680.5638122	0.01372359899	-70583.1493864667	
678.0038122	86	4	10	0.7578453233	0.01368915925	95.76437014	0.2473503895	3.988279472	49.94135537	14.60641024	35.45223439	0	0	0	-678.0038122	0.01368915925	-79634.0845806511	
675.4438122	86	4	10	0.761141392	0.01365879446	95.72144744	0.2396356201	4.038916942	49.30739538	14.80536049	35.88724413	0	0	0	-675.4438122	0.01365879446	-91202.3473508611	
672.8838122	86	4	10	0.7643860783	0.01363245245	95.67818334	0.2320511611	4.089765498	48.66651099	15.00677625	36.32671276	0	0	0	-672.8838122	0.01363245245	-106494.080312724	
670.3238122	86	4	10	0.7675811878	0.01361007551	95.63458997	0.2245999418	4.140810085	48.01845176	15.21073875	36.77080949	0	0	0	-670.3238122	0.01361007551	-127627.52694004	
667.7638122	86	4	10	0.770728444	0.01359159804	95.59068184	0.2172847022	4.192033453	47.36295995	15.4173317	37.21970835	0	0	0	-667.7638122	0.01359159804	-158705.621893539	
665.2038122	86	4	10	0.7738294895	0.01357694377	95.54647611	0.2101079979	4.243415896	46.69977098	15.62664113	37.6735879	0	0	0	-665.2038122	0.01357694377	-208907.488255239	
662.6438122	86	4	10	0.7768858859	0.01356602255	95.50199284	0.2030722052	4.294934956	46.028614	15.83875518	38.13263082	0	0	0	-662.6438122	0.01356602255	-304230.803665786	
660.0838122	86	4	10	0.7798991136	0.01355872656	95.45725539	0.1961795266	4.346565087	45.34921274	16.05376386	38.5970234	0	0	0	-660.0838122	0.01355872656	-563011.831676641	
657.5238122	86	4	10	0.7828705699	0.01355492566	95.41229072	0.1894319963	4.398277284	44.66128664	16.27175862	39.06695473	0	0	0	-657.5238122	0.01355492566	-4994916.73253771	
654.9638122	86	4	10	0.785801567	0.01355446206	95.36712986	0.182831486	4.450038655	43.96455234	16.49283193	39.54261572	0	0	0	-654.9638122	0.01355446206	-6875521.48094027	
652.4038122	86	4	10	0.7886933286	0.01355714397	95.32180834	0.1763797114	4.501811953	43.25872562	16.71707657	40.02419781	0	0	0	-652.4038122	0.01355714397	793513.120813693	
649.8438122	86	4	10	0.7915469852	0.01356273805	95.27636672	0.1700782378	4.55355504	42.54352387	16.94458484	40.51189129	0	0	0	-649.8438122	0.01356273805	398397.090019462	
647.2838122	86	4	10	0.7943635687	0.01357096065	95.23085121	0.1639284868	4.605220301	41.81866923	17.17544752	41.00588325	0	0	0	-647.2838122	0.01357096065	281621.083565637	
644.7238122	86	4	10	0.7971440047	0.01358146753	95.18531428	0.1579317425	4.656753981	41.08389251	17.40975259	41.5063549	0	0	0	-644.7238122	0.01358146753	226966.405942587	
642.1638122	86	4	10	0.7998891471	0.013593813	95.13981231	0.152089021	4.708098671	40.33894445	17.64757483	42.01348073	0	0	0	-642.1638122	0.013593813	198164.699577468	
639.6038122	86	4	10	0.8025996102	0.01360742861	95.0944168	0.1464014991	4.759181703	39.58358966	17.88899812	42.52741223	0	0	0	-639.6038122	0.01360742861	182362.674726147	
637.0438122	86	4	10	0.8052759703	0.01362194677	95.04920251	0.140870086	4.809927401	38.81761074	18.13409343	43.04829583	0	0	0	-637.0438122	0.01362194677	176107.591227136	
634.4838122	86	4	10	0.8079186222	0.01363650184	95.00425497	0.1354955737	4.860249459	38.04083364	18.38291756	43.5762488	0	0	0	-634.4838122	0.01363650184	181322.169313468	
631.9238122	86	4	10	0.8105277917	0.01365023189	94.95967024	0.1302786428	4.910051115	37.25313031	18.63551215	44.11135755	0	0	0	-631.9238122	0.01365023189	201977.424275424	
629.3638122	86	4	10	0.813103517	0.01366211592	94.91555599	0.1252198621	4.959224147	36.45443134	18.89189948	44.65366918	0	0	0	-629.3638122	0.01366211592	258019.254572568	
626.8038122	86	4	10	0.8156456284	0.01367095268	94.87203246	0.1203196887	5.007647851	35.64474063	19.15207766	45.20318171	0	0	0	-626.8038122	0.01367095268	486038.616647248	
624.2438122	86	4	10	0.8181537256	0.01367533988	94.82923347	0.1155784633	5.05518807	34.82415233	19.41601494	45.75983273	0	0	0	-624.2438122	0.01367533988	-2830596.84643109	
621.6838122	86	4	10	0.8206271551	0.01367365524	94.78730727	0.1109964022	5.101696327	33.99287021	19.68364336	46.32348643	0	0	0	-621.6838122	0.01367365524	-1332728.90672938	
619.1238122	86	4	10	0.8230649869	0.01366404205	94.74641726	0.1065735835	5.147009152	33.15122915	19.95485161	46.89391924	0	0	0	-619.1238122	0.01366404205	-221623.522574118	
616.5638122	86	4	10	0.8254659924	0.01364440229	94.70674236	0.1023099284	5.19094771	32.29971856	20.22947726	47.47080417	0	0	0	-616.5638122	0.01364440229	-111197.352622089	
614.0038122	86	4	10	0.8278286259	0.01361239873	94.66847697	0.09820517369	5.233317859	31.43900701	20.50729863	48.05369436	0	0	0	-614.0038122	0.01361239873	-69683.0396070742	
611.4438122	86	4	10	0.8301510133	0.01356549011	94.63183034	0.09425883702	5.273910818	30.56996696	20.78802651	48.64200653	0	0	0	-611.4438122	0.01356549011	-48298.4740403857	
608.8838122	86	4	10	0.8324309459	0.0135009472	94.59702527	0.09047017413	5.312504557	29.69369796	21.07129659	49.23500546	0	0	0	-608.8838122	0.0135009472	-35538.5884160613	
606.3238122	86	4	10	0.8346658832	0.01341590785	94.56429587	0.08683813186	5.348865993	28.81154575	21.35666338	49.83179087	0	0	0	-606.3238122	0.01341590785	-27265.7047677456	
603.7638122	86	4	10	0.8368530061	0.01330768017	94.53388367	0.08336126818	5.382755059	27.92511832	21.64359349	50.4312882	0	0	0	-603.7638122	0.01330768017	-21608.2957275969	
601.2038122	86	4	10	0.8389892171	0.01317344658	94.50603397	0.08003772098	5.413928306	27.03628638	21.9314676	51.03224603	0	0	0	-601.2038122	0.01317344658	-17567.3640602361	
598.6438122	86	4	10	0.8410712361	0.01301086455	94.48098957	0.07686512171	5.442145313	26.14717825	22.21958068	51.63324107	0	0	0	-598.6438122	0.01301086455	-14615.7925810564	
596.0838122	86	4	10	0.8430956808	0.01281802634	94.45898419	0.07384054193	5.467175265	25.26015658	22.50715006	52.23269337	0	0	0	-596.0838122	0.01281802634	-12413.8860924285	
593.5238122	86	4	10	0.8450591768	0.01259369522	94.44023511	0.07096044556	5.48880444	24.37777931	22.79332829	52.8288924	0	0	0	-593.5238122	0.01259369522	-10748.6875619498	
590.9638122	86	4	10	0.8469584828	0.01233747552	94.4249354	0.06822066034	5.506843937	23.50274411	23.07722155	53.42003434	0	0	0	-590.9638122	0.01233747552	-9478.69877489901	
588.4038122	86	4	10	0.8487906251	0.01204994199	94.41324656	0.06561637526	5.521137063	22.63781814	23.35791283	54.00426903	0	0	0	-588.4038122	0.01204994199	-8506.94839350139	
585.8438122	86	4	10	0.8505530291	0.01173270353	94.40529212	0.06314216911	5.531565711	21.78575716	23.63448868	54.57975415	0	0	0	-585.8438122	0.01173270353	-7765.2898158227	
583.2838122	86	4	10	0.8522436379	0.01138838424	94.40115283	0.06079207208	5.538055102	20.94922012	23.9060675	55.14471239	0	0	0	-583.2838122	0.01138838424	-7204.86076448419	
580.7238122	86	4	10	0.8538610063	0.01102051663	94.40086394	0.0585596586	5.540576403	20.130686	24.17182694	55.69748706	0	0	0	-580.7238122	0.01102051663	-6790.06025726993	
578.1638122	86	4	10	0.8554043613	0.01063335547	94.40441487	0.05643816587	5.539146966	19.3323803	24.43102832	56.23659138	0	0	0	-578.1638122	0.01063335547	-6494.61928292106	
575.6038122	86	4	10	0.8568736254	0.01023163447	94.41175116	0.05442062892	5.533828215	18.55621687	24.68303577	56.76074736	0	0	0	-575.6038122	0.01023163447	-6298.96656800783	
573.0438122	86	4	10	0.8582694019	0.009820296241	94.42277851	0.0525000218	5.524721472	17.80375916	24.92732914	57.2689117	0	0	0	-573.0438122	0.009820296241	-6188.41567156078	
570.4838122	86	4	10	0.8595929262	0.009404228084	94.43736839	0.05066939409	5.511962219	17.07620221	25.16350991	57.76028787	0	0	0	-570.4838122	0.009404228084	-6151.89503542709	
567.9238122	86	4	10	0.860845992	0.008988032327	94.45536459	0.04892199344	5.495713416	16.37437441	25.39130067	58.23432492	0	0	0	-567.9238122	0.008988032327	-6180.77533578529	
565.3638122	86	4	10	0.8620308546	0.008575814838	94.4765904	0.04725137204	5.476158225	15.69875718	25.61053885	58.69070398	0	0	0	-565.3638122	0.008575814838	-6269.50644731883	
562.8038122	86	4	10	0.8631501501	0.008171238179	94.5008544	0.0456514478	5.45349415	15.04951128	25.82116716	59.12932156	0	0	0	-562.8038122	0.008171238179	-6412.69805526274	
560.2438122	86	4	10	0.8642067675	0.007777124847	94.5279581	0.04411658389	5.427925312	14.42652407	26.02321938	59.55025656	0	0	0	-560.2438122	0.007777124847	-6606.30928116867	
557.6838122	86	4	10	0.865203775	0.007395799796	94.5577003	0.04264160094	5.399658099	13.82944738	26.21680691	59.95374571	0	0	0	-557.6838122	0.007395799796	-6848.4156052825	
555.1238122	86	4	10	0.8661443323	0.007028946995	94.5898817	0.0412217919	5.368896504	13.25774301	26.40210405	60.34015294	0	0	0	-555.1238122	0.007028946995	-7136.73756071562	
552.5638122	86	4	10	0.8670316204	0.006677706604	94.62430836	0.03985291604	5.335838727	12.71072462	26.57933416	60.70994123	0	0	0	-552.5638122	0.006677706604	-7469.81501095956	
550.0038122	86	4	10	0.8678687852	0.006342749372	94.66079414	0.03853118062	5.300674684	12.18759575	26.74875708	61.06364717	0	0	0	-550.0038122	0.006342749372	-7846.60491258992	
547.4438122	86	4	10	0.8686588938	0.006024355797	94.69916245	0.03725321412	5.263584337	11.68748321	26.91065818	61.40185861	0	0	0	-547.4438122	0.006024355797	-8266.3883346248	
544.8838122	86	4	10	0.8694049018	0.005722493148	94.73924728	0.03601603424	5.22473669	11.20946527	27.06533898	61.72519574	0	0	0	-544.8838122	0.005722493148	-8728.69799014571	
542.3238122	86	4	10	0.8701096313	0.005436886019	94.78089367	0.03481701319	5.184289317	10.75259489	27.21310955	62.03429556	0	0	0	-542.3238122	0.005436886019	-9233.26221444008	
539.7638122	86	4	10	0.870775757	0.005167078124	94.82395785	0.03365384232	5.142388306	10.31591829	27.35428229	62.32979942	0	0	0	-539.7638122	0.005167078124	-9779.96166087584	
537.2038122	86	4	10	0.8714057987	0.004912484513	94.86830701	0.0325244975	5.099168495	9.89848949	27.48916722	62.61234329	0	0	0	-537.2038122	0.004912484513	-10368.7956696263	
534.6438122	86	4	10	0.8720021189	0.004672434384	94.91381888	0.03142720614	5.054753918	9.499381243	27.61806829	62.88255047	0	0	0	-534.6438122	0.004672434384	-10999.8563740838	
532.0838122	86	4	10	0.8725669243	0.00444620527	94.96038119	0.03036041659	5.009258388	9.117693061	27.74128076	63.14102618	0	0	0	-532.0838122	0.00444620527	-11673.3087161172	
529.5238122	86	4	10	0.8731022704	0.004233049656	95.00789107	0.02932277004	4.962786155	8.752556834	27.85908933	63.38835383	0	0	0	-529.5238122	0.004233049656	-12389.3748570074	
526.9638122	86	4	10	0.8736100673	0.004032215185	95.05625433	0.02831307518	4.915432599	8.403140511	27.97176691	63.62509258	0	0	0	-526.9638122	0.004032215185	-13148.3223406942	
524.4038122	86	4	10	0.8740920872	0.003842959588	95.10538478	0.02733028552	4.867284934	8.06865027	28.07957391	63.85177582	0	0	0	-524.4038122	0.003842959588	-13950.4552777004	
521.8438122	86	4	10	0.8745499723	0.003664561363	95.15520363	0.02637347924	4.818422891	7.748331515	28.18275787	64.06891061	0	0	0	-521.8438122	0.003664561363	-14796.1076611235	
519.2838122	86	4	10	0.8749852433	0.003496327093	95.20563878	0.02544184146	4.768919381	7.44146899	28.28155347	64.27697754	0	0	0	-519.2838122	0.003496327093	-15685.638111455	
516.7238122	86	4	10	0.8753993081	0.003337596153	95.25662425	0.02453464867	4.718841104	7.147386239	28.37618265	64.47643111	0	0	0	-516.7238122	0.003337596153	-16619.4265207904	
514.1638122	86	4	10	0.8757934693	0.003187743441	95.30809961	0.02365125511	4.668249137	6.865444586	28.46685497	64.66770045	0	0	0	-514.1638122	0.003187743441	-17597.8719416135	
511.6038122	86	4	10	0.8761689326	0.00304618062	95.36000946	0.02279108096	4.617199455	6.595041801	28.55376801	64.85119018	0	0	0	-511.6038122	0.00304618062	-18621.3907731572	
509.0438122	86	4	10	0.8765268144	0.002912356267	95.41230297	0.02195360205	4.565743427	6.335610539	28.63710795	65.02728151	0	0	0	-509.0438122	0.002912356267	-19690.4160033967	
506.4838122	86	4	10	0.8768681483	0.002785755247	95.4649334	0.02113834096	4.513928257	6.086616654	28.71705003	65.19633332	0	0	0	-506.4838122	0.002785755247	-20805.3976117308	
503.9238122	86	4	10	0.8771938926	0.002665897551	95.51785775	0.02034485938	4.461797387	5.847557447	28.79375918	65.35868337	0	0	0	-503.9238122	0.002665897551	-21966.8026287576	
501.3638122	86	4	10	0.8775049355	0.002552336769	95.57103639	0.01957275143	4.409390863	5.617959897	28.8673906	65.5146495	0	0	0	-501.3638122	0.002552336769	-23175.1159482123	
498.8038122	86	4	10	0.8778021014	0.00244465835	95.6244327	0.01882163805	4.356745666	5.397378914	28.93809031	65.66453078	0	0	0	-498.8038122	0.00244465835	-24430.8417494284	
496.2438122	86	4	10	0.878086156	0.002342477741	95.67801283	0.01809116203	4.303896007	5.185395627	29.00599572	65.80860866	0	0	0	-496.2438122	0.002342477741	-25734.5054999414	
493.6838122	86	4	10	0.8783578108	0.002245438488	95.73174542	0.01738098388	4.250873596	4.981615743	29.07123616	65.94714809	0	0	0	-493.6838122	0.002245438488	-27086.6549067231	
491.1238122	86	4	10	0.878617728	0.002153210335	95.78560134	0.01669077823	4.197707882	4.785667971	29.13393344	66.08039859	0	0	0	-491.1238122	0.002153210335	-28487.8625545203	
488.5638122	86	4	10	0.8788665242	0.002065487384	95.8395535	0.01602023083	4.144426269	4.597202527	29.19420225	66.20859522	0	0	0	-488.5638122	0.002065487384	-29938.7284706347	
486.0038122	86	4	10	0.8791047739	0.001981986316	95.89357665	0.01536903592	4.091054312	4.415889722	29.25215074	66.33195954	0	0	0	-486.0038122	0.001981986316	-31439.8823637575	
483.4438122	86	4	10	0.8793330134	0.001902444706	95.94764721	0.01473689405	4.037615891	4.241418635	29.30788084	66.45070053	0	0	0	-483.4438122	0.001902444706	-32991.9872020606	
480.8838122	86	4	10	0.8795517436	0.001826619433	96.00174312	0.0141235103	3.984133369	4.073495862	29.36148876	66.56501538	0	0	0	-480.8838122	0.001826619433	-34595.7407030887	
478.3238122	86	4	10	0.8797614325	0.001754285185	96.05584368	0.01352859267	3.930627731	3.911844353	29.41306533	66.67509031	0	0	0	-478.3238122	0.001754285185	-36251.8801805346	
475.7638122	86	4	10	0.8799625184	0.001685233078	96.10992943	0.01295185086	3.877118715	3.756202322	29.46269636	66.78110132	0	0	0	-475.7638122	0.001685233078	-37961.1858788467	
473.2038122	86	4	10	0.8801554116	0.001619269363	96.16398208	0.0123929952	3.823624924	3.606322235	29.51046298	66.88321479	0	0	0	-473.2038122	0.001619269363	-39724.4834379467	
470.6438122	86	4	10	0.880340497	0.001556214235	96.21798433	0.01185173581	3.77016393	3.461969859	29.55644194	66.9815882	0	0	0	-470.6438122	0.001556214235	-41542.6487357025	
468.0838122	86	4	10	0.8805181359	0.001495900733	96.27191985	0.01132778192	3.71675237	3.32292339	29.60070592	67.07637069	0	0	0	-468.0838122	0.001495900733	-43416.6122880857	
465.5238122	86	4	10	0.8806886676	0.001438173728	96.32577313	0.01082084132	3.663406024	3.188972634	29.64332377	67.1677036	0	0	0	-465.5238122	0.001438173728	-45347.3645444687	
462.9638122	86	4	10	0.8808524115	0.001382888993	96.37952948	0.01033062	3.610139898	3.059918245	29.68436078	67.25572097	0	0	0	-462.9638122	0.001382888993	-47335.9571722473	
460.4038122	86	4	10	0.881009668	0.00132991234	96.43317489	0.009856821812	3.556968287	2.935571026	29.72387891	67.34055006	0	0	0	-460.4038122	0.00132991234	-49383.5112424603	
457.8438122	86	4	10	0.8811607203	0.001279118843	96.48669601	0.00939914832	3.503904843	2.815751269	29.761937	67.42231173	0	0	0	-457.8438122	0.001279118843	-51491.2226539798	
455.2838122	86	4	10	0.8813058356	0.001230392112	96.54008008	0.008957298663	3.450962625	2.700288152	29.79859095	67.5011209	0	0	0	-455.2838122	0.001230392112	-53660.366073903	
452.7238122	86	4	10	0.8814452659	0.001183623635	96.59331487	0.008530969528	3.398154157	2.589019172	29.83389394	67.57708689	0	0	0	-452.7238122	0.001183623635	-55892.301230911	
450.1638122	86	4	10	0.8815792497	0.001138712169	96.64638868	0.008119855174	3.345491466	2.48178962	29.86789659	67.65031379	0	0	0	-450.1638122	0.001138712169	-58188.4788239163	
447.6038122	86	4	10	0.8817080122	0.001095563186	96.69929022	0.007723647513	3.292986134	2.378452096	29.90064711	67.7209008	0	0	0	-447.6038122	0.001095563186	-60550.449123803	
445.0438122	86	4	10	0.881831767	0.001054088364	96.75200864	0.007342036233	3.240649329	2.278866056	29.93219145	67.7889425	0	0	0	-445.0438122	0.001054088364	-62979.8686910936	
442.4838122	86	4	10	0.8819507162	0.00101420512	96.80453345	0.006974708964	3.18849184	2.182897389	29.96257345	67.85452916	0	0	0	-442.4838122	0.00101420512	-65478.5056794464	
439.9238122	86	4	10	0.8820650516	0.0009758361789	96.85685453	0.006621351473	3.136524116	2.090418031	29.99183496	67.91774701	0	0	0	-439.9238122	0.0009758361789	-68048.2491548493	
437.3638122	86	4	10	0.8821749553	0.0009389091819	96.90896207	0.006281647893	3.084756284	2.001305592	30.02001597	67.97867844	0	0	0	-437.3638122	0.0009389091819	-70691.1192815911	
434.8038122	86	4	10	0.8822806002	0.000903356325	96.96084653	0.00595528097	3.033198185	1.915443025	30.04715469	68.03740228	0	0	0	-434.8038122	0.000903356325	-73409.2751913035	
432.2438122	86	4	10	0.8823821508	0.000869114027	97.01249867	0.005641932329	2.981859393	1.832718308	30.0732877	68.09399399	0	0	0	-432.2438122	0.000869114027	-76205.0243591923	
429.6838122	86	4	10	0.8824797637	0.0008361226239	97.06390948	0.005341282763	2.930749237	1.753024147	30.09845	68.14852585	0	0	0	-429.6838122	0.0008361226239	-79080.8337414312	
427.1238122	86	4	10	0.8825735878	0.0008043260888	97.11507016	0.005053012523	2.879876822	1.676257705	30.12267515	68.20106715	0	0	0	-427.1238122	0.0008043260888	-82039.3409584077	
424.5638122	86	4	10	0.8826637653	0.0007736717732	97.16597215	0.004776801626	2.829251049	1.602320346	30.1459953	68.25168435	0	0	0	-424.5638122	0.0007736717732	-85083.3663060183	
422.0038122	86	4	10	0.8827504319	0.0007441101695	97.21660704	0.004512330166	2.778880628	1.531117393	30.16844131	68.3004413	0	0	0	-422.0038122	0.0007441101695	-88215.9255668379	
419.4438122	86	4	10	0.8828337168	0.0007155946914	97.26696663	0.00425927863	2.728774093	1.46255791	30.19004281	68.34739929	0	0	0	-419.4438122	0.0007155946914	-91440.2435200586	
416.8838122	86	4	10	0.882913744	0.0006880814718	97.31704285	0.00401732822	2.678939822	1.396554489	30.21082825	68.39261726	0	0	0	-416.8838122	0.0006880814718	-94759.7696678239	
414.3238122	86	4	10	0.8829906315	0.0006615291764	97.3668278	0.003786161165	2.629386041	1.333023061	30.23082499	68.43615194	0	0	0	-414.3238122	0.0006615291764	-98178.1935583847	
411.7638122	86	4	10	0.8830644927	0.000635898831	97.4163137	0.003565461045	2.580120842	1.271882708	30.25005937	68.47805792	0	0	0	-411.7638122	0.000635898831	-101699.461281045	
409.2038122	86	4	10	0.8831354359	0.000611153662	97.4654929	0.003354913103	2.53115219	1.213055498	30.26855671	68.51838779	0	0	0	-409.2038122	0.000611153662	-105327.795598681	
406.6438122	86	4	10	0.8832035651	0.0005872589495	97.51435786	0.003154204557	2.482487933	1.156466321	30.28634143	68.55719225	0	0	0	-406.6438122	0.0005872589495	-109067.714672567	
404.0838122	86	4	10	0.8832689799	0.0005641818901	97.56290116	0.002963024906	2.434135812	1.102042747	30.30343704	68.59452021	0	0	0	-404.0838122	0.0005641818901	-112924.053540083	
401.5238122	86	4	10	0.883331776	0.0005418914708	97.61111547	0.002781066229	2.386103466	1.049714878	30.31986623	68.63041889	0	0	0	-401.5238122	0.0005418914708	-116901.988599025	
398.9638122	86	4	10	0.8833920452	0.0005203583516	97.65899353	0.002608023475	2.338398443	0.9994152233	30.33565089	68.66493389	0	0	0	-398.9638122	0.0005203583516	-121007.061162477	
396.4038122	86	4	10	0.883449876	0.0004995547563	97.70652821	0.002443594751	2.2910282	0.9510785745	30.35081216	68.69810927	0	0	0	-396.4038122	0.0004995547563	-125245.205335017	
393.8438122	86	4	10	0.8835053532	0.0004794543715	97.7537124	0.002287481592	2.244000115	0.9046418912	30.36537046	68.72998765	0	0	0	-393.8438122	0.0004794543715	-129622.777562831	
391.2838122	86	4	10	0.8835585586	0.0004600322523	97.80053912	0.002139389229	2.197321487	0.8600441934	30.37934554	68.76061027	0	0	0	-391.2838122	0.0004600322523	-134146.588768564	
388.7238122	86	4	10	0.8836095709	0.0004412647349	97.84700143	0.001999026842	2.150999543	0.81722646	30.39275648	68.79001706	0	0	0	-388.7238122	0.0004412647349	-138823.93968506	
386.1638122	86	4	10	0.883658466	0.000423129355	97.89309245	0.001866107806	2.105041441	0.7761315344	30.40562176	68.8182467	0	0	0	-386.1638122	0.000423129355	-143662.656327267	
383.6038122	86	4	10	0.8837053171	0.0004056047713	97.93880538	0.001740349919	2.059454274	0.7367040357	30.41795928	68.84533668	0	0	0	-383.6038122	0.0004056047713	-148671.133031109	
381.0438122	86	4	10	0.8837501948	0.000388670695	97.98413346	0.001621475625	2.014245068	0.6988902747	30.42978636	68.87132336	0	0	0	-381.0438122	0.000388670695	-153858.377456401	
378.4838122	86	4	10	0.8837931673	0.0003723078232	98.02907	0.001509212223	1.969420792	0.6626381764	30.44111981	68.89624202	0	0	0	-378.4838122	0.0003723078232	-159234.057478289	
375.9238122	86	4	10	0.8838343004	0.0003564977769	98.07360836	0.00140329206	1.924988352	0.6278972059	30.4519759	68.92012689	0	0	0	-375.9238122	0.0003564977769	-164808.55768768	
373.3638122	86	4	10	0.8838736578	0.0003412230434	98.11774195	0.001303452714	1.880954597	0.5946182999	30.46237045	68.94301125	0	0	0	-373.3638122	0.0003412230434	-154799.14677498	
372.0838122	86	4	10	0.8838926921	0.0001651409415	98.13965511	0.001255733036	1.859089158	0.5785122136	30.46740004	68.95408774	0	0	0	-372.0838122	0.0001651409415	-341041.960240832	
370.8038122	86	4	10	0.8839113052	0.0001614629267	98.1614646	0.001209437599	1.837325959	0.5627538558	30.47231993	68.96492621	0	0	0	-370.8038122	0.0001614629267	-333420.086235369	
370.1638122	86	4	10	0.8839204567	7.939756888E-05	98.17233028	0.001186814247	1.826482906	0.5550032783	30.47473946	68.97025726	0	0	0	-370.1638122	7.939756888E-05	-7933.22611359663	
369.8438122	86	4	10	0.8839249941	3.939169018E-05	98.17775331	0.001175631967	1.82107106	0.5511598338	30.47593923	68.97290094	0	0	0	-369.8438122	3.939169018E-05	-8059.13249757828	
369.6838122	86	4	10	0.8839272533	1.96116212E-05	98.18046236	0.001170072964	1.818367563	0.5492460333	30.47653662	68.97421735	0	0	0	-369.6838122	1.96116212E-05	-8123.73741587731	
369.6038122	86	4	10	0.8839283805	9.784842253E-06	98.18181628	0.00116730147	1.817016422	0.5482911085	30.4768347	68.9748742	0	0	0	-369.6038122	9.784842253E-06	-8158.47818222646	
369.5638122	86	4	10	0.8839289435	4.88719063E-06	98.18249308	0.001165917721	1.816341004	0.5478141394	30.47698358	68.97520228	0	0	0	-369.5638122	4.88719063E-06	-8167.17951358062	
369.5238122	86	4	10	0.8839295061	4.881665396E-06	98.18316978	0.001164535302	1.815665688	0.5473374991	30.47713236	68.97553014	0	0	0	-369.5238122	4.881665396E-06	-8167.23798392543	
369.5038122	86	4	10	0.8839297872	2.440578166E-06	98.18350813	0.001163844636	1.815328029	0.5470993021	30.47720671	68.97569399	0	0	0	-369.5038122	2.440578166E-06	-8193.07059337728	
369.4838122	86	4	10	0.8839300683	2.438726444E-06	98.18384641	0.001163154258	1.814990434	0.5468611872	30.47728103	68.97585778	0	0	0	-369.4838122	2.438726444E-06	-8192.74527567071	
369.4738122	86	4	10	0.8839302087	1.184395805E-06	98.18401552	0.001162809165	1.814821671	0.5467421599	30.47731817	68.97593967	0	0	0	-369.4738122	1.184395805E-06	290630.403061469	
369.4638122	86	4	10	0.8839303491	1.219832361E-06	98.18418465	0.001162464184	1.81465289	0.5466231538	30.47735531	68.97602153	0	0	0	-369.4638122	1.219832361E-06	282194.466075962	
369.4538122	86	4	10	0.8839304896	1.21860878E-06	98.18435377	0.001162119286	1.814484115	0.5465041681	30.47739245	68.97610338	0	0	0	-369.4538122	1.21860878E-06	37067.8611280453	
369.4438122	86	4	10	0.88393063	1.218423751E-06	98.18452288	0.00116177447	1.814315346	0.546385203	30.47742958	68.97618521	0	0	0	-369.4438122	1.218423751E-06	0	
369.4338122	86	4	10	0.8839307704	1.21820932E-06	98.18469199	0.001161429738	1.814146583	0.5462662584	30.47746671	68.97626703	0	0	0	-369.4338122	1.21820932E-06	0	
369.4238122	86	4	10	0.8839309107	1.217995753E-06	98.18486109	0.001161085089	1.813977827	0.5461473343	30.47750383	68.97634883	0	0	0	-369.4238122	1.217995753E-06	0	
369.4138122	86	4	10	0.8839310511	1.217782191E-06	98.18503018	0.001160740523	1.813809078	0.5460284307	30.47754095	68.97643062	0	0	0	-369.4138122	1.217782191E-06	0	
369.4038122	86	4	10	0.8839311914	1.217568659E-06	98.18519927	0.001160396039	1.813640334	0.5459095476	30.47757805	68.9765124	0	0	0	-369.4038122	1.217568659E-06	0	
369.3938122	86	4	10	0.8839313317	1.217355156E-06	98.18536835	0.001160051639	1.813471597	0.545790685	30.47761515	68.97659416	0	0	0	-369.3938122	1.217355156E-06	0	
369.3838122	86	4	10	0.883931472	1.217141683E-06	98.18553743	0.001159707321	1.813302867	0.5456718428	30.47765225	68.97667591	0	0	0	-369.3838122	1.217141683E-06	0	
369.3738122	86	4	10	0.8839316122	1.216928238E-06	98.18570649	0.001159363087	1.813134143	0.5455530212	30.47768934	68.97675764	0	0	0	-369.3738122	1.216928238E-06	0	
369.3638122	86	4	10	0.8839317524	1.216714822E-06	98.18587556	0.001159018935	1.812965425	0.54543422	30.47772642	68.97683936	0	0	0	-369.3638122	1.216714822E-06	0	
369.3538122	86	4	10	0.8839318926	1.216501435E-06	98.18604461	0.001158674866	1.812796713	0.5453154394	30.47776349	68.97692107	0	0	0	-369.3538122	1.216501435E-06	0	
369.3438122	86	4	10	0.8839320328	1.216288077E-06	98.18621366	0.001158330881	1.812628008	0.5451966792	30.47780056	68.97700276	0	0	0	-369.3438122	1.216288077E-06	-2.73116072463081	
369.3238122	86	4	10	0.8839323131	2.466353952E-06	98.18655176	0.001157643186	1.812290592	0.5449592209	30.4778747	68.97716608	0	0	0	-369.3238122	2.466353952E-06	16242.2654992959	
369.2838122	86	4	10	0.8839328734	4.86043691E-06	98.18722781	0.001156268689	1.811615925	0.5444845488	30.47802285	68.9774926	0	0	0	-369.2838122	4.86043691E-06	16637.2572868915	
369.2038122	86	4	10	0.8839339926	9.710619201E-06	98.18857966	0.001153523755	1.810266818	0.5435361867	30.47831886	68.97814495	0	0	0	-369.2038122	9.710619201E-06	16511.6704713945	
369.0438122	86	4	10	0.8839362264	1.938036682E-05	98.19128212	0.001148049749	1.807569826	0.5416433858	30.47890963	68.97944699	0	0	0	-369.0438122	1.938036682E-05	16581.6800476937	
368.7238122	86	4	10	0.8839406749	3.859763097E-05	98.1966821	0.001137164979	1.802180733	0.5378734394	30.48008621	68.98204035	0	0	0	-368.7238122	3.859763097E-05	16723.4181285056	
368.0838122	86	4	10	0.8839494965	7.654592816E-05	98.2074622	0.001115646736	1.791422156	0.5303958634	30.48241967	68.98718447	0	0	0	-368.0838122	7.654592816E-05	17013.7392900795	
366.8038122	86	4	10	0.8839668409	0.0001505190693	98.2289426	0.001073602174	1.769983803	0.5156875567	30.48700857	68.99730387	0	0	0	-366.8038122	0.0001505190693	17623.376773058	
364.2438122	86	4	10	0.8840003592	0.0002909434217	98.27158147	0.0009933758471	1.727425155	0.4872391285	30.49588046	69.01688041	0	0	0	-364.2438122	0.0002909434217	-218367.925508907	
361.6838122	86	4	10	0.8840323671	0.0002779092566	98.31378618	0.0009181037929	1.685295717	0.460045899	30.50435727	69.03559683	0	0	0	-361.6838122	0.0002779092566	-200002.347004859	
359.1238122	86	4	10	0.8840629177	0.0002653277305	98.35555041	0.0008475553923	1.643602039	0.4340659547	30.51245244	69.05348161	0	0	0	-359.1238122	0.0002653277305	-207221.527026632	
356.5638122	86	4	10	0.8840920628	0.0002531857733	98.39686797	0.0007815062158	1.60235052	0.4092583485	30.52017907	69.07056258	0	0	0	-356.5638122	0.0002531857733	-214734.625821556	
354.0038122	86	4	10	0.8841198523	0.0002414691844	98.43773267	0.0007197379113	1.561547594	0.3855833728	30.52754987	69.08686676	0	0	0	-354.0038122	0.0002414691844	-222566.804709415	
351.4438122	86	4	10	0.8841463348	0.0002301665601	98.47813836	0.0006620384104	1.521199597	0.3630022942	30.53457722	69.10242049	0	0	0	-351.4438122	0.0002301665601	-230752.970055131	
348.8838122	86	4	10	0.8841715574	0.0002192663705	98.518079	0.0006082019482	1.481312798	0.3414773749	30.54127317	69.11724945	0	0	0	-348.8838122	0.0002192663705	-239311.164881779	
346.3238122	86	4	10	0.884195566	0.0002087575189	98.55754858	0.0005580291046	1.441893394	0.3209718389	30.54764947	69.13137869	0	0	0	-346.3238122	0.0002087575189	-248266.253875776	
343.7638122	86	4	10	0.8842184051	0.0001986293131	98.59654116	0.0005113268331	1.402947509	0.3014498394	30.55371753	69.14483263	0	0	0	-343.7638122	0.0001986293131	-257645.287466379	
341.2038122	86	4	10	0.8842401177	0.0001888714472	98.6350509	0.0004679084762	1.364481188	0.2828764292	30.55948849	69.15763508	0	0	0	-341.2038122	0.0001888714472	-267477.56154636	
338.6438122	86	4	10	0.884260746	0.000179473965	98.67307201	0.0004275937695	1.326500396	0.2652175325	30.56497318	69.16980928	0	0	0	-338.6438122	0.000179473965	-277794.85060769	
336.0838122	86	4	10	0.8842803308	0.0001704272437	98.71059878	0.0003902088323	1.289011009	0.2484399198	30.57018218	69.1813779	0	0	0	-336.0838122	0.0001704272437	-288633.924075449	
333.5238122	86	4	10	0.8842989119	0.0001617220927	98.74762564	0.0003555861703	1.252018772	0.2325111712	30.57512578	69.19236305	0	0	0	-333.5238122	0.0001617220927	-300025.475627683	
330.9638122	86	4	10	0.8843165277	0.0001533491098	98.78414698	0.00032356455	1.215529456	0.2173997037	30.579814	69.2027863	0	0	0	-330.9638122	0.0001533491098	-312016.360712322	
328.4038122	86	4	10	0.8843332159	0.0001452999324	98.8201574	0.0002939890965	1.17954861	0.2030746744	30.58425661	69.21266871	0	0	0	-328.4038122	0.0001452999324	-324654.625398991	
325.8438122	86	4	10	0.8843490131	0.0001375659225	98.85565157	0.0002667111442	1.144081715	0.1895060138	30.58846315	69.22203084	0	0	0	-325.8438122	0.0001375659225	-337982.756156257	
323.2838122	86	4	10	0.8843639547	0.0001301388109	98.89062428	0.0002415881962	1.109134135	0.1766643954	30.59244288	69.23089273	0	0	0	-323.2838122	0.0001301388109	-352056.796803743	
320.7238122	86	4	10	0.8843780753	0.0001230105479	98.9250704	0.0002184838495	1.07471112	0.1645212187	30.59620485	69.23927393	0	0	0	-320.7238122	0.0001230105479	-366935.57470115	
318.1638122	86	4	10	0.8843914086	0.0001161732858	98.95898495	0.0001972677111	1.040817787	0.1530485948	30.59975786	69.24719354	0	0	0	-318.1638122	0.0001161732858	-382683.94089755	
315.6038122	86	4	10	0.8844039873	0.0001096193751	98.99236306	0.0001778153044	1.007459121	0.1422193328	30.60311051	69.25467016	0	0	0	-315.6038122	0.0001096193751	-399373.141414674	
313.0438122	86	4	10	0.8844158432	0.0001033413383	99.02520003	0.0001600079677	0.9746399655	0.1320069271	30.60627113	69.26172194	0	0	0	-313.0438122	0.0001033413383	-417081.713180024	
310.4838122	86	4	10	0.8844270072	9.733186864E-05	99.05749125	0.000143732744	0.9423650132	0.1223855464	30.60924787	69.26836658	0	0	0	-310.4838122	9.733186864E-05	-435896.740781132	
307.9238122	86	4	10	0.8844375095	9.158381807E-05	99.08923232	0.0001288822641	0.9106387987	0.1133300228	30.61204865	69.27462133	0	0	0	-307.9238122	9.158381807E-05	-455914.790033818	
305.3638122	86	4	10	0.8844473791	8.609018966E-05	99.12041896	0.0001153546213	0.87946569	0.104815843	30.61468117	69.28050299	0	0	0	-305.3638122	8.609018966E-05	-477243.36846035	
302.8038122	86	4	10	0.8844566447	8.084413124E-05	99.15104707	0.0001030532412	0.8488498798	0.09681913888	30.61715293	69.28602793	0	0	0	-302.8038122	8.084413124E-05	-500002.602762726	
300.2438122	86	4	10	0.8844653336	7.583893105E-05	99.18111274	9.18867443E-05	0.8187953755	0.08931668044	30.61947122	69.2912121	0	0	0	-300.2438122	7.583893105E-05	-477059.602763236	
300	86	4	10	0.8844661322	6.958697664E-06	99.1839467	9.087926184E-05	0.8159624219	0.08862710242	30.6196843	69.2916886	0	0	0	-300	6.958697664E-06	469980.294578153	
