T	w(AL)	w(MG)	w(SI)	fs	fw(@FCC_A1)	w(AL@FCC_A1)	w(MG@FCC_A1)	w(SI@FCC_A1)	w(AL@LIQUID)	w(MG@LIQUID)	w(SI@LIQUID)	dwdT_L(AL@LIQUID)	dwdT_L(MG@LIQUID)	dwdT_L(SI@LIQUID)	-T	fw(@FCC_A1)_1	-T//fw(@FCC_A1)	
K	%	%	%	mole/mole	kg/kg	%	%	%	%	%	%	SI	SI	SI				
876.3687585	90	2	8	0	0	98.70209386	0.398375703	0.8995304363	90	2	8	0.001696802515	-0.0003122990667	-0.001384503449	-876.3687585	0	25.5130099516538	
876.3587585	90	2	8	0.0001953109257	0.0001950958626	98.70190498	0.3984011635	0.8996938583	89.99830338	2.000312289	8.00138433	0	0	0	-876.3587585	0.0001950958626	77.0006965588082	
876.3387585	90	2	8	0.0005854756092	0.0003898411032	98.70152726	0.3984520051	0.9000207359	89.99490964	2.000936918	8.004153442	0	0	0	-876.3387585	0.0003898411032	102.725251528922	
876.2987585	90	2	8	0.001364912958	0.0007790250397	98.70077189	0.3985536116	0.9006744979	89.98812278	2.002186104	8.009691116	0	0	0	-876.2987585	0.0007790250397	102.844855752279	
876.2187585	90	2	8	0.002920440782	0.001555905193	98.69926146	0.398756429	0.9019821143	89.97455	2.004684437	8.020765558	0	0	0	-876.2187585	0.001555905193	103.118411049431	
876.0587585	90	2	8	0.006018170865	0.003103262746	98.69624202	0.3991603101	0.9045976665	89.94740822	2.009680961	8.042910821	0	0	0	-876.0587585	0.003103262746	103.688715199683	
875.7387585	90	2	8	0.01216082547	0.006172593073	98.69020869	0.3999612168	0.9098300937	89.8931397	2.019673469	8.087186829	0	0	0	-875.7387585	0.006172593073	104.924289904727	
875.0987585	90	2	8	0.02422203429	0.0121970573	98.67816428	0.401535218	0.920300504	89.78466476	2.039653766	8.175681472	0	0	0	-875.0987585	0.0121970573	107.463921794528	
873.8187585	90	2	8	0.0475185693	0.02384996203	98.65416211	0.4045746812	0.9412632066	89.56795609	2.079603657	8.352440252	0	0	0	-873.8187585	0.02384996203	112.46904219136	
871.2587585	90	2	8	0.09105387201	0.04565905527	98.60649224	0.4102306547	0.9832771064	89.13549846	2.159476173	8.705025364	0	0	0	-871.2587585	0.04565905527	-1481.76649367591	
868.6987585	90	2	8	0.1308651279	0.04375128319	98.55925047	0.4153306447	1.025418887	88.70433323	2.239276122	9.056390652	0	0	0	-868.6987585	0.04375128319	-1399.79810675953	
866.1387585	90	2	8	0.1674013952	0.04198974727	98.51241074	0.4198958565	1.067693408	88.27444361	2.319019853	9.406536542	0	0	0	-866.1387585	0.04198974727	-1514.49695030755	
863.5787585	90	2	8	0.2010448511	0.04036034128	98.46594801	0.4239465652	1.110105422	87.84581129	2.398722478	9.755466232	0	0	0	-863.5787585	0.04036034128	-1634.89098629517	
861.0187585	90	2	8	0.2321211969	0.03884915276	98.41983808	0.4275021791	1.152659745	87.41841536	2.47839804	10.1031866	0	0	0	-861.0187585	0.03884915276	-1760.37010059797	
858.4587585	90	2	8	0.2609096281	0.03744414063	98.37405747	0.4305813099	1.195361221	86.99223274	2.558059634	10.44970763	0	0	0	-858.4587585	0.03744414063	-1891.00161946698	
855.8987585	90	2	8	0.2876507896	0.03613484998	98.32858345	0.4332018385	1.238214714	86.56723831	2.637719548	10.79504214	0	0	0	-855.8987585	0.03613484998	-2026.86776266322	
853.3387585	90	2	8	0.3125531601	0.03491215864	98.28339392	0.4353809728	1.281225104	86.14340511	2.717389386	11.13920551	0	0	0	-853.3387585	0.03491215864	-2168.05496351006	
850.7787585	90	2	8	0.3357982138	0.03376807094	98.23846742	0.4371352979	1.32439728	85.72070441	2.797080169	11.48221542	0	0	0	-850.7787585	0.03376807094	-2314.65393951123	
848.2187585	90	2	8	0.3575446232	0.03269554861	98.19378304	0.4384808212	1.367736141	85.29910588	2.87680243	11.82409169	0	0	0	-848.2187585	0.03269554861	-2466.75979754081	
845.6587585	90	2	8	0.377931705	0.03168837134	98.14932039	0.4394330112	1.411246597	84.87857767	2.956566282	12.16485605	0	0	0	-845.6587585	0.03168837134	-2624.47227101049	
843.0987585	90	2	8	0.3970822614	0.0307410211	98.10505961	0.4400068332	1.454933562	84.45908653	3.036381489	12.50453198	0	0	0	-843.0987585	0.0307410211	-2787.89588695565	
840.5387585	90	2	8	0.4151049388	0.02984858555	98.06098126	0.4402167802	1.498801958	84.04059793	3.116257518	12.84314456	0	0	0	-840.5387585	0.02984858555	-2957.14017547763	
837.9787585	90	2	8	0.4320961941	0.02900667703	98.01706638	0.4400769014	1.542856717	83.62307611	3.196203594	13.1807203	0	0	0	-837.9787585	0.02900667703	-3132.31989045636	
835.4187585	90	2	8	0.4481419445	0.02821136421	97.97329639	0.4396008277	1.587102779	83.20648419	3.276228736	13.51728707	0	0	0	-835.4187585	0.02821136421	-3313.5554749179	
832.8587585	90	2	8	0.4633189579	0.02745911429	97.92965311	0.4388017943	1.631545094	82.79078427	3.3563418	13.85287393	0	0	0	-832.8587585	0.02745911429	-3500.97329229855	
830.2987585	90	2	8	0.4776960291	0.02674674366	97.88611871	0.4376926619	1.676188626	82.37593743	3.436551508	14.18751106	0	0	0	-830.2987585	0.02674674366	-3694.70592903137	
827.7387585	90	2	8	0.4913349808	0.02607137582	97.84267571	0.4362859354	1.72103835	81.96190387	3.51686648	14.52122965	0	0	0	-827.7387585	0.02607137582	-3894.89290482564	
825.1787585	90	2	8	0.5042915182	0.02543040529	97.79930696	0.4345937814	1.766099259	81.5486429	3.59729526	14.85406184	0	0	0	-825.1787585	0.02543040529	-4101.68094314524	
822.6187585	90	2	8	0.5166159609	0.02482146642	97.75599559	0.4326280438	1.811376365	81.13611305	3.677846336	15.18604062	0	0	0	-822.6187585	0.02482146642	-4315.22460680904	
820.0587585	90	2	8	0.5283538738	0.02424240653	97.71272504	0.4304002582	1.856874699	80.72427207	3.758528165	15.51719977	0	0	0	-820.0587585	0.02424240653	-4535.68698112669	
817.4987585	90	2	8	0.5395466109	0.02369126253	97.66947902	0.4279216655	1.902599316	80.31307699	3.83934919	15.84757382	0	0	0	-817.4987585	0.02369126253	-4763.2402570126	
814.9387585	90	2	8	0.5502317871	0.0231662406	97.62624148	0.4252032237	1.948555297	79.90248417	3.920317856	16.17719797	0	0	0	-814.9387585	0.0231662406	-4998.06665843082	
812.3787585	90	2	8	0.5604436881	0.02266569845	97.58299663	0.4222556192	1.994747749	79.49244928	4.001442629	16.50610809	0	0	0	-812.3787585	0.02266569845	-5242.20043817349	
809.8187585	90	2	8	0.5702137686	0.02218844297	97.53972777	0.4190893378	2.04118289	79.08292033	4.082733515	16.83434616	0	0	0	-809.8187585	0.02218844297	-5489.44432219574	
807.2587585	90	2	8	0.5795703663	0.02173206598	97.49642185	0.4157144382	2.087863708	78.67386596	4.164196121	17.16193792	0	0	0	-807.2587585	0.02173206598	-5745.77712385793	
804.6987585	90	2	8	0.5885399264	0.0212963932	97.45306257	0.4121409035	2.134796526	78.26523284	4.245840477	17.48892668	0	0	0	-804.6987585	0.0212963932	-6014.0303428514	
802.1387585	90	2	8	0.5971465761	0.0208798638	97.40963497	0.4083784294	2.181986597	77.8569742	4.327675271	17.81535052	0	0	0	-802.1387585	0.0208798638	-6288.3736631307	
799.5787585	90	2	8	0.6054125112	0.02048139239	97.3661243	0.4044364845	2.229439215	77.44904271	4.409709271	18.14124802	0	0	0	-799.5787585	0.02048139239	-6571.33964342206	
797.0187585	90	2	8	0.6133581843	0.02009997714	97.32251597	0.4003243167	2.277159718	77.04139044	4.491951343	18.46665822	0	0	0	-797.0187585	0.02009997714	-6863.22029484877	
794.4587585	90	2	8	0.6210024721	0.01973469048	97.27879554	0.3960509599	2.325153496	76.63396889	4.574410461	18.79162065	0	0	0	-794.4587585	0.01973469048	-7164.3163493994	
791.8987585	90	2	8	0.6283628226	0.01938467261	97.23494877	0.39162524	2.373425989	76.22672896	4.657095722	19.11617532	0	0	0	-791.8987585	0.01938467261	-7474.95283751409	
789.3387585	90	2	8	0.6354553876	0.01904912569	97.19096153	0.3870557802	2.421982695	75.81962098	4.740016351	19.44036267	0	0	0	-789.3387585	0.01904912569	-7795.47956381906	
786.7787585	90	2	8	0.6422951396	0.01872730845	97.14681983	0.3823510062	2.470829167	75.41259464	4.823181718	19.76422364	0	0	0	-786.7787585	0.01872730845	-8126.27324229532	
784.2187585	90	2	8	0.6488959772	0.01841853148	97.10250983	0.3775191506	2.519971024	75.00559903	4.906601346	20.08779962	0	0	0	-784.2187585	0.01841853148	-8467.74116438548	
781.6587585	90	2	8	0.6552708192	0.01812215295	97.05801779	0.3725682577	2.569413948	74.59858259	4.990284923	20.41113249	0	0	0	-781.6587585	0.01812215295	-8820.32366686083	
779.0987585	90	2	8	0.661431689	0.01783757474	97.01333012	0.3675061873	2.619163693	74.19149307	5.074242313	20.73426461	0	0	0	-779.0987585	0.01783757474	-9184.49831238258	
776.5387585	90	2	8	0.6673897907	0.017564239	96.9684333	0.3623406183	2.669226083	73.78427757	5.158483572	21.05723886	0	0	0	-776.5387585	0.017564239	-9560.78426763864	
773.9787585	90	2	8	0.6731555772	0.01730162501	96.92331393	0.3570790523	2.719607022	73.37688242	5.243018954	21.38009862	0	0	0	-773.9787585	0.01730162501	-9949.7461137852	
771.4187585	90	2	8	0.6787388124	0.01704924632	96.87795869	0.3517288168	2.770312493	72.96925323	5.327858928	21.70288784	0	0	0	-771.4187585	0.01704924632	-10351.9995351979	
768.8587585	90	2	8	0.6841486265	0.0168066482	96.83235437	0.3462970678	2.821348563	72.5613348	5.413014192	22.02565101	0	0	0	-768.8587585	0.0168066482	-10768.2184955937	
766.2987585	90	2	8	0.6893935669	0.01657340534	96.78648782	0.3407907931	2.872721389	72.15307108	5.498495682	22.34843324	0	0	0	-766.2987585	0.01657340534	-11199.1405915131	
763.7387585	90	2	8	0.694481644	0.01634911968	96.74034596	0.3352168143	2.924437223	71.74440516	5.584314592	22.67128025	0	0	0	-763.7387585	0.01634911968	-11645.5754041382	
761.1787585	90	2	8	0.6994203727	0.01613341853	96.6939158	0.3295817897	2.976502413	71.3352792	5.670482385	22.99423842	0	0	0	-761.1787585	0.01613341853	-12108.4147485626	
758.6187585	90	2	8	0.7042168101	0.01592595282	96.64718438	0.3238922156	3.028923409	70.92563436	5.75701081	23.31735483	0	0	0	-758.6187585	0.01592595282	-12588.641760907	
756.0587585	90	2	8	0.7088775904	0.01572639549	96.6001388	0.3181544292	3.081706772	70.51541079	5.84391192	23.64067729	0	0	0	-756.0587585	0.01572639549	-13087.3436533874	
753.4987585	90	2	8	0.7134089559	0.01553444006	96.55276622	0.3123746098	3.134859172	70.10454751	5.931198086	23.96425441	0	0	0	-753.4987585	0.01553444006	-13605.7263865051	
750.9387585	90	2	8	0.7178167861	0.01534979931	96.50505382	0.306558781	3.188387401	69.69298239	6.018882019	24.28813559	0	0	0	-750.9387585	0.01534979931	-14145.1291121639	
748.3787585	90	2	8	0.7221066238	0.01517220404	96.45698882	0.3007128119	3.242298371	69.28065206	6.106976788	24.61237115	0	0	0	-748.3787585	0.01517220404	-14707.0455962498	
745.8187585	90	2	8	0.7262836992	0.01500140203	96.40855845	0.2948424187	3.296599129	68.86749184	6.195495838	24.93701233	0	0	0	-745.8187585	0.01500140203	-15293.1467893804	
743.2587585	90	2	8	0.7303529521	0.01483715701	96.35974998	0.2889531664	3.351296855	68.45343565	6.284453017	25.26211133	0	0	0	-743.2587585	0.01483715701	-15905.3048716963	
740.6987585	90	2	8	0.734319052	0.01467924774	96.31055066	0.2830504695	3.406398873	68.03841594	6.373862595	25.58772146	0	0	0	-740.6987585	0.01467924774	-16545.6260475686	
738.1387585	90	2	8	0.7381864169	0.01452746719	96.26094775	0.2771395937	3.461912657	67.62236359	6.463739289	25.91389713	0	0	0	-738.1387585	0.01452746719	-17216.4891448982	
735.5787585	90	2	8	0.7419592303	0.0143816218	96.2109285	0.2712256567	3.51784584	67.20520778	6.554098289	26.24069393	0	0	0	-735.5787585	0.0143816218	-17920.5883639731	
733.0187585	90	2	8	0.7456414573	0.01424153077	96.16048015	0.2653136296	3.57420622	66.78687595	6.644955289	26.56816877	0	0	0	-733.0187585	0.01424153077	-18660.9889225395	
730.4587585	90	2	8	0.7492368589	0.01410702548	96.10958989	0.2594083376	3.63100177	66.36729361	6.736326509	26.89637988	0	0	0	-730.4587585	0.01410702548	-19441.1897348318	
727.8987585	90	2	8	0.7527490057	0.01397794888	96.05824489	0.2535144612	3.688240645	65.9463843	6.828228736	27.22538697	0	0	0	-727.8987585	0.01397794888	-20265.2050911579	
725.3387585	90	2	8	0.7561812905	0.01385415505	96.00643227	0.2476365367	3.745931194	65.52406937	6.920679349	27.55525128	0	0	0	-725.3387585	0.01385415505	-21137.659624451	
722.7787585	90	2	8	0.7595369396	0.01373550869	95.95413907	0.2417789578	3.80408197	65.10026793	7.01369636	27.88603571	0	0	0	-722.7787585	0.01373550869	-22063.9070471007	
720.2187585	90	2	8	0.7628190235	0.01362188476	95.90135228	0.2359459757	3.86270174	64.67489661	7.107298451	28.21780494	0	0	0	-720.2187585	0.01362188476	-23050.1867500762	
717.6587585	90	2	8	0.7660304674	0.01351316816	95.8480588	0.2301417004	3.921799496	64.24786948	7.201505016	28.5506255	0	0	0	-717.6587585	0.01351316816	-24103.7993390897	
715.0987585	90	2	8	0.7691740596	0.01340925335	95.79424543	0.2243701013	3.98138447	63.81909784	7.296336202	28.88456596	0	0	0	-715.0987585	0.01340925335	-25233.3503360425	
712.5387585	90	2	8	0.7722524611	0.01331004418	95.73989885	0.2186350082	4.041466147	63.38849002	7.39181296	29.21969702	0	0	0	-712.5387585	0.01331004418	-26449.050806365	
709.9787585	90	2	8	0.775268213	0.01321545361	95.68500561	0.2129401117	4.102054278	62.95595122	7.487957097	29.55609169	0	0	0	-709.9787585	0.01321545361	-27763.1089050644	
707.4187585	90	2	8	0.778223744	0.01312540361	95.62955214	0.2072889646	4.163158897	62.52138325	7.584791324	29.89382543	0	0	0	-707.4187585	0.01312540361	-29190.2403014321	
704.8587585	90	2	8	0.781121378	0.01303982499	95.57352468	0.2016849819	4.224790339	62.08468433	7.682339325	30.23297634	0	0	0	-704.8587585	0.01303982499	-30748.3318842992	
702.2987585	90	2	8	0.78396334	0.01295865731	95.5169093	0.1961314426	4.286959257	61.64574885	7.780625813	30.57362534	0	0	0	-702.2987585	0.01295865731	-32459.3675799349	
699.7387585	90	2	8	0.7867517628	0.01288184892	95.45969187	0.1906314894	4.34967664	61.20446704	7.879676603	30.91585636	0	0	0	-699.7387585	0.01288184892	-34350.6414618432	
697.1787585	90	2	8	0.7894886925	0.01280935687	95.40185803	0.1851881305	4.412953839	60.76072474	7.979518687	31.25975657	0	0	0	-697.1787585	0.01280935687	-36456.4783469182	
694.6187585	90	2	8	0.7921760942	0.01274114707	95.34339317	0.17980424	4.476802586	60.31440306	8.080180314	31.60541662	0	0	0	-694.6187585	0.01274114707	-38820.6576032292	
692.0587585	90	2	8	0.7948158568	0.01267719436	95.28428242	0.1744825585	4.541235024	59.86537803	8.181691079	31.95293089	0	0	0	-692.0587585	0.01267719436	-41595.4182139105	
689.4987585	90	2	8	0.7974098148	0.01261773049	95.22451241	0.1692257363	4.606261853	59.41352461	8.284082153	32.30239323	0	0	0	-689.4987585	0.01261773049	-44737.4193249771	
686.9387585	90	2	8	0.7999597402	0.0125624449	95.16406427	0.1640361985	4.671899533	58.95869665	8.387387556	32.65391579	0	0	0	-686.9387585	0.0125624449	-48211.7789243561	
684.3787585	90	2	8	0.8024672862	0.01251122277	95.10292367	0.1589163027	4.738160029	58.50075878	8.491640124	33.00760109	0	0	0	-684.3787585	0.01251122277	-52337.9270829745	
681.8187585	90	2	8	0.8049340848	0.0124642517	95.04107432	0.1538682664	4.805057413	58.03956259	8.596875902	33.36356151	0	0	0	-681.8187585	0.0124642517	-57359.7050649194	
679.2587585	90	2	8	0.8073617138	0.01242155493	94.97849949	0.148894179	4.872606327	57.57495233	8.703132853	33.72191481	0	0	0	-679.2587585	0.01242155493	-63501.0646716507	
676.6987585	90	2	8	0.8097517016	0.01238316657	94.91518197	0.1439960024	4.940822029	57.10676435	8.810451016	34.08278463	0	0	0	-676.6987585	0.01238316657	-71208.9374790421	
674.1387585	90	2	8	0.81210553	0.01234913221	94.85110399	0.1391755727	5.009720438	56.63482643	8.918872663	34.4463009	0	0	0	-674.1387585	0.01234913221	-81207.4625502457	
671.5787585	90	2	8	0.8144246384	0.01231950959	94.78624721	0.1344346009	5.079318186	56.1589571	9.028442487	34.81260041	0	0	0	-671.5787585	0.01231950959	-94755.4157594035	
669.0187585	90	2	8	0.8167104272	0.01229436944	94.72059265	0.1297746744	5.149632674	55.67896484	9.139207795	35.18182737	0	0	0	-669.0187585	0.01229436944	-114261.050354779	
666.4587585	90	2	8	0.8189642613	0.01227379637	94.65412061	0.1251972582	5.220682134	55.19464723	9.251218733	35.55413404	0	0	0	-666.4587585	0.01227379637	-145023.232528167	
663.8987585	90	2	8	0.8211874734	0.01225788999	94.5868106	0.1207036963	5.2924857	54.70578999	9.364528529	35.92968148	0	0	0	-663.8987585	0.01225788999	-201659.896535072	
661.3387585	90	2	8	0.8233813674	0.01224676611	94.51864131	0.116295213	5.365063478	54.21216596	9.479193766	36.30864028	0	0	0	-661.3387585	0.01224676611	-347101.228527233	
658.7787585	90	2	8	0.8255472218	0.01224055819	94.44959045	0.1119729142	5.438436637	53.71353385	9.595274678	36.69119148	0	0	0	-658.7787585	0.01224055819	-1962489.22776117	
656.2187585	90	2	8	0.8276862933	0.01223941888	94.37963471	0.1077377892	5.512627501	53.20963699	9.712835494	37.07752752	0	0	0	-656.2187585	0.01223941888	-3350581.96799	
653.6587585	90	2	8	0.8297998198	0.01224352196	94.30874964	0.1035907119	5.587659649	52.70020186	9.831944809	37.46785333	0	0	0	-653.6587585	0.01224352196	516982.019432129	
651.0987585	90	2	8	0.8318890245	0.0122530644	94.23690952	0.09953244269	5.663558036	52.18493641	9.952676006	37.86238759	0	0	0	-651.0987585	0.0122530644	229751.840956492	
648.5387585	90	2	8	0.8339551191	0.01226826901	94.16408725	0.0955636298	5.74034912	51.66352826	10.07510773	38.26136402	0	0	0	-648.5387585	0.01226826901	148633.9785575	
645.9787585	90	2	8	0.8359993076	0.01228938732	94.09025418	0.09168481124	5.818061008	51.13564259	10.19932441	38.665033	0	0	0	-645.9787585	0.01228938732	109229.950610345	
643.4187585	90	2	8	0.8380227909	0.01231670304	94.01537996	0.08789641644	5.896723619	50.60091983	10.32541689	39.07366328	0	0	0	-643.4187585	0.01231670304	85654.4699162417	
640.8587585	90	2	8	0.8400267702	0.01235053597	93.93943237	0.0841987681	5.976368865	50.05897293	10.45348309	39.48754397	0	0	0	-640.8587585	0.01235053597	69864.1183613406	
638.2987585	90	2	8	0.8420124522	0.01239124656	93.86237706	0.08059208402	6.057030861	49.50938441	10.58362879	39.90698679	0	0	0	-638.2987585	0.01239124656	58502.9009265877	
635.7387585	90	2	8	0.8439810539	0.01243924127	93.78417737	0.07707647907	6.138746155	48.95170284	10.71596852	40.33232864	0	0	0	-635.7387585	0.01243924127	49910.9348877219	
633.1787585	90	2	8	0.8459338075	0.01249497876	93.70479404	0.07365196708	6.221553995	48.3854389	10.85062657	40.76393453	0	0	0	-633.1787585	0.01249497876	43169.7637659507	
630.6187585	90	2	8	0.8478719671	0.01255897733	93.62418491	0.07031846293	6.305496629	47.81006085	10.98773818	41.20220096	0	0	0	-630.6187585	0.01255897733	37728.7625452382	
628.0587585	90	2	8	0.8497968147	0.01263182357	93.54230457	0.06707578457	6.390619648	47.22498924	11.12745088	41.64755987	0	0	0	-628.0587585	0.01263182357	33237.3363502006	
625.4987585	90	2	8	0.8517096674	0.01271418274	93.45910397	0.06392365518	6.476972376	46.62959086	11.26992604	42.10048309	0	0	0	-625.4987585	0.01271418274	29461.4726366444	
622.9387585	90	2	8	0.8536118862	0.012806811	93.37452998	0.06086170532	6.56460832	46.02317164	11.41534071	42.56148765	0	0	0	-622.9387585	0.012806811	26238.9569439776	
620.3787585	90	2	8	0.8555048851	0.01291057017	93.28852485	0.05788947519	6.653585678	45.40496837	11.56388976	43.03114187	0	0	0	-620.3787585	0.01291057017	23453.7892390413	
617.8187585	90	2	8	0.8573901417	0.01302644529	93.20102564	0.05500641694	6.743967939	44.77413902	11.71578833	43.51007265	0	0	0	-617.8187585	0.01302644529	21020.8469828277	
615.2587585	90	2	8	0.8592692095	0.01315556595	93.11196355	0.05221189702	6.835824556	44.12975122	11.87127485	43.99897393	0	0	0	-615.2587585	0.01315556595	18876.2758052047	
612.6987585	90	2	8	0.8611437328	0.013299232	93.02126306	0.04950519873	6.92923174	43.47076874	12.0306145	44.49861677	0	0	0	-612.6987585	0.013299232	16971.284294659	
610.1387585	90	2	8	0.8630154625	0.01345894482	92.92884111	0.04688552481	7.024273363	42.79603523	12.19410337	45.00986141	0	0	0	-610.1387585	0.01345894482	15267.9881527464	
607.5787585	90	2	8	0.8648862764	0.01363644556	92.83460598	0.04435200023	7.121042016	42.10425485	12.36207351	45.53367164	0	0	0	-607.5787585	0.01363644556	13736.5682351086	
605.0187585	90	2	8	0.8667582018	0.01383376192	92.7384561	0.04190367525	7.219640223	41.39396889	12.53489892	46.0711322	0	0	0	-605.0187585	0.01383376192	12353.2838664518	
602.4587585	90	2	8	0.8686334429	0.01405326565	92.64027863	0.03953952887	7.320181838	40.6635274	12.71300288	46.62346972	0	0	0	-602.4587585	0.01405326565	11099.0775190879	
599.8987585	90	2	8	0.870514413	0.01429774192	92.53994774	0.03725847062	7.422793793	39.91105637	12.89686592	47.19207771	0	0	0	-599.8987585	0.01429774192	9958.43513953192	
597.3387585	90	2	8	0.8724037736	0.01457048259	92.43732311	0.03505935159	7.527617536	39.13440909	13.08704045	47.77855046	0	0	0	-597.3387585	0.01457048259	8918.74436275983	
594.7787585	90	2	8	0.8743044797	0.01487538381	92.3322478	0.03294096664	7.634811237	38.33112363	13.28415865	48.38471771	0	0	0	-594.7787585	0.01487538381	7969.84093240151	
592.2187585	90	2	8	0.8762198336	0.01521707821	92.22454563	0.03090205786	7.744552316	37.49835282	13.4889527	49.01269447	0	0	0	-592.2187585	0.01521707821	7103.30406164162	
589.6587585	90	2	8	0.878153549	0.0156010947	92.11401947	0.02894133202	7.8570392	36.63278649	13.70227439	49.66493911	0	0	0	-589.6587585	0.0156010947	6312.3014562926	
587.0987585	90	2	8	0.880109824	0.0160340305	92.00044916	0.02705747442	7.972493364	35.73055412	13.92512044	50.34432544	0	0	0	-587.0987585	0.0160340305	5591.44357902908	
584.5387585	90	2	8	0.882093421	0.01652374019	91.88359047	0.02524917267	8.091160353	34.78710574	14.15866349	51.05423077	0	0	0	-584.5387585	0.01652374019	4936.57885179024	
581.9787585	90	2	8	0.8841097484	0.01707949815	91.76317614	0.02351515326	8.213308704	33.79706941	14.40428934	51.79864124	0	0	0	-581.9787585	0.01707949815	4344.78584466039	
579.4187585	90	2	8	0.8861649247	0.01771204795	91.63892131	0.0218542393	8.339224452	32.75408793	14.66363979	52.58227227	0	0	0	-579.4187585	0.01771204795	3814.49005833759	
576.8587585	90	2	8	0.8882657883	0.01843332985	91.51053795	0.02026544406	8.469196602	31.65064891	14.93865772	53.41069337	0	0	0	-576.8587585	0.01843332985	3345.78999551584	
574.2987585	90	2	8	0.8904197674	0.01925544977	91.37776687	0.01874812324	8.603485009	30.477955	15.23162205	54.29042295	0	0	0	-574.2987585	0.01925544977	2942.21797962731	
571.7387585	90	2	8	0.8926344293	0.02018715492	91.24043281	0.0173021692	8.742265018	29.22606176	15.54508342	55.22885482	0	0	0	-571.7387585	0.02018715492	2609.35801778996	
569.1787585	90	2	8	0.8949163613	0.02123011503	91.09860825	0.01592859843	8.88546315	27.88400933	15.88191964	56.23407103	0	0	0	-569.1787585	0.02123011503	2362.6673429553	
566.6187585	90	2	8	0.897268718	0.02236135418	90.95282932	0.01463003869	9.032540643	26.44144869	16.24484859	57.31370272	0	0	0	-566.6187585	0.02236135418	2248.02612397433	
564.0587585	90	2	8	0.8996861808	0.02350787364	90.80456283	0.01341178392	9.182025389	24.8918735	16.63565949	58.47246701	0	0	0	-564.0587585	0.02350787364	2413.99286939392	
561.4987585	90	2	8	0.9021466871	0.02450348015	90.65682172	0.01228258415	9.3308957	23.23988273	17.05324274	59.70687453	0	0	0	-561.4987585	0.02450348015	3912.1443393211	
558.9387585	90	2	8	0.9046006911	0.02505365153	90.51487631	0.01125485395	9.473868835	21.51113328	17.49115615	60.99771057	0	0	0	-558.9387585	0.02505365153	-23059.1399451998	
556.3787585	90	2	8	0.9069674124	0.02478513175	90.38609517	0.01034160064	9.603563234	19.76062637	17.93545283	62.30392079	0	0	0	-556.3787585	0.02478513175	-8245.99062318638	
553.8187585	90	2	8	0.9091531231	0.02347230752	90.27791274	0.009549387181	9.71253787	18.06562533	18.36633603	63.56803863	0	0	0	-553.8187585	0.02347230752	-1656.75040951279	
551.2587585	90	2	8	0.9110879085	0.02127785512	90.19480489	0.008872511018	9.796322594	16.49750858	18.76543747	64.73705395	0	0	0	-551.2587585	0.02127785512	-1083.36435551395	
548.6987585	90	2	8	0.9127501375	0.01867831545	90.13687984	0.008294359731	9.854825801	15.09588169	19.1224566	65.78166171	0	0	0	-548.6987585	0.01867831545	-994.933120378178	
546.1387585	90	2	8	0.9141588186	0.01613073178	90.10115591	0.007794467562	9.891049619	13.86616895	19.43584305	66.69798799	0	0	0	-546.1387585	0.01613073178	-1075.48160510571	
543.5787585	90	2	8	0.9153514607	0.01388085167	90.08361752	0.007354383764	9.909028095	12.79332411	19.70932122	67.49735467	0	0	0	-543.5787585	0.01388085167	-1256.31849064046	
541.0187585	90	2	8	0.9163675632	0.01199260456	90.08050059	0.006959800815	9.912539609	11.85520591	19.94847052	68.19632357	0	0	0	-541.0187585	0.01199260456	-1516.23492519199	
538.4587585	90	2	8	0.9172414661	0.01043943042	90.0887334	0.006600353356	9.904666248	11.02988086	20.15884761	68.81127153	0	0	0	-538.4587585	0.01043943042	-1847.65683004538	
535.8987585	90	2	8	0.9180008045	0.009166492221	90.1059471	0.006268705294	9.887784198	10.29832767	20.34528447	69.35638786	0	0	0	-535.8987585	0.009166492221	-2247.74219212184	
533.3387585	90	2	8	0.9186671646	0.008118422144	90.13034946	0.005959665314	9.863690873	9.644914698	20.51175883	69.84332647	0	0	0	-533.3387585	0.008118422144	-2715.45976148917	
530.7787585	90	2	8	0.9192572798	0.007248269422	90.16058604	0.005669517683	9.833744441	9.057055617	20.66147744	70.28146694	0	0	0	-530.7787585	0.007248269422	-3250.51430602823	
528.2187585	90	2	8	0.9197841619	0.006518749423	90.19562554	0.005395557472	9.798978899	8.524663868	20.79701261	70.67832352	0	0	0	-528.2187585	0.006518749423	-3852.88174539834	
525.6587585	90	2	8	0.9202580107	0.005900981779	90.23467387	0.005135777223	9.760190357	8.039632975	20.92043328	71.03993375	0	0	0	-525.6587585	0.005900981779	-4522.85510338099	
523.0987585	90	2	8	0.9206869077	0.005372799434	90.27711131	0.00488865592	9.718000039	7.59540112	21.03341525	71.37118363	0	0	0	-523.0987585	0.005372799434	-5260.43286798406	
520.5387585	90	2	8	0.9210773227	0.004917066065	90.32244845	0.004653018007	9.672898533	7.186617031	21.13732593	71.67605704	0	0	0	-520.5387585	0.004917066065	-6058.80230470463	
517.9787585	90	2	8	0.9214344916	0.004519776842	90.37029174	0.004427932766	9.625280329	6.808874596	21.23328958	71.95783582	0	0	0	-517.9787585	0.004519776842	-6935.86694221037	
515.4187585	90	2	8	0.9217627079	0.004172253468	90.4203257	0.004212656226	9.575461639	6.458512964	21.32224513	72.2192419	0	0	0	-515.4187585	0.004172253468	-7884.40837939485	
512.8587585	90	2	8	0.9220655153	0.003865366572	90.47229044	0.004006573985	9.523702982	6.132465754	21.40497711	72.46255714	0	0	0	-512.8587585	0.003865366572	-8894.77504109041	
510.2987585	90	2	8	0.9223458709	0.003592625498	90.52597067	0.003809171461	9.470220159	5.828142154	21.48214862	72.68970923	0	0	0	-510.2987585	0.003592625498	-9974.03112323323	
507.7387585	90	2	8	0.9226062637	0.003348805234	90.58118641	0.003620009461	9.415193576	5.543336342	21.55432443	72.90233923	0	0	0	-507.7387585	0.003348805234	-11122.3506850759	
505.1787585	90	2	8	0.9228488052	0.003129666863	90.63778588	0.003438706417	9.358775413	5.27615659	21.62198905	73.10185437	0	0	0	-505.1787585	0.003129666863	-12339.9972833985	
502.6187585	90	2	8	0.9230753003	0.002931741871	90.69563995	0.003264925248	9.301095129	5.024969509	21.68556093	73.28946956	0	0	0	-502.6187585	0.002931741871	-13627.2548227499	
500.0587585	90	2	8	0.9232873025	0.002752169041	90.75463792	0.003098363561	9.242263715	4.788355846	21.74540381	73.46624035	0	0	0	-500.0587585	0.002752169041	-14984.4318337506	
497.4987585	90	2	8	0.9234861572	0.002588570036	90.81468423	0.002938746255	9.182377025	4.565075138	21.80183563	73.63308923	0	0	0	-497.4987585	0.002588570036	-16411.8660420179	
494.9387585	90	2	8	0.9236730369	0.002438953688	90.87569577	0.002785819918	9.121518408	4.354037243	21.85513593	73.79082682	0	0	0	-494.9387585	0.002438953688	-17909.9281819221	
492.3787585	90	2	8	0.9238489688	0.002301641714	90.93759985	0.002639348531	9.059760798	4.154279217	21.90555166	73.94016913	0	0	0	-492.3787585	0.002301641714	-19479.0266307167	
489.8187585	90	2	8	0.9240148573	0.002175210611	91.00033248	0.002499110167	8.997168405	3.964946417	21.95330204	74.08175154	0	0	0	-489.8187585	0.002175210611	-21119.6120688723	
487.2587585	90	2	8	0.9241715029	0.002058445817	91.06383703	0.00236489444	8.933798074	3.785276929	21.99858256	74.21614051	0	0	0	-487.2587585	0.002058445817	-22832.1813631462	
484.6987585	90	2	8	0.9243196169	0.001950305278	91.1280631	0.002236500528	8.869700404	3.614588673	22.04156827	74.34384306	0	0	0	-484.6987585	0.001950305278	-24617.2821967713	
482.1387585	90	2	8	0.9244598343	0.001849890279	91.19296561	0.002113735627	8.804920659	3.452268641	22.08241649	74.46531487	0	0	0	-482.1387585	0.001849890279	-26475.5183823644	
479.5787585	90	2	8	0.9245927237	0.001756421929	91.25850406	0.001996413759	8.739499531	3.297763878	22.12126918	74.58096695	0	0	0	-479.5787585	0.001756421929	-28407.5543679181	
477.0187585	90	2	8	0.9247187969	0.001669222069	91.32464188	0.001884354833	8.673473767	3.150573869	22.15825484	74.69117129	0	0	0	-477.0187585	0.001669222069	-30414.1202645625	
474.4587585	90	2	8	0.9248385155	0.001587697682	91.39134591	0.001777383916	8.606876702	3.010244088	22.19349021	74.7962657	0	0	0	-474.4587585	0.001587697682	-32496.0177411597	
471.8987585	90	2	8	0.9249522974	0.001511328082	91.45858597	0.001675330673	8.539738701	2.876360503	22.22708161	74.89655789	0	0	0	-471.8987585	0.001511328082	-34654.1244375892	
469.3387585	90	2	8	0.9250605222	0.001439654322	91.52633443	0.001578028927	8.472087542	2.748544863	22.2591262	74.99232893	0	0	0	-469.3387585	0.001439654322	-32732.784224128	
468.0587585	90	2	8	0.9251126708	0.0006948662621	91.56039415	0.001531110539	8.438074737	2.686803278	22.27459988	75.03859684	0	0	0	-468.0587585	0.0006948662621	-1780.66422498337	
467.4187585	90	2	8	0.9251382711	0.0003412991002	91.57746883	0.001508075559	8.421023096	2.65645615	22.28220391	75.06133994	0	0	0	-467.4187585	0.0003412991002	-1842.92099398308	
467.0987585	90	2	8	0.9251509551	0.0001691533428	91.58601722	0.001496663033	8.41248612	2.641411053	22.28597337	75.07261558	0	0	0	-467.0987585	0.0001691533428	-1875.40824935045	
466.9387585	90	2	8	0.9251572683	8.420778163E-05	91.59029416	0.00149098288	8.408214854	2.633920468	22.28785	75.07822953	0	0	0	-466.9387585	8.420778163E-05	-1883.99794060257	
466.8587585	90	2	8	0.9251604157	4.174983133E-05	91.5924329	0.001488149086	8.40607895	2.630183104	22.2887858	75.0810311	0	0	0	-466.8587585	4.174983133E-05	-1904.78487726209	
466.8187585	90	2	8	0.9251619876	2.086105481E-05	91.59350246	0.001486733823	8.405010811	2.628316406	22.28925321	75.08243038	0	0	0	-466.8187585	2.086105481E-05	378560.925096456	
466.7787585	90	2	8	0.9251635594	2.096726084E-05	91.59457232	0.001485319748	8.403942363	2.62645104	22.28972053	75.08382843	0	0	0	-466.7787585	2.096726084E-05	380476.060061732	
466.7587585	90	2	8	0.9251643443	1.041808814E-05	91.59510741	0.001484613131	8.403407972	2.625518846	22.28995394	75.08452721	0	0	0	-466.7587585	1.041808814E-05	-1911.69666836524	
466.7487585	90	2	8	0.9251647367	5.208414574E-06	91.59537476	0.001484259858	8.403140984	2.625052873	22.29007062	75.08487651	0	0	0	-466.7487585	5.208414574E-06	-4121.02122934169	
466.7087585	90	2	8	0.9251663058	2.096703921E-05	91.59644486	0.00148284768	8.402072294	2.623189827	22.29053737	75.08627281	0	0	0	-466.7087585	2.096703921E-05	-10916.4525142275	
466.6887585	90	2	8	0.925167088	1.03976055E-05	91.59697997	0.001482141972	8.401537884	2.622258799	22.29077049	75.08697071	0	0	0	-466.6887585	1.03976055E-05	-10475036.9875966	
466.6487585	90	2	8	0.9251686563	2.097276608E-05	91.59805002	0.001480731403	8.400469248	2.620397694	22.29123682	75.08836548	0	0	0	-466.6487585	2.097276608E-05	3796.40124783324	
466.5687585	90	2	8	0.9251717894	4.189324876E-05	91.60019097	0.001477913603	8.398331115	2.616679478	22.29216846	75.09115206	0	0	0	-466.5687585	4.189324876E-05	3828.60385897824	
466.4087585	90	2	8	0.925178041	8.358411053E-05	91.60447417	0.001472290914	8.394053538	2.609258787	22.29402766	75.09671355	0	0	0	-466.4087585	8.358411053E-05	3852.59142181874	
466.0887585	90	2	8	0.9251904837	0.0001660180887	91.6130452	0.001461096757	8.385493705	2.594480083	22.29772925	75.10779067	0	0	0	-466.0887585	0.0001660180887	3896.41459991274	
465.4487585	90	2	8	0.9252151426	0.0003290698038	91.63020817	0.001438913637	8.36835292	2.565171539	22.30506868	75.12975978	0	0	0	-465.4487585	0.0003290698038	3961.66959446768	
464.1687585	90	2	8	0.9252635717	0.000646468077	91.66461654	0.001395359686	8.333988097	2.507533063	22.31949691	75.17297003	0	0	0	-464.1687585	0.000646468077	4110.34487716957	
461.6087585	90	2	8	0.9253569951	0.001247791128	91.73375417	0.001311433977	8.264934399	2.396049169	22.34738222	75.25656861	0	0	0	-461.6087585	0.001247791128	-50514.4836635093	
459.0487585	90	2	8	0.9254460828	0.00119137318	91.8033095	0.001231628163	8.195458875	2.289399828	22.37403769	75.33656249	0	0	0	-459.0487585	0.00119137318	-46692.0270206433	
456.4887585	90	2	8	0.9255310781	0.001137970933	91.87326388	0.001155793226	8.125580327	2.187335243	22.39952743	75.41313733	0	0	0	-456.4887585	0.001137970933	-49315.8387240695	
453.9287585	90	2	8	0.925612206	0.001087398643	91.94359985	0.001083783264	8.055316368	2.089623792	22.42391097	75.48646524	0	0	0	-453.9287585	0.001087398643	-52041.5460297432	
451.3687585	90	2	8	0.9256896741	0.00103944852	92.01430105	0.001015455383	7.984683499	1.99605032	22.44724361	75.55670607	0	0	0	-451.3687585	0.00103944852	-54853.9527822712	
448.8087585	90	2	8	0.9257636752	0.0009939331214	92.08535208	0.0009506696813	7.913697251	1.906414556	22.46957682	75.62400863	0	0	0	-448.8087585	0.0009939331214	-57755.0478315407	
446.2487585	90	2	8	0.9258343878	0.0009506827431	92.15673842	0.0008892892351	7.842372295	1.820529736	22.49095859	75.68851167	0	0	0	-446.2487585	0.0009506827431	-60746.8636177479	
443.6887585	90	2	8	0.9259019779	0.0009095433857	92.22844629	0.0008311800949	7.770722529	1.738221376	22.51143378	75.75034485	0	0	0	-443.6887585	0.0009095433857	-63831.596297475	
441.1287585	90	2	8	0.9259666003	0.0008703749957	92.30046263	0.0007762112918	7.698761163	1.659326179	22.53104434	75.80962948	0	0	0	-441.1287585	0.0008703749957	-67011.6176271864	
438.5687585	90	2	8	0.9260283995	0.0008330499346	92.37277496	0.0007242548473	7.626500789	1.583691065	22.54982963	75.86647931	0	0	0	-438.5687585	0.0008330499346	-70289.4859863547	
436.0087585	90	2	8	0.9260875101	0.0007974516446	92.44537137	0.0006751857865	7.553953446	1.511172296	22.56782656	75.92100114	0	0	0	-436.0087585	0.0007974516446	-73667.9595856144	
433.4487585	90	2	8	0.9261440587	0.0007634734817	92.51824044	0.0006288821539	7.481130679	1.441634704	22.58506987	75.97329542	0	0	0	-433.4487585	0.0007634734817	-77150.0101053788	
430.8887585	90	2	8	0.9261981636	0.0007310176922	92.59137118	0.0005852250281	7.408043591	1.37495098	22.60159228	76.02345674	0	0	0	-430.8887585	0.0007310176922	-80738.8373264958	
428.3287585	90	2	8	0.926249936	0.0006999945126	92.66475301	0.000544098537	7.334702888	1.311001054	22.61742462	76.07157433	0	0	0	-428.3287585	0.0006999945126	-84437.8847338858	
425.7687585	90	2	8	0.9262994804	0.0006703213758	92.73837569	0.0005053898708	7.261118924	1.249671516	22.63259602	76.11773247	0	0	0	-425.7687585	0.0006703213758	-88250.8566258233	
423.2087585	90	2	8	0.9263468955	0.0006419222096	92.81222927	0.000468989293	7.187301738	1.190855107	22.64713402	76.16201088	0	0	0	-423.2087585	0.0006419222096	-92181.7359055534	
420.6487585	90	2	8	0.9263922739	0.0006147268146	92.88630412	0.0004347901484	7.113261088	1.134450253	22.6610647	76.20448505	0	0	0	-420.6487585	0.0006147268146	-96234.8036423202	
418.0887585	90	2	8	0.9264357035	0.000588670312	92.96059082	0.0004026888686	7.039006488	1.080360638	22.67441278	76.24522658	0	0	0	-418.0887585	0.000588670312	-100414.660253816	
415.5287585	90	2	8	0.9264772671	0.0005636926517	93.03508018	0.0003725849728	6.964547231	1.028494825	22.68720173	76.28430344	0	0	0	-415.5287585	0.0005636926517	-104726.247758133	
412.9687585	90	2	8	0.9265170431	0.0005397381734	93.1097632	0.0003443810665	6.889892418	0.9787659	22.69945384	76.32178026	0	0	0	-412.9687585	0.0005397381734	-109174.87512924	
410.4087585	90	2	8	0.9265551061	0.0005167552145	93.18463103	0.0003179828345	6.815050987	0.9310911579	22.71119033	76.35771852	0	0	0	-410.4087585	0.0005167552145	-113766.243465336	
407.8487585	90	2	8	0.9265915264	0.0004946957579	93.25967497	0.0002932990315	6.740031729	0.8853918079	22.72243138	76.39217681	0	0	0	-407.8487585	0.0004946957579	-118506.474098177	
405.2887585	90	2	8	0.9266263712	0.0004735151164	93.33488644	0.0002702414677	6.664843315	0.8415927079	22.73319626	76.42521104	0	0	0	-405.2887585	0.0004735151164	-123402.141334069	
402.7287585	90	2	8	0.9266597043	0.0004531716489	93.41025696	0.0002487249908	6.589494315	0.7996221199	22.74350334	76.45687454	0	0	0	-402.7287585	0.0004531716489	-128460.304199002	
400.1687585	90	2	8	0.9266915862	0.0004336265039	93.48577812	0.0002286674636	6.513993212	0.759411486	22.75337017	76.48721834	0	0	0	-400.1687585	0.0004336265039	-133688.543363377	
397.6087585	90	2	8	0.9267220748	0.0004148433887	93.56144158	0.0002099897381	6.438348426	0.7208952228	22.76281355	76.51629123	0	0	0	-397.6087585	0.0004148433887	-139094.999687859	
395.0487585	90	2	8	0.9267512252	0.0003967883597	93.63723906	0.0001926156254	6.362568325	0.6840105322	22.77184953	76.54413994	0	0	0	-395.0487585	0.0003967883597	-144688.417920391	
392.4887585	90	2	8	0.9267790902	0.0003794296334	93.71316228	0.0001764718619	6.286661244	0.648697227	22.78049349	76.57080928	0	0	0	-392.4887585	0.0003794296334	-150478.192134092	
389.9287585	90	2	8	0.9268057201	0.0003627374137	93.78920301	0.0001614880718	6.210635499	0.6148975712	22.7887602	76.59634223	0	0	0	-389.9287585	0.0003627374137	-156474.416992434	
387.3687585	90	2	8	0.9268311629	0.000346683736	93.86535301	0.0001475967265	6.134499398	0.5825561313	22.7966638	76.62078006	0	0	0	-387.3687585	0.000346683736	-162687.942129144	
384.8087585	90	2	8	0.9268554649	0.0003312423241	93.94160401	0.0001347331001	6.058261258	0.5516196406	22.8042179	76.64416246	0	0	0	-384.8087585	0.0003312423241	-169130.432607271	
382.2487585	90	2	8	0.9268786701	0.0003163884607	94.01794775	0.000122835222	5.981929415	0.5220368723	22.81143554	76.66652759	0	0	0	-382.2487585	0.0003163884607	-175814.434522818	
379.6887585	90	2	8	0.926900821	0.0003020988682	94.09437592	0.0001118438267	5.905512239	0.4937585234	22.81832929	76.68791218	0	0	0	-379.6887585	0.0003020988682	-182957.808985079	
377.1287585	90	2	8	0.9269219582	0.0002883805703	94.17088018	0.0001017023017	5.829018113	0.4667371075	22.82491129	76.7083516	0	0	0	-377.1287585	0.0002883805703	-190156.075940598	
374.5687585	90	2	8	0.9269421208	0.000275155561	94.2474521	9.235662814E-05	5.75245554	0.4409268517	22.83119313	76.72788002	0	0	0	-374.5687585	0.000275155561	-197466.319610296	
372.0087585	90	2	8	0.9269613463	0.0002624326721	94.3240832	8.375532614E-05	5.675833048	0.4162836085	22.83718605	76.74653034	0	0	0	-372.0087585	0.0002624326721	-205264.63450866	
369.4487585	90	2	8	0.9269796708	0.0002501934172	94.4007649	7.584939367E-05	5.599159248	0.3927647676	22.84290087	76.76433436	0	0	0	-369.4487585	0.0002501934172	-213383.862610028	
366.8887585	90	2	8	0.926997129	0.000238420267	94.47748857	6.859224386E-05	5.522442838	0.3703291767	22.84834803	76.7813228	0	0	0	-366.8887585	0.000238420267	-221843.545482565	
364.3287585	90	2	8	0.9270137544	0.0002270966009	94.55424545	6.193964102E-05	5.445692614	0.348937068	22.85353761	76.79752532	0	0	0	-364.3287585	0.0002270966009	-230664.967544957	
361.7687585	90	2	8	0.9270295793	0.0002162066424	94.63102667	5.584963494E-05	5.368917477	0.3285499897	22.85847935	76.81297066	0	0	0	-361.7687585	0.0002162066424	-239871.130185295	
359.2087585	90	2	8	0.9270446348	0.0002057353977	94.70782327	5.028249385E-05	5.292126447	0.3091307426	22.86318267	76.82768659	0	0	0	-359.2087585	0.0002057353977	-249486.913312484	
356.6487585	90	2	8	0.9270589509	0.0001956686008	94.78462613	4.520063632E-05	5.215328667	0.2906433212	22.86765666	76.84170001	0	0	0	-356.6487585	0.0001956686008	-259539.248939059	
354.0887585	90	2	8	0.9270725566	0.000185992661	94.86142601	4.056856208E-05	5.138533419	0.273052859	22.87191014	76.855037	0	0	0	-354.0887585	0.000185992661	-270057.319188896	
351.5287585	90	2	8	0.9270854799	0.000176694616	94.93821352	3.635278223E-05	5.061750127	0.2563255777	22.87595162	76.8677228	0	0	0	-351.5287585	0.000176694616	-281072.770517753	
348.9687585	90	2	8	0.9270977478	0.0001677620868	95.01497911	3.252174881E-05	4.984988372	0.2404287406	22.87978935	76.87978191	0	0	0	-348.9687585	0.0001677620868	-292619.96056322	
346.4087585	90	2	8	0.9271093865	0.0001591832376	95.09171306	2.904578414E-05	4.908257894	0.225330608	22.88343131	76.89123808	0	0	0	-346.4087585	0.0001591832376	-304736.228595008	
343.8487585	90	2	8	0.9271204212	0.0001509467371	95.1684055	2.589700988E-05	4.831568608	0.2110003977	22.88688525	76.90211435	0	0	0	-343.8487585	0.0001509467371	-317462.195359789	
341.2887585	90	2	8	0.9271308763	0.0001430417237	95.24504634	2.304927622E-05	4.754930608	0.1974082468	22.89015866	76.91243309	0	0	0	-341.2887585	0.0001430417237	-330842.119478074	
338.7287585	90	2	8	0.9271407757	0.000135457773	95.32162534	2.047809127E-05	4.678354178	0.184525177	22.89325882	76.92221601	0	0	0	-338.7287585	0.000135457773	-344924.277080113	
336.1687585	90	2	8	0.927150142	0.0001281848675	95.39813204	1.816055078E-05	4.601849802	0.1723230626	22.89619275	76.93148419	0	0	0	-336.1687585	0.0001281848675	-359761.404543815	
333.6087585	90	2	8	0.9271589977	0.0001212133689	95.47455576	1.607526848E-05	4.525428167	0.1607746	22.8989673	76.9402581	0	0	0	-333.6087585	0.0001212133689	-375411.197219393	
331.0487585	90	2	8	0.927167364	0.0001145339922	95.55088562	1.42023071E-05	4.449100179	0.1498532807	22.90158908	76.94855764	0	0	0	-331.0487585	0.0001145339922	-391936.882903415	
328.4887585	90	2	8	0.9271752617	0.0001081377822	95.62711051	1.252311026E-05	4.372876968	0.1395333653	22.90406452	76.95640211	0	0	0	-328.4887585	0.0001081377822	-409407.891050919	
325.9287585	90	2	8	0.9271827112	0.000102016092	95.70321908	1.102043536E-05	4.296769895	0.1297898599	22.90639985	76.96381029	0	0	0	-325.9287585	0.000102016092	-427894.778786345	
323.3687585	90	2	8	0.9271897317	9.616041355E-05	95.77919973	9.678287445E-06	4.220790593	0.1205985086	22.90860109	76.9708004	0	0	0	-323.3687585	9.616041355E-05	-447500.862549384	
320.8087585	90	2	8	0.9271963422	9.056312056E-05	95.85504066	8.481855305E-06	4.144950855	0.1119357141	22.91067412	76.97739017	0	0	0	-320.8087585	9.056312056E-05	-468303.243675552	
318.2487585	90	2	8	0.9272025611	8.521590446E-05	95.93072976	7.417446894E-06	4.069262823	0.1037786104	22.9126246	76.98359679	0	0	0	-318.2487585	8.521590446E-05	-490396.632281994	
315.6887585	90	2	8	0.927208406	8.011133197E-05	96.00625465	6.472428404E-06	3.993738873	0.0961049826	22.91445805	76.98943697	0	0	0	-315.6887585	8.011133197E-05	-513913.364368198	
313.1287585	90	2	8	0.9272138942	7.524204137E-05	96.08160271	5.63516381E-06	3.918391657	0.08889326738	22.91617979	76.99492694	0	0	0	-313.1287585	7.524204137E-05	-538975.383498779	
310.5687585	90	2	8	0.9272190421	7.060088701E-05	96.15676099	4.89495632E-06	3.843234111	0.08212253819	22.917795	77.00008246	0	0	0	-310.5687585	7.060088701E-05	-565726.289056701	
308.0087585	90	2	8	0.927223866	6.61809347E-05	96.2317163	4.241991591E-06	3.768279459	0.07577249163	22.91930869	77.00491881	0	0	0	-308.0087585	6.61809347E-05	-594328.098171654	
305.4487585	90	2	8	0.9272283814	6.197545736E-05	96.30645511	3.66728277E-06	3.693541224	0.06982343491	22.92072572	77.00945085	0	0	0	-305.4487585	6.197545736E-05	-610968.573998545	
302.8887585	90	2	8	0.9272326029	5.780057489E-05	96.38096351	3.162617191E-06	3.619033328	0.06425627386	22.92205063	77.0136931	0	0	0	-302.8887585	5.780057489E-05	-643185.551443355	
300.3287585	90	2	8	0.9272365454	5.398316577E-05	96.45522745	2.720506002E-06	3.54476983	0.05905250316	22.9232881	77.0176594	0	0	0	-300.3287585	5.398316577E-05	-621064.427934706	
300	90	2	8	0.9272370324	6.668294745E-06	96.46474616	2.667904631E-06	3.535251168	0.05840962576	22.92344096	77.01814941	0	0	0	-300	6.668294745E-06	607167.80334806	
