T	w(AL)	w(MG)	w(SI)	fs	fw(@FCC_A1)	w(AL@FCC_A1)	w(MG@FCC_A1)	w(SI@FCC_A1)	w(AL@LIQUID)	w(MG@LIQUID)	w(SI@LIQUID)	dwdT_L(AL@LIQUID)	dwdT_L(MG@LIQUID)	dwdT_L(SI@LIQUID)	-T	fw(@FCC_A1)_1	-T//fw(@FCC_A1)	
K	%	%	%	mole/mole	kg/kg	%	%	%	%	%	%	SI	SI	SI				
878.3471072	89	10	1	0	0	96.92832848	3.014323071	0.05734844907	89	10	1	0.002015006852	-0.00177541539	-0.0002395914618	-878.3471072	0	19.6067405412502	
878.3371072	89	10	1	0.0002523749587	0.0002542067342	96.92781503	3.014830259	0.05735470797	88.997985	10.00177545	1.000239559	0	0	0	-878.3371072	0.0002542067342	59.0693813283089	
878.3171072	89	10	1	0.0007566570223	0.0005080919784	96.9267877	3.015845066	0.05736722936	88.99395498	10.00532622	1.000718799	0	0	0	-878.3171072	0.0005080919784	78.8023800912155	
878.2771072	89	10	1	0.001763971477	0.001015348341	96.92473351	3.017874246	0.05739224682	88.98589493	10.01242759	1.001677473	0	0	0	-878.2771072	0.001015348341	78.9092858051882	
878.1971072	89	10	1	0.003773705893	0.002027795649	96.92062566	3.021932141	0.0574421968	88.96977478	10.02662956	1.003595663	0	0	0	-878.1971072	0.002027795649	79.1298874032576	
878.0371072	89	10	1	0.007773695243	0.004044031983	96.91241216	3.030046078	0.05754175716	88.93753424	10.05503036	1.007435404	0	0	0	-878.0371072	0.004044031983	79.584141431799	
877.7171072	89	10	1	0.01569653815	0.008042183643	96.89599391	3.046266569	0.05773952063	88.87305229	10.11181939	1.015128323	0	0	0	-877.7171072	0.008042183643	80.5676815564472	
877.0771072	89	10	1	0.03121768147	0.01588449091	96.86319518	3.078674731	0.05813009336	88.74408378	10.22534101	1.030575204	0	0	0	-877.0771072	0.01588449091	82.5907112501495	
875.7971072	89	10	1	0.06106276188	0.0310345849	96.79774057	3.143368881	0.05889054687	88.48613252	10.45216996	1.061697528	0	0	0	-875.7971072	0.0310345849	86.587830358364	
873.2371072	89	10	1	0.1163456758	0.05931928927	96.66738925	3.272281488	0.06032926585	87.9701934	10.90495807	1.124848522	0	0	0	-873.2371072	0.05931928927	-1119.92368234684	
870.6771072	89	10	1	0.1661379801	0.05678871708	96.53763838	3.40072077	0.06164084823	87.45436609	11.35677196	1.188861952	0	0	0	-870.6771072	0.05678871708	-1055.29106389376	
868.1171072	89	10	1	0.211176559	0.05445211181	96.40844787	3.528724157	0.06282796827	86.93871943	11.8075727	1.253707869	0	0	0	-868.1171072	0.05445211181	-1141.59367067112	
865.5571072	89	10	1	0.2520776114	0.05229020974	96.27977822	3.656328252	0.06389352567	86.42332339	12.25732034	1.319356272	0	0	0	-865.5571072	0.05229020974	-1231.79199607163	
862.9971072	89	10	1	0.2893579091	0.05028395735	96.15159058	3.783568738	0.06484067735	85.9082476	12.70597416	1.385778233	0	0	0	-862.9971072	0.05028395735	-1325.30896798677	
860.4371072	89	10	1	0.3234537589	0.04841695938	96.02384721	3.910479996	0.06567279389	85.39356153	13.15349271	1.452945766	0	0	0	-860.4371072	0.04841695938	-1422.12588457941	
857.8771072	89	10	1	0.354735844	0.04667505217	95.89650992	4.037096643	0.06639343606	84.87933431	13.59983394	1.520831746	0	0	0	-857.8771072	0.04667505217	-1522.22665190136	
855.3171072	89	10	1	0.3835209239	0.04504592738	95.7695424	4.163451295	0.06700630317	84.36563474	14.04495544	1.58940982	0	0	0	-855.3171072	0.04504592738	-1625.59480039912	
852.7571072	89	10	1	0.4100811467	0.04351884454	95.64290865	4.289576134	0.06751521584	83.85253116	14.48881449	1.658654353	0	0	0	-852.7571072	0.04351884454	-1732.21638080017	
850.1971072	89	10	1	0.4346515154	0.04208438816	95.51657337	4.415502541	0.06792408556	83.34009138	14.93136825	1.72854037	0	0	0	-850.1971072	0.04208438816	-1842.07757221206	
847.6371072	89	10	1	0.4574359185	0.04073427005	95.39050198	4.541261131	0.06823688997	82.82838264	15.37257385	1.799043512	0	0	0	-847.6371072	0.04073427005	-1955.1655772547	
845.0771072	89	10	1	0.4786120347	0.03946116597	95.26466058	4.666881769	0.06845765028	82.31747147	15.81238853	1.870139995	0	0	0	-845.0771072	0.03946116597	-2071.46879309397	
842.5171072	89	10	1	0.498335348	0.03825857987	95.13901599	4.792393602	0.06859041082	81.8074237	16.25076972	1.941806584	0	0	0	-842.5171072	0.03825857987	-2190.9770044969	
839.9571072	89	10	1	0.516742455	0.03712073044	95.0135357	4.917825076	0.06863922048	81.2983043	16.68767514	2.014020558	0	0	0	-839.9571072	0.03712073044	-2313.68155654503	
837.3971072	89	10	1	0.5339538031	0.03604245578	94.88818793	5.043203958	0.06860811599	80.79017739	17.12306291	2.086759695	0	0	0	-837.3971072	0.03604245578	-2439.57561085943	
834.8371072	89	10	1	0.5500759716	0.03501913299	94.76294153	5.168557359	0.06850110685	80.28310612	17.55689163	2.16000225	0	0	0	-834.8371072	0.03501913299	-2568.65425901843	
832.2771072	89	10	1	0.5652035807	0.03404660984	94.63776609	5.293911753	0.06832216178	79.77715262	17.98912044	2.233726941	0	0	0	-832.2771072	0.03404660984	-2700.91467023704	
829.7171072	89	10	1	0.5794208969	0.03312114664	94.5126318	5.419292998	0.06807519674	79.27237795	18.41970912	2.307912934	0	0	0	-829.7171072	0.03312114664	-2836.35635715838	
827.1571072	89	10	1	0.5928031892	0.0322393665	94.38750958	5.544726357	0.06776406419	78.76884201	18.84861815	2.382539837	0	0	0	-827.1571072	0.0322393665	-2974.98126632704	
824.5971072	89	10	1	0.6054178804	0.03139821256	94.26237094	5.670236518	0.06739254372	78.26660351	19.2758088	2.457587691	0	0	0	-824.5971072	0.03139821256	-3116.79388618377	
822.0371072	89	10	1	0.6173255271	0.03059491113	94.13718806	5.795847611	0.06696433384	77.7657199	19.70124313	2.533036963	0	0	0	-822.0371072	0.03059491113	-3261.80146447462	
819.4771072	89	10	1	0.6285806589	0.02982693982	94.01193372	5.921583234	0.06648304489	77.26624733	20.12488413	2.608868542	0	0	0	-819.4771072	0.02982693982	-3410.01408824946	
816.9171072	89	10	1	0.6392324976	0.02909199982	93.88658134	6.04746647	0.06595219299	76.76824057	20.5466957	2.685063733	0	0	0	-816.9171072	0.02909199982	-3561.44471399239	
814.3571072	89	10	1	0.6493255784	0.02838799176	93.7611049	6.173519909	0.06537519491	76.271753	20.96664274	2.761604261	0	0	0	-814.3571072	0.02838799176	-3716.10942546491	
811.7971072	89	10	1	0.6589002854	0.02771299467	93.63547897	6.299765669	0.06475536394	75.77683654	21.3846912	2.838472262	0	0	0	-811.7971072	0.02771299467	-3874.02741357648	
809.2371072	89	10	1	0.6679933171	0.02706524745	93.50967868	6.426225415	0.06409590646	75.28354164	21.80080808	2.915650286	0	0	0	-809.2371072	0.02706524745	-4035.22101570177	
806.6771072	89	10	1	0.6766380905	0.02644313265	93.3836797	6.552920384	0.06339991937	74.7919172	22.21496151	2.993121297	0	0	0	-806.6771072	0.02644313265	-4199.71591927286	
804.1171072	89	10	1	0.6848650944	0.02584516216	93.25745821	6.679871402	0.06267038814	74.30201058	22.62712075	3.070868669	0	0	0	-804.1171072	0.02584516216	-4367.54096719424	
801.5571072	89	10	1	0.6927021984	0.02526996451	93.1309909	6.80709891	0.06191018562	73.81386757	23.03725624	3.14887619	0	0	0	-801.5571072	0.02526996451	-4538.72838103936	
798.9971072	89	10	1	0.7001749234	0.02471627372	93.00425494	6.934622984	0.06112207131	73.32753231	23.44533963	3.22712806	0	0	0	-798.9971072	0.02471627372	-4713.31392225167	
796.4371072	89	10	1	0.7073066803	0.02418291934	92.87722795	7.062463358	0.06030869123	72.84304734	23.85134377	3.305608893	0	0	0	-796.4371072	0.02418291934	-4891.3365178567	
793.8771072	89	10	1	0.7141189802	0.02366881755	92.74988798	7.190639446	0.05947257828	72.36045354	24.25524275	3.384303714	0	0	0	-793.8771072	0.02366881755	-5072.83861894301	
791.3171072	89	10	1	0.7206316202	0.02317296333	92.62221349	7.319170361	0.05861615299	71.87979012	24.65701191	3.463197963	0	0	0	-791.3171072	0.02317296333	-5257.86618378826	
788.7571072	89	10	1	0.726862848	0.02269442336	92.49418333	7.448074946	0.05774172472	71.40109464	25.05662786	3.542277493	0	0	0	-788.7571072	0.02269442336	-5446.46844830154	
786.1971072	89	10	1	0.7328295085	0.02223232971	92.36577672	7.577371788	0.05685149313	70.92440296	25.45406848	3.621528568	0	0	0	-786.1971072	0.02223232971	-5638.69776835114	
783.6371072	89	10	1	0.7385471733	0.02178587412	92.2369732	7.707079248	0.05594755003	70.44974924	25.84931289	3.700937868	0	0	0	-783.6371072	0.02178587412	-5834.60968401184	
781.0771072	89	10	1	0.7440302575	0.02135430293	92.10775264	7.837215478	0.05503188144	69.97716599	26.24234153	3.780492482	0	0	0	-781.0771072	0.02135430293	-6034.26322190951	
778.5171072	89	10	1	0.7492921227	0.0209369125	91.97809518	7.96779845	0.05410636988	69.50668402	26.63313607	3.860179911	0	0	0	-778.5171072	0.0209369125	-6237.72130526862	
775.9571072	89	10	1	0.7543451707	0.02053304514	91.84798123	8.098845976	0.05317279693	69.03833248	27.02167946	3.939988064	0	0	0	-775.9571072	0.02053304514	-6445.05095635152	
773.3971072	89	10	1	0.759200926	0.02014208539	91.71739142	8.23037573	0.05223284588	68.57213883	27.40795591	4.01990526	0	0	0	-773.3971072	0.02014208539	-6656.32250609475	
770.8371072	89	10	1	0.7638701113	0.01976345659	91.58630662	8.362405275	0.05128810457	68.10812888	27.79195089	4.099920225	0	0	0	-770.8371072	0.01976345659	-6871.60887729524	
768.2771072	89	10	1	0.7683627148	0.01939661776	91.45470785	8.494952084	0.05034006825	67.64632682	28.17365109	4.180022089	0	0	0	-768.2771072	0.01939661776	-7093.07037142886	
765.7171072	89	10	1	0.7726881032	0.01904126035	91.32257398	8.628035883	0.04939013494	67.18675168	28.55304778	4.260200543	0	0	0	-765.7171072	0.01904126035	-7314.53103646093	
763.1571072	89	10	1	0.7768548779	0.01869633075	91.18989072	8.761669652	0.04843963118	66.7294322	28.93012321	4.340444587	0	0	0	-763.1571072	0.01869633075	-7540.4805676732	
760.5971072	89	10	1	0.7808712058	0.01836193211	91.05663739	8.89587282	0.04748979344	66.27438348	29.30487123	4.420745291	0	0	0	-760.5971072	0.01836193211	-7774.46498505537	
758.0371072	89	10	1	0.7847446891	0.01803746518	90.92279548	9.030662742	0.04654177742	65.82162331	29.67728331	4.50109338	0	0	0	-758.0371072	0.01803746518	-8011.04089548685	
755.4771072	89	10	1	0.7884824464	0.01772253004	90.78834655	9.166056791	0.04559666174	65.37116795	30.04735209	4.581479962	0	0	0	-755.4771072	0.01772253004	-8252.24931091534	
752.9171072	89	10	1	0.7920911518	0.01741675781	90.65327213	9.302072421	0.04465545051	64.9230322	30.41507131	4.66189649	0	0	0	-752.9171072	0.01741675781	-8497.84232717553	
750.3571072	89	10	1	0.7955770621	0.01711976827	90.51755384	9.43872708	0.04371907877	64.47722924	30.78043582	4.742334932	0	0	0	-750.3571072	0.01711976827	-8746.79475126824	
747.7971072	89	10	1	0.7989460398	0.01683116063	90.38117351	9.576038068	0.04278841828	64.03377267	31.14344002	4.822787307	0	0	0	-747.7971072	0.01683116063	-9004.94767221105	
745.2371072	89	10	1	0.8022036598	0.01655094442	90.24411177	9.714023978	0.0418642536	63.59266753	31.5040855	4.90324697	0	0	0	-745.2371072	0.01655094442	-9265.05501558157	
742.6771072	89	10	1	0.8053550728	0.01627833712	90.10635077	9.85270189	0.04094733959	63.15392833	31.86236563	4.983706037	0	0	0	-742.6771072	0.01627833712	-9527.83629911697	
740.1171072	89	10	1	0.808405186	0.01601335534	89.96787158	9.992090063	0.04003835289	62.71756085	32.21828093	5.064158217	0	0	0	-740.1171072	0.01601335534	-9799.43612320871	
737.5571072	89	10	1	0.8113586095	0.01575565523	89.82865538	10.1322067	0.03913791878	62.28357139	32.57183137	5.144597246	0	0	0	-737.5571072	0.01575565523	-10075.1595761307	
734.9971072	89	10	1	0.8142196907	0.01550498066	89.68868315	10.27307024	0.03824660918	61.851965	32.92301781	5.225017186	0	0	0	-734.9971072	0.01550498066	-10356.3160273834	
732.4371072	89	10	1	0.816992532	0.01526108513	89.5479357	10.41469935	0.03736494576	61.42274547	33.27184207	5.305412462	0	0	0	-732.4371072	0.01526108513	-10643.0001646702	
729.8771072	89	10	1	0.8196810077	0.01502373527	89.40639365	10.55711295	0.03649340242	60.99591536	33.6183068	5.385777842	0	0	0	-729.8771072	0.01502373527	-10935.3700539509	
727.3171072	89	10	1	0.8222887791	0.01479270895	89.26403736	10.70033024	0.03563240792	60.57147604	33.96241552	5.466108433	0	0	0	-727.3171072	0.01479270895	-11233.5670638818	
724.7571072	89	10	1	0.8248193088	0.01456779457	89.12084693	10.84437072	0.03478234827	60.14942776	34.30417257	5.546399676	0	0	0	-724.7571072	0.01456779457	-11537.7393229756	
722.1971072	89	10	1	0.8272758741	0.01434879049	88.97680218	10.98925425	0.03394356912	59.72976961	34.64358305	5.62664734	0	0	0	-722.1971072	0.01434879049	-11848.0412541136	
719.6371072	89	10	1	0.8296615783	0.01413550439	88.83188264	11.13500099	0.0331163781	59.31249963	34.98065285	5.706847515	0	0	0	-719.6371072	0.01413550439	-12164.6322005122	
717.0771072	89	10	1	0.8319793623	0.01392775272	88.68606746	11.2816315	0.03230104699	58.89761482	35.31538857	5.786996612	0	0	0	-717.0771072	0.01392775272	-12487.6796788191	
714.5171072	89	10	1	0.8342320149	0.01372536025	88.53933545	11.42916673	0.03149781381	58.48511115	35.6477975	5.867091352	0	0	0	-714.5171072	0.01372536025	-12817.3581090563	
711.9571072	89	10	1	0.8364221823	0.01352815954	88.39166505	11.57762806	0.03070688489	58.07498363	35.9778876	5.947128766	0	0	0	-711.9571072	0.01352815954	-13153.8496014424	
709.3971072	89	10	1	0.8385523768	0.01333599056	88.24303426	11.7270373	0.02992843679	57.66722632	36.3056675	6.027106184	0	0	0	-709.3971072	0.01333599056	-13497.3446255227	
706.8371072	89	10	1	0.840624985	0.01314870024	88.09342067	11.87741671	0.02916261814	57.26183238	36.63114638	6.107021236	0	0	0	-706.8371072	0.01314870024	-13848.0418573143	
704.2771072	89	10	1	0.8426422756	0.01296614212	87.94280138	12.02878907	0.02840955143	56.85879409	36.95433407	6.186871843	0	0	0	-704.2771072	0.01296614212	-14206.1510690582	
701.7171072	89	10	1	0.8446064063	0.01278817602	87.79115303	12.18117764	0.02766933467	56.45810288	37.2752409	6.266656215	0	0	0	-701.7171072	0.01278817602	-14571.891230223	
699.1571072	89	10	1	0.8465194306	0.01261466767	87.63845173	12.33460623	0.02694204305	56.0597494	37.59387776	6.346372844	0	0	0	-699.1571072	0.01261466767	-14945.4923568266	
696.5971072	89	10	1	0.8483833035	0.01244548845	87.48467307	12.4890992	0.02622773037	55.66372348	37.91025602	6.426020502	0	0	0	-696.5971072	0.01244548845	-15327.1943870749	
694.0371072	89	10	1	0.8501998876	0.01228051503	87.32979208	12.64468149	0.02552643058	55.27001422	38.22438755	6.505598233	0	0	0	-694.0371072	0.01228051503	-15717.2548202605	
691.4771072	89	10	1	0.8519709584	0.01211962928	87.17378318	12.80137866	0.02483815912	54.87861001	38.53628463	6.585105353	0	0	0	-691.4771072	0.01211962928	-16115.9424638556	
688.9171072	89	10	1	0.853698209	0.01196271781	87.01662022	12.95921687	0.02416291422	54.48949854	38.84596001	6.664541444	0	0	0	-688.9171072	0.01196271781	-16523.5368978933	
686.3571072	89	10	1	0.8553832549	0.01180967186	86.85827638	13.11822295	0.02350067812	54.10266684	39.15342681	6.743906348	0	0	0	-686.3571072	0.01180967186	-16940.339634679	
683.7971072	89	10	1	0.8570276384	0.01166038709	86.69872419	13.27842439	0.02285141829	53.71810129	39.45869854	6.823200169	0	0	0	-683.7971072	0.01166038709	-17366.6672725173	
681.2371072	89	10	1	0.8586328324	0.01151476333	86.53793552	13.43984939	0.02221508848	53.33578768	39.76178905	6.902423263	0	0	0	-681.2371072	0.01151476333	-17802.8547900498	
678.6771072	89	10	1	0.8602002447	0.01137270443	86.37588149	13.60252688	0.02159162977	52.95571122	40.06271254	6.98157624	0	0	0	-678.6771072	0.01137270443	-18249.2574963474	
676.1171072	89	10	1	0.8617312208	0.01123411805	86.21253252	13.76648651	0.0209809716	52.57785654	40.3614835	7.060659958	0	0	0	-676.1171072	0.01123411805	-18706.2523182666	
673.5571072	89	10	1	0.863227048	0.01109891552	86.04785825	13.93175872	0.02038303264	52.20220775	40.65811672	7.139675521	0	0	0	-673.5571072	0.01109891552	-19174.2420826668	
670.9971072	89	10	1	0.8646889579	0.01096701169	85.88182754	14.09837474	0.01979772168	51.82874845	40.95262727	7.218624279	0	0	0	-670.9971072	0.01096701169	-19653.6527272488	
668.4371072	89	10	1	0.8661181298	0.01083832474	85.71440845	14.26636661	0.01922493847	51.45746173	41.24503045	7.29750782	0	0	0	-668.4371072	0.01083832474	-20144.9394898958	
665.8771072	89	10	1	0.867515693	0.0107127761	85.54556819	14.43576723	0.01866457448	51.08833024	41.53534179	7.376327973	0	0	0	-665.8771072	0.0107127761	-20648.5900055175	
663.3171072	89	10	1	0.8688827298	0.01059029029	85.37527312	14.60661036	0.01811651361	50.72133615	41.82357704	7.455086805	0	0	0	-663.3171072	0.01059029029	-21165.1221903334	
660.7571072	89	10	1	0.8702202777	0.01047079479	85.20348873	14.77893064	0.0175806329	50.35646123	42.10975215	7.53378662	0	0	0	-660.7571072	0.01047079479	-21695.0934749097	
658.1971072	89	10	1	0.8715293319	0.01035421997	85.03017956	14.95276364	0.01705680316	49.99368681	42.39388324	7.612429954	0	0	0	-658.1971072	0.01035421997	-22239.0989936242	
655.6371072	89	10	1	0.8728108469	0.01024049892	84.85530925	15.12814586	0.01654488954	49.63299384	42.67598658	7.69101958	0	0	0	-655.6371072	0.01024049892	-22797.7786608349	
653.0771072	89	10	1	0.8740657394	0.01012956742	84.67884048	15.30511476	0.01604475213	49.2743629	42.9560786	7.769558503	0	0	0	-653.0771072	0.01012956742	-23371.8188358111	
650.5171072	89	10	1	0.8752948893	0.01002136377	84.50073494	15.48370881	0.01555624647	48.91777418	43.23417586	7.848049961	0	0	0	-650.5171072	0.01002136377	-23961.957665413	
647.9571072	89	10	1	0.8764991423	0.009915828767	84.32095331	15.66396747	0.01507922404	48.56320756	43.51029501	7.926497424	0	0	0	-647.9571072	0.009915828767	-24568.9942618523	
645.3971072	89	10	1	0.8776793109	0.009812905593	84.13945524	15.84593123	0.01461353271	48.21064257	43.78445284	8.004904599	0	0	0	-645.3971072	0.009812905593	-25193.7872380428	
642.8371072	89	10	1	0.8788361766	0.009712539731	83.95619933	16.02964165	0.01415901719	47.86005839	44.05666618	8.083275421	0	0	0	-642.8371072	0.009712539731	-25837.2653145402	
640.2771072	89	10	1	0.8799704911	0.009614678903	83.77114312	16.21514137	0.0137155194	47.51143395	44.32695199	8.161614066	0	0	0	-640.2771072	0.009614678903	-26500.434251634	
637.7171072	89	10	1	0.8810829775	0.009519272994	83.58424301	16.40247411	0.01328287888	47.16474783	44.59532723	8.23992494	0	0	0	-637.7171072	0.009519272994	-27184.3845511977	
635.1571072	89	10	1	0.8821743324	0.009426273994	83.39545432	16.59168475	0.01286093312	46.81997835	44.86180896	8.318212692	0	0	0	-635.1571072	0.009426273994	-27890.2972247855	
632.5971072	89	10	1	0.8832452264	0.009335635911	83.20473121	16.78281927	0.01244951784	46.47710355	45.12641424	8.396482206	0	0	0	-632.5971072	0.009335635911	-28619.4602674913	
630.0371072	89	10	1	0.8842963058	0.00924731476	83.01202669	16.97592484	0.01204846738	46.13610121	45.38916018	8.47473861	0	0	0	-630.0371072	0.00924731476	-29373.2788675917	
627.4771072	89	10	1	0.8853281935	0.009161268478	82.81729258	17.1710498	0.01165761491	45.79694883	45.6500639	8.552987276	0	0	0	-627.4771072	0.009161268478	-30153.2781932248	
624.9171072	89	10	1	0.8863414901	0.009077456855	82.62047951	17.36824369	0.0112767927	45.45962367	45.9091425	8.631233823	0	0	0	-624.9171072	0.009077456855	-30961.1294868662	
622.3571072	89	10	1	0.8873367752	0.008995841526	82.4215369	17.56755727	0.0109058324	45.12410276	46.16641312	8.709484121	0	0	0	-622.3571072	0.008995841526	-31798.6657752853	
619.7971072	89	10	1	0.888314608	0.008916385904	82.22041292	17.76904252	0.01054456521	44.79036287	46.42189283	8.787744295	0	0	0	-619.7971072	0.008916385904	-32667.8949152873	
617.2371072	89	10	1	0.8892755287	0.008839055141	82.01705452	17.97275265	0.01019282213	44.45838054	46.67559873	8.866020727	0	0	0	-617.2371072	0.008839055141	-33571.0254754395	
614.6771072	89	10	1	0.8902200587	0.008763816091	81.81140741	18.17874216	0.009850434123	44.1281321	46.92754784	8.944320064	0	0	0	-614.6771072	0.008763816091	-34510.4902278982	
612.1171072	89	10	1	0.8911487023	0.008690637269	81.60341599	18.38706677	0.009517232313	43.79959362	47.17775716	9.022649221	0	0	0	-612.1171072	0.008690637269	-35488.9751877828	
609.5571072	89	10	1	0.8920619465	0.00861948882	81.39302345	18.5977835	0.00919304814	43.47274098	47.42624363	9.101015385	0	0	0	-609.5571072	0.00861948882	-36509.4531917065	
606.9971072	89	10	1	0.8929602629	0.008550342485	81.18017166	18.81095062	0.008877713512	43.14754984	47.67302414	9.179426024	0	0	0	-606.9971072	0.008550342485	-37575.221342871	
604.4371072	89	10	1	0.8938441072	0.00848317157	80.96480125	19.02662769	0.008571060947	42.82399563	47.91811548	9.257888891	0	0	0	-604.4371072	0.00848317157	-38689.9467315288	
601.8771072	89	10	1	0.8947139211	0.00841795092	80.74685154	19.24487554	0.008272923699	42.50205356	48.1615344	9.336412034	0	0	0	-601.8771072	0.00841795092	-39857.7184370115	
599.3171072	89	10	1	0.8955701319	0.008354656891	80.52626061	19.46575625	0.007983135883	42.18169866	48.40329754	9.415003796	0	0	0	-599.3171072	0.008354656891	-41083.1074180865	
596.7571072	89	10	1	0.8964131538	0.008293267323	80.30296529	19.68933318	0.007701532578	41.86290571	48.64342146	9.493672831	0	0	0	-596.7571072	0.008293267323	-42371.2412236657	
594.1971072	89	10	1	0.8972433882	0.008233761523	80.07690112	19.91567093	0.007427949929	41.5456493	48.88192259	9.572428108	0	0	0	-594.1971072	0.008233761523	-43727.8871283254	
591.6371072	89	10	1	0.8980612244	0.008176120235	79.84800245	20.14483532	0.007162225245	41.22990379	49.11881729	9.651278919	0	0	0	-591.6371072	0.008176120235	-45159.5559428914	
589.0771072	89	10	1	0.89886704	0.00812032563	79.61620241	20.3768934	0.006904197075	40.91564335	49.35412176	9.730234891	0	0	0	-589.0771072	0.00812032563	-46673.6218307658	
586.5171072	89	10	1	0.8996612016	0.008066361276	79.38143294	20.61191336	0.006653705292	40.60284191	49.5878521	9.809305994	0	0	0	-586.5171072	0.008066361276	-48278.4683799438	
583.9571072	89	10	1	0.9004440651	0.008014212128	79.14362484	20.84996457	0.006410591163	40.2914732	49.82002425	9.88850255	0	0	0	-583.9571072	0.008014212128	-49983.6680947057	
581.3971072	89	10	1	0.9012159762	0.007963864508	78.9027078	21.09111751	0.006174697411	39.98151072	50.05065404	9.967835246	0	0	0	-581.3971072	0.007963864508	-51800.1941948902	
578.8371072	89	10	1	0.901977271	0.007915306088	78.65861044	21.33544369	0.005945868277	39.67292775	50.2797571	10.04731515	0	0	0	-578.8371072	0.007915306088	-53740.686890308	
576.2771072	89	10	1	0.9027282763	0.007868525877	78.41126037	21.58301568	0.005723949572	39.36569737	50.50734893	10.1269537	0	0	0	-576.2771072	0.007868525877	-55819.7788711643	
573.7171072	89	10	1	0.90346931	0.007823514205	78.16058425	21.83390696	0.005508788728	39.05979239	50.73344485	10.20676276	0	0	0	-573.7171072	0.007823514205	-58054.4974000868	
571.1571072	89	10	1	0.9042006816	0.007780262706	77.90650784	22.08819192	0.00530023484	38.75518543	50.95805999	10.28675458	0	0	0	-571.1571072	0.007780262706	-60464.7740424899	
568.5971072	89	10	1	0.9049226924	0.007738764306	77.6489561	22.34594576	0.005098138709	38.45184885	51.18120928	10.36694187	0	0	0	-568.5971072	0.007738764306	-63074.0890572696	
566.0371072	89	10	1	0.9056356359	0.007699013209	77.38785326	22.60724439	0.004902352874	38.1497548	51.40290746	10.44733774	0	0	0	-566.0371072	0.007699013209	-65910.2901046635	
563.4771072	89	10	1	0.9063397985	0.007661004881	77.12312289	22.87216438	0.004712731649	37.84887518	51.62316904	10.52795578	0	0	0	-563.4771072	0.007661004881	-69006.6500948976	
560.9171072	89	10	1	0.907035459	0.007624736033	76.85468806	23.14078281	0.004529131149	37.54918164	51.8420083	10.60881006	0	0	0	-560.9171072	0.007624736033	-72403.2554376026	
558.3571072	89	10	1	0.9077228899	0.007590204608	76.5824714	23.41317719	0.00435140932	37.25064559	52.05943929	10.68991512	0	0	0	-558.3571072	0.007590204608	-76148.8371439389	
555.7971072	89	10	1	0.908402357	0.007557409762	76.30639524	23.68942533	0.004179425956	36.95323821	52.27547579	10.771286	0	0	0	-555.7971072	0.007557409762	-80303.2283512212	
553.2371072	89	10	1	0.9090741198	0.007526351848	76.02638176	23.96960519	0.004013042726	36.65693041	52.49013131	10.85293829	0	0	0	-553.2371072	0.007526351848	-84940.7087012616	
550.6771072	89	10	1	0.9097384321	0.007497032393	75.74235312	24.25379475	0.003852123186	36.36169285	52.70341907	10.93488808	0	0	0	-550.6771072	0.007497032393	-90154.6434506032	
548.1171072	89	10	1	0.9103955418	0.007469454079	75.45423162	24.54207185	0.003696532802	36.06749596	52.91535199	11.01715205	0	0	0	-548.1171072	0.007469454079	-96064.0294094831	
545.5571072	89	10	1	0.9110456914	0.007443620715	75.16193985	24.83451401	0.003546138955	35.7743099	53.12594267	11.09974743	0	0	0	-545.5571072	0.007443620715	-102822.952694205	
542.9971072	89	10	1	0.9116891184	0.007419537215	74.86540094	25.13119825	0.003400810958	35.48210457	53.33520335	11.18269208	0	0	0	-542.9971072	0.007419537215	-110634.567399852	
540.4371072	89	10	1	0.9123260549	0.007397209565	74.56453868	25.4322009	0.003260420064	35.19084964	53.54314591	11.26600445	0	0	0	-540.4371072	0.007397209565	-119772.347359904	
537.8771072	89	10	1	0.9129567286	0.007376644788	74.25927776	25.7375974	0.003124839475	34.90051452	53.74978186	11.34970362	0	0	0	-537.8771072	0.007376644788	-130613.522679262	
535.3171072	89	10	1	0.9135813624	0.007357850911	73.94954401	26.04746205	0.002993944345	34.61106837	53.95512228	11.43380936	0	0	0	-535.3171072	0.007357850911	-143693.615727167	
532.7571072	89	10	1	0.9142001747	0.007340836914	73.63526462	26.36186777	0.002867611789	34.32248011	54.15917781	11.51834208	0	0	0	-532.7571072	0.007340836914	-159799.723221151	
530.1971072	89	10	1	0.9148133798	0.00732561269	73.31636839	26.68088588	0.002745720881	34.03471843	54.36195864	11.60332293	0	0	0	-530.1971072	0.00732561269	-180139.016145997	
527.6371072	89	10	1	0.9154211878	0.007312188986	72.99278603	27.00458582	0.00262815266	33.74775179	54.56347446	11.68877375	0	0	0	-527.6371072	0.007312188986	-206664.924935606	
525.0771072	89	10	1	0.916023805	0.007300577341	72.66445037	27.33303484	0.002514790129	33.46154843	54.76373442	11.77471715	0	0	0	-525.0771072	0.007300577341	-242767.312350594	
522.5171072	89	10	1	0.9166214336	0.007290790019	72.33129673	27.66629775	0.002405518254	33.1760764	54.96274711	11.86117649	0	0	0	-522.5171072	0.007290790019	-294916.337743334	
519.9571072	89	10	1	0.9172142724	0.007282839927	71.99326321	28.00443656	0.002300223961	32.89130354	55.16052054	11.94817592	0	0	0	-519.9571072	0.007282839927	-377296.493240009	
517.3971072	89	10	1	0.9178025162	0.007276740532	71.650291	28.3475102	0.002198796135	32.60719753	55.35706205	12.03574042	0	0	0	-517.3971072	0.007276740532	-528788.637244973	
514.8371072	89	10	1	0.9183863568	0.007272505758	71.30232473	28.69557414	0.002101125615	32.32372589	55.55237832	12.12389579	0	0	0	-514.8371072	0.007272505758	-914302.43908908	
512.2771072	89	10	1	0.918965982	0.007270149874	70.94931285	29.04868005	0.002007105189	32.04085602	55.7464753	12.21266869	0	0	0	-512.2771072	0.007270149874	-4805109.56283088	
509.7171072	89	10	1	0.9195415766	0.007269687372	70.59120794	29.40687543	0.001916629585	31.75855521	55.93935815	12.30208664	0	0	0	-509.7171072	0.007269687372	-8972840.96465025	
507.1571072	89	10	1	0.9201133221	0.007271132826	70.2279672	29.7702032	0.001829595471	31.4767907	56.13103123	12.39217807	0	0	0	-507.1571072	0.007271132826	1467480.04017633	
504.5971072	89	10	1	0.9206813963	0.007274500736	69.85955277	30.13870133	0.001745901439	31.19552967	56.321498	12.48297233	0	0	0	-504.5971072	0.007274500736	652342.681131473	
502.0371072	89	10	1	0.9212459742	0.0072798054	69.48593216	30.51240239	0.001665448003	30.91473932	56.51076098	12.5744997	0	0	0	-502.0371072	0.0072798054	427798.02548639	
499.4771072	89	10	1	0.9218072272	0.007287060526	69.10707874	30.89133312	0.001588137583	30.63438692	56.6988217	12.66679138	0	0	0	-499.4771072	0.007287060526	319753.464700994	
496.9171072	89	10	1	0.9223653234	0.007296279304	68.72297214	31.27551399	0.001513874502	30.35443982	56.88568061	12.75987957	0	0	0	-496.9171072	0.007296279304	255559.276748175	
494.3571072	89	10	1	0.9229204278	0.007307473974	68.33359873	31.66495871	0.001442564968	30.07486556	57.07133703	12.85379742	0	0	0	-494.3571072	0.007307473974	212849.820553111	
491.7971072	89	10	1	0.9234727017	0.007320655608	67.93895211	32.05967377	0.001374117067	29.79563188	57.25578908	12.94857905	0	0	0	-491.7971072	0.007320655608	182335.969962638	
489.2371072	89	10	1	0.924022303	0.007335833717	67.53903363	32.45965793	0.00130844075	29.51670684	57.43903359	13.04425957	0	0	0	-489.2371072	0.007335833717	159435.393948715	
486.6771072	89	10	1	0.9245693861	0.007353016301	67.13385288	32.86490167	0.001245447819	29.23805888	57.62106602	13.1408751	0	0	0	-486.6771072	0.007353016301	141617.397784301	
484.1171072	89	10	1	0.9251141016	0.007372208937	66.72342825	33.2753867	0.001185051912	28.9596569	57.80188041	13.2384627	0	0	0	-484.1171072	0.007372208937	127368.563214817	
481.5571072	89	10	1	0.925656596	0.007393414752	66.30778747	33.69108537	0.001127168494	28.68147036	57.98146923	13.33706041	0	0	0	-481.5571072	0.007393414752	115724.920374593	
478.9971072	89	10	1	0.9261970122	0.007416633898	65.88696817	34.11196011	0.001071714838	28.40346941	58.15982336	13.43670723	0	0	0	-478.9971072	0.007416633898	106044.026827336	
476.4371072	89	10	1	0.9267354884	0.007441863085	65.46101853	34.53796286	0.001018610012	28.12562496	58.33693195	13.53744309	0	0	0	-476.4371072	0.007441863085	97880.8777583798	
473.8771072	89	10	1	0.9272721585	0.007469095078	65.02999778	34.96903445	0.0009677748627	27.84790885	58.51278235	13.6393088	0	0	0	-473.8771072	0.007469095078	90917.5097364415	
471.3171072	89	10	1	0.9278071514	0.007498318138	64.59397692	35.40510394	0.0009191320028	27.57029394	58.68736002	13.74234604	0	0	0	-471.3171072	0.007498318138	84920.7846948009	
468.7571072	89	10	1	0.9283405913	0.00752951544	64.15303932	35.84608808	0.000872605792	27.29275431	58.86064839	13.8465973	0	0	0	-468.7571072	0.00752951544	79716.001327322	
466.1971072	89	10	1	0.9288725967	0.007562664431	63.70728133	36.29189055	0.0008281223226	27.01526536	59.03262884	13.9521058	0	0	0	-466.1971072	0.007562664431	75169.8329867485	
463.6371072	89	10	1	0.9294032802	0.007597736166	63.256813	36.74240139	0.0007856094034	26.73780403	59.20328053	14.05891543	0	0	0	-463.6371072	0.007597736166	71178.9319888203	
461.0771072	89	10	1	0.9299327486	0.007634694597	62.80175871	37.19749629	0.000744996543	26.46034894	59.37258037	14.16707068	0	0	0	-461.0771072	0.007634694597	67662.1614623594	
458.5171072	89	10	1	0.9304611017	0.007673495825	62.34225786	37.65703593	0.0007062149338	26.18288059	59.5405029	14.27661651	0	0	0	-458.5171072	0.007673495825	64555.1410130914	
455.9571072	89	10	1	0.9309884325	0.007714087338	61.87846549	38.12086531	0.0006691974357	25.90538157	59.70702019	14.38759823	0	0	0	-455.9571072	0.007714087338	61806.3643556093	
453.3971072	89	10	1	0.9315148263	0.007756407218	61.41055298	38.58881314	0.0006338785598	25.62783676	59.87210184	14.5000614	0	0	0	-453.3971072	0.007756407218	59374.4006487498	
450.8371072	89	10	1	0.9320403603	0.007800383339	60.93870867	39.06069114	0.0006001944522	25.35023352	60.03571484	14.61405164	0	0	0	-450.8371072	0.007800383339	57225.8268216273	
448.2771072	89	10	1	0.9325651032	0.007845932578	60.46313845	39.53629347	0.0005680828783	25.07256197	60.19782357	14.72961446	0	0	0	-448.2771072	0.007845932578	55333.7048166	
445.7171072	89	10	1	0.9330891144	0.007892960033	59.98406634	40.01539618	0.000537483207	24.79481516	60.35838973	14.84679511	0	0	0	-445.7171072	0.007892960033	53676.4544500166	
443.1571072	89	10	1	0.9336124436	0.007941358283	59.501735	40.49775667	0.0005083363948	24.51698931	60.51737238	14.96563831	0	0	0	-443.1571072	0.007941358283	52237.0082889867	
440.5971072	89	10	1	0.9341351299	0.007991006711	59.01640616	40.98311326	0.0004805849714	24.23908406	60.67472789	15.08618804	0	0	0	-440.5971072	0.007991006711	51002.1988346815	
438.0371072	89	10	1	0.9346572018	0.008041770905	58.52836098	41.47118485	0.0004541730242	23.96110268	60.83041001	15.20848732	0	0	0	-438.0371072	0.008041770905	49922.627913157	
435.4771072	89	10	1	0.9351786802	0.008093586985	58.03788947	41.96168148	0.0004290462741	23.68304878	60.98437181	15.33257941	0	0	0	-435.4771072	0.008093586985	49115.64292751	
432.9171072	89	10	1	0.9356995592	0.008146022029	57.5453335	42.45426134	0.000405151696	23.40494039	61.13655821	15.4585014	0	0	0	-432.9171072	0.008146022029	48491.9711583595	
430.3571072	89	10	1	0.9362198369	0.008199181411	57.05102601	42.94859155	0.0003824380573	23.12678942	61.28691747	15.58629311	0	0	0	-430.3571072	0.008199181411	47963.0532283705	
427.7971072	89	10	1	0.9367394925	0.008252774385	56.55532076	43.44431838	0.0003608555414	22.84861559	61.43539376	15.71599066	0	0	0	-427.7971072	0.008252774385	47667.596019239	
425.2371072	89	10	1	0.9372584912	0.008306592851	56.05859981	43.94105983	0.0003403558154	22.5704431	61.58192928	15.84762762	0	0	0	-425.2371072	0.008306592851	47565.4503685047	
422.6771072	89	10	1	0.9377767843	0.00836041554	55.56126075	44.43841836	0.000320892025	22.29230077	61.72646453	15.9812347	0	0	0	-422.6771072	0.00836041554	47665.9249183058	
420.1171072	89	10	1	0.9382943092	0.008414008096	55.06371883	44.93597875	0.000302418781	22.01422204	61.86893859	16.11683937	0	0	0	-420.1171072	0.008414008096	47982.990167483	
417.5571072	89	10	1	0.9388109887	0.008467124273	54.56640589	45.43330922	0.0002848921471	21.73624498	62.00928948	16.25446554	0	0	0	-417.5571072	0.008467124273	48535.7942829919	
414.9971072	89	10	1	0.9393267314	0.008519507438	54.06976897	45.92996276	0.0002682696277	21.45841229	62.14745452	16.39413319	0	0	0	-414.9971072	0.008519507438	49349.8865601186	
412.4371072	89	10	1	0.9398414316	0.008570892446	53.57426864	46.42547885	0.0002525101566	21.1807711	62.28337081	16.53585809	0	0	0	-412.4371072	0.008570892446	50458.928918116	
409.8771072	89	10	1	0.9403549698	0.008621007856	53.0803771	46.91938533	0.0002375740843	20.9033729	62.41697565	16.67965145	0	0	0	-409.8771072	0.008621007856	51907.1430925719	
407.3171072	89	10	1	0.9408672128	0.008669578474	52.58857594	47.41120064	0.000223423166	20.62627321	62.54820712	16.82551967	0	0	0	-407.3171072	0.008669578474	53752.8301047753	
404.7571072	89	10	1	0.9413780146	0.008716328198	52.09935372	47.90043626	0.0002100205477	20.34953133	62.67700454	16.97346413	0	0	0	-404.7571072	0.008716328198	56073.5369354881	
402.1971072	89	10	1	0.9418872171	0.00876098311	51.61320321	48.38659946	0.0001973307533	20.07320998	62.80330909	17.12348093	0	0	0	-402.1971072	0.00876098311	58973.8147268563	
399.6371072	89	10	1	0.9423946509	0.008803274765	51.1306185	48.86919618	0.0001853196685	19.79737483	62.92706437	17.2755608	0	0	0	-399.6371072	0.008803274765	62597.2060453715	
397.0771072	89	10	1	0.9429001368	0.008842943593	50.65209187	49.34773417	0.0001739545254	19.52209402	63.04821696	17.42968902	0	0	0	-397.0771072	0.008842943593	67145.408534308	
394.5171072	89	10	1	0.9434034867	0.008879742332	50.17811062	49.82172618	0.0001632038838	19.24743761	63.16671705	17.58584535	0	0	0	-394.5171072	0.008879742332	72910.1609758042	
391.9571072	89	10	1	0.9439045053	0.008913439407	49.70915367	50.29069329	0.0001530376118	18.97347702	63.2825189	17.74400409	0	0	0	-391.9571072	0.008913439407	80329.0226801294	
389.3971072	89	10	1	0.9444029918	0.008943822129	49.24568834	50.75416824	0.000143426864	18.70028436	63.39558145	17.9041342	0	0	0	-389.3971072	0.008943822129	90088.9760917902	
386.8371072	89	10	1	0.944898741	0.008970699651	48.78816696	51.21169869	0.0001343440573	18.42793181	63.50586876	18.06619944	0	0	0	-386.8371072	0.008970699651	103334.185253451	
384.2771072	89	10	1	0.9453915455	0.008993905561	48.3370238	51.66285044	0.0001257628444	18.15649094	63.61335042	18.23015863	0	0	0	-384.2771072	0.008993905561	122126.356812089	
381.7171072	89	10	1	0.9458811977	0.00901330004	47.89267195	52.1072104	0.000117658085	17.8860321	63.71800197	18.39596593	0	0	0	-381.7171072	0.00901330004	150614.002355515	
379.1571072	89	10	1	0.9463674907	0.009028771515	47.45550059	52.5443894	0.0001100058147	17.61662369	63.81980512	18.56357118	0	0	0	-379.1571072	0.009028771515	198661.870922875	
376.5971072	89	10	1	0.9468502209	0.009040237752	47.02587249	52.97402473	0.0001027832106	17.34833167	63.91874802	18.73292031	0	0	0	-376.5971072	0.009040237752	297547.37796035	
374.0371072	89	10	1	0.9473291893	0.009047646369	46.60412174	53.39578229	9.59685557E-05	17.08121889	64.01482537	18.90395574	0	0	0	-374.0371072	0.009047646369	637829.161742566	
371.4771072	89	10	1	0.947804203	0.009050974757	46.19055197	53.80935848	8.954120017E-05	16.81534463	64.10803846	19.07661691	0	0	0	-371.4771072	0.009050974757	-4647672.06354392	
368.9171072	89	10	1	0.9482750769	0.009050229413	45.78543489	54.21448163	8.348152153E-05	16.55076415	64.19839517	19.25084068	0	0	0	-368.9171072	0.009050229413	-3043840.97025115	
366.3571072	89	10	1	0.9487416347	0.009045444747	45.38900918	54.61091305	7.777088262E-05	16.28752832	64.28590981	19.42656187	0	0	0	-366.3571072	0.009045444747	-449253.148326611	
363.7971072	89	10	1	0.9492037104	0.00903668139	45.00147984	54.99844777	7.239158859E-05	16.02568328	64.37060299	19.60371373	0	0	0	-363.7971072	0.00903668139	-255358.696891286	
361.2371072	89	10	1	0.9496611488	0.009024024088	44.6230179	55.37691477	6.732684288E-05	15.76527027	64.4525013	19.78222843	0	0	0	-361.2371072	0.009024024088	-181994.718901438	
358.6771072	89	10	1	0.9501138067	0.009007579266	44.25376051	55.74617693	6.256070283E-05	15.50632547	64.53163703	19.9620375	0	0	0	-358.6771072	0.009007579266	-142916.006535421	
356.1171072	89	10	1	0.950561553	0.008987472329	43.89381135	56.10613058	5.807803505E-05	15.24887994	64.60804777	20.14307228	0	0	0	-356.1171072	0.008987472329	-118597.31917743	
353.5571072	89	10	1	0.9510042696	0.008963844813	43.54324134	56.4567048	5.386447121E-05	14.99295965	64.68177604	20.32526432	0	0	0	-353.5571072	0.008963844813	-102042.332054099	
350.9971072	89	10	1	0.9514418514	0.008936851444	43.20208969	56.79786041	4.990636452E-05	14.73858554	64.75286876	20.5085457	0	0	0	-350.9971072	0.008936851444	-90092.6013408092	
348.4371072	89	10	1	0.9518742059	0.008906657201	42.87036508	57.12958873	4.619074716E-05	14.48577372	64.82137688	20.6928494	0	0	0	-348.4371072	0.008906657201	-81104.5406314685	
345.8771072	89	10	1	0.9523012538	0.008873434444	42.5480471	57.45191019	4.270528923E-05	14.23453563	64.88735481	20.87810956	0	0	0	-345.8771072	0.008873434444	-74135.4792284991	
343.3171072	89	10	1	0.9527229283	0.008837360174	42.2350878	57.76487276	3.94382592E-05	13.98487836	64.95085997	21.06426168	0	0	0	-343.3171072	0.008837360174	-68604.8328920801	
340.7571072	89	10	1	0.9531391747	0.00879861347	41.93141334	58.06855029	3.637848637E-05	13.7368049	65.01195228	21.25124283	0	0	0	-340.7571072	0.00879861347	-64134.9201329087	
338.1971072	89	10	1	0.95354995	0.008757373141	41.63692569	58.3630408	3.351532529E-05	13.49031452	65.0706937	21.43899178	0	0	0	-338.1971072	0.008757373141	-60469.1231450413	
335.6371072	89	10	1	0.9539552225	0.008713815612	41.35150441	58.64846476	3.083862245E-05	13.24540314	65.12714774	21.62744912	0	0	0	-335.6371072	0.008713815612	-57375.5830632002	
333.0771072	89	10	1	0.9543549665	0.008668025024	41.07500819	58.92496347	2.833867244E-05	13.00206567	65.18137916	21.81655517	0	0	0	-333.0771072	0.008668025024	-54868.0671653578	
330.5171072	89	10	1	0.9547491788	0.008620431251	40.80727044	59.19270356	2.600623923E-05	12.76028806	65.23345372	22.00625822	0	0	0	-330.5171072	0.008620431251	-52773.4127048151	
327.9571072	89	10	1	0.9551378528	0.008570931687	40.54812012	59.45185604	2.383245682E-05	12.52006093	65.28343651	22.19650256	0	0	0	-327.9571072	0.008570931687	-50888.2892757177	
325.3971072	89	10	1	0.9555209944	0.008519763404	40.29736399	59.7026142	2.180885212E-05	12.28137072	65.33139313	22.38723615	0	0	0	-325.3971072	0.008519763404	-49316.8420721642	
322.8371072	89	10	1	0.9558986167	0.00846706832	40.05479442	59.94518566	1.992731188E-05	12.04420254	65.37738874	22.57840872	0	0	0	-322.8371072	0.00846706832	-47963.1669558629	
320.2771072	89	10	1	0.95627074	0.00841297839	39.82019077	60.17979105	1.818006291E-05	11.80854053	65.42148782	22.76997165	0	0	0	-320.2771072	0.00841297839	-46790.7469052013	
317.7171072	89	10	1	0.9566373903	0.008357615364	39.59332071	60.40666273	1.655965442E-05	11.57436829	65.46375386	22.96187785	0	0	0	-317.7171072	0.008357615364	-45769.9542173016	
315.1571072	89	10	1	0.9569985991	0.008301090485	39.37394124	60.6260437	1.505894224E-05	11.34166924	65.50424912	23.15408164	0	0	0	-315.1571072	0.008301090485	-44876.3501196952	
312.5971072	89	10	1	0.9573544023	0.008243504351	39.16179977	60.83818656	1.36710747E-05	11.110427	65.5430344	23.3465386	0	0	0	-312.5971072	0.008243504351	-44089.5421094752	
310.0371072	89	10	1	0.9577048402	0.008184946929	38.95663495	61.04335266	1.238948027E-05	10.88062572	65.58016886	23.53920542	0	0	0	-310.0371072	0.008184946929	-43392.3265602754	
307.4771072	89	10	1	0.9580499559	0.008125497659	38.75817748	61.24181132	1.120785653E-05	10.65225044	65.61570984	23.73203973	0	0	0	-307.4771072	0.008125497659	-42793.063294294	
304.9171072	89	10	1	0.9583897984	0.008065291802	38.56615635	61.43383353	1.012016497E-05	10.42528611	65.64971213	23.92500176	0	0	0	-304.9171072	0.008065291802	-42211.0098279431	
302.3571072	89	10	1	0.9587244103	0.008004189028	38.38028732	61.61970356	9.120604894E-06	10.19972355	65.68222935	24.1180471	0	0	0	-302.3571072	0.008004189028	-38755.8896870359	
300	89	10	1	0.959027895	0.007316920035	38.21370369	61.78628803	8.273369962E-06	9.993236494	65.7109459	24.29581761	0	0	0	-300	0.007316920035	31896.5457503599	
