T	w(AL)	w(MG)	w(SI)	fs	fw(@FCC_A1)	w(AL@FCC_A1)	w(MG@FCC_A1)	w(SI@FCC_A1)	w(AL@LIQUID)	w(MG@LIQUID)	w(SI@LIQUID)	dwdT_L(AL@LIQUID)	dwdT_L(MG@LIQUID)	dwdT_L(SI@LIQUID)	-T	fw(@FCC_A1)_1	-T//fw(@FCC_A1)	
K	%	%	%	mole/mole	kg/kg	%	%	%	%	%	%	SI	SI	SI				
895.0253933	93	2	5	0	0	98.98706072	0.4802092812	0.5327300011	93	2	5	0.001819270638	-0.0004618096105	-0.001357461027	-895.0253933	0	16.40520340678	
895.0153933	93	2	5	0.0003039141195	0.0003038793169	98.98684853	0.4802787523	0.5328727182	92.99818109	2.00046175	5.001357165	0	0	0	-895.0153933	0.0003038793169	49.4103980102897	
894.9953933	93	2	5	0.0009111787357	0.0006073994421	98.98642424	0.4804175817	0.5331581754	92.99454219	2.001385441	5.004072374	0	0	0	-894.9953933	0.0006073994421	65.9338554359435	
894.9553933	93	2	5	0.00212360604	0.001213327473	98.98557586	0.4806950536	0.5337290862	92.98726515	2.003232586	5.009502268	0	0	0	-894.9553933	0.001213327473	66.0773973714951	
894.8753933	93	2	5	0.004540625846	0.002421732795	98.98387984	0.481249201	0.5348709566	92.9727112	2.006926603	5.020362202	0	0	0	-894.8753933	0.002421732795	66.3381554865335	
894.7153933	93	2	5	0.009343542952	0.004823885544	98.98049128	0.4823539414	0.5371547797	92.94360381	2.014313563	5.042082631	0	0	0	-894.7153933	0.004823885544	66.9240400559515	
894.3953933	93	2	5	0.01881616033	0.009561157379	98.97372795	0.4845490066	0.541723042	92.88539213	2.029081109	5.085526761	0	0	0	-894.3953933	0.009561157379	68.1268214058929	
893.7553933	93	2	5	0.03726655451	0.0188026077	98.96025532	0.4888830492	0.5508616329	92.76897899	2.058596033	5.172424981	0	0	0	-893.7553933	0.0188026077	70.4723832441266	
892.4753933	93	2	5	0.07230053789	0.03638690859	98.93352278	0.4973304989	0.5691467216	92.53619278	2.117552509	5.346254711	0	0	0	-892.4753933	0.03638690859	75.3987653956476	
889.9153933	93	2	5	0.1356990777	0.068333297	98.88088288	0.5133701213	0.6057469954	92.07078826	2.235223319	5.693988417	0	0	0	-889.9153933	0.068333297	-753.196501953533	
887.3553933	93	2	5	0.1913643354	0.0643981469	98.82929117	0.5283296906	0.6423791378	91.60559591	2.352709973	6.041694117	0	0	0	-887.3553933	0.0643981469	-690.686091691281	
884.7953933	93	2	5	0.2405956336	0.06087499811	98.77870215	0.5422516547	0.6790461913	91.14062836	2.470065601	6.389306036	0	0	0	-884.7953933	0.06087499811	-769.601903762357	
882.2353933	93	2	5	0.2844243602	0.05770762573	98.7290732	0.555175691	0.7157511123	90.67589894	2.587336758	6.736764304	0	0	0	-882.2353933	0.05770762573	-853.503291419437	
879.6753933	93	2	5	0.3236753751	0.05484538839	98.68036362	0.5671390397	0.7524973419	90.21141635	2.704564671	7.084018982	0	0	0	-879.6753933	0.05484538839	-941.954544988413	
877.1153933	93	2	5	0.3590158006	0.05224673359	98.63253458	0.578176799	0.789288622	89.747186	2.821785897	7.431028107	0	0	0	-877.1153933	0.05224673359	-1034.98621993449	
874.5553933	93	2	5	0.3909907473	0.04987734681	98.58554886	0.5883222058	0.8261289332	89.28321009	2.939033102	7.777756805	0	0	0	-874.5553933	0.04987734681	-1132.64833857988	
871.9953933	93	2	5	0.4200497926	0.04770864034	98.53937069	0.597606866	0.8630224457	88.81948775	3.056335698	8.124176549	0	0	0	-871.9953933	0.04770864034	-1234.99528934617	
869.4353933	93	2	5	0.4465668823	0.0457166055	98.49396558	0.6060609434	0.8999734805	88.35601512	3.173720359	8.470264519	0	0	0	-869.4353933	0.0457166055	-1342.08590946716	
866.8753933	93	2	5	0.4708554787	0.04388093026	98.4493002	0.613713318	0.9369864771	87.89278548	3.291211458	8.816003064	0	0	0	-866.8753933	0.04388093026	-1453.98355733316	
864.3153933	93	2	5	0.4931802243	0.04218431331	98.40534231	0.6205917173	0.974065969	87.42978935	3.408831428	9.161379224	0	0	0	-864.3153933	0.04218431331	-1570.75622797725	
861.7553933	93	2	5	0.5137660197	0.04061192549	98.36206061	0.6267228287	1.011216562	86.96701462	3.52660106	9.50638432	0	0	0	-861.7553933	0.04061192549	-1692.47661739417	
859.1953933	93	2	5	0.532805158	0.03915098275	98.31942469	0.632132393	1.04844292	86.50444664	3.644539763	9.851013593	0	0	0	-859.1953933	0.03915098275	-1819.22224768739	
856.6353933	93	2	5	0.5504629828	0.03779040482	98.27740497	0.6368452865	1.085749748	86.04206834	3.76266578	10.19526588	0	0	0	-856.6353933	0.03779040482	-1951.07560492835	
854.0753933	93	2	5	0.566882413	0.03652054	98.23597263	0.6408855894	1.123141785	85.57986031	3.880996371	10.53914332	0	0	0	-854.0753933	0.03652054	-2088.124291869	
851.5153933	93	2	5	0.5821875907	0.03533294172	98.19509956	0.6442766467	1.160623793	85.11780089	3.999547973	10.88265113	0	0	0	-851.5153933	0.03533294172	-2230.46115660876	
848.9553933	93	2	5	0.5964868419	0.03422018572	98.15475833	0.6470411202	1.198200552	84.65586632	4.118336337	11.22579735	0	0	0	-848.9553933	0.03422018572	-2378.18453965715	
846.3953933	93	2	5	0.6098750981	0.03317571968	98.11492211	0.6492010341	1.235876852	84.19403074	4.237376642	11.56859262	0	0	0	-846.3953933	0.03317571968	-2531.39853057969	
843.8353933	93	2	5	0.6224358874	0.0321937386	98.07556469	0.650777815	1.273657493	83.73226636	4.356683602	11.91105004	0	0	0	-843.8353933	0.0321937386	-2690.21314970567	
841.2753933	93	2	5	0.634242983	0.03126908099	98.0366604	0.6517923272	1.311547276	83.27054346	4.47627155	12.25318499	0	0	0	-841.2753933	0.03126908099	-2854.7446839483	
838.7153933	93	2	5	0.6453617752	0.03039714196	97.99818409	0.6522649042	1.349551006	82.80883054	4.596154521	12.59501494	0	0	0	-838.7153933	0.03039714196	-3025.116142003	
836.1553933	93	2	5	0.6558504194	0.02957380009	97.96011114	0.6522153763	1.387673487	82.34709431	4.716346315	12.93655938	0	0	0	-836.1553933	0.02957380009	-3201.45751899785	
833.5953933	93	2	5	0.6657608011	0.02879535547	97.92241738	0.6516630953	1.425919522	81.88529982	4.836860562	13.27783962	0	0	0	-833.5953933	0.02879535547	-3383.90621899888	
831.0353933	93	2	5	0.6751393521	0.02805847713	97.88507913	0.650626957	1.464293914	81.42341047	4.957710773	13.61887876	0	0	0	-831.0353933	0.02805847713	-3572.6077459034	
828.4753933	93	2	5	0.6840277419	0.02736015819	97.84807312	0.6491254209	1.502801459	80.9613881	5.078910389	13.95970151	0	0	0	-828.4753933	0.02736015819	-3767.71615227534	
825.9153933	93	2	5	0.6924634686	0.02669767736	97.81137652	0.6471765282	1.541446955	80.49919302	5.200472823	14.30033415	0	0	0	-825.9153933	0.02669767736	-3969.39459062834	
823.3553933	93	2	5	0.7004803629	0.02606856585	97.77496689	0.6447979184	1.580235196	80.03678404	5.3224115	14.64080446	0	0	0	-823.3553933	0.02606856585	-4177.81620144209	
820.7953933	93	2	5	0.7081090225	0.02547057883	97.73882218	0.6420068433	1.619170972	79.57411853	5.44473989	14.98114158	0	0	0	-820.7953933	0.02547057883	-4393.16493150338	
818.2353933	93	2	5	0.7153771856	0.02490167067	97.70292074	0.6388201813	1.658259076	79.11115245	5.567471542	15.32137601	0	0	0	-818.2353933	0.02490167067	-4615.63629289791	
815.6753933	93	2	5	0.7223100546	0.0243599734	97.66724126	0.6352544488	1.697504295	78.64784035	5.690620114	15.66153953	0	0	0	-815.6753933	0.0243599734	-4845.43837615104	
813.1153933	93	2	5	0.728930577	0.02384377794	97.63176277	0.6313258118	1.73691142	78.18413545	5.8141994	16.00166515	0	0	0	-813.1153933	0.02384377794	-5082.79304354795	
810.5553933	93	2	5	0.7352596897	0.02335151768	97.59646467	0.6270500956	1.776485239	77.7199896	5.938223355	16.34178705	0	0	0	-810.5553933	0.02335151768	-5327.93731024965	
807.9953933	93	2	5	0.7413165328	0.02288175409	97.56132666	0.6224427946	1.816230544	77.25535331	6.062706122	16.68194056	0	0	0	-807.9953933	0.02288175409	-5581.12464414149	
805.4353933	93	2	5	0.7471186365	0.02243316402	97.52632879	0.6175190803	1.856152126	76.7901758	6.187662053	17.02216215	0	0	0	-805.4353933	0.02243316402	-5842.62627434332	
802.8753933	93	2	5	0.7526820859	0.02200452849	97.49145141	0.6122938094	1.896254781	76.32440492	6.31310573	17.36248935	0	0	0	-802.8753933	0.02200452849	-6112.73334985564	
800.3153933	93	2	5	0.7580216651	0.02159472284	97.45667516	0.6067815309	1.936543308	75.85798725	6.439051994	17.70296076	0	0	0	-800.3153933	0.02159472284	-6391.75896039537	
797.7553933	93	2	5	0.7631509857	0.02120270794	97.421981	0.6009964926	1.977022509	75.390868	6.565515957	18.04361604	0	0	0	-797.7553933	0.02120270794	-6680.03999402485	
795.1953933	93	2	5	0.7680825993	0.02082752238	97.38735016	0.5949526471	2.017697191	74.92299106	6.692513032	18.3844959	0	0	0	-795.1953933	0.02082752238	-6977.93965007357	
792.6353933	93	2	5	0.7728280984	0.02046827552	97.35276418	0.5886636576	2.058572167	74.45429897	6.820058947	18.72564208	0	0	0	-792.6353933	0.02046827552	-7285.85052530797	
790.0753933	93	2	5	0.7773982054	0.02012414131	97.31820484	0.5821429025	2.099652253	73.98473289	6.948169771	19.06709734	0	0	0	-790.0753933	0.02012414131	-7604.19779863275	
787.5153933	93	2	5	0.7818028524	0.01979435274	97.28365424	0.575403481	2.140942275	73.51423258	7.076861932	19.40890549	0	0	0	-787.5153933	0.01979435274	-7933.44252048967	
784.9553933	93	2	5	0.7860512518	0.01947819686	97.24909472	0.5684582163	2.182447061	73.04273637	7.206152243	19.75111139	0	0	0	-784.9553933	0.01947819686	-8274.08569302326	
782.3953933	93	2	5	0.7901519604	0.01917501032	97.21450889	0.5613196606	2.224171448	72.57018113	7.336057918	20.09376095	0	0	0	-782.3953933	0.01917501032	-8626.67267975017	
779.8353933	93	2	5	0.7941129362	0.01888417534	97.17987962	0.5540000984	2.26612028	72.09650224	7.466596602	20.43690116	0	0	0	-779.8353933	0.01888417534	-8991.79893012724	
777.2753933	93	2	5	0.7979415895	0.01860511613	97.14519005	0.5465115495	2.308298403	71.62163351	7.597786389	20.7805801	0	0	0	-777.2753933	0.01860511613	-9370.11532653937	
774.7153933	93	2	5	0.8016448293	0.01833729558	97.11042355	0.538865773	2.350710674	71.14550717	7.729645848	21.12484698	0	0	0	-774.7153933	0.01833729558	-9762.33553305949	
772.1553933	93	2	5	0.8052291045	0.01808021237	97.07556378	0.5310742694	2.393361953	70.66805379	7.86219405	21.46975216	0	0	0	-772.1553933	0.01808021237	-10169.2425586886	
769.5953933	93	2	5	0.8087004419	0.01783339821	97.04059461	0.5231482838	2.436257103	70.18920222	7.995450592	21.81534719	0	0	0	-769.5953933	0.01783339821	-10591.6987372885	
767.0353933	93	2	5	0.8120644797	0.01759641552	97.0055002	0.5150988082	2.479400995	69.70887954	8.129435627	22.16168483	0	0	0	-767.0353933	0.01759641552	-11030.6557674544	
764.4753933	93	2	5	0.8153264986	0.01736885516	96.97026492	0.5069365836	2.522798501	69.22701099	8.264169888	22.50881912	0	0	0	-764.4753933	0.01736885516	-11487.1652026643	
761.9153933	93	2	5	0.8184914496	0.01715033446	96.9348734	0.4986721026	2.566454492	68.74351985	8.399674725	22.85680542	0	0	0	-761.9153933	0.01715033446	-11962.3944372967	
759.3553933	93	2	5	0.8215639794	0.01694049544	96.89931054	0.490315611	2.610373845	68.25832741	8.535972132	23.20570046	0	0	0	-759.3553933	0.01694049544	-12457.6400441298	
756.7953933	93	2	5	0.8245484534	0.01673900309	96.86356146	0.48187711	2.654561429	67.77135285	8.673084782	23.55556237	0	0	0	-756.7953933	0.01673900309	-12974.3469775565	
754.2353933	93	2	5	0.827448977	0.01654554392	96.82761153	0.4733663574	2.699022113	67.28251313	8.811036062	23.90645081	0	0	0	-754.2353933	0.01654554392	-13514.1316789352	
751.6753933	93	2	5	0.8302694146	0.01635982458	96.79144637	0.4647928701	2.743760759	66.79172292	8.94985011	24.25842697	0	0	0	-751.6753933	0.01635982458	-14078.80535932	
749.1153933	93	2	5	0.8330134075	0.01618157059	96.75505186	0.4561659247	2.78878222	66.29889447	9.089551854	24.61155368	0	0	0	-749.1153933	0.01618157059	-14670.4059316479	
746.5553933	93	2	5	0.8356843894	0.01601052524	96.71841411	0.4474945596	2.834091334	65.80393746	9.230167053	24.96589549	0	0	0	-746.5553933	0.01601052524	-15291.231714495	
743.9953933	93	2	5	0.8382856017	0.01584644849	96.6815195	0.4387875763	2.879692927	65.30675894	9.371722343	25.32151872	0	0	0	-743.9953933	0.01584644849	-15943.8858985315	
741.4353933	93	2	5	0.8408201069	0.01568911609	96.64435466	0.4300535406	2.9255918	64.80726312	9.514245282	25.6784916	0	0	0	-741.4353933	0.01568911609	-16631.3266284295	
738.8753933	93	2	5	0.8432908007	0.01553831865	96.60690648	0.4213007841	2.971792734	64.30535127	9.657764397	26.03688434	0	0	0	-738.8753933	0.01553831865	-17356.9279647377	
736.3153933	93	2	5	0.845700424	0.01539386089	96.56916212	0.4125374053	3.018300475	63.80092154	9.802309238	26.39676923	0	0	0	-736.3153933	0.01539386089	-18124.5562405296	
733.7553933	93	2	5	0.8480515727	0.0152555609	96.53110899	0.4037712709	3.065119734	63.2938688	9.947910434	26.75822077	0	0	0	-733.7553933	0.0152555609	-18938.6622230807	
731.1953933	93	2	5	0.8503467083	0.01512324952	96.4927348	0.3950100173	3.11225518	62.78408448	10.09459975	27.12131578	0	0	0	-731.1953933	0.01512324952	-19804.3881804297	
728.6353933	93	2	5	0.8525881659	0.01499676966	96.45402752	0.3862610512	3.159711428	62.27145633	10.24241015	27.48613352	0	0	0	-728.6353933	0.01499676966	-20727.7130682809	
726.0753933	93	2	5	0.8547781632	0.01487597586	96.41497541	0.3775315517	3.207493035	61.7558683	10.39137585	27.85275585	0	0	0	-726.0753933	0.01487597586	-21715.6231478711	
723.5153933	93	2	5	0.8569188079	0.0147607337	96.37556704	0.368828471	3.255604488	61.23720023	10.54153243	28.22126734	0	0	0	-723.5153933	0.0147607337	-22776.3312630441	
720.9553933	93	2	5	0.8590121047	0.01465091943	96.33579127	0.3601585358	3.304050193	60.71532769	10.69291684	28.59175547	0	0	0	-720.9553933	0.01465091943	-23919.5539756043	
718.3953933	93	2	5	0.861059962	0.01454641949	96.29563729	0.3515282486	3.352834463	60.19012172	10.84556754	28.96431074	0	0	0	-718.3953933	0.01454641949	-25156.8688306923	
715.8353933	93	2	5	0.8630641978	0.0144471302	96.25509461	0.3429438892	3.401961505	59.66144856	10.99952454	29.33902689	0	0	0	-715.8353933	0.0144471302	-26502.1794121532	
713.2753933	93	2	5	0.8650265458	0.01435295739	96.21415308	0.334411516	3.451435402	59.12916938	11.15482954	29.71600108	0	0	0	-713.2753933	0.01435295739	-27972.3196789195	
710.7153933	93	2	5	0.8669486602	0.01426381611	96.17280294	0.3259369675	3.501260097	58.59313998	11.31152597	30.09533405	0	0	0	-710.7153933	0.01426381611	-29587.8641253059	
708.1553933	93	2	5	0.8688321205	0.01417963034	96.13103476	0.3175258638	3.551439373	58.05321052	11.46965909	30.47713039	0	0	0	-708.1553933	0.01417963034	-31374.224643931	
705.5953933	93	2	5	0.8706784368	0.01410033277	96.08883956	0.3091836083	3.601976831	57.50922512	11.62927617	30.86149871	0	0	0	-705.5953933	0.01410033277	-33363.1407329171	
703.0353933	93	2	5	0.8724890531	0.01402586452	96.04620875	0.3009153893	3.652875861	56.96102159	11.79042649	31.24855192	0	0	0	-703.0353933	0.01402586452	-35594.7796943826	
700.4753933	93	2	5	0.874265352	0.01395617498	96.0031342	0.292726182	3.704139619	56.40843099	11.95316157	31.63840744	0	0	0	-700.4753933	0.01395617498	-38120.7072735384	
697.9153933	93	2	5	0.8760086579	0.01389122154	95.95960826	0.28462075	3.755770991	55.85127728	12.11753521	32.03118751	0	0	0	-697.9153933	0.01389122154	-41008.2486761384	
695.3553933	93	2	5	0.8777202405	0.01383096948	95.9156238	0.2766036476	3.807772554	55.28937691	12.28360366	32.42701943	0	0	0	-695.3553933	0.01383096948	-44346.9620335068	
692.7953933	93	2	5	0.8794013183	0.01377539167	95.87117424	0.268679222	3.860146539	54.72253834	12.45142577	32.82603589	0	0	0	-692.7953933	0.01377539167	-48258.6529595428	
690.2353933	93	2	5	0.8810530612	0.01372446844	95.82625361	0.2608516151	3.912894779	54.15056162	12.62106311	33.22837527	0	0	0	-690.2353933	0.01372446844	-52913.3578248182	
687.6753933	93	2	5	0.8826765936	0.01367818734	95.78085658	0.2531247664	3.966018658	53.57323791	12.79258013	33.63418196	0	0	0	-687.6753933	0.01367818734	-58555.8343249272	
685.1153933	93	2	5	0.8842729966	0.01363654287	95.73497854	0.2455024152	4.019519046	52.99034894	12.96604435	34.04360671	0	0	0	-685.1153933	0.01363654287	-65551.8721831426	
682.5553933	93	2	5	0.8858433106	0.0135995362	95.68861567	0.2379881034	4.073396229	52.40166652	13.14152649	34.45680699	0	0	0	-682.5553933	0.0135995362	-74474.1891114141	
679.9953933	93	2	5	0.8873885376	0.01356717484	95.64176499	0.2305851783	4.127649831	51.80695195	13.31910067	34.87394738	0	0	0	-679.9953933	0.01356717484	-86274.2448904221	
677.4353933	93	2	5	0.8889096429	0.0135394722	95.59442449	0.223296796	4.182278716	51.20595551	13.49884459	35.2951999	0	0	0	-677.4353933	0.0135394722	-102661.895096564	
674.8753933	93	2	5	0.8904075572	0.01351644706	95.54659319	0.2161259239	4.237280888	50.59841585	13.68083969	35.72074446	0	0	0	-674.8753933	0.01351644706	-127066.229456053	
672.3153933	93	2	5	0.8918831781	0.01349812296	95.49827129	0.2090753449	4.292653364	49.98405943	13.86517136	36.15076922	0	0	0	-672.3153933	0.01349812296	-167600.163718216	
669.7553933	93	2	5	0.8933373717	0.01348452733	95.44946031	0.202147661	4.348392033	49.3625999	14.05192912	36.58547098	0	0	0	-669.7553933	0.01348452733	-249751.307067784	
667.1953933	93	2	5	0.8947709736	0.01347569048	95.4001632	0.1953452966	4.404491498	48.7337376	14.24120681	37.02505559	0	0	0	-667.1953933	0.01347569048	-524968.228828966	
664.6353933	93	2	5	0.8961847902	0.01347164429	95.35038461	0.1886705038	4.460944889	48.09715895	14.43310275	37.4697383	0	0	0	-664.6353933	0.01347164429	4230877.51610598	
662.0753933	93	2	5	0.8975795995	0.01347242057	95.30013099	0.1821253659	4.517743641	47.45253603	14.62771989	37.91974408	0	0	0	-662.0753933	0.01347242057	2953199.91228878	
659.5153933	93	2	5	0.8989561515	0.01347804897	95.24941095	0.1757118031	4.574877252	46.79952611	14.82516597	38.37530792	0	0	0	-659.5153933	0.01347804897	381174.125416641	
656.9553933	93	2	5	0.9003151686	0.01348855439	95.19823544	0.1694315769	4.632332987	46.13777137	15.0255536	38.83667503	0	0	0	-656.9553933	0.01348855439	212277.680695776	
654.3953933	93	2	5	0.9016573454	0.01350395369	95.14661816	0.1632862965	4.690095548	45.46689874	15.22900033	39.30410094	0	0	0	-654.3953933	0.01350395369	148934.040011765	
651.8353933	93	2	5	0.9029833487	0.01352425163	95.0945759	0.1572774243	4.748146677	44.78651992	15.43562862	39.77785146	0	0	0	-651.8353933	0.01352425163	115200.875926242	
649.2753933	93	2	5	0.904293816	0.01354943562	95.04212901	0.1514062823	4.806464711	44.09623176	15.64556577	40.25820247	0	0	0	-649.2753933	0.01354943562	94165.4653493607	
646.7153933	93	2	5	0.9055893545	0.0135794694	94.98930189	0.1456740594	4.865024049	43.39561688	15.85894367	40.74543945	0	0	0	-646.7153933	0.0135794694	79815.4761554522	
644.1553933	93	2	5	0.9068705392	0.01361428495	94.93612364	0.1400818185	4.923794543	42.68424489	16.07589846	41.23985665	0	0	0	-644.1553933	0.01361428495	69453.9369023625	
641.5953933	93	2	5	0.9081379099	0.01365377255	94.88262871	0.1346305045	4.982740787	41.96167419	16.29656995	41.74175586	0	0	0	-641.5953933	0.01365377255	61688.2578512314	
639.0353933	93	2	5	0.9093919677	0.01369776841	94.82885776	0.1293209524	5.041821291	41.22745456	16.52110079	42.25144465	0	0	0	-639.0353933	0.01369776841	55729.9776560333	
636.4753933	93	2	5	0.9106331705	0.01374603944	94.77485857	0.1241538969	5.100987529	40.4811308	16.74963536	42.76923384	0	0	0	-636.4753933	0.01374603944	51104.7750395829	
633.9153933	93	2	5	0.9118619272	0.01379826557	94.72068733	0.1191299884	5.160182682	39.72224769	16.98231816	43.29543415	0	0	0	-633.9153933	0.01379826557	47520.6955541683	
631.3553933	93	2	5	0.9130785899	0.01385401117	94.66640931	0.114249775	5.21934092	38.95035684	17.21929165	43.83035151	0	0	0	-631.3553933	0.01385401117	44797.473196441	
628.7953933	93	2	5	0.9142834463	0.01391271005	94.61210108	0.1095137523	5.278385171	38.16502499	17.46069364	44.37428138	0	0	0	-628.7953933	0.01391271005	42835.9219326593	
626.2353933	93	2	5	0.9154767075	0.01397361864	94.55785169	0.1049223475	5.337225959	37.36584566	17.70665357	44.92750077	0	0	0	-626.2353933	0.01397361864	41609.6752129447	
623.6753933	93	2	5	0.9166584958	0.01403578402	94.50376463	0.1004759343	5.395759431	36.55245352	17.95728797	45.4902585	0	0	0	-623.6753933	0.01403578402	41184.3599420332	
621.1153933	93	2	5	0.9178288493	0.01409793768	94.44995591	0.09617473068	5.453869363	35.72455272	18.21268373	46.06276356	0	0	0	-621.1153933	0.01409793768	41710.4597798312	
618.5553933	93	2	5	0.9189876311	0.01415857257	94.39656983	0.09201916246	5.511411009	34.88191549	18.47292286	46.64516165	0	0	0	-618.5553933	0.01415857257	43434.4340741275	
615.9953933	93	2	5	0.9201346047	0.01421599158	94.34376482	0.08800947665	5.568225705	34.0244201	18.73804516	47.23753474	0	0	0	-615.9953933	0.01421599158	47151.190639261	
613.4353933	93	2	5	0.9212693553	0.01426774574	94.29172426	0.08414588726	5.624129855	33.15209729	19.00804228	47.83986043	0	0	0	-613.4353933	0.01426774574	54725.7119534429	
610.8753933	93	2	5	0.9223912767	0.01431104234	94.24065733	0.08042855953	5.678914114	32.26516243	19.28284737	48.45199021	0	0	0	-610.8753933	0.01431104234	71921.6319940073	
608.3153933	93	2	5	0.9234995447	0.01434255613	94.190801	0.07685759124	5.732341411	31.36406192	19.56232032	49.07361776	0	0	0	-608.3153933	0.01434255613	134683.427271522	
605.7553933	93	2	5	0.9245930926	0.01435840178	94.14242139	0.07343298194	5.784145626	30.4495249	19.84623129	49.70424381	0	0	0	-605.7553933	0.01435840178	-881218.978686858	
603.1953933	93	2	5	0.9256705885	0.01435414093	94.0958141	0.07015458697	5.834031312	29.5226182	20.13424315	50.34313865	0	0	0	-603.1953933	0.01435414093	-535628.087945008	
600.6353933	93	2	5	0.9267304213	0.01432484368	94.05130298	0.06702205389	5.881674964	28.58480101	20.42589409	50.98930489	0	0	0	-600.6353933	0.01432484368	-72737.3122312932	
598.0753933	93	2	5	0.9277706976	0.01426522525	94.00923688	0.06403473985	5.926728383	27.63797383	20.72058191	51.64144426	0	0	0	-598.0753933	0.01426522525	-36749.4162359067	
595.5153933	93	2	5	0.9287892555	0.0141698783	93.96998371	0.06119161041	5.968824677	26.68451412	21.0175526	52.29793329	0	0	0	-595.5153933	0.0141698783	-23529.7233573984	
592.9553933	93	2	5	0.9297837017	0.01403359985	93.9339216	0.0584911245	6.007587279	25.72728979	21.31589595	52.95681426	0	0	0	-592.9553933	0.01403359985	-16783.7958324939	
590.3953933	93	2	5	0.9307515339	0.01385231775	93.90141831	0.0559309722	6.042650715	24.76965466	21.61453253	53.61581281	0	0	0	-590.3953933	0.01385231775	-12790.9793507869	
587.8353933	93	2	5	0.9316900517	0.0136216403	93.87284265	0.05350838102	6.073648971	23.81535682	21.91228491	54.27235827	0	0	0	-587.8353933	0.0136216403	-10198.7549304191	
585.2753933	93	2	5	0.9325966607	0.01334040611	93.84852016	0.05121961239	6.100260231	22.86845394	22.20786352	54.92368254	0	0	0	-585.2753933	0.01334040611	-8467.6990621887	
582.7153933	93	2	5	0.9334689269	0.01300874864	93.82872798	0.04906004594	6.12221197	21.93318291	22.49992111	55.56689598	0	0	0	-582.7153933	0.01300874864	-7264.6547333932	
580.1553933	93	2	5	0.9343047203	0.01262920424	93.81367855	0.04702418837	6.139297258	21.01377814	22.78711029	56.19911158	0	0	0	-580.1553933	0.01262920424	-6419.57132598997	
577.5953933	93	2	5	0.9351023364	0.01220657213	93.80350835	0.0451057482	6.151385899	20.11428536	23.06814263	56.817572	0	0	0	-577.5953933	0.01220657213	-5822.67227078764	
575.0353933	93	2	5	0.9358605278	0.01174675454	93.79827869	0.0432978549	6.158423455	19.23838218	23.34185562	57.41976221	0	0	0	-575.0353933	0.01174675454	-5416.64560103087	
572.4753933	93	2	5	0.9365787546	0.01125978121	93.79795373	0.04159299205	6.16045328	18.38923126	23.60722782	58.00354092	0	0	0	-572.4753933	0.01125978121	-5159.08091625398	
569.9153933	93	2	5	0.9372569747	0.01075358594	93.80243194	0.03998348711	6.157584575	17.56938945	23.86344133	58.56716922	0	0	0	-569.9153933	0.01075358594	-5008.47047428501	
567.3553933	93	2	5	0.937895697	0.01023731445	93.81154535	0.03846164522	6.149993008	16.78074038	24.10989156	59.10936806	0	0	0	-567.3553933	0.01023731445	-4950.97610265503	
564.7953933	93	2	5	0.938495907	0.00971944147	93.82507427	0.03701995071	6.137905783	16.02450506	24.34618407	59.62931087	0	0	0	-564.7953933	0.00971944147	-4971.72766736725	
562.2353933	93	2	5	0.9390589784	0.009207424751	93.8427618	0.0356512367	6.121586964	15.30128668	24.57212051	60.12659281	0	0	0	-562.2353933	0.009207424751	-5060.68664651534	
559.6753933	93	2	5	0.9395865771	0.00870743522	93.86432785	0.0343488103	6.101323341	14.61114483	24.78767516	60.60118001	0	0	0	-559.6753933	0.00870743522	-5210.57040362001	
557.1153933	93	2	5	0.9400805649	0.008224233661	93.88948173	0.03310653504	6.077411737	13.95368688	24.99296621	61.05334691	0	0	0	-557.1153933	0.008224233661	-5416.86231190714	
554.5553933	93	2	5	0.9405429225	0.007761365006	93.91793148	0.03191885929	6.050149664	13.32815767	25.18822671	61.48361562	0	0	0	-554.5553933	0.007761365006	-5675.53663526957	
551.9953933	93	2	5	0.9409756674	0.007320996078	93.94939296	0.03078083727	6.019826199	12.73353762	25.37377446	61.89268792	0	0	0	-551.9953933	0.007320996078	-5983.8585857564	
549.4353933	93	2	5	0.9413808054	0.006904410674	93.98359447	0.02968809805	5.986717432	12.16861757	25.54998766	62.28139477	0	0	0	-549.4353933	0.006904410674	-6340.59079272823	
546.8753933	93	2	5	0.9417602873	0.006512050693	94.02028047	0.02863681194	5.951082716	11.63206853	25.71728292	62.65064855	0	0	0	-546.8753933	0.006512050693	-6744.37651940587	
544.3153933	93	2	5	0.94211598	0.006143740478	94.05921361	0.027623644	5.913162748	11.12249681	25.87609781	63.00140538	0	0	0	-544.3153933	0.006143740478	-7194.46248940798	
541.7553933	93	2	5	0.9424496476	0.005798855128	94.10017544	0.02664570322	5.873178858	10.63848705	26.02687715	63.3346358	0	0	0	-541.7553933	0.005798855128	-7690.40025949022	
539.1953933	93	2	5	0.9427629419	0.005476460947	94.14296635	0.02570049108	5.831333155	10.17863446	26.17006279	63.65130275	0	0	0	-539.1953933	0.005476460947	-8231.96707947681	
536.6353933	93	2	5	0.9430573978	0.005175427504	94.18740489	0.02478585206	5.787809254	9.741568039	26.30608619	63.95234577	0	0	0	-536.6353933	0.005175427504	-8819.10736067634	
534.0753933	93	2	5	0.9433344343	0.004894513783	94.23332671	0.02389992773	5.742773362	9.325966572	26.43536335	64.23867008	0	0	0	-534.0753933	0.004894513783	-9451.88975886657	
531.5153933	93	2	5	0.9435953574	0.004632432187	94.28058332	0.02304111509	5.696375562	8.930568906	26.5582915	64.51113959	0	0	0	-531.5153933	0.004632432187	-10130.4754251138	
528.9553933	93	2	5	0.9438413659	0.004387894475	94.3290408	0.02220802944	5.648751175	8.554179898	26.6752472	64.7705729	0	0	0	-528.9553933	0.004387894475	-10855.0948711293	
526.3953933	93	2	5	0.9440735581	0.0041596435	94.3785784	0.02139947184	5.600022131	8.19567316	26.78658542	65.01774142	0	0	0	-526.3953933	0.0041596435	-11626.0309600896	
523.8353933	93	2	5	0.9442929386	0.003946474074	94.42908732	0.02061440068	5.550298282	7.85399147	26.89263942	65.25336911	0	0	0	-523.8353933	0.003946474074	-12443.606447519	
521.2753933	93	2	5	0.9445004258	0.003747245741	94.48046944	0.01985190729	5.49967865	7.52814556	26.99372108	65.47813336	0	0	0	-521.2753933	0.003747245741	-13308.1752402479	
518.7153933	93	2	5	0.944696859	0.00356088966	94.53263624	0.01911119486	5.448252566	7.21721181	27.09012162	65.69266657	0	0	0	-518.7153933	0.00356088966	-14220.1160374377	
516.1553933	93	2	5	0.9448830055	0.0033864113	94.58550772	0.01839156049	5.396100722	6.920329229	27.18211256	65.89755821	0	0	0	-516.1553933	0.0033864113	-15179.8282309917	
513.5953933	93	2	5	0.9450595669	0.003222890255	94.63901151	0.01769237992	5.343296112	6.636696034	27.26994677	66.0933572	0	0	0	-513.5953933	0.003222890255	-16187.7292452571	
511.0353933	93	2	5	0.945227185	0.003069478129	94.69308203	0.0170130945	5.289904879	6.365566029	27.3538596	66.28057437	0	0	0	-511.0353933	0.003069478129	-17244.2528168147	
508.4753933	93	2	5	0.9453864478	0.002925395202	94.74765973	0.01635320019	5.235987073	6.106244924	27.43407005	66.45968503	0	0	0	-508.4753933	0.002925395202	-18349.8486578413	
505.9153933	93	2	5	0.9455378941	0.002789926387	94.80269044	0.01571223823	5.181597325	5.858086721	27.51078188	66.63113139	0	0	0	-505.9153933	0.002789926387	-19504.9828134564	
503.3553933	93	2	5	0.9456820185	0.002662416829	94.85812477	0.01508978721	5.12678544	5.620490209	27.58418477	66.79532502	0	0	0	-503.3553933	0.002662416829	-20710.1380314635	
500.7953933	93	2	5	0.9458192751	0.00254226739	94.91391761	0.01448545651	5.071596929	5.392895624	27.65445529	66.95264909	0	0	0	-500.7953933	0.00254226739	-21965.8151196395	
498.2353933	93	2	5	0.945950082	0.002428930196	94.97002764	0.01389888057	5.016073477	5.174781508	27.72175793	67.10346056	0	0	0	-498.2353933	0.002428930196	-23272.5349423975	
495.6753933	93	2	5	0.946074824	0.002321904346	95.02641693	0.01332971427	4.960253354	4.965661755	27.78624606	67.24809219	0	0	0	-495.6753933	0.002321904346	-24630.8400886929	
493.1153933	93	2	5	0.946193856	0.002220731847	95.08305059	0.01277762892	4.904171785	4.765082873	27.84806272	67.3868544	0	0	0	-493.1153933	0.002220731847	-26041.2972477808	
490.5553933	93	2	5	0.9463075059	0.002124993817	95.13989642	0.0122423089	4.847861271	4.572621448	27.9073415	67.52003706	0	0	0	-490.5553933	0.002124993817	-27504.5001013708	
487.9953933	93	2	5	0.9464160767	0.002034306968	95.19692468	0.01172344898	4.791351876	4.38788179	27.96420719	67.64791101	0	0	0	-487.9953933	0.002034306968	-29021.0714284422	
485.4353933	93	2	5	0.946519849	0.001948320367	95.25410777	0.01122075188	4.734671482	4.210493786	28.01877657	67.77072965	0	0	0	-485.4353933	0.001948320367	-30591.6667020329	
482.8753933	93	2	5	0.9466190832	0.00186671248	95.31142006	0.01073392646	4.677846016	4.040110903	28.07115891	67.88873018	0	0	0	-482.8753933	0.00186671248	-32216.9775736367	
480.3153933	93	2	5	0.9467140206	0.001789188473	95.36883767	0.01026268607	4.620899644	3.876408377	28.12145666	68.00213496	0	0	0	-480.3153933	0.001789188473	-33897.7347721176	
477.7553933	93	2	5	0.946804886	0.001715477761	95.4263383	0.009806747268	4.563854955	3.719081537	28.1697659	68.11115256	0	0	0	-477.7553933	0.001715477761	-35634.7119759185	
475.1953933	93	2	5	0.9468918882	0.001645331786	95.48390105	0.009365828792	4.506733118	3.567844272	28.21617686	68.21597887	0	0	0	-475.1953933	0.001645331786	-37428.7301133243	
472.6353933	93	2	5	0.9469752221	0.001578522007	95.54150633	0.008939650677	4.44955402	3.422427635	28.26077434	68.31679803	0	0	0	-472.6353933	0.001578522007	-39280.6611439272	
470.0753933	93	2	5	0.9470550695	0.00151483808	95.59913567	0.008527933614	4.392336395	3.282578549	28.30363813	68.41378332	0	0	0	-470.0753933	0.00151483808	-41191.4329110636	
467.5153933	93	2	5	0.9471316003	0.001454086217	95.65677167	0.008130398422	4.335097933	3.148058636	28.34484338	68.50709798	0	0	0	-467.5153933	0.001454086217	-43162.03276935	
464.9553933	93	2	5	0.9472049732	0.001396087698	95.71439785	0.007746765671	4.277855386	3.018643134	28.38446095	68.59689592	0	0	0	-464.9553933	0.001396087698	-45193.5135696743	
462.3953933	93	2	5	0.9472753372	0.001340677535	95.77199859	0.007376755397	4.220624654	2.894119906	28.42255768	68.68332242	0	0	0	-462.3953933	0.001340677535	-47286.9996187408	
459.8353933	93	2	5	0.9473428317	0.00128770326	95.82955905	0.007020086927	4.163420867	2.774288535	28.45919673	68.76651473	0	0	0	-459.8353933	0.00128770326	-49443.6892786036	
457.2753933	93	2	5	0.9474075879	0.001237023828	95.88706506	0.006676478774	4.106258457	2.658959487	28.49443783	68.84660269	0	0	0	-457.2753933	0.001237023828	-51664.8634372241	
454.7153933	93	2	5	0.9474697288	0.001188508633	95.94450313	0.006345648602	4.049151226	2.54795335	28.52833748	68.92370917	0	0	0	-454.7153933	0.001188508633	-53951.8921433377	
452.1553933	93	2	5	0.9475293702	0.001142036612	96.00186028	0.006027313248	3.992112404	2.441100125	28.56094923	68.99795064	0	0	0	-452.1553933	0.001142036612	-56306.2386954426	
449.5953933	93	2	5	0.9475866213	0.001097495435	96.05912411	0.005721188797	3.9351547	2.338238581	28.59232385	69.06943757	0	0	0	-449.5953933	0.001097495435	-58729.4677347461	
447.0353933	93	2	5	0.9476415851	0.001054780773	96.11628265	0.00542699069	3.878290355	2.239215662	28.62250952	69.13827482	0	0	0	-447.0353933	0.001054780773	-61223.2523611487	
444.4753933	93	2	5	0.9476943586	0.001013795633	96.17332439	0.00514443387	3.82153118	2.143885932	28.65155202	69.20456205	0	0	0	-444.4753933	0.001013795633	-63789.3848369214	
441.9153933	93	2	5	0.9477450336	0.0009744497596	96.23023817	0.004873232957	3.7648886	2.052111075	28.67949486	69.26839406	0	0	0	-441.9153933	0.0009744497596	-66429.7809322582	
439.3553933	93	2	5	0.947793697	0.0009366590825	96.28701321	0.004613102444	3.708373688	1.963759427	28.70637947	69.3298611	0	0	0	-439.3553933	0.0009366590825	-69146.4895583097	
436.7953933	93	2	5	0.947840431	0.0009003452236	96.34363905	0.004363756911	3.651997198	1.878705541	28.7322453	69.38904916	0	0	0	-436.7953933	0.0009003452236	-71941.704923587	
434.2353933	93	2	5	0.9478853134	0.0008654350436	96.40010549	0.004124911255	3.595769595	1.796829794	28.75712996	69.44604025	0	0	0	-434.2353933	0.0008654350436	-74817.7741373383	
431.6753933	93	2	5	0.9479284182	0.0008318602309	96.45640264	0.003896280928	3.539701081	1.718018016	28.78106932	69.50091267	0	0	0	-431.6753933	0.0008318602309	-77777.2091397905	
429.1153933	93	2	5	0.9479698156	0.0007995569266	96.5125208	0.003677582191	3.48380162	1.642161147	28.80409765	69.55374121	0	0	0	-429.1153933	0.0007995569266	-80822.6976674672	
426.5553933	93	2	5	0.9480095723	0.0007684653822	96.56845051	0.003468532361	3.428080961	1.569154927	28.82624769	69.60459738	0	0	0	-426.5553933	0.0007684653822	-83957.1164209385	
423.9953933	93	2	5	0.9480477517	0.0007385296478	96.62418249	0.003268850074	3.37254866	1.498899596	28.84755076	69.65354964	0	0	0	-423.9953933	0.0007385296478	-87183.5438098277	
421.4353933	93	2	5	0.9480844144	0.000709697286	96.67970765	0.003078255542	3.317214092	1.431299628	28.86803685	69.70066353	0	0	0	-421.4353933	0.000709697286	-90505.274255198	
418.8753933	93	2	5	0.9481196177	0.0006819191111	96.73501705	0.002896470808	3.262086479	1.366263476	28.88773465	69.74600187	0	0	0	-418.8753933	0.0006819191111	-93925.8339044275	
416.3153933	93	2	5	0.9481534168	0.0006551489496	96.79010189	0.002723220005	3.207174895	1.303703338	28.90667171	69.78962495	0	0	0	-416.3153933	0.0006551489496	-97448.9963254056	
413.7553933	93	2	5	0.948185864	0.0006293434207	96.84495348	0.002558229608	3.152488286	1.243534939	28.92487444	69.83159062	0	0	0	-413.7553933	0.0006293434207	-101078.800840223	
411.1953933	93	2	5	0.9482170095	0.0006044617351	96.89956329	0.002401228681	3.098035483	1.185677329	28.94236818	69.87195449	0	0	0	-411.1953933	0.0006044617351	-104819.572115668	
408.6353933	93	2	5	0.9482469011	0.0005804655101	96.95392284	0.002251949115	3.043825212	1.130052693	28.95917731	69.91077	0	0	0	-408.6353933	0.0005804655101	-108675.938788796	
406.0753933	93	2	5	0.9482755847	0.0005573185987	97.00802377	0.002110125869	2.989866105	1.076586177	28.97532523	69.94808859	0	0	0	-406.0753933	0.0005573185987	-112652.857219973	
403.5153933	93	2	5	0.9483031042	0.0005349869337	97.06185779	0.001975497195	2.936166711	1.025205721	28.9908345	69.98395978	0	0	0	-403.5153933	0.0005349869337	-116755.635714344	
400.9553933	93	2	5	0.9483295017	0.0005134383828	97.11541669	0.001847804852	2.882735506	0.9758419092	29.00572679	70.0184313	0	0	0	-400.9553933	0.0005134383828	-120989.959522028	
398.3953933	93	2	5	0.9483548176	0.0004926426156	97.16869231	0.001726794325	2.829580898	0.9284278261	29.02002302	70.05154915	0	0	0	-398.3953933	0.0004926426156	-125361.918252134	
395.8353933	93	2	5	0.9483790906	0.00047257098	97.22167655	0.001612215015	2.776711237	0.8828989226	29.03374334	70.08335774	0	0	0	-395.8353933	0.00047257098	-129878.038161966	
393.2753933	93	2	5	0.9484023579	0.0004531963892	97.27436136	0.001503820437	2.724134821	0.8391928925	29.04690717	70.11389994	0	0	0	-393.2753933	0.0004531963892	-134545.313864849	
390.7153933	93	2	5	0.9484246554	0.0004344932156	97.32673873	0.001401368397	2.671859902	0.7972495559	29.05953328	70.14321716	0	0	0	-390.7153933	0.0004344932156	-126765.155391365	
389.4353933	93	2	5	0.9484354527	0.0002105562351	97.35281	0.001352296718	2.645837704	0.7769207143	29.06565125	70.15742804	0	0	0	-389.4353933	0.0002105562351	-279266.914263801	
388.1553933	93	2	5	0.9484460203	0.0002060611879	97.37880137	0.001304621844	2.619894008	0.7570108457	29.07164148	70.17134767	0	0	0	-388.1553933	0.0002060611879	-273277.519046649	
387.5153933	93	2	5	0.9484512196	0.0001014568178	97.3917669	0.001281299241	2.606951804	0.7472108447	29.07458963	70.17819953	0	0	0	-387.5153933	0.0001014568178	-6211.61288982185	
387.1953933	93	2	5	0.9484537984	5.031603951E-05	97.39824206	0.001269765061	2.600488178	0.7423492123	29.07605206	70.18159873	0	0	0	-387.1953933	5.031603951E-05	-1087452.63280591	
386.8753933	93	2	5	0.9484563632	5.00234383E-05	97.40471211	0.00125831501	2.594029578	0.7375130124	29.07750672	70.18498027	0	0	0	-386.8753933	5.00234383E-05	-1081110.83300145	
386.7153933	93	2	5	0.9484576404	2.49218096E-05	97.40794522	0.001252621407	2.590802154	0.7351044152	29.07823117	70.18666441	0	0	0	-386.7153933	2.49218096E-05	-6396.10474510006	
386.6353933	93	2	5	0.9484582778	1.243557622E-05	97.4095613	0.001249782436	2.589188913	0.7339024866	29.07859268	70.18750483	0	0	0	-386.6353933	1.243557622E-05	-6420.11449328808	
386.5953933	93	2	5	0.9484585961	6.211468237E-06	97.41036922	0.001248364904	2.588382411	0.7333021141	29.07877326	70.18792463	0	0	0	-386.5953933	6.211468237E-06	-6426.6237200923	
386.5553933	93	2	5	0.9484589142	6.205795675E-06	97.41117706	0.001246948674	2.587575988	0.732702136	29.07895371	70.18834415	0	0	0	-386.5553933	6.205795675E-06	-6426.41331054166	
386.5353933	93	2	5	0.9484590731	3.03563275E-06	97.411581	0.001246241081	2.587172762	0.7324022929	29.07904384	70.18855386	0	0	0	-386.5353933	3.03563275E-06	-6501.37735369816	
386.5253933	93	2	5	0.9484591525	1.518986946E-06	97.41178289	0.001245887353	2.586971219	0.7322524083	29.0790889	70.18865869	0	0	0	-386.5253933	1.518986946E-06	-13754.5129384966	
386.4853933	93	2	5	0.9484594702	6.23025626E-06	97.41259062	0.001244473403	2.586164906	0.7316531259	29.07926918	70.1890777	0	0	0	-386.4853933	6.23025626E-06	-37449.8541290611	
386.4653933	93	2	5	0.9484596286	3.030733076E-06	97.41299448	0.001243766919	2.585761758	0.7313536333	29.07935922	70.18928714	0	0	0	-386.4653933	3.030733076E-06	-2131343.89551671	
386.4253933	93	2	5	0.9484599461	6.258326618E-06	97.41380198	0.001242354895	2.584955667	0.7307549266	29.07953934	70.18970573	0	0	0	-386.4253933	6.258326618E-06	12633.0770371417	
386.3453933	93	2	5	0.9484605803	1.237102867E-05	97.41541689	0.001239534773	2.583343574	0.7295587099	29.0798991	70.19054219	0	0	0	-386.3453933	1.237102867E-05	13053.8241217403	
386.1853933	93	2	5	0.9484618462	2.469204502E-05	97.41864575	0.001233910073	2.580120337	0.7271709899	29.0806172	70.19221181	0	0	0	-386.1853933	2.469204502E-05	13012.4640973862	
385.8653933	93	2	5	0.9484643675	4.918461418E-05	97.4250996	0.001222722661	2.573677675	0.7224143575	29.08204763	70.19553802	0	0	0	-385.8653933	4.918461418E-05	13119.1349990714	
385.2253933	93	2	5	0.948469369	9.757517056E-05	97.43799176	0.001200594233	2.560807647	0.7129759561	29.0848856	70.20213844	0	0	0	-385.2253933	9.757517056E-05	13337.3145283438	
383.9453933	93	2	5	0.9484792097	0.0001920047229	97.46371347	0.001157310649	2.535129218	0.6943956976	29.09047091	70.21513339	0	0	0	-383.9453933	0.0001920047229	13793.9982815768	
381.3853933	93	2	5	0.9484982546	0.0003716717431	97.51490308	0.001074539077	2.484022377	0.6583982681	29.10128623	70.2403155	0	0	0	-381.3853933	0.0003716717431	-177853.393167616	
378.8253933	93	2	5	0.948516479	0.0003557547909	97.56574842	0.0009966460213	2.433254934	0.6239089376	29.111643	70.26444806	0	0	0	-378.8253933	0.0003557547909	-163951.3740211	
376.2653933	93	2	5	0.9485339121	0.0003404211997	97.61624166	0.0009234163471	2.38283492	0.5908776725	29.12155679	70.28756554	0	0	0	-376.2653933	0.0003404211997	-170005.306251892	
373.7053933	93	2	5	0.9485505819	0.0003256193262	97.66637495	0.0008546401327	2.332770413	0.5592559672	29.13104264	70.3097014	0	0	0	-373.7053933	0.0003256193262	-176120.248824516	
371.1453933	93	2	5	0.9485665154	0.0003113319583	97.71614043	0.0007901127406	2.283069454	0.5289967758	29.14011513	70.33088809	0	0	0	-371.1453933	0.0003113319583	-182671.45577	
368.5853933	93	2	5	0.9485817388	0.0002975711038	97.76553032	0.0007296349087	2.233740042	0.5000544454	29.14878844	70.35115712	0	0	0	-368.5853933	0.0002975711038	-189267.569396595	
366.0253933	93	2	5	0.9485962774	0.0002842650303	97.81453676	0.0006730128201	2.184790232	0.472384636	29.15707625	70.37053912	0	0	0	-366.0253933	0.0002842650303	-195958.913485584	
363.4653933	93	2	5	0.9486101556	0.0002714264636	97.86315194	0.0006200581474	2.136228002	0.4459442916	29.16499186	70.38906385	0	0	0	-363.4653933	0.0002714264636	-203113.712247329	
360.9053933	93	2	5	0.948623397	0.0002590411889	97.91136808	0.0005705881157	2.088061337	0.4206915682	29.1725482	70.40676023	0	0	0	-360.9053933	0.0002590411889	-210564.901615865	
358.3453933	93	2	5	0.9486360247	0.0002470950726	97.95917734	0.0005244255144	2.040298233	0.3965858349	29.1797578	70.42365636	0	0	0	-358.3453933	0.0002470950726	-218345.367794905	
355.7853933	93	2	5	0.9486480609	0.0002355765229	98.00657202	0.0004813987862	1.992946584	0.3735874359	29.18663289	70.43977967	0	0	0	-355.7853933	0.0002355765229	-226463.435750712	
353.2253933	93	2	5	0.9486595271	0.0002244714572	98.0535443	0.0004413419387	1.946014357	0.351657943	29.19318531	70.45515675	0	0	0	-353.2253933	0.0002244714572	-234934.432405006	
350.6653933	93	2	5	0.9486704442	0.0002137683927	98.10008643	0.0004040946141	1.899509474	0.3307599105	29.19942656	70.46981353	0	0	0	-350.6653933	0.0002137683927	-243795.921170142	
348.1053933	93	2	5	0.9486808324	0.0002034557819	98.14619066	0.0003695020628	1.853439838	0.3108568905	29.20536786	70.48377525	0	0	0	-348.1053933	0.0002034557819	-253068.684186013	
345.5453933	93	2	5	0.9486907115	0.0001935225202	98.19184926	0.0003374151243	1.807813328	0.2919133968	29.21102009	70.49706651	0	0	0	-345.5453933	0.0001935225202	-262780.687846441	
342.9853933	93	2	5	0.9487001005	0.0001839579179	98.23705451	0.0003076901975	1.762637804	0.2738948726	29.21639387	70.50971126	0	0	0	-342.9853933	0.0001839579179	-272962.293486538	
340.4253933	93	2	5	0.9487090179	0.0001747516728	98.28179871	0.0002801892023	1.717921098	0.2567676594	29.2214995	70.52173284	0	0	0	-340.4253933	0.0001747516728	-283646.485714046	
337.8653933	93	2	5	0.9487174818	0.0001658938446	98.32607421	0.0002547795313	1.673671012	0.2404989685	29.22634702	70.53315401	0	0	0	-337.8653933	0.0001658938446	-294869.130974265	
335.3053933	93	2	5	0.9487255096	0.0001573748303	98.36987335	0.0002313339929	1.629895316	0.2250568547	29.2309462	70.54399695	0	0	0	-335.3053933	0.0001573748303	-306669.289860256	
332.7453933	93	2	5	0.9487331183	0.0001491853424	98.41318853	0.0002097307456	1.586601741	0.2104101913	29.23530655	70.55428326	0	0	0	-332.7453933	0.0001491853424	-319089.491900384	
330.1853933	93	2	5	0.9487403245	0.0001413163844	98.45601217	0.0001898532245	1.543797977	0.1965286479	29.23943732	70.56403403	0	0	0	-330.1853933	0.0001413163844	-332176.341455838	
327.6253933	93	2	5	0.9487471441	0.0001337592419	98.49833674	0.0001715900596	1.501491668	0.1833826686	29.24334753	70.5732698	0	0	0	-327.6253933	0.0001337592419	-345980.677082487	
325.0653933	93	2	5	0.9487535927	0.0001265054492	98.54015476	0.0001548349878	1.459690404	0.1709434533	29.24704595	70.5820106	0	0	0	-325.0653933	0.0001265054492	-360558.081577234	
322.5053933	93	2	5	0.9487596856	0.0001195467818	98.5814588	0.0001394867565	1.418401717	0.159182939	29.25054112	70.59027594	0	0	0	-322.5053933	0.0001195467818	-375971.16419421	
319.9453933	93	2	5	0.9487654374	0.000112875288	98.62224152	0.0001254490304	1.377633031	0.1480737796	29.25384134	70.59808488	0	0	0	-319.9453933	0.000112875288	-392282.432711304	
317.3853933	93	2	5	0.9487708624	0.0001064830293	98.66249554	0.0001126302503	1.337391828	0.1375893481	29.2569547	70.60545595	0	0	0	-317.3853933	0.0001064830293	-409569.550891941	
314.8253933	93	2	5	0.9487759745	0.0001003625574	98.70221367	0.0001009435698	1.297685383	0.1277036947	29.25988908	70.61240722	0	0	0	-314.8253933	0.0001003625574	-427916.378062431	
312.2653933	93	2	5	0.9487807873	9.45064129E-05	98.74138877	9.030670352E-05	1.258520928	0.1183915538	29.26265213	70.61895631	0	0	0	-312.2653933	9.45064129E-05	-447409.12336595	
309.7053933	93	2	5	0.9487853139	8.890735868E-05	98.78001376	8.064181211E-05	1.2199056	0.1096283265	29.2652513	70.62512038	0	0	0	-309.7053933	8.890735868E-05	-468149.463698111	
307.1453933	93	2	5	0.948789567	8.355832164E-05	98.81808169	7.187537565E-05	1.181846432	0.1013900705	29.26769382	70.63091611	0	0	0	-307.1453933	8.355832164E-05	-490249.497369538	
304.5853933	93	2	5	0.948793559	7.845239659E-05	98.85558572	6.393806293E-05	1.144350346	0.09365348951	29.26998674	70.63635977	0	0	0	-304.5853933	7.845239659E-05	-513834.224560405	
302.0253933	93	2	5	0.9487973019	7.358282473E-05	98.89251909	5.67645978E-05	1.107424143	0.08639592493	29.27213689	70.64146719	0	0	0	-302.0253933	7.358282473E-05	-439660.880764306	
300	93	2	5	0.9488000945	5.480772908E-05	98.92133096	5.158982467E-05	1.078617448	0.08097883014	29.27374128	70.64527989	0	0	0	-300	5.480772908E-05	223907.70030048	
