T	w(AL)	w(MG)	w(SI)	fs	fw(@FCC_A1)	w(AL@FCC_A1)	w(MG@FCC_A1)	w(SI@FCC_A1)	w(AL@LIQUID)	w(MG@LIQUID)	w(SI@LIQUID)	dwdT_L(AL@LIQUID)	dwdT_L(MG@LIQUID)	dwdT_L(SI@LIQUID)	-T	fw(@FCC_A1)_1	-T//fw(@FCC_A1)	
K	%	%	%	mole/mole	kg/kg	%	%	%	%	%	%	SI	SI	SI				
912.3977036	96	2	2	0	0	99.22347525	0.5735388026	0.2029859515	96	2	2	0.001933809103	-0.000855712611	-0.001078096492	-912.3977036	0	8.29187576352949	
912.3877036	96	2	2	0.0005992284082	0.0005997414219	99.22316676	0.5737451702	0.2030880653	95.99806617	2.000855747	2.001078081	0	0	0	-912.3877036	0.0005997414219	25.0558292134274	
912.3677036	96	2	2	0.001795765835	0.001198190139	99.22254986	0.5741578329	0.2032923085	95.99419845	2.00256708	2.003234474	0	0	0	-912.3677036	0.001198190139	33.4486666140327	
912.3277036	96	2	2	0.004181608287	0.002391992917	99.22131661	0.5749825881	0.203700798	95.9864625	2.005989351	2.007548149	0	0	0	-912.3277036	0.002391992917	33.5682333384846	
912.2477036	96	2	2	0.008924518734	0.004766494783	99.21885218	0.5766300102	0.2045178136	95.97098874	2.012832273	2.01617899	0	0	0	-912.2477036	0.004766494783	33.8376618021104	
912.0877036	96	2	2	0.01828693367	0.009454906449	99.21393193	0.5799159111	0.2061521607	95.94003427	2.026509708	2.033456017	0	0	0	-912.0877036	0.009454906449	34.3908007355001	
911.7677036	96	2	2	0.03655259268	0.01862206977	99.20412487	0.5864533966	0.2094217373	95.87809626	2.053835585	2.068068154	0	0	0	-911.7677036	0.01862206977	35.4640179974608	
911.1277036	96	2	2	0.07134382776	0.03614276337	99.1846433	0.5993926543	0.2159640498	95.75410366	2.108375711	2.13752063	0	0	0	-911.1277036	0.03614276337	37.7115046936926	
909.8477036	96	2	2	0.1346589376	0.06823970366	99.14620074	0.6247405207	0.229058744	95.50565021	2.217042802	2.277306989	0	0	0	-909.8477036	0.06823970366	42.5147242612819	
907.2877036	96	2	2	0.2407587681	0.1227213472	99.07132487	0.6734066198	0.2552685093	95.00685234	2.432980197	2.560167464	0	0	0	-907.2877036	0.1227213472	-301.400816261058	
904.7277036	96	2	2	0.3254113297	0.1116067161	98.99885701	0.7197418356	0.2814011526	94.50534987	2.648208871	2.84644126	0	0	0	-904.7277036	0.1116067161	-255.195976723662	
902.1677036	96	2	2	0.3943675932	0.1023297771	98.9287042	0.7638559009	0.3074398957	94.00111252	2.863014533	3.13587295	0	0	0	-902.1677036	0.1023297771	-302.941583048876	
899.6077036	96	2	2	0.451516544	0.0944722155	98.86078513	0.8058426445	0.3333722295	93.49411241	3.077635299	3.428252295	0	0	0	-899.6077036	0.0944722155	-354.901743548187	
897.0477036	96	2	2	0.4995764781	0.08773291073	98.79502715	0.8457839363	0.3591889179	92.98432339	3.292272502	3.723404104	0	0	0	-897.0477036	0.08773291073	-411.084383318009	
894.4877036	96	2	2	0.5405014508	0.08189021144	98.73136447	0.8837523049	0.3848832279	92.4717205	3.507098629	4.021180869	0	0	0	-894.4877036	0.08189021144	-471.509482082159	
891.9277036	96	2	2	0.575730186	0.07677735571	98.66973671	0.9198129173	0.4104503767	91.95627951	3.722263159	4.321457333	0	0	0	-891.9277036	0.07677735571	-536.197614207888	
889.3677036	96	2	2	0.6063441275	0.07226647757	98.61008782	0.9540250649	0.4358871187	91.43797667	3.937896925	4.6241264	0	0	0	-889.3677036	0.07226647757	-605.171086817023	
886.8077036	96	2	2	0.6331709836	0.06825791045	98.55236524	0.9864433464	0.4611914131	90.91678845	4.154115499	4.929096054	0	0	0	-886.8077036	0.06825791045	-678.446663609756	
884.2477036	96	2	2	0.6568543939	0.06467275575	98.49651939	1.017118365	0.4863622474	90.39269181	4.371021578	5.236286609	0	0	0	-884.2477036	0.06467275575	-756.050222132179	
881.6877036	96	2	2	0.6779020055	0.06144786309	98.44250296	1.046097702	0.5113993425	89.86566354	4.588707301	5.54562916	0	0	0	-881.6877036	0.06144786309	-838.003959000088	
879.1277036	96	2	2	0.6967192687	0.05853197889	98.39027065	1.073426284	0.5363030665	89.33568061	4.807255671	5.857063717	0	0	0	-879.1277036	0.05853197889	-924.325522111534	
876.5677036	96	2	2	0.7136337057	0.05588312111	98.33977883	1.099146875	0.5610742927	88.80272013	5.026741896	6.170537978	0	0	0	-876.5677036	0.05588312111	-1015.03659760415	
874.0077036	96	2	2	0.728912612	0.05346656385	98.29098526	1.123300438	0.585714297	88.26675931	5.24723444	6.486006253	0	0	0	-874.0077036	0.05346656385	-1110.15670593278	
871.4477036	96	2	2	0.7427761704	0.0512533347	98.2438489	1.145926432	0.6102246719	87.72777556	5.468795884	6.803428551	0	0	0	-871.4477036	0.0512533347	-1209.70383424522	
868.8877036	96	2	2	0.7554072998	0.04921906884	98.19832969	1.167063052	0.6346072555	87.18574655	5.691483627	7.122769826	0	0	0	-868.8877036	0.04921906884	-1313.69411959658	
866.3277036	96	2	2	0.766959148	0.04734312797	98.15438849	1.186747437	0.6588640695	86.64065022	5.915350463	7.443999312	0	0	0	-866.3277036	0.04734312797	-1422.14152842113	
863.7677036	96	2	2	0.7775608561	0.04560791308	98.1119869	1.20501583	0.6829972673	86.09246497	6.140445073	7.767089961	0	0	0	-863.7677036	0.04560791308	-1535.05716897654	
861.2077036	96	2	2	0.787322042	0.04399832397	98.07108719	1.221903723	0.707009087	85.54116964	6.366812417	8.092017943	0	0	0	-861.2077036	0.04399832397	-1652.44869604851	
858.6477036	96	2	2	0.7963363205	0.04250132994	98.03165221	1.237445973	0.7309018118	84.98674372	6.594494072	8.418762206	0	0	0	-858.6477036	0.04250132994	-1774.31970000331	
856.0877036	96	2	2	0.8046840938	0.04110562613	97.99364537	1.251676898	0.7546777327	84.4291674	6.82352851	8.747304092	0	0	0	-856.0877036	0.04110562613	-1900.66910012663	
853.5277036	96	2	2	0.8124347804	0.03980135608	97.95703052	1.264630359	0.7783391166	83.86842169	7.053951325	9.077626981	0	0	0	-853.5277036	0.03980135608	-2031.49038890881	
850.9677036	96	2	2	0.8196486106	0.03857988606	97.921772	1.276339829	0.8018881757	83.3044886	7.285795428	9.409715976	0	0	0	-850.9677036	0.03857988606	-2166.77086766448	
848.4077036	96	2	2	0.8263780831	0.03743362032	97.88783451	1.286838447	0.8253270404	82.73735118	7.519091203	9.743557615	0	0	0	-848.4077036	0.03743362032	-2306.49091657854	
845.8477036	96	2	2	0.832669155	0.03635584887	97.8551832	1.29615907	0.8486577324	82.16699376	7.753866636	10.0791396	0	0	0	-845.8477036	0.03635584887	-2450.62313807165	
843.2877036	96	2	2	0.8385622193	0.03534062121	97.82378356	1.304334304	0.8718821413	81.59340202	7.990147418	10.41645056	0	0	0	-843.2877036	0.03534062121	-2599.13156574898	
840.7277036	96	2	2	0.8440929135	0.03438264114	97.79360146	1.311396538	0.8950020004	81.01656316	8.227957029	10.75547982	0	0	0	-840.7277036	0.03438264114	-2751.97079458559	
838.1677036	96	2	2	0.8492927929	0.0334771785	97.76460316	1.317377972	0.9180188647	80.43646604	8.467316802	11.09621716	0	0	0	-838.1677036	0.0334771785	-2909.08518038846	
835.6077036	96	2	2	0.8541898917	0.03261999492	97.73675528	1.322310627	0.9409340887	79.85310135	8.708245971	11.43865267	0	0	0	-835.6077036	0.03261999492	-3070.40795734344	
833.0477036	96	2	2	0.8588091964	0.03180728087	97.71002483	1.326226366	0.9637488057	79.26646178	8.950761703	11.78277651	0	0	0	-833.0477036	0.03180728087	-3235.86048092309	
830.4877036	96	2	2	0.863173044	0.03103560226	97.68437919	1.3291569	0.9864639065	78.67654213	9.194879126	12.12857875	0	0	0	-830.4877036	0.03103560226	-3405.35141569443	
827.9277036	96	2	2	0.8673014607	0.03030185474	97.65978619	1.331133793	1.009080019	78.0833395	9.440611332	12.47604917	0	0	0	-827.9277036	0.03030185474	-3578.77594693269	
825.3677036	96	2	2	0.8712124494	0.0296032246	97.63621405	1.332188465	1.031597488	77.48685347	9.687969388	12.82517714	0	0	0	-825.3677036	0.0296032246	-3756.01532568587	
822.8077036	96	2	2	0.8749222364	0.02893715515	97.61363146	1.332352187	1.054016354	76.88708623	9.936962323	13.17595145	0	0	0	-822.8077036	0.02893715515	-3936.93612379318	
820.2477036	96	2	2	0.8784454827	0.02830131761	97.59200758	1.331656083	1.076336336	76.28404277	10.18759712	13.52836011	0	0	0	-820.2477036	0.02830131761	-4121.38971295069	
817.6877036	96	2	2	0.8817954659	0.02769358595	97.57131208	1.330131115	1.098556809	75.67773101	10.4398787	13.88239029	0	0	0	-817.6877036	0.02769358595	-4309.21218443046	
815.1277036	96	2	2	0.8849842381	0.02711201505	97.55151514	1.32780808	1.120676784	75.06816202	10.69380987	14.23802811	0	0	0	-815.1277036	0.02711201505	-4500.22386478109	
812.5677036	96	2	2	0.8880227623	0.02655482156	97.53258751	1.324717595	1.14269489	74.45535011	10.94939137	14.59525853	0	0	0	-812.5677036	0.02655482156	-4694.22941706467	
810.0077036	96	2	2	0.8909210312	0.02602036729	97.51450056	1.320890086	1.164609357	73.83931305	11.20662173	14.95406522	0	0	0	-810.0077036	0.02602036729	-4891.01801679509	
807.4477036	96	2	2	0.8936881708	0.02550714455	97.49722624	1.31635577	1.18641799	73.22007218	11.46549735	15.31443047	0	0	0	-807.4477036	0.02550714455	-5090.36344582749	
804.8877036	96	2	2	0.8963325318	0.0250137633	97.4807372	1.31114464	1.208118156	72.5976526	11.72601239	15.67633501	0	0	0	-804.8877036	0.0250137633	-5292.02495885793	
802.3277036	96	2	2	0.8988617686	0.02453893986	97.46500679	1.305286449	1.229706766	71.9720833	11.98815875	16.03975795	0	0	0	-802.3277036	0.02453893986	-5495.74771474224	
799.7677036	96	2	2	0.9012829102	0.02408148685	97.45000906	1.298810685	1.251180251	71.34339728	12.25192605	16.40467667	0	0	0	-799.7677036	0.02408148685	-5701.26399928301	
797.2077036	96	2	2	0.9036024215	0.0236403044	97.43571889	1.291746559	1.272534551	70.71163174	12.51730159	16.77106667	0	0	0	-797.2077036	0.0236403044	-5908.29423940763	
794.6477036	96	2	2	0.9058262584	0.02321437222	97.42211193	1.284122976	1.293765097	70.07682815	12.78427029	17.13890156	0	0	0	-794.6477036	0.02321437222	-6116.54856002474	
792.0877036	96	2	2	0.9079599167	0.02280274268	97.40916469	1.275968518	1.314866792	69.43903243	13.05281468	17.50815289	0	0	0	-792.0877036	0.02280274268	-6325.72828195852	
789.5277036	96	2	2	0.9100084745	0.02240453451	97.39685458	1.26731142	1.335833999	68.79829503	13.32291486	17.87879011	0	0	0	-789.5277036	0.02240453451	-6535.52801009812	
786.9677036	96	2	2	0.9119766313	0.02201892732	97.38515993	1.258179546	1.356660529	68.15467103	13.59454847	18.2507805	0	0	0	-786.9677036	0.02201892732	-6745.63732942821	
784.4077036	96	2	2	0.9138687424	0.02164515653	97.37406001	1.248600368	1.377339622	67.50822026	13.86769066	18.62408908	0	0	0	-784.4077036	0.02164515653	-6955.74305116045	
781.8477036	96	2	2	0.9156888491	0.02128250898	97.36353512	1.238600942	1.397863942	66.85900738	14.14231405	18.99867857	0	0	0	-781.8477036	0.02128250898	-7165.53226975682	
779.2877036	96	2	2	0.9174407066	0.02093031892	97.35356655	1.228207883	1.418225567	66.20710195	14.41838874	19.3745093	0	0	0	-779.2877036	0.02093031892	-7374.69379811639	
776.7277036	96	2	2	0.9191278086	0.02058796436	97.34413668	1.217447344	1.438415978	65.55257849	14.69588228	19.75153922	0	0	0	-776.7277036	0.02058796436	-7582.92100394053	
774.1677036	96	2	2	0.9207534097	0.02025486385	97.33522895	1.206344992	1.458426054	64.89551654	14.97475965	20.12972381	0	0	0	-774.1677036	0.02025486385	-7789.91449681001	
771.6077036	96	2	2	0.9223205453	0.01993047352	97.32682794	1.194925984	1.478246073	64.23600069	15.25498325	20.50901606	0	0	0	-771.6077036	0.01993047352	-7995.38498981565	
769.0477036	96	2	2	0.9238320494	0.01961428447	97.31891935	1.183214949	1.497865702	63.57412061	15.53651292	20.88936647	0	0	0	-769.0477036	0.01961428447	-8198.979900313	
766.4877036	96	2	2	0.9252905713	0.01930581483	97.31149003	1.171235937	1.517274034	62.90997126	15.81930585	21.27072288	0	0	0	-766.4877036	0.01930581483	-8400.74995037191	
763.9277036	96	2	2	0.9266985918	0.0190046405	97.30452802	1.159012527	1.536459451	62.24365192	16.10331699	21.65303109	0	0	0	-763.9277036	0.0190046405	-8600.0293887217	
761.3677036	96	2	2	0.9280584326	0.01871031071	97.29802254	1.146567555	1.5554099	61.57526809	16.38849825	22.03623366	0	0	0	-761.3677036	0.01871031071	-8796.64414999618	
758.8077036	96	2	2	0.9293722729	0.01842245633	97.29196402	1.133923346	1.574112638	60.90492954	16.67479937	22.4202711	0	0	0	-758.8077036	0.01842245633	-8990.74507064498	
756.2477036	96	2	2	0.9306421585	0.01814070543	97.28634405	1.121101573	1.592554374	60.23275123	16.96216748	22.80508129	0	0	0	-756.2477036	0.01814070543	-9181.84071918576	
753.6877036	96	2	2	0.9318700117	0.01786471496	97.28115548	1.108123265	1.610721258	59.55885305	17.25054729	23.19059967	0	0	0	-753.6877036	0.01786471496	-9374.87651271082	
751.1277036	96	2	2	0.9330576665	0.0175944451	97.27639157	1.095008562	1.628599869	58.88335266	17.539882	23.57676534	0	0	0	-751.1277036	0.0175944451	-9554.85404423319	
748.5677036	96	2	2	0.934206783	0.01732878246	97.27204895	1.081777291	1.646173755	58.20639647	17.83010641	23.96349712	0	0	0	-748.5677036	0.01732878246	-9731.73465089303	
746.0077036	96	2	2	0.9353189843	0.01706823197	97.26812332	1.068448573	1.663428109	57.52810881	18.12116233	24.35072885	0	0	0	-746.0077036	0.01706823197	-9914.32577740946	
743.4477036	96	2	2	0.936395785	0.01681227629	97.2646122	1.055040727	1.680347078	56.84862836	18.41298515	24.73838649	0	0	0	-743.4477036	0.01681227629	-10088.9002211178	
740.8877036	96	2	2	0.9374386156	0.01656066905	97.26151426	1.041571365	1.696914378	56.16809822	18.70550805	25.12639373	0	0	0	-740.8877036	0.01656066905	-10259.9616230523	
738.3277036	96	2	2	0.9384488283	0.01631318109	97.25882927	1.02805739	1.713113335	55.48666573	18.99866211	25.51467216	0	0	0	-738.3277036	0.01631318109	-10427.5191775329	
735.7677036	96	2	2	0.9394277022	0.01606959849	97.25655809	1.014514988	1.728926926	54.80448233	19.29237639	25.90314129	0	0	0	-735.7677036	0.01606959849	-10591.5902536595	
733.2077036	96	2	2	0.9403764486	0.01582972189	97.25470256	1.000959625	1.744337819	54.12170337	19.58657801	26.29171862	0	0	0	-733.2077036	0.01582972189	-10752.2201769692	
730.6477036	96	2	2	0.9412962156	0.01559336572	97.25326553	0.987406045	1.759328423	53.43848792	19.88119228	26.68031981	0	0	0	-730.6477036	0.01559336572	-10909.477954269	
728.0877036	96	2	2	0.9421880922	0.01536035745	97.25225079	0.9738682692	1.773880939	52.75499858	20.17614272	27.0688587	0	0	0	-728.0877036	0.01536035745	-11063.4534347053	
725.5277036	96	2	2	0.9430531121	0.01513053684	97.25166299	0.9603595981	1.78797741	52.07140127	20.47135125	27.45724748	0	0	0	-725.5277036	0.01513053684	-11214.2585731087	
722.9677036	96	2	2	0.9438922576	0.01490375538	97.2515076	0.9468926139	1.801599784	51.38786498	20.76673826	27.84539676	0	0	0	-722.9677036	0.01490375538	-11362.0248067345	
720.4077036	96	2	2	0.9447064627	0.01467987557	97.25179085	0.9334791861	1.814729966	50.70456156	21.06222272	28.23321572	0	0	0	-720.4077036	0.01467987557	-11506.9005416707	
717.8477036	96	2	2	0.9454966163	0.01445877038	97.25251964	0.9201304771	1.827349885	50.02166547	21.35772232	28.6206122	0	0	0	-717.8477036	0.01445877038	-11649.051098276	
715.2877036	96	2	2	0.9462635649	0.01424032266	97.25370149	0.9068569505	1.83944156	49.33935355	21.65315358	29.00749286	0	0	0	-715.2877036	0.01424032266	-11788.6559998353	
712.7277036	96	2	2	0.9470081154	0.01402442461	97.25534446	0.8936683802	1.850987158	48.65780472	21.94843198	29.39376329	0	0	0	-712.7277036	0.01402442461	-11925.9089069998	
710.1677036	96	2	2	0.9477310373	0.0138109773	97.25745707	0.8805738617	1.861969071	47.97719975	22.2434721	29.77932815	0	0	0	-710.1677036	0.0138109773	-12061.014146283	
707.6077036	96	2	2	0.9484330654	0.01359989012	97.2600482	0.8675818238	1.872369979	47.29772095	22.53818773	30.16409132	0	0	0	-707.6077036	0.01359989012	-12194.1865412346	
705.0477036	96	2	2	0.9491149013	0.01339108039	97.26312704	0.854700042	1.882172923	46.61955194	22.83249205	30.54795601	0	0	0	-705.0477036	0.01339108039	-12325.6494580388	
702.4877036	96	2	2	0.9497772158	0.01318447284	97.26670297	0.8419356534	1.891361373	45.94287735	23.12629771	30.93082494	0	0	0	-702.4877036	0.01318447284	-12455.6333311177	
699.9277036	96	2	2	0.9504206507	0.01297999925	97.27078553	0.8292951723	1.8999193	45.26788251	23.41951704	31.31260046	0	0	0	-699.9277036	0.01297999925	-12584.3771062277	
697.3677036	96	2	2	0.9510458199	0.01277759806	97.27538425	0.8167845066	1.907831248	44.59475318	23.71206211	31.69318471	0	0	0	-697.3677036	0.01277759806	-12712.1185270103	
694.8077036	96	2	2	0.951653312	0.01257721377	97.28050863	0.8044089759	1.915082398	43.92367529	24.00384494	32.07247977	0	0	0	-694.8077036	0.01257721377	-12839.1060938339	
692.2477036	96	2	2	0.9522436907	0.01237879699	97.28616803	0.7921733292	1.921658641	43.2548346	24.29477762	32.45038777	0	0	0	-692.2477036	0.01237879699	-12965.590561046	
689.6877036	96	2	2	0.9528174969	0.01218230365	97.29237159	0.7800817646	1.927546642	42.58841643	24.58477246	32.82681111	0	0	0	-689.6877036	0.01218230365	-13091.8193431243	
687.1277036	96	2	2	0.9533752495	0.01198769491	97.29912815	0.7681379487	1.932733902	41.92460539	24.87374208	33.20165253	0	0	0	-687.1277036	0.01198769491	-13218.0472343015	
684.5677036	96	2	2	0.9539174469	0.01179493677	97.30644614	0.7563450366	1.937208826	41.26358504	25.16159964	33.57481531	0	0	0	-684.5677036	0.01179493677	-13344.5269684758	
682.0077036	96	2	2	0.9544445679	0.01160399973	97.31433353	0.744705693	1.940960773	40.60553768	25.44825892	33.94620341	0	0	0	-682.0077036	0.01160399973	-13471.512829813	
679.4477036	96	2	2	0.9549570728	0.01141485855	97.32279777	0.7332221128	1.943980118	39.95064397	25.73363445	34.31572157	0	0	0	-679.4477036	0.01141485855	-13599.2596735828	
676.8877036	96	2	2	0.9554554045	0.01122749192	97.33184566	0.7218960426	1.946258296	39.29908276	26.0176417	34.68327554	0	0	0	-676.8877036	0.01122749192	-13728.0215209517	
674.3277036	96	2	2	0.955939989	0.01104188221	97.34148334	0.7107288016	1.947787859	38.6510307	26.30019716	35.04877214	0	0	0	-674.3277036	0.01104188221	-13858.0514370206	
671.7677036	96	2	2	0.9564112369	0.01085801517	97.35171619	0.6997213035	1.948562505	38.00666207	26.58121851	35.41211942	0	0	0	-671.7677036	0.01085801517	-13989.6021172879	
669.2077036	96	2	2	0.9568695433	0.01067587972	97.36254879	0.6888740776	1.948577129	37.36614845	26.86062471	35.77322684	0	0	0	-669.2077036	0.01067587972	-14122.9268600538	
666.6477036	96	2	2	0.9573152896	0.0104954677	97.37398486	0.6781872906	1.947827846	36.7296585	27.13833616	36.13200535	0	0	0	-666.6477036	0.0104954677	-14258.2769074727	
664.0877036	96	2	2	0.9577488432	0.01031677361	97.38602721	0.6676607673	1.94631202	36.09735767	27.41427479	36.48836754	0	0	0	-664.0877036	0.01031677361	-14395.9030583118	
661.5277036	96	2	2	0.9581705588	0.01013979442	97.3986777	0.657294012	1.944028288	35.46940801	27.68836422	36.84222777	0	0	0	-661.5277036	0.01013979442	-14536.0556623267	
658.9677036	96	2	2	0.9585807788	0.009964529328	97.4119372	0.6470862292	1.940976573	34.84596788	27.96052981	37.19350231	0	0	0	-658.9677036	0.009964529328	-14678.9843614029	
656.4077036	96	2	2	0.9589798337	0.009790979576	97.42580556	0.6370363441	1.937158095	34.22719176	28.23069882	37.54210942	0	0	0	-656.4077036	0.009790979576	-14824.9385027934	
653.8477036	96	2	2	0.9593680432	0.009619148233	97.4402816	0.6271430229	1.932575375	33.61323004	28.49880048	37.88796948	0	0	0	-653.8477036	0.009619148233	-14974.1664606994	
651.2877036	96	2	2	0.959745716	0.009449040006	97.45536308	0.6174046921	1.927232233	33.00422877	28.76476612	38.23100511	0	0	0	-651.2877036	0.009449040006	-15126.9167141882	
648.7277036	96	2	2	0.9601131507	0.00928066106	97.47104666	0.6078195581	1.921133778	32.40032952	29.02852921	38.57114128	0	0	0	-648.7277036	0.00928066106	-15283.4380469213	
646.1677036	96	2	2	0.9604706363	0.009114018843	97.48732797	0.5983856263	1.9142864	31.80166915	29.29002549	38.90830537	0	0	0	-646.1677036	0.009114018843	-15443.9785556239	
643.6077036	96	2	2	0.9608184523	0.008949121894	97.50420154	0.5891007188	1.906697745	31.20837967	29.54919303	39.24242729	0	0	0	-643.6077036	0.008949121894	-15608.7863278479	
641.0477036	96	2	2	0.9611568694	0.008785979692	97.52166081	0.5799624927	1.898376695	30.62058808	29.80597232	39.57343959	0	0	0	-641.0477036	0.008785979692	-15778.1100905327	
638.4877036	96	2	2	0.9614861498	0.008624602488	97.53969821	0.5709684574	1.889333333	30.0384162	30.0603063	39.90127749	0	0	0	-638.4877036	0.008624602488	-15952.198686076	
635.9277036	96	2	2	0.9618065476	0.008465001151	97.55830509	0.5621159908	1.879578915	29.46198055	30.31214047	40.22587898	0	0	0	-635.9277036	0.008465001151	-16131.3013298623	
633.3677036	96	2	2	0.9621183088	0.008307187015	97.57747182	0.5534023561	1.869125825	28.89139223	30.56142288	40.54718489	0	0	0	-633.3677036	0.008307187015	-16315.6677004028	
630.8077036	96	2	2	0.9624216722	0.008151171736	97.59718775	0.5448247167	1.857987532	28.32675682	30.80810424	40.86513895	0	0	0	-630.8077036	0.008151171736	-16505.5480510547	
628.2477036	96	2	2	0.9627168692	0.007996967151	97.6174413	0.5363801516	1.846178544	27.76817427	31.05213792	41.17968781	0	0	0	-628.2477036	0.007996967151	-16701.1930504668	
625.6877036	96	2	2	0.9630041243	0.007844585142	97.63821998	0.5280656694	1.833714355	27.21573885	31.29347999	41.49078115	0	0	0	-625.6877036	0.007844585142	-16902.8539611725	
623.1277036	96	2	2	0.9632836554	0.007694037509	97.65951039	0.5198782221	1.82061139	26.66953907	31.53208927	41.79837166	0	0	0	-623.1277036	0.007694037509	-17110.7826256015	
620.5677036	96	2	2	0.963555674	0.007545335845	97.68129834	0.5118147182	1.806886946	26.12965762	31.76792728	42.10241509	0	0	0	-620.5677036	0.007545335845	-17325.2316156298	
618.0077036	96	2	2	0.9638203853	0.007398491423	97.70356883	0.5038720351	1.792559136	25.59617136	32.00095835	42.40287029	0	0	0	-618.0077036	0.007398491423	-17546.4537864852	
615.4477036	96	2	2	0.9640779887	0.007253515076	97.72630615	0.4960470308	1.77764682	25.06915128	32.23114954	42.69969918	0	0	0	-615.4477036	0.007253515076	-17774.7025438507	
612.8877036	96	2	2	0.9643286779	0.007110417101	97.7494939	0.4883365554	1.762169547	24.54866252	32.45847066	42.99286682	0	0	0	-612.8877036	0.007110417101	-18010.232088274	
610.3277036	96	2	2	0.9645726409	0.006969207157	97.77311505	0.4807374612	1.746147486	24.03476436	32.68289429	43.28234136	0	0	0	-610.3277036	0.006969207157	-18253.2966328251	
607.7677036	96	2	2	0.9648100605	0.00682989417	97.79715203	0.4732466132	1.729601361	23.52751023	32.90439573	43.56809404	0	0	0	-607.7677036	0.00682989417	-18504.1507229906	
605.2077036	96	2	2	0.9650411143	0.006692486251	97.82158672	0.4658608982	1.712552386	23.0269478	33.12295299	43.85009922	0	0	0	-605.2077036	0.006692486251	-18763.0493553604	
602.6477036	96	2	2	0.965265975	0.006556990618	97.84640057	0.4585772332	1.695022196	22.53311897	33.33854675	44.12833428	0	0	0	-602.6477036	0.006556990618	-19030.2514802312	
600.0877036	96	2	2	0.9654848104	0.006423413577	97.87157464	0.4513925744	1.677032785	22.04605997	33.55116036	44.40277967	0	0	0	-600.0877036	0.006423413577	-19306.0141452052	
597.5277036	96	2	2	0.9656977836	0.006291760377	97.89708964	0.444303924	1.658606436	21.56580143	33.76077975	44.67341881	0	0	0	-597.5277036	0.006291760377	-19590.5729175792	
594.9677036	96	2	2	0.9659050533	0.00616203495	97.922926	0.4373083373	1.639765661	21.09236848	33.96739342	44.9402381	0	0	0	-594.9677036	0.00616203495	-19884.1915881749	
592.4077036	96	2	2	0.9661067738	0.006034240441	97.94906394	0.4304029296	1.620533134	20.62578081	34.17099235	45.20322683	0	0	0	-592.4077036	0.006034240441	-20187.1401382435	
589.8477036	96	2	2	0.966303095	0.005908378686	97.97548348	0.4235848816	1.600931636	20.16605283	34.37157002	45.46237715	0	0	0	-589.8477036	0.005908378686	-20499.6632844664	
587.2877036	96	2	2	0.9664941629	0.005784450314	98.00216456	0.4168514453	1.58098399	19.71319376	34.56912225	45.71768399	0	0	0	-587.2877036	0.005784450314	-20822.0155692575	
584.7277036	96	2	2	0.9666801193	0.005662454725	98.02908704	0.4101999483	1.560713009	19.26720776	34.7636472	45.96914503	0	0	0	-584.7277036	0.005662454725	-21154.4506127217	
582.1677036	96	2	2	0.9668611024	0.005542390062	98.05623076	0.4036277982	1.540141437	18.82809408	34.95514532	46.2167606	0	0	0	-582.1677036	0.005542390062	-21497.2217280988	
579.6077036	96	2	2	0.9670372463	0.005424253211	98.08357561	0.397132487	1.519291902	18.39584721	35.14361919	46.4605336	0	0	0	-579.6077036	0.005424253211	-21850.5818466498	
577.0477036	96	2	2	0.9672086816	0.005308039788	98.11110154	0.3907115936	1.498186862	17.970457	35.32907355	46.70046945	0	0	0	-577.0477036	0.005308039788	-22214.7828470583	
574.4877036	96	2	2	0.9673755353	0.005193744145	98.13878865	0.3843627873	1.476848564	17.55190887	35.51151514	46.93657599	0	0	0	-574.4877036	0.005193744145	-22590.0762632838	
571.9277036	96	2	2	0.9675379311	0.005081359379	98.16661718	0.3780838304	1.455298994	17.14018393	35.69095268	47.16886339	0	0	0	-571.9277036	0.005081359379	-22976.7126296611	
569.3677036	96	2	2	0.9676959889	0.004970877344	98.19456758	0.3718725795	1.433559843	16.73525916	35.86739675	47.39734409	0	0	0	-569.3677036	0.004970877344	-23374.9419921769	
566.8077036	96	2	2	0.9678498258	0.004862288677	98.22262055	0.3657269879	1.411652466	16.3371076	36.04085973	47.62203267	0	0	0	-566.8077036	0.004862288677	-23785.0136352537	
564.2477036	96	2	2	0.9679995554	0.004755582819	98.25075705	0.3596451063	1.389597847	15.94569849	36.21135571	47.8429458	0	0	0	-564.2477036	0.004755582819	-24207.1757656394	
561.6877036	96	2	2	0.9681452882	0.004650748048	98.27895835	0.3536250842	1.36741657	15.56099749	36.3789004	48.06010211	0	0	0	-561.6877036	0.004650748048	-24641.6758391867	
559.1277036	96	2	2	0.9682871319	0.004547771513	98.30720604	0.3476651697	1.34512879	15.18296681	36.54351106	48.27352213	0	0	0	-559.1277036	0.004547771513	-25088.761049918	
556.5677036	96	2	2	0.9684251908	0.004446639279	98.33548209	0.3417637104	1.322754205	14.81156542	36.70520642	48.48322816	0	0	0	-556.5677036	0.004446639279	-25548.6773745932	
554.0077036	96	2	2	0.9685595667	0.004347336361	98.36376881	0.3359191528	1.300312036	14.44674922	36.86400656	48.68924422	0	0	0	-554.0077036	0.004347336361	-26021.6703758968	
551.4477036	96	2	2	0.9686903586	0.004249846781	98.39204895	0.3301300423	1.277821008	14.08847122	37.01993287	48.89159591	0	0	0	-551.4477036	0.004249846781	-26507.9852744169	
548.8877036	96	2	2	0.9688176624	0.004154153609	98.42030565	0.324395022	1.25529933	13.7366817	37.17300796	49.09031034	0	0	0	-548.8877036	0.004154153609	-27007.8660887388	
546.3277036	96	2	2	0.9689415716	0.004060239017	98.44852249	0.3187128319	1.232764681	13.39132839	37.32325556	49.28541605	0	0	0	-546.3277036	0.004060239017	-27521.5571489299	
543.7677036	96	2	2	0.9690621772	0.003968084335	98.47668349	0.313082308	1.210234199	13.05235666	37.47070044	49.47694289	0	0	0	-543.7677036	0.003968084335	-28049.3023530426	
541.2077036	96	2	2	0.9691795674	0.003877670102	98.50477315	0.3075023805	1.187724472	12.71970966	37.61536838	49.66492196	0	0	0	-541.2077036	0.003877670102	-28591.3456032369	
538.6477036	96	2	2	0.969293828	0.003788976126	98.5327764	0.3019720721	1.165251528	12.3933285	37.75728603	49.84938547	0	0	0	-538.6477036	0.003788976126	-29147.930771923	
536.0877036	96	2	2	0.9694050426	0.003701981536	98.56067867	0.2964904966	1.142830832	12.07315239	37.89648088	50.03036673	0	0	0	-536.0877036	0.003701981536	-29719.3018124583	
533.5277036	96	2	2	0.9695132922	0.003616664842	98.58846586	0.2910568564	1.120477282	11.75911883	38.03298116	50.20790001	0	0	0	-533.5277036	0.003616664842	-30305.7037128091	
530.9677036	96	2	2	0.9696186557	0.003533003992	98.61612435	0.2856704406	1.098205206	11.45116374	38.1668158	50.38202045	0	0	0	-530.9677036	0.003533003992	-30907.381607271	
528.4077036	96	2	2	0.9697212095	0.003450976425	98.64364101	0.2803306227	1.076028364	11.1492216	38.29801436	50.55276404	0	0	0	-528.4077036	0.003450976425	-31524.5817789538	
525.8477036	96	2	2	0.9698210282	0.003370559131	98.67100319	0.2750368579	1.053959948	10.85322559	38.42660692	50.72016749	0	0	0	-525.8477036	0.003370559131	-32157.5523968968	
523.2877036	96	2	2	0.9699181841	0.003291728705	98.69819873	0.2697886807	1.032012589	10.56310776	38.55262408	50.88426815	0	0	0	-523.2877036	0.003291728705	-32806.5425189038	
520.7277036	96	2	2	0.9700127474	0.003214461398	98.72521594	0.2645857023	1.010198357	10.27879912	38.67609687	51.045104	0	0	0	-520.7277036	0.003214461398	-33471.8035630737	
518.1677036	96	2	2	0.9701047863	0.003138733174	98.75204362	0.2594276074	0.9885287676	10.00022979	38.79705669	51.20271352	0	0	0	-518.1677036	0.003138733174	-34153.5888948643	
515.6077036	96	2	2	0.9701943673	0.003064519755	98.77867106	0.2543141522	0.9670147921	9.727329092	38.91553527	51.35713564	0	0	0	-515.6077036	0.003064519755	-34852.1553906835	
513.0477036	96	2	2	0.9702815547	0.002991796679	98.80508798	0.2492451604	0.9456668621	9.460025706	39.0315646	51.5084097	0	0	0	-513.0477036	0.002991796679	-35567.7625903912	
510.4877036	96	2	2	0.9703664112	0.002920539337	98.8312846	0.2442205211	0.9244948792	9.198247746	39.1451769	51.65657536	0	0	0	-510.4877036	0.002920539337	-36300.6736524366	
507.9277036	96	2	2	0.9704489974	0.002850723028	98.85725159	0.2392401854	0.9035082247	8.941922875	39.25640456	51.80167256	0	0	0	-507.9277036	0.002850723028	-37051.1562406771	
505.3677036	96	2	2	0.9705293726	0.002782322995	98.88298007	0.2343041634	0.8827157692	8.690978397	39.36528013	51.94374147	0	0	0	-505.3677036	0.002782322995	-37819.4823920384	
502.8077036	96	2	2	0.9706075939	0.002715314472	98.9084616	0.2294125209	0.8621258838	8.445341357	39.47183622	52.08282243	0	0	0	-502.8077036	0.002715314472	-38605.9305947525	
500.2477036	96	2	2	0.9706837173	0.002649672722	98.93368817	0.2245653768	0.8417464509	8.204938622	39.57610549	52.21895588	0	0	0	-500.2477036	0.002649672722	-39410.7840743464	
497.6877036	96	2	2	0.9707577968	0.002585373071	98.95865222	0.2197628995	0.8215848761	7.969696963	39.67812066	52.35218238	0	0	0	-497.6877036	0.002585373071	-40234.3333239363	
495.1277036	96	2	2	0.9708298849	0.002522390948	98.9833466	0.2150053039	0.8016480998	7.739543135	39.77791438	52.48254249	0	0	0	-495.1277036	0.002522390948	-41076.8758259487	
492.5677036	96	2	2	0.9709000329	0.002460701912	99.00776454	0.2102928485	0.7819426093	7.514403943	39.87551928	52.61007677	0	0	0	-492.5677036	0.002460701912	-41938.7182319875	
490.0077036	96	2	2	0.9709682902	0.002400281691	99.03189972	0.2056258321	0.7624744515	7.294206313	39.97096792	52.73482577	0	0	0	-490.0077036	0.002400281691	-42820.175595138	
487.4477036	96	2	2	0.9710347051	0.002341106201	99.05574616	0.2010045905	0.7432492453	7.078877352	40.06429274	52.85682991	0	0	0	-487.4477036	0.002341106201	-43721.5719685808	
484.8877036	96	2	2	0.9710993245	0.002283151579	99.07929831	0.196429494	0.7242721939	6.868344406	40.15552605	52.97612955	0	0	0	-484.8877036	0.002283151579	-44643.2443355077	
482.3277036	96	2	2	0.9711621937	0.002226394207	99.10255096	0.1919009438	0.7055480975	6.662535113	40.24470001	53.09276488	0	0	0	-482.3277036	0.002226394207	-45585.5405127787	
479.7677036	96	2	2	0.971223357	0.002170810732	99.12549926	0.1874193693	0.6870813659	6.461377448	40.33184661	53.20677594	0	0	0	-479.7677036	0.002170810732	-46548.8200130935	
477.2077036	96	2	2	0.9712828574	0.002116378086	99.14813874	0.1829852249	0.6688760313	6.264799774	40.41699765	53.31820257	0	0	0	-477.2077036	0.002116378086	-47533.4584280044	
474.6477036	96	2	2	0.9713407366	0.00206307351	99.17046525	0.1785989874	0.6509357601	6.072730879	40.50018471	53.42708441	0	0	0	-474.6477036	0.00206307351	-48539.8458203193	
472.0877036	96	2	2	0.971397035	0.002010874564	99.19247498	0.1742611526	0.6332638659	5.885100012	40.58143915	53.53346084	0	0	0	-472.0877036	0.002010874564	-49568.3875688629	
469.5277036	96	2	2	0.9714517922	0.001959759146	99.21416445	0.1699722332	0.6158633211	5.701836918	40.66079208	53.637371	0	0	0	-469.5277036	0.001959759146	-50619.5093823272	
466.9677036	96	2	2	0.9715050464	0.001909705507	99.23553048	0.1657327552	0.598736769	5.522871871	40.73827437	53.73885376	0	0	0	-466.9677036	0.001909705507	-51693.6540703689	
464.4077036	96	2	2	0.9715568348	0.001860692257	99.25657021	0.1615432556	0.5818865361	5.348135693	40.81391661	53.8379477	0	0	0	-464.4077036	0.001860692257	-52791.2857883492	
461.8477036	96	2	2	0.9716071936	0.001812698382	99.27728108	0.1574042798	0.5653146427	5.177559788	40.88774913	53.93469108	0	0	0	-461.8477036	0.001812698382	-53912.8923235583	
459.2877036	96	2	2	0.9716561581	0.001765703249	99.29766081	0.1533163786	0.5490228151	5.011076155	40.95980197	54.02912187	0	0	0	-459.2877036	0.001765703249	-55058.9843709936	
456.7277036	96	2	2	0.9717037623	0.001719686615	99.3177074	0.1492801061	0.5330124963	4.848617411	41.03010488	54.12127771	0	0	0	-456.7277036	0.001719686615	-56230.0978336037	
454.1677036	96	2	2	0.9717500397	0.001674628631	99.33741913	0.1452960169	0.5172848568	4.690116802	41.0986873	54.21119589	0	0	0	-454.1677036	0.001674628631	-57426.798127657	
451.6077036	96	2	2	0.9717950225	0.001630509852	99.35679453	0.1413646637	0.5018408053	4.535508225	41.1655784	54.29891338	0	0	0	-451.6077036	0.001630509852	-58649.6803184211	
449.0477036	96	2	2	0.9718387422	0.001587311236	99.37583241	0.1374865949	0.486680999	4.384726229	41.230807	54.38446677	0	0	0	-449.0477036	0.001587311236	-59899.3704751753	
446.4877036	96	2	2	0.9718812294	0.00154501415	99.39453179	0.1336623527	0.4718058534	4.237706032	41.29440164	54.46789233	0	0	0	-446.4877036	0.00154501415	-61176.5280341265	
443.9277036	96	2	2	0.9719225139	0.001503600368	99.41289198	0.1298924701	0.4572155524	4.094383524	41.35639053	54.54922594	0	0	0	-443.9277036	0.001503600368	-62481.8523912788	
441.3677036	96	2	2	0.9719626248	0.00146305208	99.43091247	0.1261774697	0.4429100576	3.954695274	41.41680159	54.62850314	0	0	0	-441.3677036	0.00146305208	-63816.0802504308	
438.8077036	96	2	2	0.9720015903	0.001423351882	99.44859302	0.1225178608	0.4288891172	3.818578532	41.47566239	54.70575908	0	0	0	-438.8077036	0.001423351882	-65179.9888736663	
436.2477036	96	2	2	0.9720394377	0.001384482783	99.46593359	0.118914138	0.4151522755	3.685971236	41.5330002	54.78102856	0	0	0	-436.2477036	0.001384482783	-66574.4041795618	
433.6877036	96	2	2	0.972076194	0.001346428201	99.48293434	0.1153667787	0.4016988811	3.556812004	41.58884198	54.85434601	0	0	0	-433.6877036	0.001346428201	-68000.1945587233	
431.1277036	96	2	2	0.9721118852	0.001309171957	99.49959566	0.1118762418	0.3885280951	3.431040143	41.64321438	54.92574548	0	0	0	-431.1277036	0.001309171957	-69458.2851305352	
428.5677036	96	2	2	0.9721465367	0.001272698282	99.51591813	0.1084429658	0.3756388999	3.308595639	41.6961437	54.99526066	0	0	0	-428.5677036	0.001272698282	-70949.6523462231	
426.0077036	96	2	2	0.9721801731	0.001236991801	99.53190253	0.1050673666	0.3630301062	3.189419161	41.74765598	55.06292486	0	0	0	-426.0077036	0.001236991801	-72475.3322166356	
423.4477036	96	2	2	0.9722128187	0.001202037542	99.5475498	0.1017498366	0.350700361	3.073452051	41.7977769	55.12877105	0	0	0	-423.4477036	0.001202037542	-74036.4233671072	
420.8877036	96	2	2	0.9722444969	0.00116782092	99.5628611	0.09849074288	0.3386481549	2.960636323	41.84653188	55.1928318	0	0	0	-420.8877036	0.00116782092	-75634.0889151318	
418.3277036	96	2	2	0.9722752308	0.001134327741	99.57783775	0.09529042552	0.326871829	2.850914656	41.89394599	55.25513936	0	0	0	-418.3277036	0.001134327741	-77269.5668294827	
415.7677036	96	2	2	0.9723050425	0.001101544192	99.59248122	0.09214919655	0.3153695817	2.744230388	41.94004403	55.31572558	0	0	0	-415.7677036	0.001101544192	-78944.1653182	
413.2077036	96	2	2	0.9723339541	0.001069456835	99.60679319	0.0890673385	0.3041394753	2.640527506	41.98485051	55.37462199	0	0	0	-413.2077036	0.001069456835	-80659.2764530999	
410.6477036	96	2	2	0.9723619866	0.001038052604	99.62077545	0.08604510324	0.2931794426	2.539750643	42.02838961	55.43185975	0	0	0	-410.6477036	0.001038052604	-82416.3815088165	
408.0877036	96	2	2	0.972389161	0.001007318798	99.63443	0.08308271083	0.2824872925	2.441845068	42.07068525	55.48746968	0	0	0	-408.0877036	0.001007318798	-84217.0499442355	
405.5277036	96	2	2	0.9724154976	0.0009772430719	99.64775894	0.08018034849	0.2720607163	2.346756675	42.11176107	55.54148226	0	0	0	-405.5277036	0.0009772430719	-86062.9489602905	
402.9677036	96	2	2	0.9724410161	0.0009478134316	99.66076454	0.07733816962	0.261897293	2.254431977	42.1516404	55.59392762	0	0	0	-402.9677036	0.0009478134316	-87955.8528161834	
400.4077036	96	2	2	0.9724657358	0.0009190182265	99.67344921	0.07455629295	0.2519944955	2.164818094	42.19034633	55.64483557	0	0	0	-400.4077036	0.0009190182265	-89897.647450972	
397.8477036	96	2	2	0.9724896759	0.0008908461421	99.6858155	0.07183480173	0.2423496948	2.077862748	42.22790165	55.6942356	0	0	0	-397.8477036	0.0008908461421	-91890.3385655655	
395.2877036	96	2	2	0.9725128546	0.0008632861924	99.69786609	0.06917374302	0.2329601662	1.993514247	42.26432889	55.74215686	0	0	0	-395.2877036	0.0008632861924	-93936.0596564587	
392.7277036	96	2	2	0.9725352902	0.000836327712	99.70960378	0.06657312706	0.2238230936	1.911721479	42.29965034	55.78862818	0	0	0	-392.7277036	0.000836327712	-96037.0815074105	
390.1677036	96	2	2	0.9725570004	0.0008099603485	99.7210315	0.06403292673	0.2149355741	1.832433903	42.333888	55.8336781	0	0	0	-390.1677036	0.0008099603485	-98195.8209988314	
387.6077036	96	2	2	0.9725780023	0.0007841740539	99.7321523	0.06155307709	0.2062946232	1.755601536	42.36706363	55.87733483	0	0	0	-387.6077036	0.0007841740539	-100414.851847651	
385.0477036	96	2	2	0.972598313	0.0007589590769	99.74296935	0.05913347501	0.1978971786	1.681174944	42.39919876	55.91962629	0	0	0	-385.0477036	0.0007589590769	-102696.915674235	
382.4877036	96	2	2	0.9726179491	0.0007343059541	99.75348592	0.05677397886	0.189740105	1.609105233	42.43031466	55.9605801	0	0	0	-382.4877036	0.0007343059541	-105044.93405033	
379.9277036	96	2	2	0.9726369268	0.000710205502	99.76370539	0.05447440832	0.1818201978	1.539344038	42.46043236	56.0002236	0	0	0	-379.9277036	0.000710205502	-107462.563202026	
377.3677036	96	2	2	0.972655262	0.0006866490377	99.77363127	0.05223454441	0.1741341867	1.471843516	42.48957268	56.0385838	0	0	0	-377.3677036	0.0006866490377	-109951.977447211	
374.8077036	96	2	2	0.9726729703	0.0006636274361	99.78326713	0.05005412887	0.1666787414	1.406556331	42.51775618	56.07568749	0	0	0	-374.8077036	0.0006636274361	-112511.536708228	
372.2477036	96	2	2	0.972690067	0.0006411304998	99.79261666	0.04793286353	0.1594504772	1.343435803	42.5450031	56.11156109	0	0	0	-372.2477036	0.0006411304998	-115161.643614291	
369.6877036	96	2	2	0.9727065672	0.0006191559194	99.80168364	0.04587041549	0.152445944	1.28243527	42.57133376	56.14623097	0	0	0	-369.6877036	0.0006191559194	-117895.411385057	
367.1277036	96	2	2	0.9727224854	0.0005976902543	99.81047194	0.0438664093	0.1456616527	1.223509043	42.59676798	56.17972298	0	0	0	-367.1277036	0.0005976902543	-120708.162166272	
364.5677036	96	2	2	0.9727378363	0.0005767276394	99.8189855	0.04192043263	0.1390940636	1.16661174	42.62132546	56.2120628	0	0	0	-364.5677036	0.0005767276394	-123617.723606077	
362.0077036	96	2	2	0.9727526338	0.0005562604005	99.82722837	0.04003203515	0.1327395934	1.111698443	42.64502571	56.24327585	0	0	0	-362.0077036	0.0005562604005	-126628.722665309	
359.4477036	96	2	2	0.9727668919	0.0005362826293	99.83520465	0.03820072899	0.1265946187	1.058724694	42.66788797	56.27338734	0	0	0	-359.4477036	0.0005362826293	-129738.221061349	
356.8877036	96	2	2	0.9727806244	0.0005167846555	99.84291853	0.03642598945	0.1206554785	1.007646398	42.68993141	56.3024222	0	0	0	-356.8877036	0.0005167846555	-132948.698736019	
354.3277036	96	2	2	0.9727938444	0.0004977599092	99.85037427	0.03470725584	0.1149184764	0.9584201861	42.71117481	56.330405	0	0	0	-354.3277036	0.0004977599092	-136282.347806827	
351.7677036	96	2	2	0.9728065653	0.0004792039021	99.85757618	0.03304393127	0.1093798864	0.9110028361	42.73163691	56.35736025	0	0	0	-351.7677036	0.0004792039021	-139740.452240638	
349.2077036	96	2	2	0.9728188001	0.0004611089562	99.86452866	0.03143538402	0.1040359537	0.8653516585	42.75133621	56.38331213	0	0	0	-349.2077036	0.0004611089562	-143322.534404655	
346.6477036	96	2	2	0.9728305614	0.0004434687109	99.87123615	0.0298809482	0.09888289795	0.8214243911	42.77029102	56.40828459	0	0	0	-346.6477036	0.0004434687109	-147040.021999983	
344.0877036	96	2	2	0.9728418617	0.0004262769569	99.87770316	0.02837992463	0.09391691632	0.7791791944	42.78851946	56.43230135	0	0	0	-344.0877036	0.0004262769569	-150900.906556373	
341.5277036	96	2	2	0.9728527134	0.0004095276278	99.88393423	0.02693158179	0.08913418607	0.7385746466	42.80603946	56.45538589	0	0	0	-341.5277036	0.0004095276278	-154913.778154271	
338.9677036	96	2	2	0.9728631286	0.0003932147905	99.88993398	0.02553515679	0.08453086735	0.6995697402	42.82286878	56.47756148	0	0	0	-338.9677036	0.0003932147905	-159087.871042466	
336.4077036	96	2	2	0.9728731193	0.0003773326354	99.89570704	0.02418985647	0.08010310581	0.6621238786	42.839025	56.49885113	0	0	0	-336.4077036	0.0003773326354	-163433.120620967	
333.8477036	96	2	2	0.972882697	0.000361875467	99.90125811	0.02289485853	0.07584703526	0.6261968733	42.85452549	56.51927764	0	0	0	-333.8477036	0.000361875467	-167960.22312449	
331.2877036	96	2	2	0.9728918735	0.0003468376938	99.90659191	0.02164931272	0.07175878031	0.5917489423	42.86938748	56.53886358	0	0	0	-331.2877036	0.0003468376938	-172680.705850132	
328.7277036	96	2	2	0.97290066	0.0003322138193	99.9117132	0.02045234208	0.06783445889	0.5587407083	42.883628	56.55763129	0	0	0	-328.7277036	0.0003322138193	-177607.002685166	
326.1677036	96	2	2	0.9729090678	0.0003179984321	99.91662677	0.01930304426	0.06407018481	0.5271331983	42.89726391	56.57560289	0	0	0	-326.1677036	0.0003179984321	-182966.296368537	
323.6077036	96	2	2	0.9729171079	0.0003042170696	99.92133744	0.01820049268	0.0604620698	0.4968878478	42.91031188	56.59280028	0	0	0	-323.6077036	0.0003042170696	-188343.178915329	
321.0477036	96	2	2	0.9729247911	0.0002908040368	99.92585003	0.01714373868	0.05700622811	0.4679664827	42.92278841	56.60924511	0	0	0	-321.0477036	0.0002908040368	-193780.292186456	
318.4877036	96	2	2	0.9729321281	0.0002777837272	99.93016941	0.01613181185	0.05369877577	0.4403313492	42.93470984	56.62495881	0	0	0	-318.4877036	0.0002777837272	-199678.18154754	
315.9277036	96	2	2	0.9729391294	0.0002651510647	99.93430044	0.01516372228	0.05053583529	0.4139450959	42.9460923	56.63996261	0	0	0	-315.9277036	0.0002651510647	-205862.003217834	
313.3677036	96	2	2	0.9729458055	0.0002529009384	99.938248	0.01423846188	0.04751353757	0.3887707819	42.95695175	56.65427746	0	0	0	-313.3677036	0.0002529009384	-212351.318184351	
310.8077036	96	2	2	0.9729521664	0.0002410282677	99.94201697	0.01335500599	0.04462802437	0.3647718792	42.967304	56.66792412	0	0	0	-310.8077036	0.0002410282677	-219167.94148391	
308.2477036	96	2	2	0.9729582224	0.0002295279939	99.94561223	0.01251231494	0.04187545077	0.3419122771	42.97716462	56.6809231	0	0	0	-308.2477036	0.0002295279939	-226335.611310434	
305.6877036	96	2	2	0.9729639831	0.0002183950716	99.94903868	0.01170933572	0.03925198765	0.3201562866	42.98654905	56.69329466	0	0	0	-305.6877036	0.0002183950716	-233880.185466988	
303.1277036	96	2	2	0.9729694585	0.0002076244601	99.95230117	0.0109450036	0.03675382414	0.2994686453	42.99547252	56.70505884	0	0	0	-303.1277036	0.0002076244601	-241829.868289278	
300.5677036	96	2	2	0.9729746581	0.0001972111153	99.95540459	0.01021824382	0.03437717008	0.2798145234	43.00395006	56.71623542	0	0	0	-300.5677036	0.0001972111153	-230579.367523438	
300	96	2	2	0.9729757747	4.235680306E-05	99.95607173	0.01006205943	0.03386620759	0.275592593	43.00577113	56.71863628	0	0	0	-300	4.235680306E-05	223247.268187126	
