T	w(AL)	w(MG)	w(SI)	fs	fw(@FCC_A1)	w(AL@FCC_A1)	w(MG@FCC_A1)	w(SI@FCC_A1)	w(AL@LIQUID)	w(MG@LIQUID)	w(SI@LIQUID)	dwdT_L(AL@LIQUID)	dwdT_L(MG@LIQUID)	dwdT_L(SI@LIQUID)	-T	fw(@FCC_A1)_1	-T//fw(@FCC_A1)	
K	%	%	%	mole/mole	kg/kg	%	%	%	%	%	%	SI	SI	SI				
911.183904	96	1	3	0	0	99.39921394	0.2726469754	0.3281390797	96	1	3	0.001782882753	-0.0003814793496	-0.001401403403	-911.183904	0	9.49271993469455	
911.173904	96	1	3	0.000524474967	0.000524338921	99.39898014	0.2727279846	0.3282918737	95.99821733	1.000381452	3.001401219	0	0	0	-911.173904	0.000524338921	28.6505480909529	
911.153904	96	1	3	0.00157200545	0.001047732165	99.39851262	0.2728898913	0.328597484	95.99465138	1.001144399	3.004204223	0	0	0	-911.153904	0.001047732165	38.2464998868211	
911.113904	96	1	3	0.003661130755	0.002091711257	99.39757778	0.2732134881	0.3292087271	95.98752005	1.002669938	3.009810013	0	0	0	-911.113904	0.002091711257	38.3808100111582	
911.033904	96	1	3	0.007816291264	0.004168992923	99.39570912	0.2738595892	0.3304312948	95.97325795	1.005719974	3.02102208	0	0	0	-911.033904	0.004168992923	38.6462245912655	
910.873904	96	1	3	0.01603534845	0.008280816971	99.39197568	0.275147531	0.332876786	95.94473596	1.011815912	3.043448126	0	0	0	-910.873904	0.008280816971	39.2313652444188	
910.553904	96	1	3	0.03208789278	0.01630999152	99.38452504	0.2777054631	0.3377694921	95.88770244	1.023987839	3.088309717	0	0	0	-910.553904	0.01630999152	40.4394225554755	
909.913904	96	1	3	0.06278746855	0.03170906645	99.36968628	0.2827526703	0.3475610461	95.77367358	1.048261906	3.178064517	0	0	0	-909.913904	0.03170906645	42.8257022605539	
908.633904	96	1	3	0.119088406	0.06005653123	99.34025242	0.2925801639	0.3671674202	95.54577206	1.09654876	3.357679179	0	0	0	-908.633904	0.06005653123	47.9551036828455	
906.073904	96	1	3	0.2147719838	0.1085867686	99.28231049	0.3112254168	0.406464097	95.0906085	1.19221233	3.717179172	0	0	0	-906.073904	0.1085867686	-345.876537740844	
903.513904	96	1	3	0.2925394278	0.09900489195	99.22548564	0.3286787473	0.4458356131	94.63625411	1.287100384	4.07664551	0	0	0	-903.513904	0.09900489195	-294.424588062222	
900.953904	96	1	3	0.3568989245	0.09093853526	99.16970954	0.3450119646	0.4852784957	94.18274845	1.381342523	4.435909026	0	0	0	-900.953904	0.09093853526	-346.814530964842	
898.393904	96	1	3	0.4109775659	0.08405572074	99.11492129	0.3602874382	0.5247912762	93.73012651	1.475044026	4.794829466	0	0	0	-898.393904	0.08405572074	-403.578250829341	
895.833904	96	1	3	0.4570095032	0.07811449544	99.06106584	0.3745601857	0.5643739792	93.27841853	1.568291641	5.153289828	0	0	0	-895.833904	0.07811449544	-464.726192641587	
893.273904	96	1	3	0.4966316876	0.07293470051	99.00809287	0.3878793802	0.6040277451	92.82765022	1.661157734	5.511192041	0	0	0	-893.273904	0.07293470051	-530.281198485943	
890.713904	96	1	3	0.5310697905	0.06837943806	98.95595597	0.4002894679	0.6437545638	92.37784286	1.753703355	5.868453786	0	0	0	-890.713904	0.06837943806	-600.270193562351	
888.153904	96	1	3	0.5612589885	0.06434282011	98.90461191	0.4118310117	0.6835570778	91.92901341	1.845980534	6.225006053	0	0	0	-888.153904	0.06434282011	-674.723967121007	
885.593904	96	1	3	0.5879247008	0.06074165717	98.85402023	0.4225413382	0.7234384348	91.48117474	1.938034038	6.580791225	0	0	0	-885.593904	0.06074165717	-753.677276532895	
883.033904	96	1	3	0.6116379199	0.05750968358	98.80414278	0.4324550431	0.7634021756	91.03433573	2.029902722	6.935761549	0	0	0	-883.033904	0.05750968358	-837.168916774683	
880.473904	96	1	3	0.6328539731	0.05459346022	98.75494346	0.4416043905	0.8034521479	90.58850151	2.121620599	7.289877889	0	0	0	-880.473904	0.05459346022	-925.241785999797	
877.913904	96	1	3	0.6519402135	0.05194941255	98.70638793	0.4500196335	0.8435924399	90.14367362	2.213217685	7.643108695	0	0	0	-877.913904	0.05194941255	-1017.94290974421	
875.353904	96	1	3	0.6691961516	0.04954165304	98.6584434	0.4577292732	0.8838273278	89.69985017	2.304720679	7.995429149	0	0	0	-875.353904	0.04954165304	-1115.32346413608	
872.793904	96	1	3	0.6848683228	0.04734035611	98.61107849	0.4647602716	0.9241612355	89.25702605	2.396153512	8.346820434	0	0	0	-872.793904	0.04734035611	-1217.43880558437	
870.233904	96	1	3	0.6991614261	0.04532052861	98.56426307	0.4711382271	0.9645987018	88.8151931	2.487537797	8.697269107	0	0	0	-870.233904	0.04532052861	-1324.34848975869	
867.673904	96	1	3	0.7122467769	0.04346106794	98.51796812	0.4768875213	1.005144355	88.37434023	2.578893202	9.046766565	0	0	0	-867.673904	0.04346106794	-1436.11627502392	
865.113904	96	1	3	0.7242687997	0.04174403221	98.47216566	0.4820314424	1.045802895	87.93445368	2.67023775	9.395308573	0	0	0	-865.113904	0.04174403221	-1552.81016776367	
862.553904	96	1	3	0.7353500678	0.04015406889	98.42682864	0.48659229	1.086579074	87.49551707	2.761588082	9.742894851	0	0	0	-862.553904	0.04015406889	-1674.502479847	
859.993904	96	1	3	0.7455952564	0.03867796311	98.38193085	0.490591464	1.127477686	87.05751162	2.852959668	10.08952871	0	0	0	-859.993904	0.03867796311	-1801.26985819496	
857.433904	96	1	3	0.7550942707	0.03730427737	98.3374469	0.4940495423	1.168503558	86.62041628	2.944366986	10.43521673	0	0	0	-857.433904	0.03730427737	-1933.1933680263	
854.873904	96	1	3	0.7639247435	0.03602306184	98.29335211	0.4969863466	1.209661542	86.18420784	3.035823677	10.77996848	0	0	0	-854.873904	0.03602306184	-2070.35861606503	
852.313904	96	1	3	0.7721540445	0.0348256196	98.24962249	0.4994210009	1.250956508	85.7488611	3.127342675	11.12379623	0	0	0	-852.313904	0.0348256196	-2212.85581430812	
849.753904	96	1	3	0.7798409093	0.03370431497	98.20623468	0.5013719823	1.292393341	85.31434893	3.218936317	11.46671475	0	0	0	-849.753904	0.03370431497	-2360.77998771374	
847.193904	96	1	3	0.7870367694	0.03265241614	98.16316589	0.5028571655	1.33397694	84.88064246	3.310616439	11.8087411	0	0	0	-847.193904	0.03265241614	-2514.23116597898	
844.633904	96	1	3	0.7937868446	0.03166396497	98.12039393	0.5038938627	1.375712212	84.44771113	3.402394458	12.14989442	0	0	0	-844.633904	0.03166396497	-2673.31449408416	
842.073904	96	1	3	0.8001310458	0.0307336687	98.07789707	0.5044988585	1.417604075	84.01552278	3.494281444	12.49019577	0	0	0	-842.073904	0.0307336687	-2838.14055921901	
839.513904	96	1	3	0.8061047262	0.02985680946	98.0356541	0.5046884419	1.459657455	83.58404382	3.586288179	12.829668	0	0	0	-839.513904	0.02985680946	-3008.82569387618	
836.953904	96	1	3	0.8117393082	0.02902916815	97.99364428	0.5044784339	1.501877286	83.15323921	3.678425212	13.16833558	0	0	0	-836.953904	0.02902916815	-3185.4922846765	
834.393904	96	1	3	0.8170628111	0.02824696016	97.95184727	0.5038842133	1.544268513	82.72307263	3.770702908	13.50622447	0	0	0	-834.393904	0.02824696016	-3368.26911226267	
831.833904	96	1	3	0.8221002956	0.02750678078	97.91024317	0.5029207399	1.586836092	82.29350648	3.863131488	13.84336203	0	0	0	-831.833904	0.02750678078	-3557.29178591194	
829.273904	96	1	3	0.8268742413	0.0268055587	97.86881244	0.5016025745	1.629584987	81.864502	3.955721063	14.17977693	0	0	0	-829.273904	0.0268055587	-3752.70325871125	
826.713904	96	1	3	0.8314048679	0.02614051619	97.82753592	0.4999438985	1.672520181	81.4360193	4.048481671	14.51549903	0	0	0	-826.713904	0.02614051619	-3954.65441087779	
824.153904	96	1	3	0.8357104098	0.0255091349	97.7863948	0.497958531	1.715646666	81.00801742	4.141423305	14.85055928	0	0	0	-824.153904	0.0255091349	-4163.30453433374	
821.593904	96	1	3	0.8398073522	0.0249091263	97.7453706	0.4956599443	1.758969456	80.58045435	4.234555936	15.18498971	0	0	0	-821.593904	0.0249091263	-4378.82213196089	
819.033904	96	1	3	0.8437106341	0.02433840617	97.70444514	0.4930612783	1.802493583	80.15328715	4.327889544	15.51882331	0	0	0	-819.033904	0.02433840617	-4601.38559916063	
816.473904	96	1	3	0.8474338239	0.02379507235	97.66360055	0.4901753539	1.846224097	79.72647188	4.42143413	15.85209399	0	0	0	-816.473904	0.02379507235	-4831.18415927952	
813.913904	96	1	3	0.8509892719	0.02327738544	97.62281924	0.4870146851	1.890166077	79.29996371	4.515199746	16.18483654	0	0	0	-813.913904	0.02327738544	-5068.41866298667	
811.353904	96	1	3	0.8543882427	0.02278375182	97.58208389	0.4835914899	1.934324625	78.87371692	4.609196506	16.51708657	0	0	0	-811.353904	0.02278375182	-5313.30286066959	
808.793904	96	1	3	0.8576410313	0.02231270889	97.54137743	0.4799177006	1.978704872	78.44768492	4.703434609	16.84888047	0	0	0	-808.793904	0.02231270889	-5566.06453663019	
806.233904	96	1	3	0.8607570641	0.02186291197	97.50068304	0.4760049736	2.023311982	78.02182027	4.797924351	17.18025538	0	0	0	-806.233904	0.02186291197	-5826.94649255993	
803.673904	96	1	3	0.8637449882	0.0214331228	97.45998415	0.4718646977	2.068151151	77.59607466	4.892676145	17.5112492	0	0	0	-803.673904	0.0214331228	-6098.05261437539	
801.113904	96	1	3	0.8666127847	0.02102243215	97.41926325	0.4675080454	2.113228703	77.17039178	4.987702134	17.84190609	0	0	0	-801.113904	0.02102243215	-6372.61046081452	
798.553904	96	1	3	0.8693676815	0.02062894838	97.37850648	0.4629458008	2.158547724	76.74473625	5.083009738	18.17225401	0	0	0	-798.553904	0.02062894838	-6658.00159142563	
795.993904	96	1	3	0.8720164723	0.02025266439	97.33769673	0.4581886449	2.20411463	76.31904991	5.178611448	18.50233864	0	0	0	-795.993904	0.02025266439	-6957.03768376688	
793.433904	96	1	3	0.8745653838	0.01989231399	97.29681824	0.4532469717	2.249934784	75.8932811	5.274518289	18.83220061	0	0	0	-793.433904	0.01989231399	-7262.81790904332	
790.873904	96	1	3	0.8770201741	0.01954705832	97.25585546	0.448130942	2.296013596	75.46737734	5.370741468	19.16188119	0	0	0	-790.873904	0.01954705832	-7578.58413575004	
788.313904	96	1	3	0.8793861758	0.01921612003	97.21479298	0.4428504895	2.342356527	75.04128526	5.467292397	19.49142234	0	0	0	-788.313904	0.01921612003	-7904.75013906293	
785.753904	96	1	3	0.8816683345	0.01889877658	97.17361558	0.4374153252	2.38896909	74.61495063	5.564182704	19.82086667	0	0	0	-785.753904	0.01889877658	-8241.75004123849	
783.193904	96	1	3	0.8838712432	0.01859435581	97.1323082	0.4318349425	2.435856859	74.18831828	5.661424248	20.15025748	0	0	0	-783.193904	0.01859435581	-8590.05714464878	
780.633904	96	1	3	0.8859991727	0.01830223189	97.09085591	0.4261186216	2.483025468	73.76133211	5.759029138	20.47963876	0	0	0	-780.633904	0.01830223189	-8950.18669776551	
778.073904	96	1	3	0.8880560994	0.0180218216	97.04924395	0.4202754329	2.530480613	73.33393505	5.857009743	20.80905521	0	0	0	-778.073904	0.0180218216	-9322.69964714002	
775.513904	96	1	3	0.8900457303	0.01775258097	97.0074577	0.4143142413	2.578228061	72.90606903	5.955378712	21.13855226	0	0	0	-775.513904	0.01775258097	-9708.20873372925	
772.953904	96	1	3	0.8919715252	0.01749400229	96.96548264	0.4082437095	2.626273647	72.47767492	6.054148989	21.46817609	0	0	0	-772.953904	0.01749400229	-10107.3850413829	
770.393904	96	1	3	0.893836717	0.01724561138	96.92330442	0.4020723008	2.674623283	72.04869251	6.153333831	21.79797366	0	0	0	-770.393904	0.01724561138	-10520.9641112521	
767.833904	96	1	3	0.8956443301	0.01700696509	96.88090876	0.3958082825	2.723282956	71.61906044	6.252946827	22.12799273	0	0	0	-767.833904	0.01700696509	-10949.7547623189	
765.273904	96	1	3	0.8973971967	0.01677764909	96.83828153	0.3894597282	2.77225874	71.18871615	6.353001913	22.45828193	0	0	0	-765.273904	0.01677764909	-11394.6491910997	
762.713904	96	1	3	0.8990979721	0.01655727584	96.79540869	0.3830345208	2.82155679	70.75759584	6.453513399	22.78889076	0	0	0	-762.713904	0.01655727584	-11856.6318074922	
760.153904	96	1	3	0.9007491481	0.01634548269	96.75227629	0.3765403542	2.871183356	70.32563437	6.554495981	23.11986965	0	0	0	-760.153904	0.01634548269	-12336.7939493755	
757.593904	96	1	3	0.9023530658	0.01614193028	96.70887049	0.3699847361	2.921144779	69.89276523	6.655964771	23.45127	0	0	0	-757.593904	0.01614193028	-12836.347553236	
755.033904	96	1	3	0.9039119266	0.01594630094	96.66517751	0.3633749894	2.971447501	69.45892043	6.757935317	23.78314425	0	0	0	-755.033904	0.01594630094	-13356.6415279238	
752.473904	96	1	3	0.9054278027	0.01575829734	96.62118368	0.3567182548	3.022098068	69.02403045	6.860423625	24.11554593	0	0	0	-752.473904	0.01575829734	-13899.1834966342	
749.913904	96	1	3	0.9069026465	0.01557764122	96.57687537	0.3500214916	3.073103134	68.58802413	6.963446191	24.44852968	0	0	0	-749.913904	0.01557764122	-14465.6614664707	
747.353904	96	1	3	0.9083382993	0.01540407222	96.53223905	0.3432914802	3.124469467	68.15082858	7.067020023	24.7821514	0	0	0	-747.353904	0.01540407222	-15057.9728780913	
744.793904	96	1	3	0.9097364992	0.01523734686	96.48726122	0.3365348231	3.176203954	67.7123691	7.171162672	25.11646823	0	0	0	-744.793904	0.01523734686	-15678.256978849	
742.233904	96	1	3	0.9110988885	0.01507723756	96.44192845	0.3297579464	3.228313607	67.27256905	7.275892266	25.45153868	0	0	0	-742.233904	0.01507723756	-16328.9344210359	
739.673904	96	1	3	0.91242702	0.0149235318	96.39622733	0.3229671012	3.280805571	66.83134975	7.381227538	25.78742271	0	0	0	-739.673904	0.0149235318	-17012.7547692061	
737.113904	96	1	3	0.9137223637	0.01477603132	96.35014451	0.316168365	3.333687125	66.38863033	7.487187868	26.12418181	0	0	0	-737.113904	0.01477603132	-17732.8536850033	
734.553904	96	1	3	0.9149863121	0.01463455143	96.30366666	0.3093676424	3.386965693	65.94432762	7.593793311	26.46187906	0	0	0	-734.553904	0.01463455143	-18492.8223613738	
731.993904	96	1	3	0.9162201855	0.01449892036	96.25678048	0.3025706667	3.440648853	65.49835603	7.701064649	26.80057932	0	0	0	-731.993904	0.01449892036	-19296.7892056104	
729.433904	96	1	3	0.9174252368	0.01436897866	96.20947266	0.2957830011	3.494744336	65.05062734	7.809023423	27.14034923	0	0	0	-729.433904	0.01436897866	-20149.5302798921	
726.873904	96	1	3	0.9186026562	0.01424457876	96.16172992	0.2890100389	3.549260045	64.60105059	7.917691986	27.48125743	0	0	0	-726.873904	0.01424457876	-21056.5942669208	
724.313904	96	1	3	0.9197535749	0.01412558444	96.11353894	0.2822570057	3.604204054	64.14953185	8.027093549	27.8233746	0	0	0	-724.313904	0.01412558444	-22024.4646901541	
721.753904	96	1	3	0.9208790694	0.01401187049	96.06488642	0.2755289592	3.659584624	63.6959741	8.137252235	28.16677366	0	0	0	-721.753904	0.01401187049	-23060.7658922389	
719.193904	96	1	3	0.9219801648	0.01390332233	96.015759	0.2688307912	3.715410206	63.24027697	8.248193135	28.5115299	0	0	0	-719.193904	0.01390332233	-24174.5210886122	
716.633904	96	1	3	0.9230578379	0.01379983574	95.96614331	0.2621672278	3.771689458	62.78233653	8.35994237	28.8577211	0	0	0	-716.633904	0.01379983574	-25376.4846727616	
714.073904	96	1	3	0.924113021	0.01370131658	95.91602592	0.2555428307	3.828431252	62.32204509	8.472527154	29.20542776	0	0	0	-714.073904	0.01370131658	-26679.5834090605	
711.513904	96	1	3	0.9251466038	0.01360768066	95.86539332	0.248961998	3.885644685	61.85929089	8.585975867	29.55473324	0	0	0	-711.513904	0.01360768066	-28099.4799312282	
708.953904	96	1	3	0.9261594369	0.01351885351	95.81423194	0.2424289652	3.943339094	61.39395789	8.700318131	29.90572398	0	0	0	-708.953904	0.01351885351	-29655.3429206145	
706.393904	96	1	3	0.9271523338	0.01343477037	95.76252812	0.2359478062	4.00152407	60.9259254	8.81558489	30.25848971	0	0	0	-706.393904	0.01343477037	-31412.1885503698	
703.833904	96	1	3	0.9281260759	0.01335556794	95.71026985	0.2295224971	4.060207657	60.45507221	8.931808868	30.61311893	0	0	0	-703.833904	0.01335556794	-33361.8750182626	
701.273904	96	1	3	0.9290814215	0.0132810202	95.65744005	0.2231567184	4.119403229	59.98125608	9.049025409	30.96971851	0	0	0	-701.273904	0.0132810202	-35455.0173217569	
698.713904	96	1	3	0.930019073	0.01321089008	95.60402616	0.2168540754	4.179119762	59.50434718	9.16726835	31.32838447	0	0	0	-698.713904	0.01321089008	-37822.5631660016	
696.153904	96	1	3	0.9309397182	0.01314534212	95.55001399	0.2106180055	4.239368009	59.02420288	9.286574911	31.68922221	0	0	0	-696.153904	0.01314534212	-40570.288949889	
693.593904	96	1	3	0.9318440187	0.01308436023	95.49538915	0.2044517896	4.300159055	58.54067406	9.406984161	32.05234178	0	0	0	-693.593904	0.01308436023	-43742.0435570144	
691.033904	96	1	3	0.932732611	0.01302793854	95.4401371	0.198358553	4.361504345	58.0536046	9.528537157	32.41785825	0	0	0	-691.033904	0.01302793854	-47453.7958079727	
688.473904	96	1	3	0.9336061089	0.01297608161	95.38424303	0.192341267	4.423415698	57.56283084	9.651277082	32.78589207	0	0	0	-688.473904	0.01297608161	-51868.387559966	
685.913904	96	1	3	0.9344651042	0.01292880484	95.32769191	0.1864027499	4.485905339	57.06818107	9.775249412	33.15656952	0	0	0	-685.913904	0.01292880484	-57222.0114619513	
683.353904	96	1	3	0.935310169	0.01288613489	95.27046841	0.180545668	4.548985921	56.56947482	9.900502085	33.5300231	0	0	0	-683.353904	0.01288613489	-63870.9596586341	
680.793904	96	1	3	0.9361418565	0.01284811017	95.21255691	0.1747725375	4.612670551	56.06652222	10.02708569	33.90639209	0	0	0	-680.793904	0.01284811017	-72379.8318850032	
678.233904	96	1	3	0.9369607027	0.01281478149	95.15394145	0.1690857255	4.676972825	55.55912323	10.15505369	34.28582307	0	0	0	-678.233904	0.01281478149	-83701.5803179668	
675.673904	96	1	3	0.937767228	0.01278621271	95.09460569	0.1634874515	4.741906857	55.04706684	10.28446264	34.66847052	0	0	0	-675.673904	0.01278621271	-99586.5987980787	
673.113904	96	1	3	0.9385619377	0.01276248159	95.0345329	0.1579797888	4.807487316	54.5301301	10.41537243	35.05449747	0	0	0	-673.113904	0.01276248159	-123659.162859041	
670.553904	96	1	3	0.9393453241	0.01274368072	94.97370587	0.1525646665	4.873729461	54.00807716	10.54784658	35.44407626	0	0	0	-670.553904	0.01274368072	-164948.04506201	
667.993904	96	1	3	0.9401178671	0.0127299186	94.91210694	0.1472438706	4.940649185	53.48065815	10.68195257	35.83738928	0	0	0	-667.993904	0.0127299186	-254787.78581186	
665.433904	96	1	3	0.9408800359	0.01272132082	94.84971789	0.1420190461	5.008263059	52.94760793	10.81776213	36.23462994	0	0	0	-665.433904	0.01272132082	-645304.618892091	
662.873904	96	1	3	0.9416322898	0.01271803148	94.78651992	0.1368916987	5.076588377	52.40864477	10.95535164	36.63600359	0	0	0	-662.873904	0.01271803148	5023064.38199725	
660.313904	96	1	3	0.9423750797	0.01272021469	94.72249359	0.1318631968	5.14564321	51.86346879	11.09480259	37.04172863	0	0	0	-660.313904	0.01272021469	988317.275122412	
657.753904	96	1	3	0.943108849	0.01272805638	94.65761877	0.1269347731	5.215446459	51.3117603	11.23620197	37.45203773	0	0	0	-657.753904	0.01272805638	275616.933931197	
655.193904	96	1	3	0.9438340351	0.01274176636	94.59187456	0.1221075273	5.286017917	50.75317796	11.37964286	37.86717918	0	0	0	-655.193904	0.01274176636	163199.701121796	
652.633904	96	1	3	0.9445510705	0.0127615807	94.52523924	0.1173824277	5.357378328	50.1873566	11.52522497	38.28741843	0	0	0	-652.633904	0.0127615807	115660.938731192	
650.073904	96	1	3	0.945260384	0.01278776446	94.45769023	0.1127603139	5.429549456	49.61390497	11.67305531	38.71303971	0	0	0	-650.073904	0.01278776446	88970.2426327563	
647.513904	96	1	3	0.9459624021	0.01282061472	94.38920395	0.1082418991	5.502554154	49.03240307	11.82324892	39.14434801	0	0	0	-647.513904	0.01282061472	71744.5958652227	
644.953904	96	1	3	0.9466575503	0.01286046397	94.31975579	0.1038277727	5.576416439	48.44239915	11.97592969	39.58167116	0	0	0	-644.953904	0.01286046397	59652.6365265702	
642.393904	96	1	3	0.9473462545	0.01290768402	94.24932003	0.09951840289	5.651161567	47.84340648	12.13123127	40.02536226	0	0	0	-642.393904	0.01290768402	50669.4267085951	
639.833904	96	1	3	0.9480289427	0.01296269038	94.17786975	0.09531413994	5.726816109	47.23489949	12.28929815	40.47580236	0	0	0	-639.833904	0.01296269038	43716.7264099969	
637.273904	96	1	3	0.9487060462	0.01302594727	94.10537675	0.09121521885	5.803408035	46.61630962	12.45028681	40.93340357	0	0	0	-637.273904	0.01302594727	38166.0057224713	
634.713904	96	1	3	0.9493780014	0.01309797325	94.03181146	0.08722176291	5.880966777	45.98702045	12.61436709	41.39861246	0	0	0	-634.713904	0.01309797325	33625.5611015585	
632.153904	96	1	3	0.9500452519	0.01317934756	93.9571429	0.08333378728	5.959523308	45.34636231	12.78172366	41.87191403	0	0	0	-632.153904	0.01317934756	29838.363866927	
629.593904	96	1	3	0.9507082498	0.01327071729	93.88133861	0.07955120288	6.039110184	44.69360604	12.95255779	42.35383617	0	0	0	-629.593904	0.01327071729	26628.7175971959	
627.033904	96	1	3	0.9513674582	0.01337280519	93.80436459	0.07587382074	6.119761586	44.02795606	13.12708927	42.84495467	0	0	0	-627.033904	0.01337280519	23872.4711409215	
624.473904	96	1	3	0.952023353	0.0134864184	93.72618533	0.0723013568	6.20151331	43.34854231	13.30555866	43.34589903	0	0	0	-624.473904	0.0134864184	21479.4458010142	
621.913904	96	1	3	0.9526764254	0.01361245776	93.64676384	0.06883343733	6.284402722	42.65441129	13.4882298	43.85735891	0	0	0	-621.913904	0.01361245776	19382.6504759031	
619.353904	96	1	3	0.9533271839	0.01375192738	93.56606177	0.06546960505	6.36846863	41.94451574	13.67539269	44.38009157	0	0	0	-619.353904	0.01375192738	17531.3524761678	
616.793904	96	1	3	0.9539761572	0.01390594463	93.48403963	0.06220932633	6.453751043	41.21770313	13.86736671	44.91493016	0	0	0	-616.793904	0.01390594463	15886.5185837787	
614.233904	96	1	3	0.9546238958	0.01407574887	93.40065722	0.05905199958	6.540290781	40.47270268	14.06450426	45.46279307	0	0	0	-614.233904	0.01407574887	14417.7620209981	
611.673904	96	1	3	0.9552709748	0.01426270816	93.31587419	0.0559969652	6.628128847	39.70811088	14.26719482	46.0246943	0	0	0	-611.673904	0.01426270816	13101.2038509376	
609.113904	96	1	3	0.9559179951	0.01446832143	93.22965102	0.05304351777	6.717305464	38.92237578	14.47586938	46.60175485	0	0	0	-609.113904	0.01446832143	11917.9934195892	
606.553904	96	1	3	0.9565655846	0.01469421228	93.14195044	0.05019092098	6.807858635	38.11378006	14.6910052	47.19521474	0	0	0	-606.553904	0.01469421228	10853.2704509418	
603.993904	96	1	3	0.9572143971	0.01494210831	93.05273957	0.04743842623	6.899822007	37.28042384	14.9131307	47.80644546	0	0	0	-603.993904	0.01494210831	9895.44883755495	
601.433904	96	1	3	0.95786511	0.01521379616	92.96199298	0.0447852963	6.993221725	36.42020823	15.14283015	48.43696162	0	0	0	-601.433904	0.01521379616	9035.76871895524	
598.873904	96	1	3	0.9585184166	0.01551103576	92.86969733	0.04223083545	7.088071834	35.53082223	15.38074746	49.0884303	0	0	0	-598.873904	0.01551103576	8268.09478140859	
596.313904	96	1	3	0.9591750133	0.01583540816	92.77585818	0.03977443117	7.184367389	34.60973701	15.6275881	49.76267489	0	0	0	-596.313904	0.01583540816	7588.86654196362	
593.753904	96	1	3	0.9598355764	0.01618806798	92.68050913	0.03741559591	7.28207527	33.65421403	15.88411704	50.46166893	0	0	0	-593.753904	0.01618806798	6997.59986051491	
591.193904	96	1	3	0.9605007235	0.01656931063	92.58372659	0.03515404366	7.381119363	32.66133967	16.15114966	51.18751067	0	0	0	-591.193904	0.01656931063	6497.90547558761	
588.633904	96	1	3	0.9611709521	0.01697790648	92.48564954	0.03298976732	7.481360694	31.62810381	16.42953048	51.94236571	0	0	0	-588.633904	0.01697790648	6099.50269360585	
586.073904	96	1	3	0.9618465427	0.01741004028	92.38650828	0.0309231452	7.582568572	30.55155225	16.72009157	52.72835619	0	0	0	-586.073904	0.01741004028	5823.08172007928	
583.513904	96	1	3	0.9625274121	0.01785771484	92.28666429	0.02895506673	7.684380642	29.42905636	17.02357866	53.54736498	0	0	0	-583.513904	0.01785771484	5711.60364760233	
580.953904	96	1	3	0.9632128981	0.0183064636	92.18666343	0.02708706937	7.786249497	28.25876007	17.34052823	54.40071171	0	0	0	-580.953904	0.0183064636	5861.79612543191	
578.393904	96	1	3	0.9639014626	0.01873236054	92.08730256	0.02532145837	7.887375984	27.04027393	17.67107598	55.28865009	0	0	0	-578.393904	0.01873236054	6543.48829937612	
575.833904	96	1	3	0.9645903211	0.01909803237	91.9896987	0.02366132064	7.986639984	25.77568455	18.01467062	56.20964482	0	0	0	-575.833904	0.01909803237	8764.96084088583	
573.273904	96	1	3	0.9652750237	0.01935403219	91.89536568	0.02211048076	8.082523837	24.47074827	18.36977071	57.15948102	0	0	0	-573.273904	0.01935403219	26867.0428691704	
570.713904	96	1	3	0.9659492151	0.01943373693	91.80619482	0.02067284719	8.173132328	23.13623859	18.73342714	58.13033427	0	0	0	-570.713904	0.01943373693	77110.3858013196	
568.153904	96	1	3	0.9666046943	0.01926951679	91.72437459	0.01935156525	8.256273846	21.78860798	19.10112481	59.11026721	0	0	0	-568.153904	0.01926951679	-12952.3331865163	
565.593904	96	1	3	0.9672321612	0.01880901941	91.65213098	0.0181476232	8.329721397	20.4493527	19.46693799	60.08370931	0	0	0	-565.593904	0.01880901941	-4722.5321414572	
563.033904	96	1	3	0.9678225917	0.01803855889	91.59136414	0.01705855783	8.391577304	19.14247921	19.82423104	61.03328975	0	0	0	-563.033904	0.01803855889	-2954.91149420997	
560.473904	96	1	3	0.9683688812	0.01699693239	91.54328994	0.01607783061	8.440632234	17.89061019	20.16673035	61.94265946	0	0	0	-560.473904	0.01699693239	-2285.28355153232	
557.913904	96	1	3	0.968867025	0.01576718893	91.50825793	0.01519534717	8.476546719	16.71127309	20.48955331	62.7991736	0	0	0	-557.913904	0.01576718893	-2015.10324794162	
555.353904	96	1	3	0.9693163556	0.01445014106	91.48581449	0.01439890206	8.499786608	15.61492952	20.78975999	63.59531049	0	0	0	-555.353904	0.01445014106	-1946.0214314312	
552.793904	96	1	3	0.9697189233	0.01313617267	91.47494116	0.01367586184	8.511382982	14.60515627	21.06631075	64.32853298	0	0	0	-552.793904	0.01313617267	-2002.11128628009	
550.233904	96	1	3	0.9700784938	0.01188932456	91.47433506	0.01301446812	8.512650471	13.68023843	21.31963175	65.00012982	0	0	0	-550.233904	0.01188932456	-2149.55277560006	
547.673904	96	1	3	0.9703996064	0.01074543103	91.48263381	0.01240453685	8.504961651	12.83513842	21.55107377	65.61378781	0	0	0	-547.673904	0.01074543103	-2371.96003247214	
545.113904	96	1	3	0.9706869044	0.009718258102	91.49855433	0.01183765045	8.489608015	12.06316581	21.76245163	66.17438256	0	0	0	-545.113904	0.009718258102	-2661.02266864649	
542.553904	96	1	3	0.9709447478	0.008807437821	91.5209585	0.01130704683	8.467734458	11.35712866	21.95572555	66.68714579	0	0	0	-542.553904	0.008807437821	-3012.45015497703	
539.993904	96	1	3	0.9711770374	0.00800498952	91.54887122	0.01080737761	8.440321407	10.71001509	22.13281182	67.15717309	0	0	0	-539.993904	0.00800498952	-3424.0522909651	
537.433904	96	1	3	0.971387167	0.007299671113	91.58147321	0.01033444053	8.408192346	10.11533959	22.29548598	67.58917443	0	0	0	-537.433904	0.007299671113	-3894.73253881665	
534.873904	96	1	3	0.9715780433	0.006679499194	91.61808297	0.009884935924	8.372032094	9.567281701	22.44534352	67.98737478	0	0	0	-534.873904	0.006679499194	-4424.22409108323	
532.313904	96	1	3	0.9717521377	0.006133110002	91.65813529	0.009456262291	8.332408443	9.060702854	22.58379435	68.35550279	0	0	0	-532.313904	0.006133110002	-5006.89505346333	
529.753904	96	1	3	0.9719115417	0.005649327706	91.70116041	0.009046351745	8.28979324	8.591114971	22.71206852	68.69681651	0	0	0	-529.753904	0.005649327706	-5656.02217054641	
527.193904	96	1	3	0.9720580316	0.005221129646	91.7467707	0.008653560574	8.244575736	8.154609728	22.83124255	69.01414773	0	0	0	-527.193904	0.005221129646	-6366.84835055609	
524.633904	96	1	3	0.9721931133	0.004839762247	91.79464152	0.00827655477	8.197081923	7.747792701	22.94224954	69.30995776	0	0	0	-524.633904	0.004839762247	-7131.77622453996	
522.073904	96	1	3	0.9723180698	0.0044987265	91.84450038	0.007914244644	8.147585371	7.367712058	23.04590132	69.58638662	0	0	0	-522.073904	0.0044987265	-7956.38201666577	
519.513904	96	1	3	0.9724339984	0.004192516766	91.89611748	0.0075657291	8.09631679	7.011796564	23.14290533	69.8452981	0	0	0	-519.513904	0.004192516766	-8840.95013372798	
516.953904	96	1	3	0.9725418416	0.003916483611	91.94929787	0.007230253429	8.043471874	6.677800573	23.23387965	70.08831978	0	0	0	-516.953904	0.003916483611	-9785.84709845639	
514.393904	96	1	3	0.9726424128	0.003666698232	92.00387523	0.006907177059	7.989217597	6.363756628	23.31936594	70.31687743	0	0	0	-514.393904	0.003666698232	-10791.4479479646	
511.833904	96	1	3	0.9727364169	0.003439834385	92.05970679	0.006595948802	7.933697261	6.067935091	23.39984058	70.53222433	0	0	0	-511.833904	0.003439834385	-11858.1357585531	
509.273904	96	1	3	0.9728244681	0.0032330682	92.11666935	0.006296087778	7.87703456	5.788809981	23.47572391	70.7354661	0	0	0	-509.273904	0.0032330682	-12986.3026303281	
506.713904	96	1	3	0.9729071034	0.003043994419	92.17465597	0.006007168621	7.819336864	5.52503013	23.54738826	70.92758161	0	0	0	-506.713904	0.003043994419	-14176.3516926186	
504.153904	96	1	3	0.9729847946	0.002870556957	92.23357331	0.005728809987	7.760697883	5.275394865	23.61516453	71.1094406	0	0	0	-504.153904	0.002870556957	-15428.6998745501	
501.593904	96	1	3	0.9730579579	0.002710991578	92.2933395	0.005460665555	7.701199834	5.03883349	23.67934788	71.28181863	0	0	0	-501.593904	0.002710991578	-16743.780937463	
499.033904	96	1	3	0.9731269622	0.002563778647	92.35388236	0.005202416973	7.640915225	4.81438793	23.74020245	71.44540962	0	0	0	-499.033904	0.002563778647	-18122.0492526651	
496.473904	96	1	3	0.9731921352	0.002427604188	92.41513792	0.004953768307	7.579908309	4.601198038	23.79796546	71.60083651	0	0	0	-496.473904	0.002427604188	-19563.9831058872	
493.913904	96	1	3	0.9732537694	0.002301327728	92.47704925	0.004714441655	7.518236305	4.398489102	23.85285056	71.74866034	0	0	0	-493.913904	0.002301327728	-21070.0884922614	
491.353904	96	1	3	0.9733121268	0.002183955704	92.53956543	0.00448417368	7.455950398	4.205561204	23.90505084	71.88938795	0	0	0	-491.353904	0.002183955704	-22640.903733932	
488.793904	96	1	3	0.9733674428	0.002074619404	92.60264071	0.004262712863	7.39309658	4.021780128	23.95474128	72.0234786	0	0	0	-488.793904	0.002074619404	-24277.0028019462	
486.233904	96	1	3	0.9734199296	0.001972556604	92.66623382	0.004049817331	7.329716362	3.846569547	24.00208088	72.15134957	0	0	0	-486.233904	0.001972556604	-25979.0003245474	
483.673904	96	1	3	0.973469779	0.001877096251	92.73030738	0.003845253135	7.265847363	3.679404318	24.04721457	72.27338111	0	0	0	-483.673904	0.001877096251	-27747.5554856071	
481.113904	96	1	3	0.9735171648	0.001787645618	92.79482739	0.003648792891	7.201523816	3.519804682	24.09027476	72.38992056	0	0	0	-481.113904	0.001787645618	-29583.3769565123	
478.553904	96	1	3	0.9735622453	0.001703679519	92.85976278	0.003460214712	7.136777002	3.367331242	24.13138272	72.50128603	0	0	0	-478.553904	0.001703679519	-31487.2278202784	
475.993904	96	1	3	0.9736051646	0.001624731201	92.92508509	0.003279301376	7.07163561	3.221580604	24.17064981	72.60776959	0	0	0	-475.993904	0.001624731201	-33459.9302218384	
473.433904	96	1	3	0.9736460544	0.001550384639	92.9907681	0.00310583967	7.006126056	3.082181571	24.20817849	72.70963994	0	0	0	-473.433904	0.001550384639	-35502.3707687953	
470.873904	96	1	3	0.9736850353	0.001480267987	93.05678763	0.002939619901	6.940272754	2.948791821	24.24406326	72.80714491	0	0	0	-470.873904	0.001480267987	-37615.5062773218	
468.313904	96	1	3	0.9737222183	0.001414047999	93.12312122	0.002780435519	6.874098349	2.821094988	24.27839148	72.90051353	0	0	0	-468.313904	0.001414047999	-39800.3690929242	
465.753904	96	1	3	0.9737577052	0.001351425253	93.189748	0.00262808284	6.807623919	2.698798105	24.31124402	72.98995787	0	0	0	-465.753904	0.001351425253	-42058.0733137254	
463.193904	96	1	3	0.9737915901	0.001292130057	93.25664848	0.002482360849	6.740869157	2.581629335	24.34269594	73.07567473	0	0	0	-463.193904	0.001292130057	-44389.8217977337	
460.633904	96	1	3	0.9738239599	0.001235918923	93.32380441	0.002343071075	6.673852519	2.469335977	24.37281701	73.15784702	0	0	0	-460.633904	0.001235918923	-46796.9108462198	
458.073904	96	1	3	0.9738548949	0.001182571519	93.39119861	0.002210017501	6.606591368	2.361682692	24.4016722	73.23664511	0	0	0	-458.073904	0.001182571519	-49280.7398831756	
455.513904	96	1	3	0.9738844699	0.001131888038	93.45881491	0.002083006533	6.539102085	2.258449928	24.42932213	73.31222795	0	0	0	-455.513904	0.001131888038	-51842.8180001957	
452.953904	96	1	3	0.9739127542	0.001083686903	93.52663797	0.001961846994	6.47140018	2.159432515	24.45582344	73.38474404	0	0	0	-452.953904	0.001083686903	-54484.7701856426	
450.393904	96	1	3	0.9739398122	0.001037802773	93.59465327	0.001846350139	6.403500383	2.064438411	24.48122915	73.45433244	0	0	0	-450.393904	0.001037802773	-57208.3485549283	
447.833904	96	1	3	0.9739657042	0.000994084802	93.66284694	0.001736329701	6.335416729	1.973287583	24.50558896	73.52112345	0	0	0	-447.833904	0.000994084802	-60015.4392159033	
445.273904	96	1	3	0.9739904863	0.0009523951103	93.73120577	0.001631601944	6.267162627	1.885810998	24.52894953	73.58523948	0	0	0	-445.273904	0.0009523951103	-56803.6410239377	
443.993904	96	1	3	0.9740024801	0.0004614742551	93.76544477	0.001581167191	6.232974059	1.843400645	24.54027117	73.61632818	0	0	0	-443.993904	0.0004614742551	-127734.728102186	
442.713904	96	1	3	0.9740142156	0.0004516462246	93.79972015	0.001531987745	6.198747861	1.801849961	24.55135906	73.64679098	0	0	0	-442.713904	0.0004516462246	-125002.597905306	
442.073904	96	1	3	0.974019989	0.000222302295	93.81687144	0.00150786207	6.181620694	1.781391306	24.5568175	73.66179119	0	0	0	-442.073904	0.000222302295	-266122.093545544	
441.433904	96	1	3	0.9740257002	0.0002199218326	93.83403126	0.001484041894	6.164484694	1.761140653	24.5622194	73.67663995	0	0	0	-441.433904	0.0002199218326	-263261.511887916	
441.113904	96	1	3	0.9740285327	0.0001091192488	93.84261444	0.001472245583	6.155913315	1.751092624	24.56489951	73.68400787	0	0	0	-441.113904	0.0001091192488	-2910.09207326959	
440.953904	96	1	3	0.9740299433	5.434355903E-05	93.84690682	0.001466375717	6.1516268	1.746087836	24.56623437	73.6876778	0	0	0	-440.953904	5.434355903E-05	-2932.63583322586	
440.873904	96	1	3	0.9740306472	2.711801886E-05	93.84905321	0.001463447837	6.149483337	1.743590231	24.56690051	73.68950926	0	0	0	-440.873904	2.711801886E-05	-2129614.24531885	
440.793904	96	1	3	0.9740313501	2.708050499E-05	93.85119973	0.001460524649	6.147339743	1.741095814	24.56756578	73.69133841	0	0	0	-440.793904	2.708050499E-05	-2126717.81206791	
440.753904	96	1	3	0.974031701	1.340710559E-05	93.85227291	0.001459064734	6.146268021	1.73984979	24.56789791	73.6922523	0	0	0	-440.753904	1.340710559E-05	-2964.06679706888	
440.733904	96	1	3	0.9740318763	6.702518734E-06	93.85280969	0.001458335288	6.145731973	1.739227076	24.5680639	73.69270903	0	0	0	-440.733904	6.702518734E-06	-2983.31697152371	
440.723904	96	1	3	0.974031964	3.350704866E-06	93.85307791	0.001457970605	6.145464117	1.738915793	24.56814687	73.69293734	0	0	0	-440.723904	3.350704866E-06	356893.803916306	
440.713904	96	1	3	0.9740320517	3.378964661E-06	93.85334625	0.001457606049	6.145196143	1.738604563	24.56822988	73.69316556	0	0	0	-440.713904	3.378964661E-06	352888.780145445	
440.673904	96	1	3	0.9740324022	1.353655567E-05	93.85441967	0.001456148567	6.144124181	1.737360147	24.56856179	73.69407806	0	0	0	-440.673904	1.353655567E-05	-17105.7787559816	
440.653904	96	1	3	0.974032577	6.689737769E-06	93.85495641	0.001455420245	6.143588173	1.736738236	24.56872755	73.69453421	0	0	0	-440.653904	6.689737769E-06	-3698600.66603766	
440.613904	96	1	3	0.9740329274	1.355276528E-05	93.85602967	0.001453964488	6.142516362	1.735494989	24.5690592	73.69544581	0	0	0	-440.613904	1.355276528E-05	5858.04067549801	
440.533904	96	1	3	0.9740336274	2.707410682E-05	93.85817672	0.001451056589	6.140372222	1.733010906	24.56972183	73.69726726	0	0	0	-440.533904	2.707410682E-05	5938.65778931398	
440.373904	96	1	3	0.9740350242	5.381948337E-05	93.86247096	0.001445254645	6.136083789	1.728052225	24.57104417	73.7009036	0	0	0	-440.373904	5.381948337E-05	5986.2113363949	
440.053904	96	1	3	0.9740378065	0.000107206789	93.8710609	0.001433706606	6.127505396	1.718172746	24.5736785	73.70814876	0	0	0	-440.053904	0.000107206789	6018.48030141039	
439.413904	96	1	3	0.9740433258	0.0002126958232	93.88824658	0.001410832737	6.110342584	1.698564401	24.57890602	73.72252957	0	0	0	-439.413904	0.0002126958232	6117.52315431436	
438.133904	96	1	3	0.9740541862	0.0004186100453	93.92264057	0.001365964374	6.075993463	1.659942575	24.58919867	73.75085875	0	0	0	-438.133904	0.0004186100453	6323.88302152534	
435.573904	96	1	3	0.9740752129	0.0008107087507	93.9915141	0.001279669973	6.00720623	1.585021395	24.60915009	73.80582851	0	0	0	-435.573904	0.0008107087507	-84125.6693644186	
433.013904	96	1	3	0.9740953535	0.0007771904159	94.06049618	0.001197825796	5.938305999	1.513091543	24.62829076	73.8586177	0	0	0	-433.013904	0.0007771904159	-78060.7347329729	
430.453904	96	1	3	0.9741146471	0.0007450601265	94.12957607	0.001120264231	5.869303667	1.444032435	24.64665386	73.9093137	0	0	0	-430.453904	0.0007450601265	-81456.5937243032	
427.893904	96	1	3	0.9741331302	0.0007142771717	94.19874329	0.001046820791	5.800209886	1.377729788	24.66427092	73.95799929	0	0	0	-427.893904	0.0007142771717	-84997.1391019447	
425.333904	96	1	3	0.9741508376	0.0006847689277	94.26798764	0.0009773341421	5.731035023	1.314075206	24.68117181	74.00475299	0	0	0	-425.333904	0.0006847689277	-88645.0170487061	
422.773904	96	1	3	0.974167802	0.0006564682781	94.33729913	0.0009116461848	5.661789223	1.252965742	24.6973849	74.04964936	0	0	0	-422.773904	0.0006564682781	-92404.2761278998	
420.213904	96	1	3	0.9741840544	0.0006293129486	94.40666797	0.0008496021299	5.592482433	1.194303517	24.71293715	74.09275933	0	0	0	-420.213904	0.0006293129486	-96279.0147609814	
417.653904	96	1	3	0.9741996242	0.0006032450838	94.47608452	0.0007910505667	5.523124429	1.137995365	24.72785423	74.1341504	0	0	0	-417.653904	0.0006032450838	-100273.629690089	
415.093904	96	1	3	0.9742145394	0.0005782108664	94.54553932	0.0007358435265	5.453724841	1.083952516	24.74216058	74.1738869	0	0	0	-415.093904	0.0005782108664	-104392.83816639	
412.533904	96	1	3	0.9742288262	0.0005541601752	94.61502299	0.0006838365407	5.38429317	1.0320903	24.7558795	74.2120302	0	0	0	-412.533904	0.0005541601752	-108641.701033576	
409.973904	96	1	3	0.97424251	0.0005310462759	94.6845263	0.0006348886917	5.314838815	0.9823278719	24.76903322	74.24863891	0	0	0	-409.973904	0.0005310462759	-113025.647248946	
407.413904	96	1	3	0.9742556145	0.0005088255422	94.75404006	0.0005888626587	5.245371081	0.934587968	24.781643	74.28376904	0	0	0	-407.413904	0.0005088255422	-117550.499601346	
404.853904	96	1	3	0.9742681627	0.0004874572026	94.82355517	0.0005456247564	5.175899207	0.8887966743	24.79372914	74.31747418	0	0	0	-404.853904	0.0004874572026	-122222.504875341	
402.293904	96	1	3	0.9742801763	0.000466903112	94.89306258	0.0005050449672	5.106432373	0.8448832159	24.8053111	74.34980568	0	0	0	-402.293904	0.000466903112	-127048.36656167	
399.733904	96	1	3	0.974291676	0.0004471275437	94.96255328	0.0004669969666	5.036979721	0.8027797625	24.8164075	74.38081274	0	0	0	-399.733904	0.0004471275437	-132035.275109453	
397.173904	96	1	3	0.9743026817	0.0004280969996	95.03201828	0.0004313581426	4.967550365	0.762421249	24.82703619	74.41054256	0	0	0	-397.173904	0.0004280969996	-137190.947824475	
394.613904	96	1	3	0.9743132122	0.0004097800388	95.10144858	0.0003980096076	4.898153408	0.7237452091	24.83721431	74.43904048	0	0	0	-394.613904	0.0004097800388	-142523.668052778	
392.053904	96	1	3	0.9743232858	0.0003921471197	95.17083522	0.0003668362041	4.828797948	0.6866916222	24.84695831	74.46635007	0	0	0	-392.053904	0.0003921471197	-148042.327943072	
389.493904	96	1	3	0.9743329197	0.0003751704569	95.24016918	0.0003377265042	4.759493097	0.6512027713	24.85628399	74.49251324	0	0	0	-389.493904	0.0003751704569	-153756.477165213	
386.933904	96	1	3	0.9743421307	0.0003588238896	95.30944144	0.0003105728026	4.690247986	0.6172231112	24.86520657	74.51757032	0	0	0	-386.933904	0.0003588238896	-159676.373069677	
384.373904	96	1	3	0.9743509348	0.0003430827613	95.37864295	0.0002852711028	4.62107178	0.5846991465	24.87374067	74.54156018	0	0	0	-384.373904	0.0003430827613	-165813.038484995	
381.813904	96	1	3	0.9743593471	0.0003279238095	95.4477646	0.0002617210982	4.551973683	0.553579319	24.88190039	74.56452029	0	0	0	-381.813904	0.0003279238095	-172178.320878633	
379.253904	96	1	3	0.9743673826	0.0003133250639	95.51679722	0.0002398261466	4.482962952	0.5238139021	24.88969932	74.58648678	0	0	0	-379.253904	0.0003133250639	-178976.39705331	
376.693904	96	1	3	0.9743750553	0.0002992941684	95.58573164	0.0002194932412	4.41404887	0.4953549063	24.89715058	74.60749452	0	0	0	-376.693904	0.0002992941684	-185828.820877831	
374.133904	96	1	3	0.9743823789	0.000285755271	95.6545585	0.0002006329698	4.345240869	0.4681559783	24.90426677	74.62757725	0	0	0	-374.133904	0.000285755271	-192787.903786068	
371.573904	96	1	3	0.9743893666	0.0002727175873	95.72326844	0.000183159476	4.276548396	0.4421723317	24.91106011	74.64676756	0	0	0	-371.573904	0.0002727175873	-200207.257205922	
369.013904	96	1	3	0.9743960309	0.0002601635022	95.79185201	0.0001669904135	4.207980996	0.4173606593	24.91754238	74.66509696	0	0	0	-369.013904	0.0002601635022	-207930.178483138	
366.453904	96	1	3	0.974402384	0.0002480762546	95.86029965	0.000152046894	4.139548306	0.3936790627	24.92372497	74.68259596	0	0	0	-366.453904	0.0002480762546	-215974.946772048	
363.893904	96	1	3	0.9744084378	0.0002364399145	95.92860169	0.0001382534314	4.07126006	0.3710869844	24.92961891	74.6992941	0	0	0	-363.893904	0.0002364399145	-224361.585737796	
361.333904	96	1	3	0.9744142035	0.0002252393257	95.99674836	0.0001255378819	4.003126101	0.3495451453	24.93523486	74.71521999	0	0	0	-361.333904	0.0002252393257	-233111.726685002	
358.773904	96	1	3	0.9744196921	0.0002144600517	96.06472979	0.00011383138	3.935156381	0.3290154859	24.94058314	74.73040137	0	0	0	-358.773904	0.0002144600517	-242248.752905458	
356.213904	96	1	3	0.9744249142	0.0002040883261	96.13253596	0.0001030682712	3.867360973	0.3094611121	24.94567374	74.74486515	0	0	0	-356.213904	0.0002040883261	-251797.968361968	
353.653904	96	1	3	0.9744298801	0.0001941110065	96.20015674	9.318604111E-05	3.799750072	0.2908462442	24.95051635	74.75863741	0	0	0	-353.653904	0.0001941110065	-261786.774230073	
351.093904	96	1	3	0.9744345997	0.0001845155313	96.26758187	8.412524108E-05	3.732334005	0.2731361703	24.95512034	74.77174349	0	0	0	-351.093904	0.0001845155313	-272244.867650983	
348.533904	96	1	3	0.9744390824	0.0001752898797	96.33480094	7.582941195E-05	3.665123234	0.2562972023	24.95949482	74.78420798	0	0	0	-348.533904	0.0001752898797	-283204.477612997	
345.973904	96	1	3	0.9744433377	0.0001664225351	96.40180339	6.824500448E-05	3.598128362	0.2402966356	24.9636486	74.79605477	0	0	0	-345.973904	0.0001664225351	-294700.586699677	
343.413904	96	1	3	0.9744473745	0.0001579024488	96.46857854	6.132129789E-05	3.531360138	0.2251027107	24.96759024	74.80730705	0	0	0	-343.413904	0.0001579024488	-306766.683751735	
340.853904	96	1	3	0.9744512014	0.0001497187807	96.53511552	5.501031589E-05	3.464829473	0.2106846014	24.97132804	74.81798735	0	0	0	-340.853904	0.0001497187807	-319459.422826363	
338.293904	96	1	3	0.9744548269	0.0001418620522	96.60140334	4.926674374E-05	3.398547397	0.1970122888	24.97487007	74.82811764	0	0	0	-338.293904	0.0001418620522	-332811.079043257	
335.733904	96	1	3	0.9744582591	0.0001343216827	96.66743082	4.40478384E-05	3.332525137	0.1840566756	24.97822413	74.83771919	0	0	0	-335.733904	0.0001343216827	-346864.198606235	
333.173904	96	1	3	0.974461506	0.0001270884659	96.73318662	3.931334324E-05	3.26677407	0.1717894584	24.98139782	74.84681273	0	0	0	-333.173904	0.0001270884659	-361686.968568174	
330.613904	96	1	3	0.9744645752	0.0001201532641	96.79865923	3.502539904E-05	3.201305742	0.1601831279	24.98439849	74.85541838	0	0	0	-330.613904	0.0001201532641	-377333.194238032	
328.053904	96	1	3	0.9744674742	0.0001135072467	96.86383699	3.114845503E-05	3.136131866	0.1492109447	24.98723331	74.86355574	0	0	0	-328.053904	0.0001135072467	-393867.584182	
325.493904	96	1	3	0.9744702101	0.0001071418708	96.92870802	2.764917956E-05	3.071264332	0.1388469172	24.98990922	74.87124386	0	0	0	-325.493904	0.0001071418708	-411361.294559277	
322.933904	96	1	3	0.97447279	0.0001010488635	96.9932603	2.449637078E-05	3.006715202	0.1290657814	24.99243295	74.87850127	0	0	0	-322.933904	0.0001010488635	-429892.700086746	
320.373904	96	1	3	0.9744752205	9.522020466E-05	97.05748162	2.16608675E-05	2.942496722	0.1198429813	24.99481105	74.88534596	0	0	0	-320.373904	9.522020466E-05	-449548.306621438	
317.813904	96	1	3	0.9744775084	8.964811182E-05	97.12135957	1.911546049E-05	2.878621313	0.1111546524	24.99704988	74.89179547	0	0	0	-317.813904	8.964811182E-05	-470423.877746319	
315.253904	96	1	3	0.9744796599	8.432502721E-05	97.18488158	1.683480439E-05	2.815101582	0.1029776047	24.99915558	74.89786682	0	0	0	-315.253904	8.432502721E-05	-492625.736717227	
312.693904	96	1	3	0.9744816812	7.924360608E-05	97.24803489	1.479533057E-05	2.751950318	0.09528930822	25.00113415	74.90357655	0	0	0	-312.693904	7.924360608E-05	-516272.328462454	
310.133904	96	1	3	0.9744835784	7.439670722E-05	97.31080653	1.297516098E-05	2.689180495	0.0880678795	25.00299138	74.90894074	0	0	0	-310.133904	7.439670722E-05	-541496.147221678	
307.573904	96	1	3	0.9744853571	6.977738576E-05	97.37318337	1.135402338E-05	2.626805272	0.08129206858	25.0047329	74.91397503	0	0	0	-307.573904	6.977738576E-05	-568446.099256651	
305.013904	96	1	3	0.974487023	6.537888831E-05	97.4351521	9.913167933E-06	2.56483799	0.07494124749	25.00636416	74.91869459	0	0	0	-305.013904	6.537888831E-05	-597290.483715592	
302.453904	96	1	3	0.9744885815	6.119465129E-05	97.49669919	8.635285486E-06	2.503292177	0.06899539947	25.00789045	74.92311415	0	0	0	-302.453904	6.119465129E-05	-520801.148518389	
300	96	1	3	0.9744899795	5.474586889E-05	97.55528704	7.548568351E-06	2.444705408	0.06365813554	25.00925961	74.92708226	0	0	0	-300	5.474586889E-05	-240242.982851286	
