T	w(AL)	w(MG)	w(SI)	fs	fw(@FCC_A1)	w(AL@FCC_A1)	w(MG@FCC_A1)	w(SI@FCC_A1)	w(AL@LIQUID#1)	w(MG@LIQUID#1)	w(SI@LIQUID#1)	w(AL@LIQUID#2)	w(MG@LIQUID#2)	w(SI@LIQUID#2)	dwdT_L(AL@LIQUID#1)	dwdT_L(MG@LIQUID#1)	dwdT_L(SI@LIQUID#1)	dwdT_L(AL@LIQUID#2)	dwdT_L(MG@LIQUID#2)	dwdT_L(SI@LIQUID#2)	-T	fw(@FCC_A1)_1	-T//fw(@FCC_A1)	
K	%	%	%	mole/mole	kg/kg	%	%	%	%	%	%	%	%	%	SI	SI	SI	SI	SI	SI				
892.8113714	93	1	6	0	0	99.08350187	0.2282221295	0.6882759985	93	1	6				0.00165975416	-0.0002105626927	-0.001449191467				-892.8113714	0	18.2383882320939	
892.8013714	93	1	6	0.0002732633054	0.0002729148806	99.08329954	0.2282495253	0.6884509334	92.99834029	1.000210573	6.001449134				0	0	0				-892.8013714	0.0002729148806	55.0445341062266	
892.7813714	93	1	6	0.0008191300667	0.0005453402595	99.08289492	0.2283042476	0.6888008303	92.99502083	1.000631691	6.004347484				0	0	0				-892.7813714	0.0005453402595	73.4450281367278	
892.7413714	93	1	6	0.001909196835	0.001089514927	99.08208574	0.2284136229	0.6895006399	92.98838237	1.001473871	6.010143754				0	0	0				-892.7413714	0.001089514927	73.5737859301859	
892.6613714	93	1	6	0.004082801649	0.00217485875	99.08046762	0.2286320088	0.6909003669	92.97510699	1.003158036	6.021734976				0	0	0				-892.6613714	0.00217485875	73.8513612314003	
892.5013714	93	1	6	0.008404065759	0.004333120428	99.07723254	0.2290672228	0.6937002367	92.94856227	1.006525588	6.044912137				0	0	0				-892.5013714	0.004333120428	74.464794577048	
892.1813714	93	1	6	0.01693554906	0.008593071404	99.07076695	0.2299313285	0.6993017258	92.89549764	1.013256772	6.09124559				0	0	0				-892.1813714	0.008593071404	75.7228377060467	
891.5413714	93	1	6	0.03358509636	0.01691513913	99.05785353	0.2316348757	0.7105115984	92.78946624	1.02670559	6.183828173				0	0	0				-891.5413714	0.01691513913	78.1770761233412	
890.2613714	93	1	6	0.06531873921	0.03279478189	99.03209597	0.2349451311	0.7329588981	92.5777934	1.053552245	6.368654355				0	0	0				-890.2613714	0.03279478189	83.3180039632718	
887.7013714	93	1	6	0.123153915	0.06179656407	98.98084406	0.2411914889	0.7779644499	92.15600548	1.107064382	6.736930135				0	0	0				-887.7013714	0.06179656407	-853.86932932286	
885.1413714	93	1	6	0.1743843034	0.05834527698	98.92992008	0.2469586464	0.8231212705	91.73629136	1.160356835	7.103351802				0	0	0				-885.1413714	0.05834527698	-785.258937403221	
882.5813714	93	1	6	0.2200575755	0.05524000261	98.87929736	0.2522685325	0.8684341101	91.31864078	1.213452633	7.467906584				0	0	0				-882.5813714	0.05524000261	-870.849004933273	
880.0213714	93	1	6	0.2610165782	0.05243543469	98.82895096	0.2571415491	0.9139074899	90.90304241	1.266372063	7.83058553				0	0	0				-880.0213714	0.05243543469	-961.626111349009	
877.4613714	93	1	6	0.297943732	0.04989053761	98.77885715	0.2615967381	0.9595461091	90.48948104	1.319133113	8.191385844				0	0	0				-877.4613714	0.04989053761	-1057.16142658293	
874.9013714	93	1	6	0.3313971946	0.04757137036	98.72899332	0.2656519384	1.005354738	90.07793857	1.371751792	8.550309642				0	0	0				-874.9013714	0.04757137036	-1157.49675836176	
872.3413714	93	1	6	0.3618377462	0.04544967227	98.67933788	0.2693239269	1.051338195	89.66839417	1.424242455	8.907363374				0	0	0				-872.3413714	0.04544967227	-1262.68818424018	
869.7813714	93	1	6	0.3896490102	0.04350172062	98.62987013	0.2726285361	1.097501335	89.2608246	1.476618067	9.262557328				0	0	0				-869.7813714	0.04350172062	-1372.79503107701	
867.2213714	93	1	6	0.4151528551	0.04170745336	98.58057021	0.2755807528	1.143849033	88.85520439	1.528890418	9.61590519				0	0	0				-867.2213714	0.04170745336	-1487.87979458089	
864.6613714	93	1	6	0.4386212626	0.04004978795	98.53141902	0.2781948026	1.190386177	88.45150604	1.581070302	9.96742366				0	0	0				-864.6613714	0.04004978795	-1608.00809013628	
862.1013714	93	1	6	0.4602855711	0.03851408696	98.48239812	0.2804842216	1.237117662	88.04970022	1.633167668	10.31713211				0	0	0				-862.1013714	0.03851408696	-1733.24859920555	
859.5413714	93	1	6	0.4803437451	0.03708773481	98.4334897	0.2824619189	1.284048383	87.64975598	1.685191737	10.66505228				0	0	0				-859.5413714	0.03708773481	-1863.67304759782	
856.9813714	93	1	6	0.4989661444	0.03575979961	98.38467653	0.2841402305	1.331183237	87.25164087	1.737151113	11.01120801				0	0	0				-856.9813714	0.03575979961	-1999.35618721379	
854.4213714	93	1	6	0.5163001419	0.03452076074	98.33594192	0.2855309663	1.378527114	86.85532112	1.789053866	11.35562501				0	0	0				-854.4213714	0.03452076074	-2140.37579118563	
851.8613714	93	1	6	0.5324738481	0.03336228775	98.28726965	0.286645452	1.426084901	86.46076177	1.840907606	11.69833062				0	0	0				-851.8613714	0.03336228775	-2286.81266669526	
849.3013714	93	1	6	0.5475991368	0.03227705962	98.23864395	0.2874945655	1.473861481	86.06792682	1.892719547	12.03935363				0	0	0				-849.3013714	0.03227705962	-2438.75076550284	
846.7413714	93	1	6	0.5617741209	0.03125861611	98.1900495	0.2880887698	1.521861731	85.67677932	1.944496561	12.37872412				0	0	0				-846.7413714	0.03125861611	-2596.27720474618	
844.1813714	93	1	6	0.5750851901	0.03030123459	98.14147133	0.2884381416	1.570090527	85.28728151	1.996245223	12.71647327				0	0	0				-844.1813714	0.03030123459	-2759.48229468959	
841.6213714	93	1	6	0.5876086987	0.02939982751	98.09289486	0.2885523978	1.618552741	84.89939489	2.047971851	13.05263326				0	0	0				-841.6213714	0.02939982751	-2928.45977718008	
839.0613714	93	1	6	0.5994123716	0.0285498566	98.04430584	0.2884409189	1.667253245	84.51308035	2.099682539	13.38723711				0	0	0				-839.0613714	0.0285498566	-3103.30687803222	
836.5013714	93	1	6	0.6105564805	0.02774726056	97.99569032	0.2881127698	1.716196912	84.12829821	2.151383188	13.7203186				0	0	0				-836.5013714	0.02774726056	-3284.12453326594	
833.9413714	93	1	6	0.6210948348	0.02698839401	97.94703466	0.2875767192	1.765388619	83.74500833	2.203079532	14.05191214				0	0	0				-833.9413714	0.02698839401	-3471.01748563148	
831.3813714	93	1	6	0.6310756185	0.02626997549	97.8983255	0.2868412571	1.814833247	83.36317016	2.25477716	14.38205268				0	0	0				-831.3813714	0.02626997549	-3664.09452010833	
828.8213714	93	1	6	0.6405421014	0.0255890432	97.8495497	0.2859146102	1.864535688	82.9827428	2.306481534	14.71077567				0	0	0				-828.8213714	0.0255890432	-3865.19719454858	
826.2613714	93	1	6	0.6495334258	0.02494345234	97.80069323	0.2848048288	1.914501938	82.60367836	2.358199125	15.03812252				0	0	0				-826.2613714	0.02494345234	-4069.14091576738	
823.7013714	93	1	6	0.6580844109	0.0243292311	97.75174582	0.2835195315	1.964734644	82.22594896	2.409933138	15.3641179				0	0	0				-823.7013714	0.0243292311	-4280.00358520768	
821.1413714	93	1	6	0.6662270549	0.02374562745	97.70269381	0.2820662872	2.015239903	81.8495061	2.461689694	15.68880421				0	0	0				-821.1413714	0.02374562745	-4500.45661195147	
818.5813714	93	1	6	0.6739902317	0.02319017784	97.65352493	0.2804524031	2.066022663	81.47430797	2.513473913	16.01221812				0	0	0				-818.5813714	0.02319017784	-4726.25449642395	
816.0213714	93	1	6	0.6814001899	0.02266104119	97.60422713	0.2786849834	2.11708789	81.10031265	2.565290858	16.3343965				0	0	0				-816.0213714	0.02266104119	-4958.98503833713	
813.4613714	93	1	6	0.6884808431	0.02215653531	97.55478849	0.2767709398	2.16844057	80.7274781	2.617145546	16.65537635				0	0	0				-813.4613714	0.02215653531	-5198.80177635019	
810.9013714	93	1	6	0.6952540217	0.02167511807	97.50519728	0.2747169995	2.220085719	80.35576222	2.669042959	16.97519482				0	0	0				-810.9013714	0.02167511807	-5445.85652067392	
808.3413714	93	1	6	0.7017396934	0.02121537339	97.45544191	0.272529713	2.272028378	79.98512285	2.72098805	17.2938891				0	0	0				-808.3413714	0.02121537339	-5700.31009271304	
805.7813714	93	1	6	0.7079561564	0.0207759988	97.40551092	0.2702154619	2.324273621	79.61551777	2.772985753	17.61149647				0	0	0				-805.7813714	0.0207759988	-5962.33144555116	
803.2213714	93	1	6	0.7139202087	0.02035579428	97.35539298	0.267780465	2.376826554	79.24690474	2.82504099	17.92805427				0	0	0				-803.2213714	0.02035579428	-6232.09858211471	
800.6613714	93	1	6	0.7196472981	0.01995365257	97.30507689	0.2652307852	2.429692321	78.8792415	2.877158677	18.24359982				0	0	0				-800.6613714	0.01995365257	-6509.79907288145	
798.1013714	93	1	6	0.7251516541	0.01956855039	97.25455156	0.2625723343	2.482876103	78.51248576	2.929343728	18.55817051				0	0	0				-798.1013714	0.01956855039	-6795.63095205982	
795.5413714	93	1	6	0.7304464048	0.0191995408	97.20380599	0.2598108793	2.536383126	78.14659525	2.981601066	18.87180368				0	0	0				-795.5413714	0.0191995408	-7089.80380586985	
792.9813714	93	1	6	0.7355436809	0.01884574627	97.1528293	0.2569520465	2.590218657	77.78152766	3.033935626	19.18453671				0	0	0				-792.9813714	0.01884574627	-7392.53943046978	
790.4213714	93	1	6	0.7404547077	0.01850635256	97.10161066	0.2540013263	2.644388012	77.41724068	3.08635236	19.49640696				0	0	0				-790.4213714	0.01850635256	-7704.07305649318	
787.8613714	93	1	6	0.7451898882	0.0181806032	97.05013936	0.2509640774	2.698896559	77.05369199	3.138856244	19.80745177				0	0	0				-787.8613714	0.0181806032	-8024.6547282957	
785.3013714	93	1	6	0.7497588759	0.01786779459	96.99840475	0.2478455308	2.753749715	76.69083924	3.191452282	20.11770848				0	0	0				-785.3013714	0.01786779459	-8354.55060181821	
782.7413714	93	1	6	0.754170641	0.01756727155	96.94639625	0.2446507927	2.808952956	76.32864005	3.244145513	20.42721444				0	0	0				-782.7413714	0.01756727155	-8694.04420389272	
780.1813714	93	1	6	0.7584335297	0.01727842334	96.89410334	0.2413848486	2.864511816	75.96705201	3.296941013	20.73600697				0	0	0				-780.1813714	0.01727842334	-9043.43802607172	
777.6213714	93	1	6	0.7625553168	0.01700068005	96.84151554	0.2380525658	2.92043189	75.60603266	3.349843905	21.04412344				0	0	0				-777.6213714	0.01700068005	-9403.05588724376	
775.0613714	93	1	6	0.7665432539	0.01673350939	96.78862247	0.2346586963	2.976718838	75.24553946	3.402859359	21.35160119				0	0	0				-775.0613714	0.01673350939	-9773.24420324882	
772.5013714	93	1	6	0.7704041127	0.0164764137	96.73541373	0.2312078797	3.033378388	74.88552979	3.4559926	21.65847761				0	0	0				-772.5013714	0.0164764137	-10154.3744427132	
769.9413714	93	1	6	0.7741442232	0.01622892733	96.68187902	0.2277046449	3.09041634	74.52596095	3.509248912	21.96479014				0	0	0				-769.9413714	0.01622892733	-10546.8461369667	
767.3813714	93	1	6	0.7777695098	0.01599061421	96.62800802	0.224153413	3.147838566	74.16679011	3.562633647	22.27057624				0	0	0				-767.3813714	0.01599061421	-10951.0890959036	
764.8213714	93	1	6	0.7812855227	0.01576106566	96.57379048	0.220558499	3.205651017	73.8079743	3.616152225	22.57587347				0	0	0				-764.8213714	0.01576106566	-11367.5658629278	
762.2613714	93	1	6	0.7846974672	0.01553989836	96.51921616	0.2169241136	3.263859724	73.44947039	3.669810142	22.88071947				0	0	0				-762.2613714	0.01553989836	-11796.7766256204	
759.7013714	93	1	6	0.7880102298	0.01532675259	96.46427483	0.213254365	3.322470802	73.09123507	3.723612976	23.18515195				0	0	0				-759.7013714	0.01532675259	-12239.2621371285	
757.1413714	93	1	6	0.7912284026	0.01512129051	96.40895628	0.2095532606	3.381490456	72.73322481	3.777566392	23.48920879				0	0	0				-757.1413714	0.01512129051	-12695.6083969069	
754.5813714	93	1	6	0.7943563047	0.0149231947	96.35325031	0.2058247084	3.44092498	72.37539586	3.831676152	23.79292799				0	0	0				-754.5813714	0.0149231947	-13166.4508633483	
752.0213714	93	1	6	0.7973980026	0.01473216671	96.29714672	0.2020725181	3.500780766	72.01770417	3.885948112	24.09634772				0	0	0				-752.0213714	0.01473216671	-13652.4808779667	
749.4613714	93	1	6	0.8003573284	0.01454792586	96.24063529	0.1983004027	3.561064302	71.66010543	3.940388239	24.39950633				0	0	0				-749.4613714	0.01454792586	-14154.4515531086	
746.9013714	93	1	6	0.8032378963	0.01437020802	96.18370584	0.1945119794	3.621782184	71.30255497	3.995002611	24.70244242				0	0	0				-746.9013714	0.01437020802	-14673.1841183029	
744.3413714	93	1	6	0.8060431182	0.01419876458	96.12634812	0.190710771	3.682941113	70.94500776	4.049797426	25.00519481				0	0	0				-744.3413714	0.01419876458	-15209.5777630072	
741.7813714	93	1	6	0.8087762176	0.01403336147	96.06855189	0.1869002063	3.744547903	70.58741839	4.104779009	25.3078026				0	0	0				-741.7813714	0.01403336147	-15764.6170058145	
739.2213714	93	1	6	0.8114402426	0.01387377825	96.01030689	0.1830836215	3.806609485	70.22974097	4.159953821	25.61030521				0	0	0				-739.2213714	0.01387377825	-16339.3823327739	
736.6613714	93	1	6	0.8140380778	0.01371980729	95.95160282	0.1792642609	3.869132915	69.87192917	4.215328465	25.91274237				0	0	0				-736.6613714	0.01371980729	-16935.0636860461	
734.1013714	93	1	6	0.8165724554	0.01357125303	95.89242935	0.1754452775	3.932125373	69.5139361	4.270909694	26.21515421				0	0	0				-734.1013714	0.01357125303	-17552.9733836413	
731.5413714	93	1	6	0.8190459648	0.01342793127	95.83277609	0.171629734	3.995594173	69.15571433	4.326704423	26.51758125				0	0	0				-731.5413714	0.01342793127	-18194.5625241236	
728.9813714	93	1	6	0.8214610626	0.01328966855	95.77263263	0.1678206033	4.059546768	68.7972158	4.382719734	26.82006447				0	0	0				-728.9813714	0.01328966855	-18861.4379423519	
726.4213714	93	1	6	0.8238200808	0.01315630153	95.71198847	0.1640207692	4.123990756	68.43839179	4.438962889	27.12264532				0	0	0				-726.4213714	0.01315630153	-19555.3854486903	
723.8613714	93	1	6	0.8261252349	0.01302767649	95.65083309	0.1602330269	4.188933887	68.07919285	4.495441338	27.42536581				0	0	0				-723.8613714	0.01302767649	-20278.3967646613	
721.3013714	93	1	6	0.8283786311	0.01290364883	95.58915585	0.1564600839	4.254384066	67.71956877	4.55216273	27.7282685				0	0	0				-721.3013714	0.01290364883	-21032.6952881698	
718.7413714	93	1	6	0.8305822736	0.0127840826	95.52694607	0.1527045601	4.320349366	67.3594685	4.609134926	28.03139658				0	0	0				-718.7413714	0.0127840826	-21820.7733523792	
716.1813714	93	1	6	0.8327380704	0.01266885011	95.46419298	0.1489689883	4.386838031	66.9988401	4.666366008	28.3347939				0	0	0				-716.1813714	0.01266885011	-22645.4326396942	
713.6213714	93	1	6	0.8348478397	0.01255783153	95.4008857	0.1452558154	4.453858488	66.63763066	4.723864296	28.63850505				0	0	0				-713.6213714	0.01255783153	-23509.8338926418	
711.0613714	93	1	6	0.8369133149	0.01245091457	95.33701325	0.1415674021	4.521419351	66.27578625	4.781638356	28.94257539				0	0	0				-711.0613714	0.01245091457	-24417.5542208059	
708.5013714	93	1	6	0.8389361501	0.01234799414	95.27256454	0.1379060237	4.589529433	65.91325184	4.839697018	29.24705114				0	0	0				-708.5013714	0.01234799414	-25372.6633320323	
705.9413714	93	1	6	0.8409179249	0.01224897213	95.20752837	0.1342738705	4.658197758	65.54997121	4.898049389	29.5519794				0	0	0				-705.9413714	0.01224897213	-26379.8002639935	
703.3813714	93	1	6	0.8428601484	0.01215375707	95.14189339	0.1306730485	4.727433564	65.18588689	4.956704871	29.85740824				0	0	0				-703.3813714	0.01215375707	-27444.279297264	
700.8213714	93	1	6	0.8447642639	0.01206226397	95.0756481	0.1271055796	4.797246324	64.82094004	5.015673177	30.16338678				0	0	0				-700.8213714	0.01206226397	-28572.2256635702	
698.2613714	93	1	6	0.8466316523	0.01197441411	95.00878085	0.1235734021	4.867645748	64.45507039	5.074964348	30.46996526				0	0	0				-698.2613714	0.01197441411	-29770.7220764426	
695.7013714	93	1	6	0.8484636362	0.01189013485	94.94127982	0.1200783714	4.938641804	64.08821612	5.134588774	30.77719511				0	0	0				-695.7013714	0.01189013485	-31048.0018907246	
693.1413714	93	1	6	0.8502614828	0.01180935947	94.87313301	0.1166222602	5.010244726	63.72031377	5.194557213	31.08512902				0	0	0				-693.1413714	0.01180935947	-32413.7154633424	
690.5813714	93	1	6	0.8520264077	0.01173202714	94.80432821	0.1132067592	5.082465031	63.35129811	5.254880815	31.39382108				0	0	0				-690.5813714	0.01173202714	-33879.2043132377	
688.0213714	93	1	6	0.8537595772	0.01165808265	94.73485299	0.1098334777	5.155313536	62.98110202	5.315571146	31.70332684				0	0	0				-688.0213714	0.01165808265	-35457.9192265312	
685.4613714	93	1	6	0.8554621119	0.01158747651	94.66469468	0.1065039438	5.228801372	62.60965638	5.376640209	32.01370341				0	0	0				-685.4613714	0.01158747651	-37165.9339827438	
682.9013714	93	1	6	0.8571350887	0.01152016479	94.59384039	0.1032196053	5.302940004	62.23688993	5.438100475	32.3250096				0	0	0				-682.9013714	0.01152016479	-39022.5847706698	
680.3413714	93	1	6	0.8587795435	0.01145610913	94.52227692	0.09998183005	5.377741251	61.86272908	5.499964914	32.63730601				0	0	0				-680.3413714	0.01145610913	-41051.3667865161	
677.7813714	93	1	6	0.8603964741	0.01139527673	94.44999079	0.09679190684	5.453217305	61.4870978	5.562247019	32.95065518				0	0	0				-677.7813714	0.01139527673	-43281.1237748821	
675.2213714	93	1	6	0.8619868415	0.01133764043	94.37696819	0.0936510457	5.52938076	61.10991742	5.624960852	33.26512173				0	0	0				-675.2213714	0.01133764043	-45747.4966319133	
672.6613714	93	1	6	0.8635515729	0.01128317841	94.30319499	0.09056037879	5.60624463	60.73110645	5.688121069	33.58077248				0	0	0				-672.6613714	0.01128317841	-48495.3154667859	
670.1013714	93	1	6	0.8650915633	0.01123187476	94.22865666	0.08752096098	5.683822376	60.35058042	5.751742963	33.89767662				0	0	0				-670.1013714	0.01123187476	-51581.9576899096	
667.5413714	93	1	6	0.8666076773	0.01118371974	94.15333829	0.08453377059	5.762127941	59.96825159	5.815842504	34.2159059				0	0	0				-667.5413714	0.01118371974	-55081.3952111719	
664.9813714	93	1	6	0.8681007514	0.01113870937	94.07722451	0.08159971017	5.841175778	59.58402879	5.880436392	34.53553482				0	0	0				-664.9813714	0.01113870937	-59090.8311271774	
662.4213714	93	1	6	0.8695715954	0.0110968458	94.0002995	0.07871960726	5.920980888	59.19781709	5.9455421	34.85664081				0	0	0				-662.4213714	0.0110968458	-63741.0381585059	
659.8613714	93	1	6	0.8710209944	0.01105813759	93.92254693	0.07589421526	6.001558856	58.80951761	6.011177934	35.17930446				0	0	0				-659.8613714	0.01105813759	-69212.0434489198	
657.3013714	93	1	6	0.87244971	0.01102259994	93.84394989	0.07312421422	6.082925891	58.41902715	6.077363089	35.50360976				0	0	0				-657.3013714	0.01102259994	-75758.8035430575	
654.7413714	93	1	6	0.8738584823	0.01099025502	93.76449091	0.07041021182	6.165098874	58.02623792	6.144117714	35.82964437				0	0	0				-654.7413714	0.01099025502	-83754.9281026801	
652.1813714	93	1	6	0.8752480314	0.01096113231	93.68415185	0.06775274422	6.248095409	57.63103713	6.211462984	36.15749988				0	0	0				-652.1813714	0.01096113231	-93771.2896992722	
649.6213714	93	1	6	0.8766190585	0.01093526902	93.60291385	0.06515227711	6.331933871	57.23330666	6.279421174	36.48727217				0	0	0				-649.6213714	0.01093526902	-107871.045911277	
647.0613714	93	1	6	0.8779722733	0.01091310251	93.52075928	0.0626092106	6.416631511	56.83292852	6.348014461	36.81905702				0	0	0				-647.0613714	0.01091310251	-125755.073236578	
644.5013714	93	1	6	0.8793083383	0.0108940783	93.43766379	0.06012386171	6.502212349	56.42976145	6.417269722	37.15296883				0	0	0				-644.5013714	0.0108940783	-149923.471451738	
641.9413714	93	1	6	0.8806278902	0.01087833716	93.35360796	0.05769649751	6.588695538	56.02367375	6.487212177	37.48911407				0	0	0				-641.9413714	0.01087833716	-188789.395724137	
639.3813714	93	1	6	0.8819315705	0.01086609605	93.26856946	0.05532731213	6.676103227	55.61452116	6.55786944	37.8276094				0	0	0				-639.3813714	0.01086609605	-259872.936766598	
636.8213714	93	1	6	0.8832200095	0.01085744018	93.18252486	0.05301643464	6.764458709	55.20215146	6.629270741	38.1685778				0	0	0				-636.8213714	0.01085744018	-434829.377689453	
634.2613714	93	1	6	0.8844938275	0.01085246678	93.09544954	0.05076393022	6.853786527	54.78640376	6.701447069	38.51214917				0	0	0				-634.2613714	0.01085246678	-1851114.13338085	
631.7013714	93	1	6	0.8857536365	0.01085128616	93.00731762	0.04856980145	6.944112579	54.36710777	6.77443132	38.85846091				0	0	0				-631.7013714	0.01085128616	-4522954.70206091	
629.1413714	93	1	6	0.8870000414	0.01085402302	92.91810176	0.04643398957	7.035464246	53.9440829	6.848258474	39.20765863				0	0	0				-629.1413714	0.01085402302	774980.039471494	
626.5813714	93	1	6	0.8882336417	0.01086081789	92.8277731	0.04435637579	7.127870527	53.51713733	6.922965782	39.55989689				0	0	0				-626.5813714	0.01086081789	321704.318065853	
624.0213714	93	1	6	0.8894550334	0.01087182882	92.73630102	0.04233678265	7.221362202	53.08606692	6.998592979	39.9153401				0	0	0				-624.0213714	0.01087182882	204855.180638916	
621.4613714	93	1	6	0.8906648103	0.01088723337	92.64365303	0.04037497539	7.315971998	52.65065404	7.075182524	40.27416343				0	0	0				-621.4613714	0.01088723337	149576.29816287	
618.9013714	93	1	6	0.8918635662	0.01090723086	92.54979454	0.03847066341	7.411734794	52.21066619	7.152779871	40.63655394				0	0	0				-618.9013714	0.01090723086	116927.029186487	
616.3413714	93	1	6	0.8930518964	0.01093204498	92.45468865	0.03662350165	7.508687843	51.76585446	7.231433773	41.00271177				0	0	0				-616.3413714	0.01093204498	95229.3148300159	
613.7813714	93	1	6	0.8942304005	0.01096192694	92.35829588	0.03483309212	7.606871025	51.31595185	7.311196624	41.37285153				0	0	0				-613.7813714	0.01096192694	79700.2460221764	
611.2213714	93	1	6	0.8953996839	0.01099715896	92.26057388	0.03309898538	7.706327136	50.86067125	7.392124856	41.7472039				0	0	0				-611.2213714	0.01099715896	68001.5172573464	
608.6613714	93	1	6	0.896560361	0.01103805857	92.1614771	0.03142068206	7.807102221	50.39970322	7.474279386	42.1260174				0	0	0				-608.6613714	0.01103805857	58849.4498955087	
606.1013714	93	1	6	0.8977130576	0.0110849835	92.06095641	0.0297976344	7.909245957	49.93271341	7.557726124	42.50956046				0	0	0				-606.1013714	0.0110849835	51479.0017757754	
603.5413714	93	1	6	0.8988584144	0.01113833761	91.95895867	0.02822924779	8.012812083	49.45933963	7.642536571	42.8981238				0	0	0				-603.5413714	0.01113833761	45405.1392210321	
600.9813714	93	1	6	0.89999709	0.0111985779	91.8554262	0.02671488234	8.117858915	48.97918836	7.728788497	43.29202315				0	0	0				-600.9813714	0.0111985779	40305.2313187283	
598.4213714	93	1	6	0.9011297656	0.01126622288	91.75029621	0.02525385444	8.224449932	48.49183084	7.816566734	43.69160243				0	0	0				-598.4213714	0.01126622288	35956.2208663952	
595.8613714	93	1	6	0.9022571491	0.01134186269	91.6435001	0.0238454383	8.332654466	47.99679841	7.9059641	44.09723749				0	0	0				-595.8613714	0.01134186269	32198.9109736821	
593.3013714	93	1	6	0.9033799804	0.01142617139	91.53496262	0.02248886751	8.44254851	47.49357708	7.997082486	44.50934044				0	0	0				-593.3013714	0.01142617139	28916.636052059	
590.7413714	93	1	6	0.9044990383	0.01151992192	91.42460099	0.02118333649	8.554215678	46.9816011	8.090034135	44.92836477				0	0	0				-590.7413714	0.01151992192	26021.9690658698	
588.1813714	93	1	6	0.9056151468	0.01162400448	91.31232366	0.01992800201	8.667748335	46.46024535	8.184943156	45.35481149				0	0	0				-588.1813714	0.01162400448	23448.1124872239	
585.6213714	93	1	6	0.9067291846	0.01173944944	91.19802905	0.01872198455	8.783248963	45.92881626	8.281947344	45.78923639				0	0	0				-585.6213714	0.01173944944	21143.1681226951	
583.0613714	93	1	6	0.907842095	0.01186745593	91.08160383	0.01756436959	8.900831797	45.38654083	8.381200355	46.23225882				0	0	0				-583.0613714	0.01186745593	19066.2390255315	
580.5013714	93	1	6	0.9089548985	0.01200942789	90.96292098	0.01645420883	9.020624815	44.83255336	8.482874337	46.6845723				0	0	0				-580.5013714	0.01200942789	17184.5826360216	
577.9413714	93	1	6	0.9100687083	0.01216702245	90.84183732	0.01539052123	9.142772163	44.26587921	8.587163202	47.14695759				0	0	0				-577.9413714	0.01216702245	15471.9796308525	
575.3813714	93	1	6	0.9111847487	0.01234220204	90.71819039	0.01437229277	9.26743732	43.68541516	8.694286394	47.62029844				0	0	0				-575.3813714	0.01234220204	13906.5524353144	
572.8213714	93	1	6	0.9123043801	0.01253733913	90.59179515	0.01339848047	9.394806368	43.08990381	8.804494026	48.10560216				0	0	0				-572.8213714	0.01253733913	12470.3038717348	
570.2613714	93	1	6	0.9134291277	0.01275528958	90.46243858	0.01246800747	9.52509341	42.47790377	8.918072555	48.60402367				0	0	0				-570.2613714	0.01275528958	11148.4965516214	
567.7013714	93	1	6	0.9145607224	0.01299958774	90.32987398	0.01157976555	9.658546256	41.84775055	9.035352108	49.11689734				0	0	0				-567.7013714	0.01299958774	9960.61362338977	
565.1413714	93	1	6	0.9157010268	0.01327246256	90.19381266	0.01073262257	9.795454719	41.19744817	9.156742169	49.64580966				0	0	0				-565.1413714	0.01327246256	8859.16713056565	
562.5813714	93	1	6	0.9168523856	0.01358215543	90.0539176	0.009925399513	9.936156996	40.52473522	9.28268622	50.19257856				0	0	0				-562.5813714	0.01358215543	7800.48295742437	
560.0213714	93	1	6	0.9180174797	0.0139342413	89.90978152	0.00915688034	10.0810616	39.82686817	9.413731738	50.7594001				0	0	0				-560.0213714	0.0139342413	6842.91890810469	
557.4613714	93	1	6	0.9191994912	0.01433719799	89.76091461	0.008425806604	10.23065958	39.10054191	9.550538453	51.34891963				0	0	0				-557.4613714	0.01433719799	5958.87001492134	
554.9013714	93	1	6	0.9204022747	0.01480232387	89.60671646	0.007730865956	10.38555267	38.34171163	9.693913255	51.96437512				0	0	0				-554.9013714	0.01480232387	5143.60536890311	
552.3413714	93	1	6	0.9216305649	0.01534425696	89.44643884	0.007070679457	10.54649048	37.54532045	9.844869335	52.60981021				0	0	0				-552.3413714	0.01534425696	4391.78747263928	
549.7813714	93	1	6	0.9228903677	0.01598431748	89.27912979	0.006443776056	10.71442643	36.70498927	10.00467342	53.29033731				0	0	0				-549.7813714	0.01598431748	4377.73769362352	
548.5013714	93	1	6	0.9235334457	0.008292164832	89.19246176	0.006142304075	10.80139593	36.26613356	10.08826953	53.64559691				0	0	0				-548.5013714	0.008292164832	6231.01009744722	
547.2213714	93	1	6	0.9241874256	0.008503553306	89.10354371	0.005848547221	10.89060774	35.81305644	10.17470867	54.01223489				0	0	0				-547.2213714	0.008503553306	5784.39855611906	
545.9413714	93	1	6	0.9248536334	0.008736897101	89.01215441	0.00556227872	10.98228331	35.34428274	10.26428294	54.39143432				0	0	0				-545.9413714	0.008736897101	7272.47042556641	
544.6613714	93	1	6	0.9255182786	0.008888652129	88.92137181	0.00528981649	11.07333837	34.78980663	10.38874108	54.82145229				0	0	0				-544.6613714	0.008888652129	7352.011758153	
543.3813714	93	1	6	0.9262446895	0.009697329477	88.820462	0.005010362397	11.17452763	34.26078576	10.49041069	55.24880355				0	0	0				-543.3813714	0.009697329477	-87720.3124440954	
542.1013714	93	1	6	0.9269629606	0.009682459274	88.71943894	0.004744185981	11.27581688	33.72841911	10.59289746	55.67868343				0	0	0				-542.1013714	0.009682459274	-89654.2285678059	
540.8213714	93	1	6	0.9277026404	0.01006903495	88.61446682	0.004484327689	11.38104885	33.17010401	10.70061679	56.1292792				0	0	0				-540.8213714	0.01006903495	3608.41661112798	
540.1813714	93	1	6	0.9280812074	0.005205814578	88.56032529	0.004356652762	11.43531806	32.88024264	10.75659151	56.36316585				0	0	0				-540.1813714	0.005205814578	-68.9336204526568	
540.1613714	93	1	6	0.9280930896	0.0001640787373	88.55861716	0.00435269105	11.43703015	32.87120573	10.75831097	56.3704833				0	0	0				-540.1613714	0.0001640787373	-4.76674574727227	
540.1413714	93	1	6	0.9305480461	0.03394240203	88.47267266	0.004156922619	11.52317042	42.22185288	6.911462675	50.86668444	14.34613206	17.32939517	68.32447276	0	0	0	0	0	0	-540.1413714	0.03394240203	-788.830894824926	
540.1213714	93	1	6	0.9305630537	0.0002147867476	88.47098394	0.004152996367	11.52486307	42.23021205	6.906427224	50.86336072	14.33567891	17.33060718	68.33371392	0	0	0	0	0	0	-540.1213714	0.0002147867476	187.560367375896	
540.0813714	93	1	6	0.9305930518	0.0004294216243	88.46760678	0.004145154061	11.52824807	42.24688888	6.896375217	50.85673591	14.31481731	17.33301549	68.3521672	0	0	0	0	0	0	-540.0813714	0.0004294216243	186.429597341201	
540.0013714	93	1	6	0.9306529795	0.0008582320111	88.46085365	0.004129510166	11.53501684	42.28007758	6.876346316	50.84357611	14.27327191	17.33776976	68.38895833	0	0	0	0	0	0	-540.0013714	0.0008582320111	186.694856777518	
539.8413714	93	1	6	0.9307725618	0.001714035902	88.44735211	0.004098384629	11.54854951	42.34580305	6.836585601	50.81761135	14.19088378	17.34703223	68.462084	0	0	0	0	0	0	-539.8413714	0.001714035902	187.223672003536	
539.5213714	93	1	6	0.9310106416	0.003418417888	88.42036773	0.004036777863	11.57559549	42.47470828	6.758226206	50.76706551	14.02885222	17.36459898	68.6065488	0	0	0	0	0	0	-539.5213714	0.003418417888	188.279798345333	
538.8813714	93	1	6	0.9314825232	0.006798796302	88.36647287	0.003916104128	11.62961103	42.72280223	6.605957089	50.67124068	13.71527059	17.39609609	68.88863332	0	0	0	0	0	0	-538.8813714	0.006798796302	190.380393005971	
537.6013714	93	1	6	0.9324096445	0.01344983351	88.25897082	0.003684622361	11.73734455	43.18344443	6.317798644	50.49875692	13.12648077	17.4459435	69.42757574	0	0	0	0	0	0	-537.6013714	0.01344983351	194.532687959618	
535.0413714	93	1	6	0.9342008834	0.02634217733	88.04505591	0.003258867933	11.95168522	43.98399582	5.797762948	50.21824124	12.07931262	17.50208778	70.4185996	0	0	0	0	0	0	-535.0413714	0.02634217733	-5094.45931959211	
532.4813714	93	1	6	0.9359100539	0.02581748433	87.83247973	0.002878686643	12.16464158	44.65426976	5.33939713	50.00633311	11.17274342	17.51306991	71.31418666	0	0	0	0	0	0	-532.4813714	0.02581748433	-5159.22673127648	
529.9213714	93	1	6	0.9375444532	0.02534444625	87.62111182	0.002539601042	12.37634858	45.22077319	4.930989787	49.84823703	10.37780165	17.48996252	72.13223583	0	0	0	0	0	0	-529.9213714	0.02534444625	-5730.86133763757	
527.3613714	93	1	6	0.9391105605	0.02491903962	87.41082817	0.002237529695	12.5869343	45.70243031	4.564044358	49.73352533	9.67365216	17.44057741	72.88577043	0	0	0	0	0	0	-527.3613714	0.02491903962	-6383.81209054544	
524.8013714	93	1	6	0.9406141438	0.02453763278	87.20151089	0.001968758114	12.79652035	46.11329345	4.232154709	49.65455185	9.044745686	17.37062198	73.58463233	0	0	0	0	0	0	-524.8013714	0.02453763278	-7136.27410246947	
522.2413714	93	1	6	0.9420603518	0.02419699021	86.99304783	0.001729910457	13.00522226	46.46412053	3.930344791	49.60553468	8.479141155	17.28437923	74.23647962	0	0	0	0	0	0	-522.2413714	0.02419699021	-8013.45692201791	
519.6813714	93	1	6	0.9434537951	0.02389425583	86.78533217	0.001517922461	13.2131499	46.76335101	3.65465642	49.58199257	7.967456845	17.18513181	74.84741135	0	0	0	0	0	0	-519.6813714	0.02389425583	-8250.79155565209	
518.4013714	93	1	6	0.9441308568	0.01189469884	86.68172258	0.001421122131	13.31685629	46.8957814	3.525580838	49.57863777	7.729428738	17.1314538	75.13911746	0	0	0	0	0	0	-518.4013714	0.01189469884	-20135.1092984526	
517.1213714	93	1	6	0.944796281	0.0118314598	86.57826199	0.001330015896	13.420408	47.01773933	3.401879298	49.58038137	7.502183003	17.07543897	75.42237802	0	0	0	0	0	0	-517.1213714	0.0118314598	-20028.0796357084	
516.4813714	93	1	6	0.9451244878	0.005905616453	86.52658379	0.001286501686	13.47212971	47.07499697	3.341944415	49.58305861	7.39237495	17.04663051	75.56099454	0	0	0	0	0	0	-516.4813714	0.005905616453	-44498.1831690435	
515.8413714	93	1	6	0.945449957	0.005891268499	86.47493834	0.001244297244	13.52381736	47.12987581	3.283237278	49.58688691	7.284996827	17.01732489	75.69767828	0	0	0	0	0	0	-515.8413714	0.005891268499	-44390.1293855799	
515.5213714	93	1	6	0.9456116122	0.002943467692	86.44912744	0.001223674908	13.54964888	47.15644586	3.254333073	49.58922106	7.232193836	17.00249377	75.76531239	0	0	0	0	0	0	-515.5213714	0.002943467692	-108.636546957228	
515.3613714	93	1	6	0.9456921732	0.001471215372	86.43622487	0.00121348177	13.56256165	47.16951739	3.239991436	49.59049117	7.206009595	16.995035	75.7989554	0	0	0	0	0	0	-515.3613714	0.001471215372	-108.715628222163	
515.2813714	93	1	6	0.9457323873	0.0007354811683	86.4297743	0.001208414471	13.56901729	47.17600025	3.232848007	49.59115174	7.192971268	16.99129499	75.81573375	0	0	0	0	0	0	-515.2813714	0.0007354811683	-108.753681323953	
515.2413714	93	1	6	0.9457524779	0.0003677092408	86.42654918	0.001205888108	13.57224493	47.17922851	3.229283109	49.59148838	7.186465488	16.98942234	75.82411217	0	0	0	0	0	0	-515.2413714	0.0003677092408	-108.772336328889	
515.2213714	93	1	6	0.945762519	0.0001838467998	86.42493667	0.001204626744	13.5738587	47.18083936	3.227502361	49.59165828	7.183215936	16.98848536	75.82829871	0	0	0	0	0	0	-515.2213714	0.0001838467998	-1522169.78509562	
515.2013714	93	1	6	0.9457725576	0.0001838336616	86.42332419	0.001203366592	13.57547245	47.18244802	3.225722745	49.59182923	7.179968607	16.98754794	75.83248345	0	0	0	0	0	0	-515.2013714	0.0001838336616	-1522061.01042037	
515.1913714	93	1	6	0.9457775759	9.19146091E-05	86.42251796	0.001202736969	13.57627931	47.18325153	3.224833363	49.59191511	7.178345774	16.98707907	75.83457516	0	0	0	0	0	0	-515.1913714	9.19146091E-05	-235.783588646426	
515.1513714	93	1	6	0.9457976438	0.0003675994865	86.41929311	0.0012002215	13.57950667	47.18646011	3.221278657	49.59226123	7.17185999	16.98520249	75.84293752	0	0	0	0	0	0	-515.1513714	0.0003675994865	-616.788657679435	
515.1313714	93	1	6	0.9458076733	0.0001837876834	86.41768072	0.001198965577	13.58112031	47.18806112	3.219503003	49.59243587	7.168620416	16.98426355	75.84711604	0	0	0	0	0	0	-515.1313714	0.0001837876834	692654.464628701	
515.0913714	93	1	6	0.9458277254	0.0003675128496	86.41445605	0.001196457345	13.5843475	47.19125664	3.215955065	49.59278829	7.162147914	16.98238436	75.85546773	0	0	0	0	0	0	-515.0913714	0.0003675128496	217.753891223392	
515.0113714	93	1	6	0.945867801	0.0007347740196	86.40800704	0.00119145532	13.5908015	47.1976216	3.208872702	49.5935057	7.149229374	16.97862081	75.87214982	0	0	0	0	0	0	-515.0113714	0.0007347740196	217.902951916306	
514.8513714	93	1	6	0.9459478382	0.001468545863	86.39511041	0.001181508786	13.60370808	47.21024767	3.194761783	49.59499054	7.123497678	16.97107314	75.90542918	0	0	0	0	0	0	-514.8513714	0.001468545863	218.199180691955	
514.5313714	93	1	6	0.9461074595	0.002933116418	86.36932256	0.001161843901	13.62951559	47.23508815	3.166753386	49.59815847	7.072451837	16.95589679	75.97165138	0	0	0	0	0	0	-514.5313714	0.002933116418	218.786330349395	
513.8913714	93	1	6	0.9464249101	0.005850581835	86.31776795	0.001123412085	13.68110864	47.28315054	3.111576541	49.60527292	6.971999155	16.92522992	76.10277093	0	0	0	0	0	0	-513.8913714	0.005850581835	219.939407699093	
512.6113714	93	1	6	0.9470528009	0.01164053943	86.21473808	0.001050024772	13.78421189	47.37301743	3.004476225	49.62250634	6.777410413	16.86271473	76.35987486	0	0	0	0	0	0	-512.6113714	0.01164053943	222.158756830016	
510.0513714	93	1	6	0.9482817486	0.02305381788	86.00895696	0.0009162741948	13.99012676	47.52931728	2.802499081	49.66818364	6.411734388	16.73350506	76.85476055	0	0	0	0	0	0	-510.0513714	0.02305381788	-17112.9996090353	
507.4913714	93	1	6	0.9494743703	0.022902183	85.80347537	0.000798323893	14.1957263	47.6570874	2.6154667	49.7274459	6.074400595	16.59962947	77.32596993	0	0	0	0	0	0	-507.4913714	0.022902183	-18913.5960772884	
504.9313714	93	1	6	0.9506332547	0.02277778849	85.59820979	0.0006944574094	14.40109575	47.75916145	2.441953281	49.79888527	5.762296473	16.46200321	77.77570032	0	0	0	0	0	0	-504.9313714	0.02277778849	-23639.3495611156	
502.3713714	93	1	6	0.9517607658	0.02267953839	85.39307972	0.0006031282796	14.60631716	47.83797067	2.280722079	49.88130725	5.47276324	16.32138054	78.20585622	0	0	0	0	0	0	-502.3713714	0.02267953839	-25832.7841847465	
501.0913714	93	1	6	0.9523125225	0.01135642531	85.29054109	0.0005617246591	14.70889718	47.86931906	2.204369261	49.92631168	5.335733226	16.25014518	78.41412159	0	0	0	0	0	0	-501.0913714	0.01135642531	-69.9723285854594	
500.7713714	93	1	6	0.9524491846	0.002845158812	85.26490757	0.0005517897966	14.73454064	47.87635816	2.185703796	49.93793805	5.302236916	16.23225204	78.46551104	0	0	0	0	0	0	-500.7713714	0.002845158812	-20.940528341373	
500.7313714	93	1	6	0.9524662305	0.0003558922963	85.2617034	0.0005505593451	14.73774604	47.87721603	2.183382279	49.93940169	5.29807082	16.23001315	78.47191603	0	0	0	0	0	0	-500.7313714	0.0003558922963	-57.6060258182973	
500.7113714	93	1	6	0.9524680456	3.798197103E-05	85.26186143	0.0005502485902	14.73758832				5.29555051	16.23045955	78.47398994				0	0	0	-500.7113714	3.798197103E-05	-3072.48973602814	
500.6913714	93	1	6	0.9524695551	3.159815778E-05	85.26209873	0.0005499516329	14.73735132				5.293012423	16.23097587	78.4760117				0	0	0	-500.6913714	3.159815778E-05	-4233.80946682681	
500.6513714	93	1	6	0.9524725894	6.343484087E-05	85.2625714	0.0005493577696	14.73687924				5.287945149	16.2320045	78.48005035				0	0	0	-500.6513714	6.343484087E-05	1259.96590000911	
500.5713714	93	1	6	0.9524786441	0.0001265754394	85.26351959	0.0005481719174	14.73593224				5.277831508	16.23405744	78.48811105				0	0	0	-500.5713714	0.0001265754394	1270.36932703773	
500.4113714	93	1	6	0.9524906929	0.0002518663436	85.26542725	0.0005458077921	14.73402695				5.257696758	16.2381443	78.50415894				0	0	0	-500.4113714	0.0002518663436	1283.598002621	
500.0913714	93	1	6	0.9525145521	0.0004986770582	85.26928703	0.0005411096124	14.73017186				5.217792672	16.24624281	78.53596452				0	0	0	-500.0913714	0.0004986770582	1309.58430540049	
499.4513714	93	1	6	0.9525613366	0.0009781056324	85.27718264	0.0005318321941	14.72228553				5.139408666	16.26214852	78.59844282				0	0	0	-499.4513714	0.0009781056324	1361.60138710106	
498.1713714	93	1	6	0.9526513941	0.001884592415	85.29365061	0.0005137403781	14.70583565				4.988060088	16.29285381	78.71908611				0	0	0	-498.1713714	0.001884592415	1470.52687793559	
495.6113714	93	1	6	0.9528187996	0.003509612548	85.32907496	0.0004793123533	14.67044572				4.705077228	16.35023907	78.9446837				0	0	0	-495.6113714	0.003509612548	-10864.4746984991	
493.0513714	93	1	6	0.952971427	0.003211263599	85.3674786	0.0004470659136	14.63207434				4.445214806	16.40291166	79.15187353				0	0	0	-493.0513714	0.003211263599	-9308.23011969074	
490.4913714	93	1	6	0.953111361	0.002953630166	85.40851693	0.000416834561	14.59106623				4.205370939	16.45150205	79.34312701				0	0	0	-490.4913714	0.002953630166	-10714.9652303043	
487.9313714	93	1	6	0.9532402704	0.002728946255	85.45191378	0.0003884756459	14.54769775				3.983046915	16.49651908	79.520434				0	0	0	-487.9313714	0.002728946255	-12201.9395998189	
485.3713714	93	1	6	0.9533595069	0.002530725748	85.49744079	0.0003618640095	14.50219735				3.776198494	16.53837662	79.68542489				0	0	0	-485.3713714	0.002530725748	-13804.0352785512	
482.8113714	93	1	6	0.9534701968	0.002355275418	85.54491343	0.0003368891479	14.45474968				3.583128579	16.57742341	79.83944802				0	0	0	-482.8113714	0.002355275418	-15504.842458101	
480.2513714	93	1	6	0.9535732729	0.002198429595	85.59417554	0.0003134510718	14.40551101				3.402413372	16.61394974	79.98363688				0	0	0	-480.2513714	0.002198429595	-17281.1733464195	
477.6913714	93	1	6	0.9536695229	0.002057337829	85.64509423	0.0002914586801	14.35461431				3.232844794	16.64820204	80.11895316				0	0	0	-477.6913714	0.002057337829	-19149.0179201012	
475.1313714	93	1	6	0.9537596173	0.001929707627	85.69755579	0.0002708282199	14.30217338				3.073388364	16.68039137	80.24622027				0	0	0	-475.1313714	0.001929707627	-21108.2148109891	
472.5713714	93	1	6	0.9538441323	0.001813676437	85.75146213	0.0002514821247	14.24828639				2.923150845	16.71070003	80.36614913				0	0	0	-472.5713714	0.001813676437	-23158.9135916731	
470.0113714	93	1	6	0.9539235667	0.001707714812	85.80672794	0.0002333481261	14.19303871				2.781355158	16.73928669	80.47935816				0	0	0	-470.0113714	0.001707714812	-25301.3917874913	
467.4513714	93	1	6	0.953998355	0.001610554697	85.86327857	0.0002163585627	14.13650507				2.647320942	16.76629046	80.5863886				0	0	0	-467.4513714	0.001610554697	-27536.6159058337	
464.8913714	93	1	6	0.9540688788	0.001521138791	85.92104848	0.0002004498499	14.07875107				2.520447814	16.79183385	80.68771834				0	0	0	-464.8913714	0.001521138791	-29863.8339343341	
462.3313714	93	1	6	0.9541354742	0.001438566151	85.97997923	0.0001855620036	14.01983521				2.400204472	16.81602544	80.78377009				0	0	0	-462.3313714	0.001438566151	-32284.053048532	
459.7713714	93	1	6	0.9541984395	0.001362081241	86.04001901	0.0001716383355	13.95980935				2.28611733	16.83896206	80.87492061				0	0	0	-459.7713714	0.001362081241	-34798.9970438139	
457.2113714	93	1	6	0.9542580405	0.001291035026	86.10112148	0.0001586251505	13.89871989				2.177762477	16.8607304	80.96150712				0	0	0	-457.2113714	0.001291035026	-37409.0633892819	
454.6513714	93	1	6	0.9543145152	0.001224869268	86.16324502	0.0001464715096	13.8366085				2.074758787	16.88140845	81.04383276				0	0	0	-454.6513714	0.001224869268	-40115.3390427751	
452.0913714	93	1	6	0.9543680775	0.001163101084	86.22635212	0.0001351290317	13.77351275				1.976762202	16.9010666	81.1221712				0	0	0	-452.0913714	0.001163101084	-42919.0623305875	
449.5313714	93	1	6	0.9544189206	0.001105310577	86.29040883	0.0001245517247	13.70946662				1.883460942	16.91976869	81.19677037				0	0	0	-449.5313714	0.001105310577	-45821.6329225857	
446.9713714	93	1	6	0.9544672191	0.001051130834	86.35538432	0.0001146958409	13.64450098				1.794571471	16.93757276	81.26785577				0	0	0	-446.9713714	0.001051130834	-48824.6180659531	
444.4113714	93	1	6	0.9545131321	0.001000239777	86.42125053	0.0001055197517	13.57864395				1.709835081	16.95453182	81.3356331				0	0	0	-444.4113714	0.001000239777	-51929.762722695	
441.8513714	93	1	6	0.9545568044	0.0009523534838	86.48798182	9.69838369E-05	13.5119212				1.629014977	16.97069436	81.40029067				0	0	0	-441.8513714	0.0009523534838	-55138.9999106906	
439.2913714	93	1	6	0.9545983685	0.0009072206707	86.5555547	8.905038611E-05	13.44435625				1.551893789	16.98610493	81.46200128				0	0	0	-439.2913714	0.0009072206707	-58454.4617782015	
436.7313714	93	1	6	0.9546379458	0.000864618112	86.62394762	8.168351059E-05	13.3759707				1.478271417	17.00080455	81.52092404				0	0	0	-436.7313714	0.000864618112	-61878.4910773692	
434.1713714	93	1	6	0.9546756482	0.0008243468107	86.69314074	7.484906261E-05	13.30678441				1.407963184	17.01483107	81.57720574				0	0	0	-434.1713714	0.0008243468107	-65413.6540925267	
431.6113714	93	1	6	0.9547115785	0.0007862287842	86.76311575	6.851456152E-05	13.23681574				1.34079822	17.02821954	81.63098224				0	0	0	-431.6113714	0.0007862287842	-69062.7544350345	
429.0513714	93	1	6	0.9547458319	0.0007501043488	86.83385575	6.264912511E-05	13.1660816				1.276618054	17.04100245	81.6823795				0	0	0	-429.0513714	0.0007501043488	-72828.8485170262	
426.4913714	93	1	6	0.9547784966	0.000715829818	86.90534507	5.722340557E-05	13.09459771				1.215275392	17.05321002	81.73151459				0	0	0	-426.4913714	0.000715829818	-76715.2612587371	
423.9313714	93	1	6	0.9548096544	0.000683275539	86.97756918	5.220952893E-05	13.02237861				1.156633033	17.06487038	81.77849658				0	0	0	-423.9313714	0.000683275539	-80725.6035346478	
421.3713714	93	1	6	0.9548393812	0.0006523242139	87.05051459	4.75810378E-05	12.94943783				1.100562914	17.07600983	81.82342726				0	0	0	-421.3713714	0.0006523242139	-84863.7913497149	
418.8113714	93	1	6	0.9548677481	0.0006228694559	87.12416872	4.331283658E-05	12.87578797				1.046945274	17.08665292	81.86640181				0	0	0	-418.8113714	0.0006228694559	-89134.0661754647	
416.2513714	93	1	6	0.9548948213	0.0005948145446	87.19851986	3.938113902E-05	12.80144076				0.9956679061	17.09682269	81.90750941				0	0	0	-416.2513714	0.0005948145446	-93541.0169205599	
413.6913714	93	1	6	0.9549206626	0.0005680713475	87.27355706	3.57634176E-05	12.72640717				0.9466254921	17.10654074	81.94683377				0	0	0	-413.6913714	0.0005680713475	-98089.6033877339	
411.1313714	93	1	6	0.9549453301	0.0005425593833	87.34927011	3.243835474E-05	12.65069745				0.8997190115	17.1158274	81.98445359				0	0	0	-411.1313714	0.0005425593833	-102785.182400837	
408.5713714	93	1	6	0.9549688783	0.0005182050051	87.42564943	2.938579538E-05	12.57432118				0.8548552127	17.12470181	82.02044298				0	0	0	-408.5713714	0.0005182050051	-107633.535443089	
406.0113714	93	1	6	0.9549913584	0.000494940686	87.50268605	2.658670097E-05	12.49728737				0.8119461376	17.13318201	82.05487186				0	0	0	-406.0113714	0.000494940686	-112640.898725218	
403.4513714	93	1	6	0.9550128185	0.0004727043923	87.58037154	2.402310469E-05	12.41960444				0.770908696	17.14128505	82.08780626				0	0	0	-403.4513714	0.0004727043923	-117813.996128951	
400.8913714	93	1	6	0.9550333041	0.0004514390321	87.65869799	2.167806782E-05	12.34128034				0.7316642814	17.14902706	82.11930866				0	0	0	-400.8913714	0.0004514390321	-123160.073951958	
398.3313714	93	1	6	0.9550528583	0.0004310919684	87.73765795	1.953563709E-05	12.26232251				0.6941384244	17.15642332	82.14943826				0	0	0	-398.3313714	0.0004310919684	-128686.941031507	
395.7713714	93	1	6	0.9550715215	0.0004116145891	87.81724442	1.758080322E-05	12.182738				0.65826048	17.16348832	82.1782512				0	0	0	-395.7713714	0.0004116145891	-134403.007991626	
393.2113714	93	1	6	0.9550893322	0.0003929619241	87.89745079	1.579946026E-05	12.10253341				0.6239633433	17.17023581	82.20580085				0	0	0	-393.2113714	0.0003929619241	-140317.334762868	
390.6513714	93	1	6	0.9551063269	0.0003750923066	87.97827082	1.4178366E-05	12.021715				0.5911831923	17.17667889	82.23213792				0	0	0	-390.6513714	0.0003750923066	-146439.679773897	
388.0913714	93	1	6	0.9551225401	0.0003579670695	88.0596986	1.270510332E-05	11.94028869				0.5598592537	17.18283	82.25731075				0	0	0	-388.0913714	0.0003579670695	-152780.55296796	
385.5313714	93	1	6	0.9551380047	0.0003415502753	88.14172858	1.136804241E-05	11.85826005				0.5299335899	17.18870102	82.28136539				0	0	0	-385.5313714	0.0003415502753	-159351.274944897	
382.9713714	93	1	6	0.955152752	0.0003258084733	88.22435546	1.015630401E-05	11.77563438				0.5013509043	17.19430328	82.30434581				0	0	0	-382.9713714	0.0003258084733	-166164.0420266	
380.4113714	93	1	6	0.9551668119	0.0003107104826	88.30757424	9.059723482E-06	11.6924167				0.474058364	17.1996476	82.32629404				0	0	0	-380.4113714	0.0003107104826	-173422.345372664	
377.8513714	93	1	6	0.9551802128	0.0002962570673	88.3913803	8.068816774E-06	11.60861163				0.4480054401	17.20474451	82.34725005				0	0	0	-377.8513714	0.0002962570673	-180748.134705003	
375.2913714	93	1	6	0.9551929818	0.0002823618025	88.47576914	7.174743724E-06	11.52422368				0.4231437483	17.20960372	82.36725254				0	0	0	-375.2913714	0.0002823618025	-188199.002930031	
372.7313714	93	1	6	0.9552051447	0.0002690286253	88.56073633	6.369277826E-06	11.4392573				0.3994269291	17.2142347	82.38633837				0	0	0	-372.7313714	0.0002690286253	-196124.099868567	
370.1713714	93	1	6	0.9552167264	0.0002562337145	88.64627776	5.6447732E-06	11.35371659				0.3768105119	17.21864656	82.40454293				0	0	0	-370.1713714	0.0002562337145	-204368.850082246	
367.6113714	93	1	6	0.9552277505	0.0002439546663	88.73238954	4.99413346E-06	11.26760547				0.3552518024	17.22284799	82.42190021				0	0	0	-367.6113714	0.0002439546663	-212952.225841767	
365.0513714	93	1	6	0.9552382398	0.0002321704228	88.81906793	4.410781579E-06	11.18092766				0.3347097777	17.22684738	82.43844284				0	0	0	-365.0513714	0.0002321704228	-221895.057017968	
362.4913714	93	1	6	0.9552482161	0.0002208611651	88.90630935	3.888630739E-06	11.09368676				0.3151449886	17.23065277	82.45420224				0	0	0	-362.4913714	0.0002208611651	-231219.867956613	
359.9313714	93	1	6	0.9552577004	0.0002100082147	88.99411038	3.422056168E-06	11.00588619				0.2965194708	17.2342719	82.46920863				0	0	0	-359.9313714	0.0002100082147	-240951.034400245	
357.3713714	93	1	6	0.9552667126	0.0001995939448	89.08246773	3.00586797E-06	10.91752926				0.2787966618	17.23771221	82.48349113				0	0	0	-357.3713714	0.0001995939448	-251114.951367728	
354.8113714	93	1	6	0.9552752721	0.0001896016979	89.17137823	2.635284956E-06	10.82861914				0.2619413253	17.24098087	82.4970778				0	0	0	-354.8113714	0.0001896016979	-261740.223092252	
352.2513714	93	1	6	0.9552833974	0.0001800157116	89.26083881	2.305909463E-06	10.73915889				0.2459194813	17.2440848	82.50999572				0	0	0	-352.2513714	0.0001800157116	-272857.878157576	
349.6913714	93	1	6	0.9552911065	0.0001708210499	89.35084653	2.01370318E-06	10.64915146				0.230698341	17.24703064	82.52227102				0	0	0	-349.6913714	0.0001708210499	-284501.600370516	
347.1313714	93	1	6	0.9552984165	0.0001620035405	89.44139851	1.754963954E-06	10.55859973				0.2162462474	17.24982482	82.53392893				0	0	0	-347.1313714	0.0001620035405	-296706.347448468	
344.5713714	93	1	6	0.955305344	0.0001535496289	89.53249182	1.526303486E-06	10.46750666				0.2025326205	17.25247342	82.54499396				0	0	0	-344.5713714	0.0001535496289	-309515.508483477	
342.0113714	93	1	6	0.9553119049	0.0001454466856	89.62412388	1.324626465E-06	10.37587479				0.1895279051	17.25498254	82.55548956				0	0	0	-342.0113714	0.0001454466856	-322971.986269114	
339.4513714	93	1	6	0.9553181147	0.0001376824104	89.71629206	1.147109943E-06	10.28370679				0.1772035252	17.25735795	82.56543852				0	0	0	-339.4513714	0.0001376824104	-337120.062041829	
336.8913714	93	1	6	0.9553239882	0.0001302451547	89.80899375	9.91184183E-07	10.19100526				0.16553184	17.25960525	82.57486291				0	0	0	-336.8913714	0.0001302451547	-352012.995757496	
334.3313714	93	1	6	0.9553295398	0.0001231237909	89.90222639	8.545143234E-07	10.09777276				0.154486104	17.26172983	82.58378407				0	0	0	-334.3313714	0.0001231237909	-367707.317437856	
331.7713714	93	1	6	0.9553347832	0.0001163076729	89.99598745	7.349829707E-07	10.00401182				0.1440404296	17.2637369	82.59222267				0	0	0	-331.7713714	0.0001163076729	-384264.930327605	
329.2113714	93	1	6	0.955339732	0.0001097866024	90.09027444	6.306737093E-07	9.909724933				0.1341697533	17.26563152	82.60019872				0	0	0	-329.2113714	0.0001097866024	-401753.768976808	
326.6513714	93	1	6	0.9553443989	0.0001035507969	90.18508486	5.398555077E-07	9.814914602				0.1248498039	17.26741857	82.60773163				0	0	0	-326.6513714	0.0001035507969	-420248.522540388	
324.0913714	93	1	6	0.9553487965	9.759086123E-05	90.28041623	4.609680014E-07	9.719583309				0.1160570733	17.26910275	82.61484018				0	0	0	-324.0913714	9.759086123E-05	-439831.488258212	
321.5313714	93	1	6	0.9553529368	9.189776124E-05	90.37626606	3.926076298E-07	9.623733544				0.1077687898	17.27068865	82.62154257				0	0	0	-321.5313714	9.189776124E-05	-460593.561372057	
318.9713714	93	1	6	0.9553568315	8.646280037E-05	90.47263186	3.335146049E-07	9.527367811				0.09996289287	17.27218067	82.62785644				0	0	0	-318.9713714	8.646280037E-05	-482635.41121206	
316.4113714	93	1	6	0.9553604918	8.127759858E-05	90.56951108	2.825606861E-07	9.430488642				0.09261801081	17.27358309	82.6337989				0	0	0	-316.4113714	8.127759858E-05	-506068.87307958	
313.8513714	93	1	6	0.9553639287	7.633407384E-05	90.66690116	2.387377363E-07	9.333098601				0.08571343909	17.27490005	82.63938651				0	0	0	-313.8513714	7.633407384E-05	-531018.631099807	
311.2913714	93	1	6	0.9553671526	7.162442622E-05	90.7647995	2.011470313E-07	9.235200297				0.07922912109	17.27613554	82.64463534				0	0	0	-311.2913714	7.162442622E-05	-557624.275101852	
308.7313714	93	1	6	0.9553701737	6.714112479E-05	90.86320343	1.689892965E-07	9.136796397				0.07314563002	17.27729344	82.64956093				0	0	0	-308.7313714	6.714112479E-05	-586042.85112999	
306.1713714	93	1	6	0.9553730019	6.287689755E-05	90.96211022	1.415554413E-07	9.037889634				0.06744415232	17.27837748	82.65417836				0	0	0	-306.1713714	6.287689755E-05	-603454.999759888	
303.6113714	93	1	6	0.9553756459	5.865620125E-05	91.06151672	1.182179406E-07	8.938483166				0.06210647259	17.27939103	82.6585025				0	0	0	-303.6113714	5.865620125E-05	-635468.180498298	
301.0513714	93	1	6	0.9553781156	5.478900387E-05	91.16142032	9.842294663E-08	8.838579582				0.05711495846	17.2803378	82.66254724				0	0	0	-301.0513714	5.478900387E-05	-596453.469068827	
300	93	1	6	0.9553790818	2.144802691E-05	91.20259346	9.12038946E-08	8.797406453				0.05516126982	17.28070825	82.66413048				0	0	0	-300	2.144802691E-05	533385.647075407	
