T	w(AL)	w(MG)	w(SI)	fs	fw(@FCC_A1)	w(AL@FCC_A1)	w(MG@FCC_A1)	w(SI@FCC_A1)	w(AL@LIQUID)	w(MG@LIQUID)	w(SI@LIQUID)	dwdT_L(AL@LIQUID)	dwdT_L(MG@LIQUID)	dwdT_L(SI@LIQUID)	-T	fw(@FCC_A1)_1	-T//fw(@FCC_A1)	
K	%	%	%	mole/mole	kg/kg	%	%	%	%	%	%	SI	SI	SI				
917.9323063	97	2	1	0	0	99.29239585	0.6076082131	0.09999593216	97	2	1	0.001963287795	-0.001192418238	-0.0007708695571	-917.9323063	0	5.8037965798236	
917.9223063	97	2	1	0.000854952885	0.0008559576339	99.29199373	0.6079395756	0.1000666963	96.9980367	2.001192443	1.000770858	0	0	0	-917.9223063	0.0008559576339	17.5618458399807	
917.9023063	97	2	1	0.002561338566	0.001709717948	99.29118951	0.6086022464	0.1002082418	96.99410997	2.003577116	1.002312913	0	0	0	-917.9023063	0.001709717948	23.4545471648427	
917.8623063	97	2	1	0.005959872939	0.003410986009	99.28958183	0.6099268164	0.1004913575	96.98625586	2.00834575	1.005398388	0	0	0	-917.8623063	0.003410986009	23.570522329554	
917.7823063	97	2	1	0.01270046162	0.006788372801	99.28636909	0.612573202	0.1010577083	96.97054511	2.017880135	1.01157475	0	0	0	-917.7823063	0.006788372801	23.8264952582851	
917.6223063	97	2	1	0.02594141443	0.01342715964	99.27995488	0.6178539831	0.1021911394	96.93911415	2.03693442	1.023951426	0	0	0	-917.6223063	0.01342715964	24.3534003621477	
917.3023063	97	2	1	0.05153629041	0.02630778254	99.26716972	0.6283699515	0.1044603277	96.87621252	2.074992309	1.048795173	0	0	0	-917.3023063	0.02630778254	25.3819707532058	
916.6623063	97	2	1	0.09942767203	0.05055429077	99.24177098	0.6492216737	0.1090073414	96.7502494	2.150912448	1.098838148	0	0	0	-916.6623063	0.05055429077	27.5578200271917	
915.3823063	97	2	1	0.1837583277	0.09375565238	99.19164666	0.6902226315	0.118130711	96.49767422	2.302028372	1.200297408	0	0	0	-915.3823063	0.09375565238	32.313960022091	
912.8223063	97	2	1	0.3171230303	0.1635960127	99.0939971	0.7695433357	0.1364595671	95.98984688	2.601774555	1.408378562	0	0	0	-912.8223063	0.1635960127	-202.736668260006	
910.2623063	97	2	1	0.4162188725	0.1453241741	98.99932212	0.8459743224	0.154703553	95.47814489	2.9003145	1.621540611	0	0	0	-910.2623063	0.1453241741	-159.701597116013	
907.7023063	97	2	1	0.4924112044	0.1307254444	98.90750348	0.9196735183	0.1728229971	94.96242916	3.198168742	1.839402099	0	0	0	-907.7023063	0.1307254444	-197.006544396918	
905.1423063	97	2	1	0.5526061433	0.1188012333	98.81844382	0.9907689251	0.1907872509	94.44257403	3.495763298	2.061662677	0	0	0	-905.1423063	0.1188012333	-238.381514219754	
902.5823063	97	2	1	0.601224419	0.1088822004	98.7320606	1.059367073	0.2085723301	93.91846103	3.793455684	2.288083283	0	0	0	-902.5823063	0.1088822004	-283.836527331144	
900.0223063	97	2	1	0.6412182461	0.1005047412	98.64828242	1.125558336	0.2261592406	93.38997808	4.091551229	2.518470693	0	0	0	-900.0223063	0.1005047412	-333.396278188471	
897.4623063	97	2	1	0.6746292905	0.09333772347	98.5670464	1.189420807	0.243532791	92.85701813	4.390314832	2.752667038	0	0	0	-897.4623063	0.09333772347	-387.08519243827	
894.9023063	97	2	1	0.7029115478	0.08713831628	98.4882962	1.251023054	0.2606807456	92.31947853	4.689979288	2.990542182	0	0	0	-894.9023063	0.08713831628	-444.925083567134	
892.3423063	97	2	1	0.7271266943	0.08172439647	98.41198075	1.310426056	0.2775931895	91.77726061	4.990751359	3.231988031	0	0	0	-892.3423063	0.08172439647	-506.934733720882	
889.7823063	97	2	1	0.7480668232	0.07695669588	98.33805272	1.367685179	0.2942621022	91.23026954	5.292816257	3.476914202	0	0	0	-889.7823063	0.07695669588	-573.128418898093	
887.2223063	97	2	1	0.7663340898	0.07272688721	98.26646839	1.422850684	0.3106809296	90.67841433	5.59634105	3.725244621	0	0	0	-887.2223063	0.07272688721	-643.5145919929	
884.6623063	97	2	1	0.7823938699	0.06894943966	98.19718654	1.475969119	0.3268443458	90.12160798	5.901477219	3.976914802	0	0	0	-884.6623063	0.06894943966	-718.094821068087	
882.1023063	97	2	1	0.7966111238	0.0655559173	98.13016805	1.527083938	0.3427480169	89.55976774	6.20836263	4.231869631	0	0	0	-882.1023063	0.0655559173	-796.861292883782	
879.5423063	97	2	1	0.8092758185	0.06249089949	98.06537548	1.576236096	0.35838842	88.99281548	6.51712301	4.490061512	0	0	0	-879.5423063	0.06249089949	-879.795310447272	
876.9823063	97	2	1	0.8206210495	0.0597090232	98.00277277	1.623464532	0.3737626953	88.42067811	6.82787309	4.751448801	0	0	0	-876.9823063	0.0597090232	-966.865179203266	
874.4223063	97	2	1	0.8308361847	0.0571727909	97.9423249	1.668806572	0.388868524	87.84328811	7.140717447	5.015994444	0	0	0	-874.4223063	0.0571727909	-1058.02352050191	
871.8623063	97	2	1	0.8400765483	0.05485092923	97.88399771	1.712298262	0.4037040252	87.2605841	7.455751125	5.283664773	0	0	0	-871.8623063	0.05485092923	-1153.20490703379	
869.3023063	97	2	1	0.8484706583	0.05271714117	97.82775768	1.753974646	0.4182676704	86.6725115	7.773060059	5.554428441	0	0	0	-869.3023063	0.05271714117	-1252.32346615802	
866.7423063	97	2	1	0.8561257051	0.05074914763	97.77357178	1.79387001	0.4325582087	86.0790232	8.09272136	5.828255437	0	0	0	-866.7423063	0.05074914763	-1355.27009574751	
864.1823063	97	2	1	0.863131749	0.04892794095	97.72140732	1.832018075	0.4465746038	85.48008035	8.414803464	6.105116191	0	0	0	-864.1823063	0.04892794095	-1461.90989853294	
861.6223063	97	2	1	0.8695649711	0.04723719982	97.67123184	1.868452178	0.4603159781	84.87565309	8.739366174	6.384980733	0	0	0	-861.6223063	0.04723719982	-1572.08000691489	
859.0623063	97	2	1	0.8754902155	0.04566282531	97.62301302	1.903205418	0.4737815646	84.26572147	9.066460622	6.667817905	0	0	0	-859.0623063	0.04566282531	-1685.58747066793	
856.5023063	97	2	1	0.8809629975	0.0441925702	97.57671855	1.936310784	0.4869706644	83.65027624	9.396129148	6.953594613	0	0	0	-856.5023063	0.0441925702	-1802.20771528056	
853.9423063	97	2	1	0.8860311022	0.04281574052	97.53231613	1.967801263	0.4998826083	83.02931975	9.728405131	7.242275118	0	0	0	-853.9423063	0.04281574052	-1921.68363214255	
851.3823063	97	2	1	0.8907358683	0.04152295357	97.48977334	1.997709935	0.512516724	82.40286687	10.06331277	7.533820362	0	0	0	-851.3823063	0.04152295357	-2043.72549798757	
848.8223063	97	2	1	0.8951132257	0.04030594047	97.44905764	2.026070055	0.524872306	81.77094587	10.40086681	7.828187323	0	0	0	-848.8223063	0.04030594047	-2168.01192153346	
846.2623063	97	2	1	0.8991945413	0.03915738414	97.4101363	2.052915113	0.5369485898	81.13359929	10.7410723	8.125328409	0	0	0	-846.2623063	0.03915738414	-2294.19186428298	
843.7023063	97	2	1	0.9030073122	0.03807078554	97.37297638	2.078278892	0.5487447281	80.49088483	11.08392429	8.425190885	0	0	0	-843.7023063	0.03807078554	-2421.88806593491	
841.1423063	97	2	1	0.906575737	0.0370403529	97.33754472	2.102195512	0.5602597715	79.84287616	11.4294075	8.727716342	0	0	0	-841.1423063	0.0370403529	-2550.70178773424	
838.5823063	97	2	1	0.9099211908	0.03606090938	97.30380789	2.124699454	0.571492651	79.18966367	11.77749611	9.032840215	0	0	0	-838.5823063	0.03606090938	-2680.2189696409	
836.0223063	97	2	1	0.9130626202	0.03512781596	97.27173225	2.145825588	0.5824421638	78.53135518	12.12815348	9.340491341	0	0	0	-836.0223063	0.03512781596	-2810.01776470065	
833.4623063	97	2	1	0.916016876	0.03423690668	97.24128386	2.165609176	0.5931069624	77.86807651	12.48133191	9.650591583	0	0	0	-833.4623063	0.03423690668	-2939.6772368416	
830.9023063	97	2	1	0.9187989922	0.03338443413	97.21242858	2.184085877	0.6034855459	77.19997199	12.83697249	9.963055518	0	0	0	-830.9023063	0.03338443413	-3068.7870726072	
828.3423063	97	2	1	0.9214224227	0.03256702336	97.18513201	2.201291734	0.6135762551	76.52720481	13.195005	10.27779019	0	0	0	-828.3423063	0.03256702336	-3196.95792533416	
825.7823063	97	2	1	0.9238992434	0.03178163278	97.15935958	2.217263151	0.62337727	75.84995723	13.55534784	10.59469493	0	0	0	-825.7823063	0.03178163278	-3323.83197473782	
823.2223063	97	2	1	0.926240323	0.03102552081	97.13507652	2.232036867	0.6328866116	75.16843062	13.91790807	10.91366131	0	0	0	-823.2223063	0.03102552081	-3449.09326165998	
820.6623063	97	2	1	0.9284554711	0.03029621731	97.11224794	2.245649914	0.6421021455	74.48284534	14.28258156	11.2345731	0	0	0	-820.6623063	0.03029621731	-3572.47724739379	
818.1023063	97	2	1	0.9305535648	0.0295914989	97.09083884	2.258139565	0.6510215899	73.79344041	14.64925318	11.55730641	0	0	0	-818.1023063	0.0295914989	-3693.77934050881	
815.5423063	97	2	1	0.9325426576	0.02890936757	97.07081419	2.269543286	0.6596425264	73.10047302	15.01779713	11.88172984	0	0	0	-815.5423063	0.02890936757	-3812.86164362275	
812.9823063	97	2	1	0.934430075	0.02824803182	97.05213892	2.279898661	0.6679624145	72.40421778	15.38807738	12.20770485	0	0	0	-812.9823063	0.02824803182	-3929.65769323119	
810.4223063	97	2	1	0.936222496	0.02760588996	97.03477807	2.289243326	0.6759786082	71.70496578	15.75994817	12.53508605	0	0	0	-810.4223063	0.02760588996	-4044.17576544194	
807.8623063	97	2	1	0.9379260254	0.02698151526	97.01869673	2.297614892	0.6836883771	71.00302351	16.13325469	12.8637218	0	0	0	-807.8623063	0.02698151526	-4156.49794993936	
805.3023063	97	2	1	0.9395462557	0.02637364188	97.00386021	2.305050857	0.6910889287	70.29871149	16.5078338	13.19345472	0	0	0	-805.3023063	0.02637364188	-4266.77953599532	
802.7423063	97	2	1	0.9410883227	0.02578115273	96.99023404	2.311588525	0.6981774346	69.5923628	16.88351485	13.52412235	0	0	0	-802.7423063	0.02578115273	-4375.24503148379	
800.1823063	97	2	1	0.9425569526	0.02520306729	96.97778403	2.317264912	0.7049510575	68.88432138	17.26012065	13.85555798	0	0	0	-800.1823063	0.02520306729	-4482.17707075143	
797.6223063	97	2	1	0.9439565049	0.02463852948	96.96647641	2.322116579	0.7114070117	68.17494027	17.63746839	14.18759134	0	0	0	-797.6223063	0.02463852948	-4587.92285820306	
795.0623063	97	2	1	0.9452910091	0.02408679997	96.95627759	2.326179989	0.7175424244	67.46457965	18.01537079	14.52004956	0	0	0	-795.0623063	0.02408679997	-4692.91111296065	
792.5023063	97	2	1	0.946564198	0.02354725039	96.94715486	2.329490378	0.7233547579	66.75360457	18.39363727	14.85275816	0	0	0	-792.5023063	0.02354725039	-4797.49256296061	
789.9423063	97	2	1	0.9477795349	0.02301932277	96.93907569	2.332082942	0.7288413643	66.04238365	18.77207475	15.1855416	0	0	0	-789.9423063	0.02301932277	-4902.15914678024	
787.3823063	97	2	1	0.9489402412	0.02250257346	96.93200827	2.333991886	0.7339998434	65.33128609	19.15048921	15.5182247	0	0	0	-787.3823063	0.02250257346	-5007.4455279239	
784.8223063	97	2	1	0.9500493177	0.02199661755	96.92592139	2.335250657	0.7388279562	64.62068005	19.52868665	15.8506333	0	0	0	-784.8223063	0.02199661755	-5113.79096279792	
782.2623063	97	2	1	0.9511095644	0.02150114003	96.9207845	2.335891832	0.743323673	63.91093057	19.9064742	16.18259524	0	0	0	-782.2623063	0.02150114003	-5221.71254086725	
779.7023063	97	2	1	0.952123599	0.02101588331	96.91656775	2.335947048	0.7474852021	63.2023975	20.28366126	16.51394123	0	0	0	-779.7023063	0.02101588331	-5331.7094733539	
777.1423063	97	2	1	0.9530938717	0.02054063893	96.91324204	2.335446948	0.7513110164	62.49543374	20.66006053	16.84450573	0	0	0	-777.1423063	0.02054063893	-5444.27433955852	
774.5823063	97	2	1	0.9540226796	0.0200752397	96.91077899	2.334421134	0.7547998783	61.79038338	21.03548895	17.17412767	0	0	0	-774.5823063	0.0200752397	-5559.887793726	
772.0223063	97	2	1	0.9549121792	0.01961955226	96.90915102	2.332898122	0.757950861	61.0875802	21.40976861	17.50265119	0	0	0	-772.0223063	0.01961955226	-5679.01476475562	
769.4623063	97	2	1	0.955764397	0.01917347026	96.90833132	2.330905317	0.760763368	60.38734618	21.78272754	17.82992628	0	0	0	-769.4623063	0.01917347026	-5802.1016826234	
766.9023063	97	2	1	0.9565812397	0.01873690807	96.90829387	2.328468986	0.7632371492	59.68999026	22.15420045	18.1558093	0	0	0	-766.9023063	0.01873690807	-5929.5739641078	
764.3423063	97	2	1	0.9573645029	0.01830979508	96.90901344	2.325614245	0.7653723139	58.99580722	22.52402928	18.48016349	0	0	0	-764.3423063	0.01830979508	-6065.18623922496	
761.7823063	97	2	1	0.9581159002	0.01789251696	96.91046502	2.322365378	0.7671696012	58.30506739	22.89206836	18.80286425	0	0	0	-761.7823063	0.01789251696	-6200.38061527516	
759.2223063	97	2	1	0.9588369952	0.01748385939	96.91262624	2.318744371	0.7686293913	57.61805439	23.25816568	19.12377993	0	0	0	-759.2223063	0.01748385939	-6340.16987624534	
756.6623063	97	2	1	0.9595293061	0.01708474229	96.91547349	2.314773381	0.7697531291	56.935006	23.622193	19.442801	0	0	0	-756.6623063	0.01708474229	-6490.94083100062	
754.1023063	97	2	1	0.9601942564	0.01669485196	96.91898464	2.310472932	0.7705424307	56.25615347	23.98402543	19.7598211	0	0	0	-754.1023063	0.01669485196	-6645.93632673412	
751.5423063	97	2	1	0.9608331911	0.01631412864	96.92313838	2.30586234	0.7709992837	55.58171132	24.34354686	20.07474182	0	0	0	-751.5423063	0.01631412864	-6807.3901679579	
748.9823063	97	2	1	0.9614473818	0.01594250795	96.92791359	2.300960309	0.7711260972	54.91187733	24.70065005	20.38747262	0	0	0	-748.9823063	0.01594250795	-6975.58605223464	
746.4223063	97	2	1	0.9620380312	0.01557991801	96.93329094	2.295783522	0.7709255366	54.2468326	25.05523655	20.69793084	0	0	0	-746.4223063	0.01557991801	-7150.77108658064	
743.8623063	97	2	1	0.9626062771	0.01522627763	96.93925062	2.29034862	0.7704007597	53.58674184	25.40721664	21.00604152	0	0	0	-743.8623063	0.01522627763	-7333.17803889834	
741.3023063	97	2	1	0.9631531961	0.01488149668	96.94577405	2.284670756	0.7695551984	52.93175369	25.7565091	21.31173721	0	0	0	-741.3023063	0.01488149668	-7523.02710597307	
738.7423063	97	2	1	0.9636798073	0.01454547516	96.95284312	2.278764239	0.7683926404	52.28200119	26.10304105	21.61495776	0	0	0	-738.7423063	0.01454547516	-7720.51631963206	
736.1823063	97	2	1	0.9641870756	0.01421810309	96.96044034	2.272642465	0.7669171983	51.63760231	26.44674763	21.91565007	0	0	0	-736.1823063	0.01421810309	-7925.83066875897	
733.6223063	97	2	1	0.9646759147	0.01389926094	96.96854874	2.266317968	0.7651332963	50.99866051	26.78757173	22.21376776	0	0	0	-733.6223063	0.01389926094	-8139.14252704704	
731.0623063	97	2	1	0.9651471897	0.01358881992	96.97715189	2.259802451	0.7630456549	50.36526543	27.12546366	22.50927091	0	0	0	-731.0623063	0.01358881992	-8360.61033933449	
728.5023063	97	2	1	0.9656017203	0.01328664256	96.98623389	2.253106838	0.7606592755	49.73749354	27.46038076	22.8021257	0	0	0	-728.5023063	0.01328664256	-8590.38090948325	
725.9423063	97	2	1	0.9660402828	0.01299258341	96.99577927	2.246241307	0.7579794242	49.11540885	27.79228709	23.09230406	0	0	0	-725.9423063	0.01299258341	-8828.58966924743	
723.3823063	97	2	1	0.9664636129	0.01270648979	97.00577305	2.239215338	0.7550116162	48.49906365	28.12115298	23.37978336	0	0	0	-723.3823063	0.01270648979	-9075.36184152496	
720.8223063	97	2	1	0.9668724076	0.01242820266	97.01620065	2.232037748	0.7517615988	47.88849923	28.44695473	23.66454605	0	0	0	-720.8223063	0.01242820266	-9330.81307846245	
718.2623063	97	2	1	0.9672673275	0.01215755746	97.02704793	2.224716733	0.7482353356	47.28374659	28.76967413	23.94657928	0	0	0	-718.2623063	0.01215755746	-9595.04965058727	
715.7023063	97	2	1	0.9676489988	0.01189438499	97.03830111	2.217259903	0.7444389899	46.6848272	29.08929817	24.22587463	0	0	0	-715.7023063	0.01189438499	-9868.16983947514	
713.1423063	97	2	1	0.9680180149	0.0116385123	97.04994677	2.209674322	0.7403789091	46.09175368	29.40581861	24.50242772	0	0	0	-713.1423063	0.0116385123	-10150.2633263495	
710.5823063	97	2	1	0.9683749387	0.01138976348	97.06197185	2.201966539	0.7360616088	45.50453046	29.71923163	24.7762379	0	0	0	-710.5823063	0.01138976348	-10441.4122811246	
708.0223063	97	2	1	0.9687203036	0.01114796052	97.07436362	2.194142625	0.7314937577	44.92315453	30.0295375	25.04730798	0	0	0	-708.0223063	0.01114796052	-10741.6922005758	
705.4623063	97	2	1	0.9690546159	0.01091292405	97.08710964	2.186208202	0.7266821627	44.34761595	30.33674019	25.31564386	0	0	0	-705.4623063	0.01091292405	-11051.1711937593	
702.9023063	97	2	1	0.9693783556	0.01068447405	97.10019778	2.17816847	0.7216337545	43.77789859	30.64084711	25.5812543	0	0	0	-702.9023063	0.01068447405	-11369.9112291029	
700.3423063	97	2	1	0.969691978	0.01046243053	97.11361618	2.170028244	0.7163555734	43.2139806	30.94186875	25.84415065	0	0	0	-700.3423063	0.01046243053	-11697.967610199	
697.7823063	97	2	1	0.9699959155	0.0102466141	97.12735327	2.161791971	0.7108547564	42.65583504	31.2398184	26.10434656	0	0	0	-697.7823063	0.0102466141	-12035.3908542999	
695.2223063	97	2	1	0.9702905781	0.01003684659	97.14139772	2.15346376	0.705138524	42.10343032	31.5347119	26.36185778	0	0	0	-695.2223063	0.01003684659	-12382.2219250263	
692.6623063	97	2	1	0.9705763554	0.009832951349	97.15573843	2.145047406	0.699214168	41.55673078	31.82656733	26.61670189	0	0	0	-692.6623063	0.009832951349	-12738.5006148876	
690.1023063	97	2	1	0.9708536172	0.009634754003	97.17036455	2.13654641	0.6930890396	41.01569703	32.11540482	26.86889815	0	0	0	-690.1023063	0.009634754003	-13104.2603065507	
687.5423063	97	2	1	0.9711227145	0.009442082509	97.18526546	2.127964	0.6867705379	40.48028648	32.40124628	27.11846723	0	0	0	-687.5423063	0.009442082509	-13479.5254038512	
684.9823063	97	2	1	0.9713839812	0.009254767676	97.20043075	2.11930315	0.6802660996	39.95045367	32.68411522	27.36543111	0	0	0	-684.9823063	0.009254767676	-13864.3188174919	
682.4223063	97	2	1	0.9716377342	0.009072643389	97.21585021	2.110566598	0.6735831882	39.42615065	32.96403651	27.60981284	0	0	0	-682.4223063	0.009072643389	-14258.6565285968	
679.8623063	97	2	1	0.9718842751	0.008895546851	97.23151385	2.101756863	0.6667292843	38.90732733	33.24103625	27.85163642	0	0	0	-679.8623063	0.008895546851	-14662.5496956392	
677.3023063	97	2	1	0.9721238902	0.008723318786	97.24741186	2.092876261	0.6597118765	38.39393178	33.51514156	28.09092666	0	0	0	-677.3023063	0.008723318786	-15076.0042930667	
674.7423063	97	2	1	0.9723568523	0.008555803591	97.26353463	2.083926918	0.6525384522	37.8859105	33.78638046	28.32770904	0	0	0	-674.7423063	0.008555803591	-15499.0211145248	
672.1823063	97	2	1	0.9725834206	0.008392849465	97.27987273	2.074910783	0.6452164892	37.38320875	34.05478168	28.56200957	0	0	0	-672.1823063	0.008392849465	-15931.5960567962	
669.6223063	97	2	1	0.9728038418	0.008234308502	97.29641691	2.065829643	0.6377534477	36.88577069	34.32037459	28.79385473	0	0	0	-669.6223063	0.008234308502	-16373.719837171	
667.0623063	97	2	1	0.9730183508	0.008080036754	97.31315811	2.056685132	0.6301567628	36.39353969	34.58318901	29.0232713	0	0	0	-667.0623063	0.008080036754	-16825.3781485861	
664.5023063	97	2	1	0.9732271713	0.007929894274	97.33008742	2.047478741	0.6224338365	35.90645849	34.84325517	29.25028634	0	0	0	-664.5023063	0.007929894274	-17286.551890044	
661.9423063	97	2	1	0.9734305164	0.007783745136	97.34719614	2.038211831	0.6145920318	35.42446937	35.10060356	29.47492707	0	0	0	-661.9423063	0.007783745136	-17757.2167597727	
659.3823063	97	2	1	0.973628589	0.007641457429	97.36447569	2.02888564	0.6066386651	34.94751435	35.35526488	29.69722078	0	0	0	-659.3823063	0.007641457429	-18237.3433472764	
656.8223063	97	2	1	0.9738215827	0.007502903242	97.38191771	2.019501292	0.5985810006	34.47553531	35.6072699	29.91719479	0	0	0	-656.8223063	0.007502903242	-18726.8973930788	
654.2623063	97	2	1	0.9740096819	0.007367958631	97.39951395	2.010059803	0.5904262441	34.00847415	35.85664945	30.1348764	0	0	0	-654.2623063	0.007367958631	-19225.8395909117	
651.7023063	97	2	1	0.9741930627	0.007236503573	97.41725637	2.000562091	0.5821815372	33.54627289	36.10343432	30.35029279	0	0	0	-651.7023063	0.007236503573	-19734.1256189689	
649.1423063	97	2	1	0.9743718929	0.00710842191	97.43513707	1.991008982	0.573853952	33.08887378	36.3476552	30.56347101	0	0	0	-649.1423063	0.00710842191	-20251.7058731211	
646.5823063	97	2	1	0.9745463328	0.00698360128	97.4531483	1.981401216	0.5654504859	32.63621942	36.58934265	30.77443793	0	0	0	-646.5823063	0.00698360128	-20778.5257593023	
644.0223063	97	2	1	0.9747165354	0.006861933048	97.47128249	1.971739451	0.5569780569	32.18825281	36.828527	30.98322019	0	0	0	-644.0223063	0.006861933048	-21314.5258091493	
641.4623063	97	2	1	0.9748826467	0.006743312225	97.48953223	1.962024271	0.5484434987	31.74491746	37.06523838	31.18984416	0	0	0	-641.4623063	0.006743312225	-21859.6410191255	
638.9023063	97	2	1	0.9750448065	0.00662763738	97.50789025	1.95225619	0.5398535562	31.30615745	37.2995066	31.39433595	0	0	0	-638.9023063	0.00662763738	-22413.8015592964	
636.3423063	97	2	1	0.9752031481	0.006514810558	97.52634946	1.942435656	0.5312148816	30.87191748	37.5313612	31.59672132	0	0	0	-636.3423063	0.006514810558	-22976.9321870548	
633.7823063	97	2	1	0.9753577991	0.00640473718	97.54490291	1.932563055	0.5225340303	30.44214291	37.76083137	31.79702572	0	0	0	-633.7823063	0.00640473718	-23548.9525635406	
631.2223063	97	2	1	0.9755088814	0.006297325958	97.56354382	1.922638718	0.5138174567	30.01677985	37.98794591	31.99527424	0	0	0	-631.2223063	0.006297325958	-24129.7771289031	
628.6623063	97	2	1	0.9756565119	0.006192488792	97.58226557	1.912662922	0.5050715113	29.59577517	38.21273326	32.19149158	0	0	0	-628.6623063	0.006192488792	-24719.3147913546	
626.1023063	97	2	1	0.9758008022	0.006090140679	97.60106167	1.902635892	0.4963024365	29.17907651	38.43522143	32.38570206	0	0	0	-626.1023063	0.006090140679	-25317.4697192459	
623.5423063	97	2	1	0.9759418593	0.005990199617	97.61992583	1.892557808	0.4875163639	28.76663235	38.65543804	32.57792961	0	0	0	-623.5423063	0.005990199617	-25924.1401259067	
620.9823063	97	2	1	0.9760797855	0.005892586504	97.63885188	1.882428806	0.478719311	28.35839203	38.87341023	32.76819774	0	0	0	-620.9823063	0.005892586504	-26539.2194459983	
618.4223063	97	2	1	0.9762146789	0.005797225052	97.65783384	1.872248981	0.4699171783	27.95430574	39.08916472	32.95652954	0	0	0	-618.4223063	0.005797225052	-27162.5953877744	
615.8623063	97	2	1	0.9763466337	0.005704041682	97.67686586	1.86201839	0.4611157466	27.55432455	39.30272776	33.14294769	0	0	0	-615.8623063	0.005704041682	-27794.1503504732	
613.3023063	97	2	1	0.9764757398	0.005612965442	97.69594227	1.851737055	0.4523206742	27.15840045	39.51412514	33.32747442	0	0	0	-613.3023063	0.005612965442	-28433.7616074438	
610.7423063	97	2	1	0.9766020838	0.005523927908	97.71505754	1.841404963	0.443537495	26.76648631	39.72338216	33.51013154	0	0	0	-610.7423063	0.005523927908	-29081.3006994313	
608.1823063	97	2	1	0.9767257486	0.0054368631	97.73420631	1.831022073	0.4347716154	26.37853592	39.93052366	33.69094042	0	0	0	-608.1823063	0.0054368631	-29736.6335327849	
605.6223063	97	2	1	0.9768468136	0.005351707389	97.75338338	1.820588311	0.4260283129	25.99450399	40.135574	33.86992202	0	0	0	-605.6223063	0.005351707389	-30399.6212396292	
603.0623063	97	2	1	0.9769653553	0.005268399421	97.77258369	1.810103581	0.4173127338	25.61434614	40.33855704	34.04709683	0	0	0	-603.0623063	0.005268399421	-31070.119421585	
600.5023063	97	2	1	0.9770814469	0.005186880025	97.79180235	1.799567758	0.4086298912	25.23801891	40.53949617	34.22248492	0	0	0	-600.5023063	0.005186880025	-31747.9775095788	
597.9423063	97	2	1	0.9771951589	0.005107092137	97.81103464	1.788980696	0.3999846636	24.86547976	40.73841431	34.39610593	0	0	0	-597.9423063	0.005107092137	-32433.0401472737	
595.3823063	97	2	1	0.977306559	0.005028980721	97.83027598	1.778342229	0.3913817933	24.49668705	40.93533387	34.56797909	0	0	0	-595.3823063	0.005028980721	-33125.1463946923	
592.8223063	97	2	1	0.977415712	0.004952492693	97.84952195	1.767652169	0.3828258847	24.13160005	41.1302768	34.73812316	0	0	0	-592.8223063	0.004952492693	-33824.1297450698	
590.2623063	97	2	1	0.9775226807	0.004877576847	97.86876829	1.756910311	0.3743214032	23.77017893	41.32326456	34.90655651	0	0	0	-590.2623063	0.004877576847	-34530.1588694813	
587.7023063	97	2	1	0.977627525	0.004804185189	97.88801089	1.746116439	0.3658726736	23.41238477	41.51431816	35.07329707	0	0	0	-587.7023063	0.004804185189	-35234.1598893894	
585.1423063	97	2	1	0.977730302	0.004732234742	97.90724587	1.735270233	0.3574839003	23.05818173	41.70345691	35.23836136	0	0	0	-585.1423063	0.004732234742	-35961.1903912406	
582.5823063	97	2	1	0.9778310689	0.004661778142	97.92646932	1.724371594	0.3491590887	22.707528	41.89070334	35.40176866	0	0	0	-582.5823063	0.004661778142	-36693.4494245319	
580.0223063	97	2	1	0.9779298783	0.004592674086	97.94567765	1.713420192	0.340902155	22.36038968	42.07607578	35.56353454	0	0	0	-580.0223063	0.004592674086	-37415.9949048698	
577.4623063	97	2	1	0.9780267819	0.004524911957	97.96486739	1.702415759	0.3327168551	22.01673131	42.25959337	35.72367532	0	0	0	-577.4623063	0.004524911957	-38152.4457666258	
574.9023063	97	2	1	0.9781218294	0.00445845041	97.98403518	1.691358016	0.3246068008	21.67651828	42.44127478	35.88220694	0	0	0	-574.9023063	0.00445845041	-38891.2590746709	
572.3423063	97	2	1	0.9782150682	0.004393239098	98.00317791	1.680246614	0.3165754743	21.33971664	42.62113811	36.03914524	0	0	0	-572.3423063	0.004393239098	-39648.0660388019	
569.7823063	97	2	1	0.9783065452	0.004329289574	98.02229235	1.669081506	0.3086261434	21.00629245	42.79920222	36.19450533	0	0	0	-569.7823063	0.004329289574	-40397.0059207359	
567.2223063	97	2	1	0.978396304	0.004266476651	98.04137584	1.657862111	0.3007620516	20.67621616	42.9754828	36.34830104	0	0	0	-567.2223063	0.004266476651	-41145.6591270077	
564.6623063	97	2	1	0.9784843876	0.004204831685	98.06042556	1.646588233	0.2929862094	20.34945494	43.14999757	36.50054748	0	0	0	-564.6623063	0.004204831685	-41913.61286945	
562.1023063	97	2	1	0.9785708373	0.004144300335	98.07943893	1.635259567	0.2853015077	20.02597821	43.32276306	36.65125873	0	0	0	-562.1023063	0.004144300335	-42680.234843578	
559.5423063	97	2	1	0.978655693	0.004084850343	98.09841349	1.623875818	0.277710691	19.70575618	43.49379538	36.80044845	0	0	0	-559.5423063	0.004084850343	-43451.2924072919	
556.9823063	97	2	1	0.978738993	0.0040264486	98.11734695	1.612436687	0.2702163612	19.38875979	43.66311022	36.94812999	0	0	0	-556.9823063	0.0040264486	-44226.1110122389	
554.4223063	97	2	1	0.9788207743	0.003969063768	98.13623715	1.600941877	0.2628209773	19.07496076	43.83072289	37.09431635	0	0	0	-554.4223063	0.003969063768	-45004.6826833047	
551.8623063	97	2	1	0.9789010729	0.003912665552	98.15508205	1.589391096	0.2555268556	18.7643315	43.99664829	37.23902021	0	0	0	-551.8623063	0.003912665552	-45786.7608290731	
549.3023063	97	2	1	0.9789799231	0.003857224663	98.17387977	1.577784057	0.2483361709	18.45684517	44.16090094	37.38225389	0	0	0	-549.3023063	0.003857224663	-46572.093913184	
546.7423063	97	2	1	0.9790573584	0.003802712775	98.19262856	1.566120481	0.2412509571	18.15247563	44.32349495	37.52402942	0	0	0	-546.7423063	0.003802712775	-47360.4260807887	
544.1823063	97	2	1	0.9791334109	0.003749102492	98.2113268	1.554400096	0.2342731084	17.85119743	44.4844441	37.66435847	0	0	0	-544.1823063	0.003749102492	-48151.4993372887	
541.6223063	97	2	1	0.9792081117	0.003696367313	98.22997298	1.542622643	0.2274043804	17.5529858	44.64376176	37.80325245	0	0	0	-541.6223063	0.003696367313	-48945.0502967939	
539.0623063	97	2	1	0.979281491	0.003644481594	98.24856574	1.530787871	0.2206463913	17.25781664	44.80146095	37.94072241	0	0	0	-539.0623063	0.003644481594	-49740.8122973073	
536.5023063	97	2	1	0.9793535778	0.00359342052	98.26710383	1.518895544	0.2140006232	16.96566651	44.95755436	38.07677914	0	0	0	-536.5023063	0.00359342052	-50538.5160240737	
533.9423063	97	2	1	0.9794244001	0.003543160071	98.28558614	1.506945441	0.207468424	16.67651261	45.11205428	38.21143312	0	0	0	-533.9423063	0.003543160071	-51337.8897464977	
531.3823063	97	2	1	0.9794939852	0.003493676996	98.30401164	1.494937356	0.2010510085	16.39033277	45.26497269	38.34469454	0	0	0	-531.3823063	0.003493676996	-52138.6580397909	
528.8223063	97	2	1	0.9795623593	0.003444948779	98.32237944	1.482871102	0.1947494603	16.10710546	45.41632123	38.47657332	0	0	0	-528.8223063	0.003444948779	-52940.5413967596	
526.2623063	97	2	1	0.9796295477	0.003396953614	98.34068876	1.470746511	0.1885647337	15.82680972	45.5661112	38.60707909	0	0	0	-526.2623063	0.003396953614	-53743.2616031442	
523.7023063	97	2	1	0.9796955752	0.003349670383	98.35893891	1.458563437	0.1824976553	15.54942521	45.71435357	38.73622122	0	0	0	-523.7023063	0.003349670383	-54546.5375796087	
521.1423063	97	2	1	0.9797604655	0.003303078625	98.37712932	1.446321755	0.1765489265	15.27493218	45.86105901	38.86400881	0	0	0	-521.1423063	0.003303078625	-55350.0845570721	
518.5823063	97	2	1	0.9798242416	0.003257158514	98.39525951	1.434021368	0.1707191252	15.00331143	46.00623787	38.9904507	0	0	0	-518.5823063	0.003257158514	-56153.6181813492	
516.0223063	97	2	1	0.9798869257	0.003211890837	98.41332909	1.421662201	0.1650087082	14.73454435	46.14990017	39.11555548	0	0	0	-516.0223063	0.003211890837	-56956.8538517581	
513.4623063	97	2	1	0.9799485396	0.003167256972	98.43133778	1.40924421	0.1594180133	14.46861285	46.29205566	39.23933149	0	0	0	-513.4623063	0.003167256972	-57759.5059226432	
510.9023063	97	2	1	0.980009104	0.003123238866	98.44928536	1.396767382	0.1539472618	14.2054994	46.43271378	39.36178682	0	0	0	-510.9023063	0.003123238866	-58561.2895181459	
508.3423063	97	2	1	0.9800686392	0.003079819017	98.46717171	1.384231732	0.1485965613	13.94518699	46.57188367	39.48292933	0	0	0	-508.3423063	0.003079819017	-59361.9196777098	
505.7823063	97	2	1	0.9801271648	0.003036980452	98.48499678	1.371637312	0.1433659076	13.68765913	46.70957421	39.60276666	0	0	0	-505.7823063	0.003036980452	-60161.1113877153	
503.2223063	97	2	1	0.9801846998	0.00299470671	98.5027606	1.358984209	0.1382551877	13.43289984	46.84579398	39.72130618	0	0	0	-503.2223063	0.00299470671	-60958.5829900692	
500.6623063	97	2	1	0.9802412626	0.002952981826	98.52046327	1.346272547	0.1332641826	13.18089362	46.9805513	39.83855508	0	0	0	-500.6623063	0.002952981826	-61754.0534208116	
498.1023063	97	2	1	0.980296871	0.002911790311	98.53810494	1.333502488	0.1283925699	12.93162547	47.11385421	39.95452032	0	0	0	-498.1023063	0.002911790311	-62547.245447416	
495.5423063	97	2	1	0.9803515423	0.002871117141	98.55568583	1.320674239	0.1236399265	12.68508086	47.24571051	40.06920863	0	0	0	-495.5423063	0.002871117141	-63337.8840574199	
492.9823063	97	2	1	0.9804052933	0.002830947736	98.57320622	1.307788048	0.1190057319	12.44124573	47.37612771	40.18262656	0	0	0	-492.9823063	0.002830947736	-64125.6986427679	
490.4223063	97	2	1	0.9804581402	0.002791267952	98.59066642	1.294844208	0.1144893707	12.20010647	47.5051131	40.29478044	0	0	0	-490.4223063	0.002791267952	-64910.4220124546	
487.8623063	97	2	1	0.9805100987	0.00275206406	98.6080668	1.281843061	0.1100901361	11.9616499	47.6326737	40.40567639	0	0	0	-487.8623063	0.00275206406	-65691.7929074051	
485.3023063	97	2	1	0.9805611842	0.002713322741	98.62540777	1.268784999	0.1058072325	11.72586331	47.75881632	40.51532037	0	0	0	-485.3023063	0.002713322741	-66469.5567498074	
482.7423063	97	2	1	0.9806114115	0.002675031067	98.64268976	1.255670465	0.1016397789	11.49273438	47.8835475	40.62371811	0	0	0	-482.7423063	0.002675031067	-67243.4605032499	
480.1823063	97	2	1	0.9806607949	0.00263717649	98.65991323	1.242499955	0.0975868121	11.26225122	48.00687358	40.7308752	0	0	0	-480.1823063	0.00263717649	-68013.2652330669	
477.6223063	97	2	1	0.9807093484	0.002599746838	98.67707869	1.229274023	0.09364728951	11.03440234	48.12880065	40.83679701	0	0	0	-477.6223063	0.002599746838	-68778.734944045	
475.0623063	97	2	1	0.9807570855	0.002562730292	98.69418663	1.215993279	0.08982009279	10.80917664	48.2493346	40.94148876	0	0	0	-475.0623063	0.002562730292	-69539.6432560408	
472.5023063	97	2	1	0.9808040193	0.002526115389	98.71123757	1.202658396	0.08610403091	10.58656341	48.3684811	41.0449555	0	0	0	-472.5023063	0.002526115389	-70295.7760597329	
469.9423063	97	2	1	0.9808501627	0.002489891003	98.72823205	1.189270106	0.08249784342	10.36655231	48.4862456	41.14720209	0	0	0	-469.9423063	0.002489891003	-71046.9254813664	
467.3823063	97	2	1	0.9808955279	0.002454046341	98.74517059	1.175829208	0.07900020379	10.14913338	48.60263337	41.24823325	0	0	0	-467.3823063	0.002454046341	-71792.8957583571	
464.8223063	97	2	1	0.980940127	0.002418570931	98.76205371	1.162336569	0.07560972269	9.934296982	48.71764948	41.34805354	0	0	0	-464.8223063	0.002418570931	-72533.5066640448	
462.2623063	97	2	1	0.9809839717	0.002383454621	98.77888193	1.148793121	0.07232495132	9.722033849	48.83129877	41.44666738	0	0	0	-462.2623063	0.002383454621	-73268.5868177402	
459.7023063	97	2	1	0.9810270732	0.002348687561	98.79565574	1.135199871	0.06914438469	9.512335036	48.94358595	41.54407901	0	0	0	-459.7023063	0.002348687561	-73997.9782382725	
457.1423063	97	2	1	0.9810694426	0.002314260206	98.81237564	1.121557898	0.066066465	9.305191924	49.05451551	41.64029257	0	0	0	-457.1423063	0.002314260206	-74721.5352894103	
454.5823063	97	2	1	0.9811110906	0.002280163298	98.82904206	1.107868356	0.06308958492	9.100596203	49.16409178	41.73531202	0	0	0	-454.5823063	0.002280163298	-75439.1366380587	
452.0223063	97	2	1	0.9811520275	0.002246387879	98.84565543	1.094132476	0.06021209089	8.89853987	49.27231891	41.82914122	0	0	0	-452.0223063	0.002246387879	-76150.6835289642	
449.4623063	97	2	1	0.9811922635	0.002212925272	98.86221614	1.080351571	0.05743228647	8.699015208	49.3792009	41.9217839	0	0	0	-449.4623063	0.002212925272	-76856.0781920986	
446.9023063	97	2	1	0.9812318083	0.002179767074	98.87872453	1.066527033	0.05474843553	8.502014784	49.48474158	42.01324364	0	0	0	-446.9023063	0.002179767074	-77555.2444388055	
444.3423063	97	2	1	0.9812706715	0.002146905156	98.89518089	1.05266034	0.05215876557	8.307531431	49.58894463	42.10352393	0	0	0	-444.3423063	0.002146905156	-78248.131330067	
441.7823063	97	2	1	0.9813088623	0.002114331659	98.91158548	1.038753054	0.04966147093	8.115558243	49.69181361	42.19262815	0	0	0	-441.7823063	0.002114331659	-78934.7064789177	
439.2223063	97	2	1	0.9813463898	0.002082038988	98.92793846	1.024806826	0.04725471597	7.926088557	49.79335189	42.28055955	0	0	0	-439.2223063	0.002082038988	-79614.9585173009	
436.6623063	97	2	1	0.9813832627	0.00205001981	98.94423997	1.010823395	0.04493663823	7.739115946	49.89356276	42.3673213	0	0	0	-436.6623063	0.00205001981	-80288.8994989822	
434.1023063	97	2	1	0.9814194896	0.00201826705	98.96049006	0.9968045933	0.04270535157	7.554634205	49.99244934	42.45291646	0	0	0	-434.1023063	0.00201826705	-80956.5638424233	
431.5423063	97	2	1	0.9814550786	0.001986773888	98.97668871	0.9827523449	0.04055894922	7.37263734	50.09001466	42.537348	0	0	0	-431.5423063	0.001986773888	-81618.0135718555	
428.9823063	97	2	1	0.981490038	0.001955533759	98.99283582	0.9686686691	0.03849550683	7.193119554	50.18626163	42.62061882	0	0	0	-428.9823063	0.001955533759	-82273.3372052361	
426.4223063	97	2	1	0.9815243754	0.001924540349	99.00893123	0.9545556815	0.03651308545	7.016075235	50.28119304	42.70273172	0	0	0	-426.4223063	0.001924540349	-82922.6473911356	
423.8623063	97	2	1	0.9815580987	0.001893787593	99.02497467	0.9404155956	0.03460973441	6.841498941	50.37481161	42.78368945	0	0	0	-423.8623063	0.001893787593	-83566.0849151902	
421.3023063	97	2	1	0.9815912152	0.001863269674	99.04096578	0.9262507242	0.03278349423	6.66938539	50.46711994	42.86349467	0	0	0	-421.3023063	0.001863269674	-84203.8216716466	
418.7423063	97	2	1	0.9816237322	0.001832981023	99.05690412	0.9120634807	0.03103239941	6.499729444	50.55812055	42.94215	0	0	0	-418.7423063	0.001832981023	-84836.0595615164	
416.1823063	97	2	1	0.9816556567	0.001802916317	99.07278914	0.89785638	0.02935448113	6.332526092	50.64781591	43.019658	0	0	0	-416.1823063	0.001802916317	-85463.0322460313	
413.6223063	97	2	1	0.9816869957	0.00177307048	99.08862019	0.8836320399	0.02774776997	6.167770443	50.73620839	43.09602116	0	0	0	-413.6223063	0.00177307048	-86085.0023774566	
411.0623063	97	2	1	0.9817177559	0.001743438679	99.10439652	0.8693931819	0.02621029845	6.005457701	50.82330033	43.17124197	0	0	0	-411.0623063	0.001743438679	-86702.2707982478	
408.5023063	97	2	1	0.9817479437	0.001714016331	99.12011726	0.8551426318	0.0247401036	5.845583159	50.90909399	43.24532285	0	0	0	-408.5023063	0.001714016331	-87315.1737225425	
405.9423063	97	2	1	0.9817775657	0.001684799097	99.13578145	0.8408833203	0.02333522934	5.688142175	50.9935916	43.31826622	0	0	0	-405.9423063	0.001684799097	-87924.077592495	
403.3823063	97	2	1	0.981806628	0.001655782885	99.15138799	0.8266182835	0.02199372892	5.533130163	51.07679538	43.39007446	0	0	0	-403.3823063	0.001655782885	-88529.3895802543	
400.8223063	97	2	1	0.9818351368	0.001626963851	99.16693567	0.8123506633	0.02071366712	5.38054257	51.15870747	43.46074996	0	0	0	-400.8223063	0.001626963851	-89131.5568484813	
398.2623063	97	2	1	0.981863098	0.001598338401	99.18242317	0.7980837071	0.01949312249	5.230374863	51.23933006	43.53029508	0	0	0	-398.2623063	0.001598338401	-89731.0655760193	
395.7023063	97	2	1	0.9818905175	0.001569903191	99.19784904	0.7838207677	0.01833018947	5.082622508	51.31866529	43.5987122	0	0	0	-395.7023063	0.001569903191	-90328.4383957229	
393.1423063	97	2	1	0.9819174009	0.001541655127	99.21321172	0.7695653032	0.01722298037	4.937280956	51.39671532	43.66600372	0	0	0	-393.1423063	0.001541655127	-90924.242985841	
390.5823063	97	2	1	0.9819437538	0.00151359137	99.2285095	0.7553208762	0.01616962731	4.794345621	51.47348233	43.73217205	0	0	0	-390.5823063	0.00151359137	-91519.0928522996	
388.0223063	97	2	1	0.9819695817	0.001485709336	99.24374056	0.741091153	0.01516828411	4.653811859	51.54896852	43.79721963	0	0	0	-388.0223063	0.001485709336	-92113.6418901969	
385.4623063	97	2	1	0.98199489	0.001458006697	99.25890297	0.7268799023	0.01421712796	4.515674956	51.62317611	43.86114893	0	0	0	-385.4623063	0.001458006697	-92708.5935684691	
382.9023063	97	2	1	0.982019684	0.001430481386	99.27399464	0.7126909943	0.01331436112	4.379930098	51.69610741	43.92396249	0	0	0	-382.9023063	0.001430481386	-93304.6986821845	
380.3423063	97	2	1	0.9820439687	0.001403131596	99.28901339	0.6985283988	0.01245821249	4.246572359	51.76776475	43.98566289	0	0	0	-380.3423063	0.001403131596	-93902.7534028207	
377.7823063	97	2	1	0.9820677493	0.001375955783	99.30395688	0.6843961835	0.01164693905	4.115596673	51.83815054	44.04625278	0	0	0	-377.7823063	0.001375955783	-94503.6091466303	
375.2223063	97	2	1	0.9820910308	0.00134895267	99.31882266	0.6702985116	0.01087882721	3.986997819	51.90726729	44.10573489	0	0	0	-375.2223063	0.00134895267	-95108.1673078575	
372.6623063	97	2	1	0.9821138181	0.001322121246	99.33360817	0.6562396395	0.01015219417	3.860770393	51.97511758	44.16411202	0	0	0	-372.6623063	0.001322121246	-95717.3829834475	
370.1023063	97	2	1	0.9821361161	0.001295460771	99.3483107	0.6422239138	0.009465389004	3.736908788	52.04170412	44.22138709	0	0	0	-370.1023063	0.001295460771	-96332.2740764596	
367.5423063	97	2	1	0.9821579295	0.001268970779	99.36292744	0.6282557687	0.008816793798	3.615407173	52.10702972	44.27756311	0	0	0	-367.5423063	0.001268970779	-96953.9092670837	
364.9823063	97	2	1	0.982179263	0.001242651075	99.37745545	0.614339722	0.008204824637	3.496259465	52.17109733	44.3326432	0	0	0	-364.9823063	0.001242651075	-97583.4198276181	
362.4223063	97	2	1	0.9822001213	0.001216501743	99.3918917	0.6004803718	0.007627932496	3.379459309	52.23391006	44.38663063	0	0	0	-362.4223063	0.001216501743	-98222.0040466618	
359.8623063	97	2	1	0.9822205091	0.001190523144	99.406233	0.5866823922	0.007084604047	3.265000055	52.29547114	44.4395288	0	0	0	-359.8623063	0.001190523144	-98870.9196358091	
357.3023063	97	2	1	0.9822404309	0.001164715918	99.42047611	0.5729505286	0.006573362375	3.152874726	52.35578403	44.49134124	0	0	0	-357.3023063	0.001164715918	-99531.4984993499	
354.7423063	97	2	1	0.9822598912	0.001139080988	99.43461764	0.5592895936	0.0060927676	3.043076004	52.41485232	44.54207167	0	0	0	-354.7423063	0.001139080988	-100205.141113715	
352.1823063	97	2	1	0.9822788946	0.001113619557	99.44865412	0.5457044613	0.005641417409	2.935596194	52.47267984	44.59172396	0	0	0	-352.1823063	0.001113619557	-100893.327217016	
349.6223063	97	2	1	0.9822974455	0.001088333115	99.46258199	0.5322000619	0.005217947508	2.830427209	52.52927061	44.64030218	0	0	0	-349.6223063	0.001088333115	-101597.612356441	
347.0623063	97	2	1	0.9823155485	0.001063223432	99.47639759	0.5187813759	0.004821031976	2.727560535	52.5846289	44.68781057	0	0	0	-347.0623063	0.001063223432	-102319.631897925	
344.5023063	97	2	1	0.982333208	0.001038292564	99.49009719	0.5054534281	0.004449383548	2.626987213	52.63875919	44.7342536	0	0	0	-344.5023063	0.001038292564	-103061.114568273	
341.9423063	97	2	1	0.9823504283	0.00101354285	99.50367697	0.4922212806	0.004101753807	2.528697807	52.69166625	44.77963594	0	0	0	-341.9423063	0.00101354285	-103823.876282394	
339.3823063	97	2	1	0.982367214	0.0009889769115	99.51713304	0.4790900261	0.003776933299	2.432682383	52.7433551	44.82396251	0	0	0	-339.3823063	0.0009889769115	-104609.833111493	
336.8223063	97	2	1	0.9823835695	0.0009645976523	99.53046147	0.4660647806	0.003473751572	2.338930482	52.79383107	44.86723845	0	0	0	-336.8223063	0.0009645976523	-105421.005014031	
334.2623063	97	2	1	0.9823994993	0.0009404082559	99.54365825	0.4531506757	0.003191077139	2.247431092	52.84309974	44.90946916	0	0	0	-334.2623063	0.0009404082559	-106259.518982667	
331.7023063	97	2	1	0.9824150078	0.0009164121826	99.55671933	0.4403528509	0.00292781737	2.158172626	52.89116707	44.95066031	0	0	0	-331.7023063	0.0009164121826	-107127.619863811	
329.1423063	97	2	1	0.9824300995	0.0008926131674	99.56964064	0.4276764448	0.00268291831	2.071142894	52.93803928	44.99081782	0	0	0	-329.1423063	0.0008926131674	-108027.676828416	
326.5823063	97	2	1	0.9824447789	0.0008690152152	99.58241805	0.4151265868	0.002455364437	1.98632908	52.98372299	45.02994793	0	0	0	-326.5823063	0.0008690152152	-108962.191204409	
324.0223063	97	2	1	0.9824590506	0.0008456225969	99.59504743	0.4027083882	0.002244178352	1.903717717	53.02822513	45.06805716	0	0	0	-324.0223063	0.0008456225969	-109933.806715484	
321.4623063	97	2	1	0.9824729191	0.0008224398435	99.60752465	0.3904269327	0.002048420407	1.823294663	53.07155302	45.10515232	0	0	0	-321.4623063	0.0008224398435	-110945.318772836	
318.9023063	97	2	1	0.982486389	0.0007994717401	99.61984554	0.3782872672	0.00186718828	1.745045078	53.11371436	45.14124056	0	0	0	-318.9023063	0.0007994717401	-111999.686506527	
316.3423063	97	2	1	0.982499465	0.0007767233186	99.63200599	0.3662943918	0.001699616488	1.6689534	53.15471723	45.17632937	0	0	0	-316.3423063	0.0007767233186	-113100.045089432	
313.7823063	97	2	1	0.9825121519	0.0007541998498	99.64400187	0.3544532502	0.001544875858	1.595003327	53.19457014	45.21042654	0	0	0	-313.7823063	0.0007541998498	-114249.719213672	
311.2223063	97	2	1	0.9825244543	0.0007319068341	99.65582911	0.3427687187	0.001402172939	1.523177792	53.23328198	45.24354022	0	0	0	-311.2223063	0.0007319068341	-115452.237178968	
308.6623063	97	2	1	0.9825363771	0.0007098499912	99.66748365	0.3312455967	0.001270749376	1.453458946	53.27086211	45.27567894	0	0	0	-308.6623063	0.0007098499912	-116711.349563999	
306.1023063	97	2	1	0.9825479252	0.0006880352495	99.67896152	0.3198885955	0.001149881243	1.385828139	53.3073203	45.30685156	0	0	0	-306.1023063	0.0006880352495	-118031.046121815	
303.5423063	97	2	1	0.9825591034	0.0006664687331	99.69025879	0.3087023282	0.00103887833	1.320265902	53.34266677	45.33706733	0	0	0	-303.5423063	0.0006664687331	-119415.576251129	
300.9823063	97	2	1	0.9825699169	0.000645156749	99.70137162	0.2976912981	0.0009370834017	1.256751932	53.37691219	45.36633587	0	0	0	-300.9823063	0.000645156749	-114210.222498288	
300	97	2	1	0.9825739706	0.0002420920632	99.70558604	0.2935136295	0.0009003350774	1.232919983	53.38976231	45.3773177	0	0	0	-300	0.0002420920632	109336.035626519	
