T	w(AL)	w(MG)	w(SI)	fs	fw(@FCC_A1)	w(AL@FCC_A1)	w(MG@FCC_A1)	w(SI@FCC_A1)	w(AL@LIQUID)	w(MG@LIQUID)	w(SI@LIQUID)	dwdT_L(AL@LIQUID)	dwdT_L(MG@LIQUID)	dwdT_L(SI@LIQUID)	-T	fw(@FCC_A1)_1	-T//fw(@FCC_A1)	
K	%	%	%	mole/mole	kg/kg	%	%	%	%	%	%	SI	SI	SI				
866.263575	87	5	8	0	0	98.27108011	0.9715976688	0.7573222227	87	5	8	0.002025605066	-0.0007239735	-0.001301631566	-866.263575	0	27.7392611288151	
866.253575	87	5	8	0.0001795172276	0.0001797839469	98.27091467	0.9716512696	0.7574340625	86.99797514	5.000723759	8.001301098	0	0	0	-866.253575	0.0001797839469	83.5053763643549	
866.233575	87	5	8	0.0005382634947	0.0003593822302	98.27058386	0.9717584006	0.7576577396	86.99392305	5.002172022	8.003904929	0	0	0	-866.233575	0.0003593822302	111.405582858043	
866.193575	87	5	8	0.001254936864	0.0007181351287	98.26992247	0.9719724422	0.7581050903	86.98582007	5.005068158	8.009111769	0	0	0	-866.193575	0.0007181351287	111.551667646507	
866.113575	87	5	8	0.002685598191	0.001434594975	98.26860043	0.9723997906	0.7589997798	86.96961274	5.010861027	8.019526235	0	0	0	-866.113575	0.001434594975	111.790889743635	
865.953575	87	5	8	0.005536221909	0.002862509886	98.26596015	0.9732509041	0.7607889485	86.93719253	5.022449165	8.040358306	0	0	0	-865.953575	0.002862509886	112.314404681571	
865.633575	87	5	8	0.01119501695	0.005698469987	98.26069408	0.9749393451	0.7643665766	86.87232995	5.045635083	8.082034967	0	0	0	-865.633575	0.005698469987	113.450319671966	
864.993575	87	5	8	0.02233112852	0.01128027149	98.25022042	0.9782600182	0.7715195654	86.74251952	5.09203978	8.165440696	0	0	0	-864.993575	0.01128027149	115.781866439345	
863.713575	87	5	8	0.04393272283	0.02213086038	98.22950307	0.984681561	0.7858153726	86.4825461	5.18499743	8.332456465	0	0	0	-863.713575	0.02213086038	120.347844889295	
861.153575	87	5	8	0.08462768015	0.04263562908	98.18897117	0.9966623353	0.8143664965	85.96118402	5.371530232	8.667285752	0	0	0	-861.153575	0.04263562908	-1882.06692038407	
858.593575	87	5	8	0.1222417065	0.04116257958	98.14961687	1.007512615	0.842870519	85.43793858	5.558876082	9.003185335	0	0	0	-858.593575	0.04116257958	-1802.27332263177	
856.033575	87	5	8	0.1571030283	0.03978797417	98.11140409	1.017264778	0.871331128	84.9127926	5.747065252	9.340142146	0	0	0	-856.033575	0.03978797417	-1930.26482630784	
853.473575	87	5	8	0.1894969509	0.03850393123	98.07429753	1.025950613	0.8997518539	84.38572893	5.936126312	9.678144762	0	0	0	-853.473575	0.03850393123	-2064.09298780348	
850.913575	87	5	8	0.2196712645	0.03730204178	98.03826243	1.033601332	0.9281362424	83.85672879	6.126086396	10.01718481	0	0	0	-850.913575	0.03730204178	-2202.85289075058	
848.353575	87	5	8	0.2478421376	0.03617488193	98.00326458	1.040247609	0.9564878078	83.32577226	6.316971244	10.35725649	0	0	0	-848.353575	0.03617488193	-2346.58005564207	
845.793575	87	5	8	0.2741989602	0.03511589534	97.96927036	1.045919621	0.9848100159	82.79283828	6.508805363	10.69835635	0	0	0	-845.793575	0.03511589534	-2495.3310604505	
843.233575	87	5	8	0.2989083272	0.03411926977	97.93624665	1.050647086	1.013106268	82.25790472	6.70161216	11.04048312	0	0	0	-843.233575	0.03411926977	-2649.16348735486	
840.673575	87	5	8	0.3221173364	0.03317983404	97.90416082	1.054459294	1.041379888	81.72094844	6.895414065	11.38363749	0	0	0	-840.673575	0.03317983404	-2808.13567081107	
838.113575	87	5	8	0.3439563332	0.0322929717	97.87298077	1.057385129	1.069634104	81.18194532	7.090232635	11.72782204	0	0	0	-838.113575	0.0322929717	-2972.30643572774	
835.553575	87	5	8	0.3645412061	0.03145454824	97.84267487	1.059453094	1.097872041	80.64087035	7.286088639	12.07304101	0	0	0	-835.553575	0.03145454824	-3141.734833122	
832.993575	87	5	8	0.3839753183	0.03066084951	97.81321197	1.060691325	1.126096703	80.09769764	7.483002142	12.41930021	0	0	0	-832.993575	0.03066084951	-3316.47976101414	
830.433575	87	5	8	0.4023511383	0.02990852928	97.78456143	1.061127608	1.154310966	79.55240054	7.680992563	12.7666069	0	0	0	-830.433575	0.02990852928	-3496.59963896065	
827.873575	87	5	8	0.4197516245	0.02919456452	97.75669305	1.060789387	1.18251756	79.00495163	7.880078744	13.11496963	0	0	0	-827.873575	0.02919456452	-3682.15204187112	
825.313575	87	5	8	0.4362514049	0.028516217	97.72957717	1.059703773	1.210719061	78.45532282	8.080278987	13.46439819	0	0	0	-825.313575	0.028516217	-3873.19315004572	
822.753575	87	5	8	0.4519177861	0.02787100023	97.70318457	1.05789755	1.238917877	77.90348542	8.281611107	13.81490348	0	0	0	-822.753575	0.02787100023	-4069.77743754606	
820.193575	87	5	8	0.4668116205	0.02725665095	97.67748658	1.055397184	1.267116236	77.34941014	8.484092459	14.1664974	0	0	0	-820.193575	0.02725665095	-4271.95701569997	
817.633575	87	5	8	0.4809880535	0.02667110432	97.65245501	1.052228818	1.295316175	76.79306725	8.687739971	14.51919278	0	0	0	-817.633575	0.02667110432	-4479.78100557734	
815.073575	87	5	8	0.4944971701	0.0261124724	97.62806219	1.048418282	1.323519524	76.23442654	8.892570169	14.87300329	0	0	0	-815.073575	0.0261124724	-4693.29518578659	
812.513575	87	5	8	0.5073845557	0.02557902538	97.60428101	1.043991088	1.351727898	75.67345746	9.098599193	15.22794335	0	0	0	-812.513575	0.02557902538	-4912.54092361262	
809.953575	87	5	8	0.5196917848	0.02506917505	97.58108489	1.038972428	1.379942678	75.11012914	9.305842812	15.58402804	0	0	0	-809.953575	0.02506917505	-5137.55459340683	
807.393575	87	5	8	0.5314568473	0.02458146041	97.55844782	1.033387179	1.408165	74.54441051	9.514316437	15.94127305	0	0	0	-807.393575	0.02458146041	-5368.36665569795	
804.833575	87	5	8	0.5427145223	0.02411453488	97.53634436	1.027259894	1.436395742	73.97627029	9.724035125	16.29969458	0	0	0	-804.833575	0.02411453488	-5605.00067997071	
802.273575	87	5	8	0.5534967061	0.0236671551	97.51474969	1.020614803	1.464635505	73.40567714	9.935013582	16.65930928	0	0	0	-802.273575	0.0236671551	-5847.47269494838	
799.713575	87	5	8	0.5638327009	0.02323817099	97.49363959	1.013475808	1.4928846	72.83259969	10.14726616	17.02013415	0	0	0	-799.713575	0.02323817099	-6095.7893219067	
797.153575	87	5	8	0.5737494701	0.02282651684	97.47299049	1.005866477	1.521143034	72.25700662	10.36080687	17.38218651	0	0	0	-797.153575	0.02282651684	-6349.94703930436	
794.593575	87	5	8	0.5832718638	0.02243120353	97.45277947	0.9978100421	1.549410488	71.67886675	10.57564933	17.74548392	0	0	0	-794.593575	0.02243120353	-6609.93073161664	
792.033575	87	5	8	0.5924228191	0.02205131145	97.4329843	0.9893293945	1.577686303	71.0981491	10.79180681	18.11004409	0	0	0	-792.033575	0.02205131145	-6875.71202359883	
789.473575	87	5	8	0.6012235378	0.02168598427	97.41358346	0.9804470771	1.605969462	70.51482302	11.00929219	18.4758848	0	0	0	-789.473575	0.02168598427	-7147.24802931452	
786.913575	87	5	8	0.6096936455	0.02133442331	97.39455615	0.971185281	1.634258569	69.9288582	11.22811793	18.84302387	0	0	0	-786.913575	0.02133442331	-7424.47892327811	
784.353575	87	5	8	0.6178513326	0.02099588246	97.37588233	0.9615658391	1.66255183	69.34022484	11.44829608	19.21147907	0	0	0	-784.353575	0.02099588246	-7707.32618400781	
781.793575	87	5	8	0.6257134812	0.02066966365	97.35754275	0.9516102203	1.690847034	68.7488937	11.66983825	19.58126805	0	0	0	-781.793575	0.02066966365	-7995.6909063516	
779.233575	87	5	8	0.6332957787	0.02035511276	97.33951895	0.941339524	1.719141531	68.1548362	11.89275556	19.95240824	0	0	0	-779.233575	0.02035511276	-8289.45110932735	
776.673575	87	5	8	0.6406128196	0.02005161589	97.32179332	0.930774474	1.747432207	67.55802455	12.11705863	20.32491682	0	0	0	-776.673575	0.02005161589	-8588.45912281381	
774.113575	87	5	8	0.6476781972	0.019758596	97.30434912	0.9199354127	1.775715465	66.95843184	12.34275756	20.6988106	0	0	0	-774.113575	0.019758596	-8892.53918179394	
771.553575	87	5	8	0.6545045863	0.01947550986	97.2871705	0.9088422953	1.803987201	66.35603216	12.56986186	21.07410598	0	0	0	-771.553575	0.01947550986	-9201.48419456636	
768.993575	87	5	8	0.6611038181	0.01920184525	97.27024254	0.897514684	1.832242778	65.75080072	12.79838045	21.45081883	0	0	0	-768.993575	0.01920184525	-9515.05306527343	
766.433575	87	5	8	0.6674869469	0.01893711845	97.25355126	0.8859717423	1.860476998	65.142714	13.02832157	21.82896443	0	0	0	-766.433575	0.01893711845	-9832.96796538105	
763.873575	87	5	8	0.6736643121	0.01868087193	97.23708369	0.8742322295	1.888684084	64.53174986	13.25969277	22.20855737	0	0	0	-763.873575	0.01868087193	-10154.9092240598	
761.313575	87	5	8	0.6796455928	0.01843267216	97.22082786	0.8623144953	1.916857645	63.91788769	13.49250086	22.58961146	0	0	0	-761.313575	0.01843267216	-10480.5137048066	
758.753575	87	5	8	0.6854398587	0.01819210776	97.20477287	0.8502364746	1.944990653	63.30110858	13.72675181	22.97213961	0	0	0	-758.753575	0.01819210776	-10809.3702441629	
756.193575	87	5	8	0.6910556156	0.01795878761	97.1889089	0.8380156825	1.973075416	62.68139548	13.96245076	23.35615376	0	0	0	-756.193575	0.01795878761	-11141.0158306298	
753.633575	87	5	8	0.696500847	0.01773233927	97.17322725	0.8256692095	2.001103544	62.05873337	14.19960187	23.74166476	0	0	0	-753.633575	0.01773233927	-11474.9330183983	
751.073575	87	5	8	0.7017830523	0.01751240742	97.15772035	0.8132137172	2.029065928	61.43310943	14.43820833	24.12868223	0	0	0	-751.073575	0.01751240742	-11810.3196393859	
748.513575	87	5	8	0.706909279	0.01729864463	97.14238186	0.8006654263	2.056952715	60.80451357	14.67827212	24.51721431	0	0	0	-748.513575	0.01729864463	-12147.807142712	
745.953575	87	5	8	0.7118861695	0.01709076787	97.12720666	0.7880401847	2.084753158	60.1729367	14.91979498	24.90726831	0	0	0	-745.953575	0.01709076787	-12484.3999658139	
743.393575	87	5	8	0.7167199537	0.01688838566	97.11219079	0.7753532493	2.112455961	59.53837563	15.16277532	25.29884905	0	0	0	-743.393575	0.01688838566	-12820.2675534025	
740.833575	87	5	8	0.7214165185	0.01669126183	97.09733168	0.7626195682	2.140048749	58.90082778	15.40721205	25.69196016	0	0	0	-740.833575	0.01669126183	-13156.1707481428	
738.273575	87	5	8	0.7259814074	0.01649908877	97.08262805	0.7498535987	2.16751835	58.26029466	15.65310208	26.08660326	0	0	0	-738.273575	0.01649908877	-13495.1734050987	
735.713575	87	5	8	0.730419924	0.01631174409	97.06807885	0.7370690874	2.194852061	57.6167765	15.90043979	26.4827837	0	0	0	-735.713575	0.01631174409	-13816.2406009547	
733.153575	87	5	8	0.734736864	0.01612842305	97.05368744	0.7242798208	2.222032739	56.97029628	16.14921628	26.88048744	0	0	0	-733.153575	0.01612842305	-14137.1179449366	
730.593575	87	5	8	0.7389369484	0.01594947153	97.03945584	0.7114989342	2.249045221	56.32085807	16.39942694	27.27971499	0	0	0	-730.593575	0.01594947153	-14466.0996220266	
728.033575	87	5	8	0.7430245765	0.01577440679	97.02538836	0.6987390706	2.275872568	55.66847952	16.65106179	27.68045869	0	0	0	-728.033575	0.01577440679	-14780.0062531518	
725.473575	87	5	8	0.7470039055	0.01560298117	97.01149075	0.6860124149	2.302496831	55.01318309	16.9041088	28.08270811	0	0	0	-725.473575	0.01560298117	-15086.0982805332	
722.913575	87	5	8	0.7508788652	0.01543495347	96.99777028	0.6733306924	2.328899028	54.35499644	17.15855376	28.4864498	0	0	0	-722.913575	0.01543495347	-15383.0773363678	
720.353575	87	5	8	0.7546531721	0.01527008783	96.9842357	0.660705168	2.355059131	53.69395279	17.41438013	28.89166708	0	0	0	-720.353575	0.01527008783	-15669.5834195128	
717.793575	87	5	8	0.7583303414	0.01510815322	96.97089732	0.6481466462	2.380956037	53.03009129	17.67156887	29.29833983	0	0	0	-717.793575	0.01510815322	-15944.2244971981	
715.233575	87	5	8	0.7619136995	0.01494892288	96.95776697	0.63566547	2.406567562	52.36345748	17.93009829	29.70644423	0	0	0	-715.233575	0.01494892288	-16205.5917364588	
712.673575	87	5	8	0.7654063947	0.01479217392	96.94485805	0.6232715218	2.431870425	51.69410365	18.18994387	30.11595248	0	0	0	-712.673575	0.01479217392	-16452.2726204498	
710.113575	87	5	8	0.768811407	0.0146376868	96.93218553	0.6109742236	2.456840246	51.02208933	18.45107808	30.52683259	0	0	0	-710.113575	0.0146376868	-16682.8688363383	
707.553575	87	5	8	0.7721315581	0.01448524501	96.91976593	0.5987825375	2.481451536	50.34748174	18.71347019	30.93904808	0	0	0	-707.553575	0.01448524501	-16896.0206223582	
704.993575	87	5	8	0.7753695196	0.01433463473	96.90761732	0.5867049669	2.50567771	49.67035624	18.9770861	31.35255766	0	0	0	-704.993575	0.01433463473	-17090.4269983428	
702.433575	87	5	8	0.7785278218	0.01418564457	96.89575935	0.5747495576	2.52949109	48.99079686	19.24188811	31.76731503	0	0	0	-702.433575	0.01418564457	-17264.8711441256	
699.873575	87	5	8	0.7816088607	0.01403806537	96.88421318	0.5629238997	2.552862925	48.30889676	19.50783477	32.18326848	0	0	0	-699.873575	0.01403806537	-17418.2483019983	
697.313575	87	5	8	0.7846149056	0.01389169011	96.87300146	0.5512351286	2.575763416	47.62475874	19.7748806	32.60036066	0	0	0	-697.313575	0.01389169011	-17549.5795360747	
694.753575	87	5	8	0.7875481059	0.01374631365	96.86214833	0.5396899279	2.598161746	46.93849578	20.04297596	33.01852826	0	0	0	-694.753575	0.01374631365	-17658.0591984905	
692.193575	87	5	8	0.7904104971	0.01360173315	96.85167934	0.528294531	2.620026125	46.25023149	20.31206682	33.43770169	0	0	0	-692.193575	0.01360173315	-17743.0620037489	
689.633575	87	5	8	0.793204007	0.0134577477	96.84162143	0.5170547239	2.641323843	45.56010068	20.58209453	33.85780479	0	0	0	-689.633575	0.0134577477	-17804.1609359114	
687.073575	87	5	8	0.7959304613	0.01331415883	96.83200282	0.5059758479	2.66202133	44.86824981	20.85299567	34.27875452	0	0	0	-687.073575	0.01331415883	-17841.1622579721	
684.513575	87	5	8	0.798591589	0.0131707706	96.82285297	0.4950628022	2.682084232	44.17483747	21.12470183	34.70046069	0	0	0	-684.513575	0.0131707706	-17854.1072114793	
681.953575	87	5	8	0.8011890278	0.01302739008	96.81420245	0.4843200475	2.701477503	43.48003484	21.39713945	35.12282571	0	0	0	-681.953575	0.01302739008	-17843.2868323164	
679.393575	87	5	8	0.8037243283	0.01288382772	96.80608289	0.4737516093	2.720165496	42.78402611	21.67022964	35.54574426	0	0	0	-679.393575	0.01288382772	-17809.2450304824	
676.833575	87	5	8	0.8061989598	0.01273989801	96.79852683	0.4633610812	2.738112085	42.08700882	21.94388803	35.96910314	0	0	0	-676.833575	0.01273989801	-17752.7768373973	
674.273575	87	5	8	0.8086143138	0.01259542005	96.79156758	0.4531516294	2.755280787	41.38919426	22.21802469	36.39278105	0	0	0	-674.273575	0.01259542005	-17674.9217365492	
671.713575	87	5	8	0.8109717094	0.01245021843	96.7852391	0.4431259967	2.771634906	40.69080766	22.49254396	36.81664838	0	0	0	-671.713575	0.01245021843	-17576.9532858531	
669.153575	87	5	8	0.813272397	0.01230412405	96.7795758	0.433286507	2.787137689	39.99208839	22.76734444	37.24056716	0	0	0	-669.153575	0.01230412405	-17460.3542873014	
666.593575	87	5	8	0.8155175627	0.0121569751	96.77461244	0.4236350705	2.801752491	39.29329011	23.04231895	37.66439094	0	0	0	-666.593575	0.0121569751	-17326.8011751501	
664.033575	87	5	8	0.8177083328	0.0120086182	96.77038385	0.4141731889	2.815442965	38.59468072	23.31735449	38.08796479	0	0	0	-664.033575	0.0120086182	-17178.1327881842	
661.473575	87	5	8	0.8198457776	0.01185890949	96.76692478	0.4049019615	2.828173255	37.8965423	23.59233235	38.51112535	0	0	0	-661.473575	0.01185890949	-17016.3201455443	
658.913575	87	5	8	0.8219309154	0.01170771593	96.76426971	0.3958220916	2.8399082	37.19917086	23.8671282	38.93370094	0	0	0	-658.913575	0.01170771593	-16843.4358383942	
656.353575	87	5	8	0.8239647168	0.01155491654	96.76245255	0.3869338933	2.850613558	36.502876	24.14161222	39.35551178	0	0	0	-656.353575	0.01155491654	-16661.6201618414	
653.793575	87	5	8	0.8259481089	0.01140040378	96.76150647	0.3782372997	2.860256232	35.80798043	24.41564932	39.77637025	0	0	0	-653.793575	0.01140040378	-16473.051926679	
651.233575	87	5	8	0.8278819786	0.0112440849	96.76146363	0.3697318713	2.8688045	35.1148193	24.68909944	40.19608126	0	0	0	-651.233575	0.0112440849	-16279.9112626149	
648.673575	87	5	8	0.8297671772	0.01108588321	96.76235494	0.3614168053	2.876228255	34.4237394	24.96181789	40.61444271	0	0	0	-648.673575	0.01108588321	-16084.3556028242	
646.113575	87	5	8	0.8316045241	0.01092573947	96.76420981	0.3532909458	2.882499246	33.73509822	25.2336557	41.03124609	0	0	0	-646.113575	0.01092573947	-15888.4923690775	
643.553575	87	5	8	0.8333948106	0.01076361301	96.76705589	0.3453527953	2.887591313	33.0492628	25.50446016	41.44627704	0	0	0	-643.553575	0.01076361301	-15694.3534341516	
640.993575	87	5	8	0.8351388037	0.01059948288	96.77091885	0.3376005273	2.89148062	32.36660845	25.77407533	41.85931622	0	0	0	-640.993575	0.01059948288	-15503.8819513308	
638.433575	87	5	8	0.8368372499	0.01043334882	96.77582212	0.3300319994	2.89414588	31.68751732	26.04234262	42.27014006	0	0	0	-638.433575	0.01043334882	-15318.9140081541	
635.873575	87	5	8	0.8384908788	0.01026523201	96.78178667	0.3226447679	2.895568566	31.01237677	26.3091015	42.67852174	0	0	0	-635.873575	0.01026523201	-15142.9123492043	
633.313575	87	5	8	0.8401004202	0.0100952155	96.78883042	0.3154360581	2.895733517	30.34157743	26.57418927	43.0842333	0	0	0	-633.313575	0.0100952155	-14971.7919276731	
630.753575	87	5	8	0.8416665511	0.009923232974	96.79696963	0.3084029613	2.894627405	29.67551302	26.83744509	43.48704189	0	0	0	-630.753575	0.009923232974	-14811.8486946291	
628.193575	87	5	8	0.8431899883	0.009749529151	96.80621617	0.3015421929	2.892241634	29.01457378	27.09870679	43.88671943	0	0	0	-628.193575	0.009749529151	-14667.0688971742	
625.633575	87	5	8	0.8446714248	0.009574135275	96.81657935	0.2948502712	2.888570377	28.35915038	27.35781322	44.2830364	0	0	0	-625.633575	0.009574135275	-14532.2518355223	
623.073575	87	5	8	0.8461115544	0.009397195795	96.82806509	0.288323509	2.883611397	27.70962812	27.61460558	44.6757663	0	0	0	-623.073575	0.009397195795	-14411.8979813388	
620.513575	87	5	8	0.8475110717	0.009218862315	96.84067595	0.2819580304	2.877366023	27.06638574	27.86892797	45.0646863	0	0	0	-620.513575	0.009218862315	-14306.4016260999	
617.953575	87	5	8	0.848870675	0.009039305688	96.85441101	0.2757497929	2.869839194	26.42979326	28.1206282	45.44957854	0	0	0	-617.953575	0.009039305688	-14216.6180386362	
615.393575	87	5	8	0.8501910674	0.008858714459	96.86926594	0.2696946106	2.861039445	25.80020995	28.36955868	45.83023137	0	0	0	-615.393575	0.008858714459	-14143.3007470057	
612.833575	87	5	8	0.8514729587	0.008677293033	96.88523295	0.2637881771	2.850978877	25.17798228	28.61557721	46.20644051	0	0	0	-612.833575	0.008677293033	-14087.1108686605	
610.273575	87	5	8	0.8527170664	0.00849525959	96.90230083	0.2580260898	2.839673082	24.56344208	28.85854775	46.57801017	0	0	0	-610.273575	0.00849525959	-14048.6264778465	
607.713575	87	5	8	0.8539241167	0.008312843791	96.92045509	0.2524038732	2.827141036	23.95690469	29.09834113	46.94475418	0	0	0	-607.713575	0.008312843791	-14028.3518462633	
605.153575	87	5	8	0.855094845	0.008130284314	96.93967803	0.2469170024	2.813404964	23.35866738	29.33483572	47.3064969	0	0	0	-605.153575	0.008130284314	-14026.7266439733	
602.593575	87	5	8	0.8562299957	0.007947826284	96.9599489	0.2415609271	2.798490176	22.76900793	29.56791797	47.66307409	0	0	0	-602.593575	0.007947826284	-14044.1347720967	
600.033575	87	5	8	0.8573303228	0.00776571864	96.98124404	0.2363310933	2.782424869	22.18818337	29.79748295	48.01433367	0	0	0	-600.033575	0.00776571864	-14080.9123434818	
597.473575	87	5	8	0.8583965887	0.007584211498	97.00353712	0.2312229658	2.765239918	21.61642894	30.02343471	48.36013635	0	0	0	-597.473575	0.007584211498	-14137.3553043624	
594.913575	87	5	8	0.8594295639	0.007403553568	97.02679931	0.2262320488	2.746968638	21.05395732	30.2456866	48.70035608	0	0	0	-594.913575	0.007403553568	-14213.7266558253	
592.353575	87	5	8	0.8604300262	0.00722398968	97.05099956	0.2213539052	2.727646539	20.50095802	30.46416152	49.03488046	0	0	0	-592.353575	0.00722398968	-14310.2627060663	
589.793575	87	5	8	0.8613987591	0.007045758455	97.07610475	0.2165841754	2.70731107	19.9575971	30.678792	49.36361089	0	0	0	-589.793575	0.007045758455	-14427.1784764744	
587.233575	87	5	8	0.8623365509	0.006869090168	97.10208006	0.2119185934	2.686001348	19.42401697	30.88952029	49.68646274	0	0	0	-587.233575	0.006869090168	-14564.672611196	
584.673575	87	5	8	0.8632441927	0.006694204834	97.1288891	0.2073530025	2.663757898	18.90033654	31.09629824	50.00336522	0	0	0	-584.673575	0.006694204834	-14722.9320885303	
582.113575	87	5	8	0.8641224776	0.006521310554	97.15649424	0.202883368	2.640622388	18.38665148	31.29908722	50.3142613	0	0	0	-582.113575	0.006521310554	-14902.1356078274	
579.553575	87	5	8	0.8649721984	0.006350602108	97.18485685	0.1985057896	2.616637365	17.88303473	31.4978579	50.61910738	0	0	0	-579.553575	0.006350602108	-15102.4565963277	
576.993575	87	5	8	0.865794146	0.006182259836	97.21393748	0.1942165106	2.591846011	17.38953713	31.69258994	50.91787294	0	0	0	-576.993575	0.006182259836	-15324.0661196863	
574.433575	87	5	8	0.8665891082	0.006016448785	97.24369617	0.1900119266	2.566291901	16.90618822	31.8832717	51.21054008	0	0	0	-574.433575	0.006016448785	-15567.134926724	
571.873575	87	5	8	0.8673578673	0.005853318127	97.27409263	0.1858885919	2.540018775	16.43299718	32.06989982	51.49710299	0	0	0	-571.873575	0.005853318127	-15831.8352670251	
569.313575	87	5	8	0.8681011991	0.005693000828	97.30508644	0.1818432239	2.513070332	15.96995382	32.25247883	51.77756735	0	0	0	-569.313575	0.005693000828	-16118.3422090805	
566.753575	87	5	8	0.8688198712	0.005535613554	97.33663726	0.1778727069	2.485490031	15.51702971	32.43102063	52.05194967	0	0	0	-566.753575	0.005535613554	-16426.8347480895	
564.193575	87	5	8	0.8695146412	0.005381256791	97.36870499	0.1739740936	2.457320919	15.07417934	32.60554406	52.32027659	0	0	0	-564.193575	0.005381256791	-16757.4968192523	
561.633575	87	5	8	0.870186256	0.005230015159	97.40124992	0.1701446058	2.428605469	14.64134137	32.7760744	52.58258423	0	0	0	-561.633575	0.005230015159	-17110.5175223452	
559.073575	87	5	8	0.8708354498	0.00508195788	97.43423292	0.1663816331	2.399385443	14.21843982	32.94264281	52.83891738	0	0	0	-559.073575	0.00508195788	-17486.0919453051	
556.513575	87	5	8	0.8714629436	0.004937139401	97.4676155	0.1626827319	2.369701764	13.80538531	33.10528586	53.08932883	0	0	0	-556.513575	0.004937139401	-17884.4212481247	
553.953575	87	5	8	0.8720694441	0.00479560011	97.50135996	0.1590456215	2.339594415	13.40207636	33.26404504	53.33387861	0	0	0	-553.953575	0.00479560011	-18305.712917118	
551.393575	87	5	8	0.8726556424	0.004657367158	97.53542947	0.1554681811	2.309102349	13.00840051	33.4189662	53.57263328	0	0	0	-551.393575	0.004657367158	-18750.1808381169	
548.833575	87	5	8	0.873222214	0.004522455327	97.56978814	0.151948445	2.278263413	12.6242356	33.57009915	53.80566525	0	0	0	-548.833575	0.004522455327	-19218.0450167632	
546.273575	87	5	8	0.8737698173	0.004390867952	97.60440111	0.1484845975	2.247114295	12.24945082	33.71749711	54.03305207	0	0	0	-546.273575	0.004390867952	-19709.5318979664	
543.713575	87	5	8	0.8742990941	0.00426259786	97.63923456	0.1450749675	2.215690475	11.88390787	33.86121633	54.25487579	0	0	0	-543.713575	0.00426259786	-20224.8743466293	
541.153575	87	5	8	0.8748106683	0.00413762832	97.67425579	0.141718022	2.184026191	11.52746197	34.00131565	54.47122238	0	0	0	-541.153575	0.00413762832	-20764.3113115132	
538.593575	87	5	8	0.8753051464	0.004015933976	97.70943321	0.1384123602	2.152154425	11.17996283	34.13785606	54.68218111	0	0	0	-538.593575	0.004015933976	-21328.0879591172	
536.033575	87	5	8	0.8757831168	0.003897481769	97.74473641	0.1351567066	2.120106885	10.84125558	34.2709004	54.88784402	0	0	0	-536.033575	0.003897481769	-21916.4554209555	
533.473575	87	5	8	0.87624515	0.003782231817	97.78013609	0.1319499046	2.087914005	10.51118164	34.40051296	55.08830539	0	0	0	-533.473575	0.003782231817	-22529.6709928533	
530.913575	87	5	8	0.8766917985	0.003670138269	97.81560414	0.1287909092	2.055604953	10.18957948	34.52675919	55.28366133	0	0	0	-530.913575	0.003670138269	-23167.9982486643	
528.353575	87	5	8	0.8771235969	0.003561150104	97.85111358	0.1256787807	2.023207641	9.876285374	34.64970536	55.47400927	0	0	0	-528.353575	0.003561150104	-23831.7065676399	
525.793575	87	5	8	0.877541062	0.003455211886	97.88663858	0.1226126774	1.990748742	9.571134046	34.76941835	55.6594476	0	0	0	-525.793575	0.003455211886	-24521.0720295497	
523.233575	87	5	8	0.8779446933	0.003352264471	97.92215443	0.1195918493	1.958253719	9.273959299	34.88596538	55.84007532	0	0	0	-523.233575	0.003352264471	-25236.3769660534	
520.673575	87	5	8	0.8783349728	0.003252245653	97.95763752	0.1166156312	1.925746846	8.984594553	34.99941376	56.01599169	0	0	0	-520.673575	0.003252245653	-25977.9105715318	
518.113575	87	5	8	0.8787123658	0.003155090768	97.99306532	0.1136834366	1.893251239	8.702873336	35.10983074	56.18729592	0	0	0	-518.113575	0.003155090768	-26745.9689255203	
515.553575	87	5	8	0.8790773207	0.003060733234	98.02841635	0.1107947508	1.860788895	8.428629736	35.2172833	56.35408696	0	0	0	-515.553575	0.003060733234	-27540.8555321273	
512.993575	87	5	8	0.8794302699	0.002969105052	98.06367015	0.1079491258	1.82838072	8.161698785	35.32183801	56.51646321	0	0	0	-512.993575	0.002969105052	-28362.8815389865	
510.433575	87	5	8	0.87977163	0.002880137246	98.09880726	0.1051461733	1.796046569	7.901916812	35.42356086	56.67452233	0	0	0	-510.433575	0.002880137246	-29212.3667407996	
507.873575	87	5	8	0.8801018021	0.00279376027	98.13380916	0.1023855601	1.763805283	7.649121743	35.52251719	56.82836107	0	0	0	-507.873575	0.00279376027	-30089.6395946004	
505.313575	87	5	8	0.8804211722	0.002709904355	98.16865827	0.09966700206	1.731674727	7.403153368	35.61877153	56.9780751	0	0	0	-505.313575	0.002709904355	-30995.03846968	
502.753575	87	5	8	0.8807301122	0.002628499832	98.20333791	0.09699025938	1.699671827	7.163853569	35.71238757	57.12375886	0	0	0	-502.753575	0.002628499832	-31928.9116605438	
500.193575	87	5	8	0.8810289796	0.002549477397	98.23783226	0.09435513135	1.667812611	6.931066512	35.80342802	57.26550547	0	0	0	-500.193575	0.002549477397	-32891.6183931246	
497.633575	87	5	8	0.8813181184	0.002472768359	98.27212631	0.09176145197	1.636112241	6.704638817	35.89195457	57.40340661	0	0	0	-497.633575	0.002472768359	-33883.5311823817	
495.073575	87	5	8	0.8815978595	0.002398304845	98.30620586	0.08920908542	1.604585057	6.484419683	35.97802787	57.53755245	0	0	0	-495.073575	0.002398304845	-34905.0341626117	
492.513575	87	5	8	0.8818685212	0.002326019972	98.34005747	0.08669792193	1.573244608	6.270261012	36.06170742	57.66803156	0	0	0	-492.513575	0.002326019972	-35956.5262532664	
489.953575	87	5	8	0.8821304095	0.002255848004	98.37366843	0.08422787388	1.542103691	6.062017487	36.14305161	57.7949309	0	0	0	-489.953575	0.002255848004	-37038.4227003682	
487.393575	87	5	8	0.8823838185	0.002187724474	98.40702675	0.08179887212	1.511174382	5.859546642	36.22211763	57.91833573	0	0	0	-487.393575	0.002187724474	-38151.1536361854	
484.833575	87	5	8	0.8826290314	0.002121586283	98.44012107	0.07941086245	1.480468072	5.662708914	36.29896148	58.0383296	0	0	0	-484.833575	0.002121586283	-39295.1681327284	
482.273575	87	5	8	0.8828663201	0.00205737179	98.4729407	0.07706380245	1.449995496	5.471367675	36.37363798	58.15499435	0	0	0	-482.273575	0.00205737179	-40470.9357892366	
479.713575	87	5	8	0.8830959463	0.001995020874	98.50547557	0.0747576584	1.419766769	5.285389247	36.44620071	58.26841005	0	0	0	-479.713575	0.001995020874	-41678.9459709995	
477.153575	87	5	8	0.8833181616	0.001934474982	98.53771619	0.07249240251	1.38979141	5.104642911	36.51670205	58.37865503	0	0	0	-477.153575	0.001934474982	-42919.7111401105	
474.593575	87	5	8	0.883533208	0.001875677167	98.56965362	0.07026801022	1.360078374	4.9290009	36.5851932	58.4858059	0	0	0	-474.593575	0.001875677167	-44193.7694558655	
472.033575	87	5	8	0.8837413181	0.001818572112	98.60127946	0.06808445784	1.330636078	4.758338386	36.65172411	58.58993751	0	0	0	-472.033575	0.001818572112	-45501.6849424978	
469.473575	87	5	8	0.8839427158	0.00176310614	98.63258585	0.06594172025	1.301472427	4.592533452	36.71634357	58.69112298	0	0	0	-469.473575	0.00176310614	-46844.0512813117	
466.913575	87	5	8	0.8841376166	0.001709227222	98.6635654	0.06383976882	1.272594836	4.431467062	36.7790992	58.78943374	0	0	0	-466.913575	0.001709227222	-48221.4926406507	
464.353575	87	5	8	0.8843262277	0.001656884967	98.69421117	0.06177856952	1.24401026	4.275023024	36.84003745	58.88493953	0	0	0	-464.353575	0.001656884967	-49634.6663967846	
461.793575	87	5	8	0.8845087485	0.001606030615	98.72451671	0.05975808112	1.215725208	4.123087948	36.89920362	58.97770843	0	0	0	-461.793575	0.001606030615	-51084.2676043631	
459.233575	87	5	8	0.8846853711	0.001556617019	98.75447597	0.05777825365	1.187745772	3.975551193	36.95664191	59.0678069	0	0	0	-459.233575	0.001556617019	-52571.027886722	
456.673575	87	5	8	0.8848562803	0.001508598619	98.78408333	0.05583902685	1.160077639	3.832304822	37.0123954	59.15529978	0	0	0	-456.673575	0.001508598619	-54095.7209490584	
454.113575	87	5	8	0.8850216542	0.00146193142	98.81333355	0.05394032895	1.132726118	3.693243542	37.0665061	59.24025036	0	0	0	-454.113575	0.00146193142	-55659.167571916	
451.553575	87	5	8	0.8851816644	0.001416572962	98.84222177	0.05208207538	1.105696152	3.558264652	37.11901498	59.32272037	0	0	0	-451.553575	0.001416572962	-57262.2340166629	
448.993575	87	5	8	0.8853364759	0.001372482283	98.8707435	0.05026416775	1.078992335	3.427267977	37.16996197	59.40277005	0	0	0	-448.993575	0.001372482283	-58905.8379554134	
446.433575	87	5	8	0.8854862482	0.001329619888	98.89889457	0.04848649291	1.052618933	3.300155816	37.21938599	59.4804582	0	0	0	-446.433575	0.001329619888	-60590.953810895	
443.873575	87	5	8	0.8856311347	0.001287947711	98.92667119	0.04674892207	1.026579892	3.17683287	37.26732499	59.55584214	0	0	0	-443.873575	0.001287947711	-62318.6145169513	
441.313575	87	5	8	0.8857712836	0.001247429077	98.95406983	0.04505131012	1.00087886	3.057206191	37.31381596	59.62897785	0	0	0	-441.313575	0.001247429077	-64089.916501488	
438.753575	87	5	8	0.8859068377	0.001208028663	98.98108731	0.04339349494	0.9755191918	2.941185111	37.35889499	59.6999199	0	0	0	-438.753575	0.001208028663	-65906.0211713794	
436.193575	87	5	8	0.8860379348	0.001169712455	99.00772074	0.04177529692	0.950503968	2.828681181	37.40259723	59.76872159	0	0	0	-436.193575	0.001169712455	-67768.1658377531	
433.633575	87	5	8	0.886164708	0.001132447715	99.03396748	0.0401965185	0.9258360038	2.719608112	37.44495698	59.83543491	0	0	0	-433.633575	0.001132447715	-69677.664226162	
431.073575	87	5	8	0.8862872858	0.001096202933	99.0598252	0.03865694381	0.9015178604	2.613881709	37.48600768	59.90011061	0	0	0	-431.073575	0.001096202933	-71635.9121651392	
428.513575	87	5	8	0.8864057923	0.001060947793	99.08529181	0.03715633841	0.8775518557	2.511419812	37.52578196	59.96279823	0	0	0	-428.513575	0.001060947793	-73644.3944541745	
425.953575	87	5	8	0.8865203474	0.001026653128	99.11036548	0.03569444908	0.8539400739	2.412142232	37.56431163	60.02354614	0	0	0	-425.953575	0.001026653128	-75704.6910380192	
423.393575	87	5	8	0.8866310669	0.0009932908854	99.13504462	0.03427100373	0.8306843744	2.315970698	37.60162773	60.08240157	0	0	0	-423.393575	0.0009932908854	-77818.4830982027	
420.833575	87	5	8	0.8867380631	0.0009608340835	99.15932789	0.03288571132	0.8077864004	2.222828789	37.63776056	60.13941066	0	0	0	-420.833575	0.0009608340835	-79987.5585125141	
418.273575	87	5	8	0.8868414442	0.0009292567759	99.18321415	0.03153826191	0.7852475869	2.132641885	37.67273967	60.19461844	0	0	0	-418.273575	0.0009292567759	-82213.8225426359	
415.713575	87	5	8	0.8869413153	0.0008985340127	99.20670251	0.03022832674	0.763069168	2.045337104	37.70659394	60.24806896	0	0	0	-415.713575	0.0008985340127	-84499.3037670329	
413.153575	87	5	8	0.8870377779	0.0008686418042	99.22979226	0.02895555834	0.741252184	1.960843254	37.73935153	60.29980522	0	0	0	-413.153575	0.0008686418042	-86846.1625944058	
410.593575	87	5	8	0.8871309304	0.0008395570839	99.25248292	0.02771959079	0.7197974879	1.87909077	37.77103996	60.34986927	0	0	0	-410.593575	0.0008395570839	-89256.7013006583	
408.033575	87	5	8	0.887220868	0.0008112576743	99.27477421	0.0265200399	0.6987057513	1.800011671	37.80168611	60.39830222	0	0	0	-408.033575	0.0008112576743	-91733.3732698969	
405.473575	87	5	8	0.8873076832	0.0007837222514	99.29666603	0.02535650361	0.6779774702	1.723539504	37.83131623	60.44514427	0	0	0	-405.473575	0.0007837222514	-94278.793622729	
402.913575	87	5	8	0.8873914655	0.0007569303121	99.31815847	0.02422856227	0.65761297	1.649609293	37.85995598	60.49043473	0	0	0	-402.913575	0.0007569303121	-96895.7513186467	
400.353575	87	5	8	0.8874723017	0.0007308621411	99.33925181	0.02313577906	0.637612411	1.578157496	37.88763044	60.53421206	0	0	0	-400.353575	0.0007308621411	-99587.22041547	
397.793575	87	5	8	0.8875502761	0.0007054987794	99.35994651	0.02207770045	0.6179757922	1.509121955	37.91436413	60.57651391	0	0	0	-397.793575	0.0007054987794	-102356.373601301	
395.233575	87	5	8	0.8876254706	0.0006808219933	99.38024319	0.02105385668	0.598702956	1.442441854	37.94018104	60.61737711	0	0	0	-395.233575	0.0006808219933	-105206.596950065	
392.673575	87	5	8	0.8876979647	0.0006568142449	99.40014265	0.02006376226	0.5797935921	1.37805767	37.9651046	60.65683773	0	0	0	-392.673575	0.0006568142449	-108141.504819013	
390.113575	87	5	8	0.8877678356	0.0006334586627	99.41964584	0.01910691656	0.5612472412	1.315911137	37.98915778	60.69493108	0	0	0	-390.113575	0.0006334586627	-111164.955985303	
387.553575	87	5	8	0.8878351582	0.0006107390136	99.4387539	0.01818280437	0.5430632981	1.255945203	38.01236302	60.73169177	0	0	0	-387.553575	0.0006107390136	-114281.072317248	
384.993575	87	5	8	0.8879000057	0.0005886396756	99.45746809	0.01729089655	0.525241015	1.198103989	38.03474231	60.7671537	0	0	0	-384.993575	0.0005886396756	-117494.258940539	
382.433575	87	5	8	0.8879624489	0.0005671456117	99.47578984	0.01643065065	0.5077795049	1.142332757	38.05631717	60.80135007	0	0	0	-382.433575	0.0005671456117	-120809.224126999	
379.873575	87	5	8	0.8880225569	0.0005462423438	99.49372075	0.01560151162	0.4906777433	1.088577865	38.07710868	60.83431345	0	0	0	-379.873575	0.0005462423438	-124231.000420941	
377.313575	87	5	8	0.888080397	0.0005259159276	99.51126252	0.01480291246	0.4739345718	1.036786743	38.09713749	60.86607577	0	0	0	-377.313575	0.0005259159276	-127764.962899866	
374.753575	87	5	8	0.8881360347	0.0005061529263	99.52841703	0.01403427501	0.4575486996	0.9869078511	38.11642382	60.89666833	0	0	0	-374.753575	0.0005061529263	-131416.860875061	
372.193575	87	5	8	0.8881895337	0.0004869403888	99.54518628	0.01329501064	0.4415187062	0.9388906522	38.1349875	60.92612185	0	0	0	-372.193575	0.0004869403888	-135192.876819334	
369.633575	87	5	8	0.8882409563	0.0004682658333	99.56157244	0.01258452101	0.425843043	0.8926855805	38.15284797	60.95446645	0	0	0	-369.633575	0.0004682658333	-139099.640326797	
367.073575	87	5	8	0.8882903631	0.0004501172209	99.57757777	0.0119021989	0.4105200355	0.8482440113	38.17002428	60.9817317	0	0	0	-367.073575	0.0004501172209	-143144.22206539	
364.513575	87	5	8	0.8883378132	0.0004324829293	99.59320469	0.01124742893	0.3955478849	0.8055182347	38.18653513	61.00794664	0	0	0	-364.513575	0.0004324829293	-147334.194810945	
361.953575	87	5	8	0.8883833644	0.0004153517351	99.60845574	0.01061958841	0.3809246695	0.7644614285	38.20239883	61.03313975	0	0	0	-361.953575	0.0004153517351	-151677.698981973	
359.393575	87	5	8	0.8884270729	0.0003987127952	99.62333361	0.01001804814	0.3666483467	0.7250276338	38.21763337	61.057339	0	0	0	-359.393575	0.0003987127952	-156183.476149024	
356.833575	87	5	8	0.8884689937	0.0003825556268	99.63784107	0.009442173211	0.3527167539	0.6871717304	38.23225639	61.08057188	0	0	0	-356.833575	0.0003825556268	-160860.913527992	
354.273575	87	5	8	0.8885091806	0.0003668700886	99.65198107	0.008891323857	0.3391276101	0.6508494151	38.24628522	61.10286537	0	0	0	-354.273575	0.0003668700886	-165720.653926017	
351.713575	87	5	8	0.888547686	0.0003516464598	99.66575663	0.00836485628	0.3258785173	0.6160171797	38.25973684	61.12424598	0	0	0	-351.713575	0.0003516464598	-170767.842807539	
349.153575	87	5	8	0.8885845612	0.0003368742772	99.67917091	0.007862123417	0.3129669627	0.5826323522	38.27262792	61.14473972	0	0	0	-349.153575	0.0003368742772	-176028.021443693	
346.593575	87	5	8	0.8886198563	0.0003225466047	99.69222721	0.007382475971	0.3003903151	0.5506528284	38.2849749	61.16437228	0	0	0	-346.593575	0.0003225466047	-181504.873176817	
344.033575	87	5	8	0.8886536203	0.0003086523584	99.7049289	0.006925262972	0.2881458333	0.5200374386	38.29679382	61.18316875	0	0	0	-344.033575	0.0003086523584	-187420.585828694	
341.473575	87	5	8	0.8886859012	0.0002952132167	99.71727951	0.006489832737	0.2762306589	0.4907456733	38.30810049	61.20115384	0	0	0	-341.473575	0.0002952132167	-193364.470595366	
338.913575	87	5	8	0.8887167459	0.000282162477	99.72928263	0.00607553385	0.2646418316	0.4627377136	38.31891042	61.21835187	0	0	0	-338.913575	0.000282162477	-199379.10504328	
336.353575	87	5	8	0.8887462003	0.0002695204919	99.74094201	0.005681715637	0.2533762717	0.4359744496	38.32923884	61.23478671	0	0	0	-336.353575	0.0002695204919	-205868.455262288	
333.793575	87	5	8	0.8887743091	0.0002572793178	99.75226148	0.005307729226	0.242430793	0.4104174458	38.33910072	61.25048184	0	0	0	-333.793575	0.0002572793178	-212655.124612959	
331.233575	87	5	8	0.8888011165	0.0002454311313	99.76324497	0.004952928277	0.2318021011	0.3860289346	38.34851075	61.26546032	0	0	0	-331.233575	0.0002454311313	-219758.600108284	
328.673575	87	5	8	0.8888266654	0.0002339682895	99.77389654	0.004616669763	0.2214867944	0.3627718047	38.35748336	61.27974483	0	0	0	-328.673575	0.0002339682895	-227200.596415022	
326.113575	87	5	8	0.8888509979	0.0002228833176	99.78422032	0.004298314743	0.2114813656	0.3406095918	38.36603274	61.29335767	0	0	0	-326.113575	0.0002228833176	-235004.678476557	
323.553575	87	5	8	0.8888741553	0.0002121688955	99.79422057	0.003997229116	0.2017822026	0.3195064693	38.37417281	61.30632072	0	0	0	-323.553575	0.0002121688955	-243196.437667778	
320.993575	87	5	8	0.8888961779	0.0002018178453	99.80390163	0.003712784363	0.1923855896	0.2994272404	38.38191723	61.31865553	0	0	0	-320.993575	0.0002018178453	-251803.682571345	
318.433575	87	5	8	0.8889171053	0.0001918231178	99.81326793	0.003444358262	0.183287709	0.2803373307	38.38927944	61.33038323	0	0	0	-318.433575	0.0001918231178	-260856.76233256	
315.873575	87	5	8	0.8889369762	0.0001821777877	99.82232402	0.003191335591	0.1744846424	0.2622027826	38.39627262	61.3415246	0	0	0	-315.873575	0.0001821777877	-270388.713135524	
313.313575	87	5	8	0.8889558286	0.0001728750329	99.83107452	0.002953108802	0.165972372	0.2449902497	38.40290969	61.35210006	0	0	0	-313.313575	0.0001728750329	-280437.382061318	
310.753575	87	5	8	0.8889736994	0.0001639082406	99.83952415	0.00272907885	0.1577467756	0.2286669816	38.40920338	61.36212964	0	0	0	-310.753575	0.0001639082406	-291036.395415772	
308.193575	87	5	8	0.8889906251	0.0001552704395	99.84767769	0.002518655149	0.1498036555	0.2132008643	38.41516612	61.37163301	0	0	0	-308.193575	0.0001552704395	-302233.602017313	
305.633575	87	5	8	0.8890066413	0.0001469554153	99.85554004	0.002321257171	0.1421386997	0.19856035	38.42081015	61.3806295	0	0	0	-305.633575	0.0001469554153	-314079.141494774	
303.073575	87	5	8	0.8890217826	0.000138956565	99.86311617	0.002136314365	0.1347475107	0.1847145009	38.42614745	61.38913805	0	0	0	-303.073575	0.000138956565	-326619.592737959	
300.513575	87	5	8	0.8890360833	0.0001312674604	99.87041113	0.001963266873	0.1276256007	0.1716329762	38.43118977	61.39717726	0	0	0	-300.513575	0.0001312674604	-310717.451843498	
300	87	5	8	0.889038854	2.543027576E-05	99.8718412	0.001929934743	0.1262288666	0.1690980354	38.43216686	61.39873511	0	0	0	-300	2.543027576E-05	301012.450680685	
