T	w(AL)	w(MG)	w(SI)	fs	fw(@FCC_A1)	w(AL@FCC_A1)	w(MG@FCC_A1)	w(SI@FCC_A1)	w(AL@LIQUID)	w(MG@LIQUID)	w(SI@LIQUID)	dwdT_L(AL@LIQUID)	dwdT_L(MG@LIQUID)	dwdT_L(SI@LIQUID)	-T	fw(@FCC_A1)_1	-T//fw(@FCC_A1)	
K	%	%	%	mole/mole	kg/kg	%	%	%	%	%	%	SI	SI	SI				
905.1968234	95	1	4	0	0	99.29857093	0.2572040436	0.4442250261	95	1	4	0.00174078988	-0.0003008026215	-0.001439987258	-905.1968234	0	12.2928011061821	
905.1868234	95	1	4	0.0004051832636	0.0004049414367	99.29835387	0.2572589287	0.4443872021	94.99825936	1.000300795	4.001439845	0	0	0	-905.1868234	0.0004049414367	37.0970567531873	
905.1668234	95	1	4	0.001214559004	0.0008091674347	99.29791982	0.2573686017	0.4447115774	94.99477769	1.000902396	4.004319918	0	0	0	-905.1668234	0.0008091674347	49.5094486777639	
905.1268234	95	1	4	0.002829720243	0.001616047293	99.29705187	0.2575877952	0.4453603397	94.98781491	1.002105404	4.010079689	0	0	0	-905.1268234	0.001616047293	49.6410824723132	
905.0468234	95	1	4	0.006046038908	0.003223268511	99.29531655	0.2580254969	0.4466579578	94.97389037	1.00451086	4.021598769	0	0	0	-905.0468234	0.003223268511	49.912510002774	
904.8868234	95	1	4	0.01242318473	0.006411498119	99.2918485	0.2588979863	0.449253513	94.9460454	1.009319548	4.044635049	0	0	0	-904.8868234	0.006411498119	50.508081807529	
904.5668234	95	1	4	0.02494161396	0.01266847132	99.28492292	0.2606309534	0.4544461219	94.89037295	1.018926021	4.090701033	0	0	0	-904.5668234	0.01266847132	51.7340396296684	
903.9268234	95	1	4	0.04911002526	0.02477192686	99.27111249	0.2640505694	0.4648369437	94.77909539	1.038100986	4.182803625	0	0	0	-903.9268234	0.02477192686	54.1408140288633	
902.6468234	95	1	4	0.09423301279	0.04742467055	99.24365068	0.2707088124	0.4856405038	94.5568122	1.076307962	4.366879842	0	0	0	-902.6468234	0.04742467055	59.2514857762102	
900.0868234	95	1	4	0.1734168289	0.08736625652	99.18933394	0.2833340616	0.5273320001	94.11334166	1.152219225	4.734439119	0	0	0	-900.0868234	0.08736625652	-484.264357198621	
897.5268234	95	1	4	0.2403266012	0.0808913051	99.13576439	0.2951129132	0.5691226986	93.67131601	1.22765354	5.10103045	0	0	0	-897.5268234	0.0808913051	-428.041595518013	
894.9668234	95	1	4	0.2975589048	0.0752815482	99.08289533	0.3060905737	0.6110140949	93.2307586	1.302678112	5.46656329	0	0	0	-894.9668234	0.0752815482	-491.253639723783	
892.4068234	95	1	4	0.3470332551	0.07037528587	99.03068394	0.3163075525	0.6530085075	92.79168782	1.377349161	5.830963018	0	0	0	-892.4068234	0.07037528587	-558.928936926079	
889.8468234	95	1	4	0.3901979869	0.06604867424	98.9790906	0.3258005278	0.6951088734	92.35411739	1.451714226	6.194168388	0	0	0	-889.8468234	0.06604867424	-631.091190491027	
887.2868234	95	1	4	0.4281656683	0.06220537093	98.9280784	0.3346030043	0.7373185981	91.91805657	1.52581391	6.556129515	0	0	0	-887.2868234	0.06220537093	-707.773915206363	
884.7268234	95	1	4	0.4618045187	0.05876930334	98.87761273	0.3427458224	0.7796414454	91.48351049	1.599683221	6.916806292	0	0	0	-884.7268234	0.05876930334	-789.014807871382	
882.1668234	95	1	4	0.4918016104	0.05567960133	98.82766099	0.3502575582	0.8220814547	91.05048028	1.673352607	7.276167112	0	0	0	-882.1668234	0.05567960133	-874.855508058635	
879.6068234	95	1	4	0.5187074899	0.05288697766	98.77819228	0.3571648423	0.8646428768	90.61896342	1.746848775	7.634187808	0	0	0	-879.6068234	0.05288697766	-965.34158676811	
877.0468234	95	1	4	0.5429682787	0.05035109559	98.72917726	0.3634926171	0.9073301252	90.18895389	1.820195341	7.990850773	0	0	0	-877.0468234	0.05035109559	-1060.52251997276	
874.4868234	95	1	4	0.5649491583	0.04803862323	98.68058792	0.3692643461	0.950147738	89.76044244	1.893413351	8.346144212	0	0	0	-874.4868234	0.04803862323	-1160.45166199331	
871.9268234	95	1	4	0.5849518149	0.04592177438	98.63239746	0.3745021872	0.9931003482	89.33341679	1.966521705	8.700061504	0	0	0	-871.9268234	0.04592177438	-1265.18619734074	
869.3668234	95	1	4	0.6032275761	0.04397719956	98.5845802	0.3792271365	1.036192661	88.90786186	2.039537498	9.052600645	0	0	0	-869.3668234	0.04397719956	-1374.78712823654	
866.8068234	95	1	4	0.6199874298	0.04218513311	98.53711141	0.3834591499	1.079429436	88.48375992	2.112476312	9.403763771	0	0	0	-866.8068234	0.04218513311	-1489.31924540764	
864.2468234	95	1	4	0.6354097514	0.04052872977	98.48996728	0.3872172449	1.122815474	88.06109083	2.185352443	9.753556728	0	0	0	-864.2468234	0.04052872977	-1608.85111861531	
861.6868234	95	1	4	0.6496463287	0.03899354353	98.44312481	0.3905195889	1.166355603	87.63983219	2.258179102	10.10198871	0	0	0	-861.6868234	0.03899354353	-1733.45508785821	
859.1268234	95	1	4	0.6628271034	0.03756711426	98.39656175	0.3933835741	1.210054677	87.21995952	2.330968576	10.44907191	0	0	0	-859.1268234	0.03756711426	-1863.20731105458	
856.5668234	95	1	4	0.675063938	0.03623863713	98.35025655	0.3958258833	1.253917563	86.80144639	2.403732368	10.79482124	0	0	0	-856.5668234	0.03623863713	-1998.18777306458	
854.0068234	95	1	4	0.6864536323	0.03499869591	98.30418831	0.3978625461	1.29794914	86.38426462	2.476481312	11.13925407	0	0	0	-854.0068234	0.03499869591	-2138.48034661084	
851.4468234	95	1	4	0.6970803578	0.03383904638	98.25833671	0.3995089897	1.342154297	85.96838437	2.549225672	11.48238996	0	0	0	-851.4468234	0.03383904638	-2284.17292665281	
848.8868234	95	1	4	0.7070176373	0.0327524391	98.21268199	0.4007800822	1.386537929	85.55377427	2.621975229	11.8242505	0	0	0	-848.8868234	0.0327524391	-2435.35743688423	
846.3268234	95	1	4	0.716329965	0.03173247338	98.16720489	0.4016901721	1.431104936	85.14040159	2.69473935	12.16485906	0	0	0	-846.3268234	0.03173247338	-2592.13005189882	
843.7668234	95	1	4	0.7250741408	0.03077347642	98.12188665	0.4022531226	1.475860226	84.7282323	2.76752705	12.50424065	0	0	0	-843.7668234	0.03077347642	-2754.59135852695	
841.2068234	95	1	4	0.733300376	0.02987040247	98.07670895	0.4024823431	1.520808709	84.31723117	2.840347049	12.84242179	0	0	0	-841.2068234	0.02987040247	-2922.84648950906	
838.6468234	95	1	4	0.7410532143	0.02901874839	98.03165388	0.4023908168	1.565955305	83.9073619	2.913207814	13.17943029	0	0	0	-838.6468234	0.02901874839	-3097.00541013405	
836.0868234	95	1	4	0.7483723037	0.02821448253	97.98670393	0.4019911259	1.61130494	83.49858719	2.986117605	13.51529521	0	0	0	-836.0868234	0.02821448253	-3277.18310400321	
833.5268234	95	1	4	0.7552930457	0.02745398451	97.94184198	0.4012954746	1.65686255	83.0908688	3.059084503	13.85004669	0	0	0	-833.5268234	0.02745398451	-3463.50002912984	
830.9668234	95	1	4	0.7618471446	0.02673399412	97.89705121	0.4003157091	1.702633082	82.68416767	3.132116447	14.18371588	0	0	0	-830.9668234	0.02673399412	-3656.08229155859	
828.4068234	95	1	4	0.7680630745	0.02605156754	97.85231517	0.3990633372	1.748621496	82.27844392	3.205221259	14.51633483	0	0	0	-828.4068234	0.02605156754	-3855.06214099563	
825.8468234	95	1	4	0.7739664769	0.02540403997	97.80761769	0.3975495444	1.794832766	81.87365694	3.278406668	14.84793639	0	0	0	-825.8468234	0.02540403997	-4060.57837186029	
823.2868234	95	1	4	0.7795805016	0.02478899332	97.7629429	0.3957852106	1.841271887	81.46976548	3.351680332	15.17855419	0	0	0	-823.2868234	0.02478899332	-4272.77678472902	
820.7268234	95	1	4	0.7849261001	0.02420422841	97.71827521	0.3937809234	1.887943869	81.06672762	3.425049857	15.50822252	0	0	0	-820.7268234	0.02420422841	-4491.81077101951	
818.1668234	95	1	4	0.7900222783	0.02364774079	97.67359926	0.3915469919	1.934853749	80.66450088	3.498522815	15.83697631	0	0	0	-818.1668234	0.02364774079	-4719.66461167287	
815.6068234	95	1	4	0.7948863944	0.02311808107	97.6288988	0.389093529	1.982007672	80.2630351	3.572108216	16.16485668	0	0	0	-815.6068234	0.02311808107	-4950.46011424333	
813.0468234	95	1	4	0.7995340215	0.02261238481	97.5841613	0.3864301932	2.029408508	79.86230102	3.645810823	16.49188815	0	0	0	-813.0468234	0.02261238481	-5189.48864574194	
810.4868234	95	1	4	0.8039796213	0.02213033938	97.53937091	0.3835665816	2.077062509	79.46224737	3.719639516	16.81811312	0	0	0	-810.4868234	0.02213033938	-5439.55689389089	
807.9268234	95	1	4	0.8082363404	0.02167012099	97.49451317	0.3805119999	2.124974833	79.06282957	3.79360188	17.14356855	0	0	0	-807.9268234	0.02167012099	-5695.38655357983	
805.3668234	95	1	4	0.8123162266	0.02123043015	97.44957381	0.3772755259	2.173150666	78.66400263	3.867705529	17.46829184	0	0	0	-805.3668234	0.02123043015	-5959.16286737435	
802.8068234	95	1	4	0.8162303401	0.02081007127	97.40453874	0.3738660186	2.221595238	78.2657211	3.941958124	17.79232078	0	0	0	-802.8068234	0.02081007127	-6231.12251671101	
800.2468234	95	1	4	0.8199888526	0.02040794077	97.35939406	0.3702921248	2.270313817	77.86793909	4.016367381	18.11569353	0	0	0	-800.2468234	0.02040794077	-6511.50625715423	
797.6868234	95	1	4	0.8236011335	0.02002301872	97.31412599	0.3665622861	2.319311721	77.47061027	4.090941079	18.43844865	0	0	0	-797.6868234	0.02002301872	-6800.57271612554	
795.1268234	95	1	4	0.8270758273	0.01965436125	97.26872094	0.3626847456	2.368594314	77.0736879	4.165687077	18.76062502	0	0	0	-795.1268234	0.01965436125	-7098.59850011856	
792.5668234	95	1	4	0.830420922	0.01930109372	97.22316544	0.3586675534	2.418167011	76.67712478	4.240613314	19.0822619	0	0	0	-792.5668234	0.01930109372	-7405.87948567281	
790.0068234	95	1	4	0.8336438094	0.01896240463	97.17744614	0.3545185721	2.468035285	76.28087329	4.315727829	19.40339888	0	0	0	-790.0068234	0.01896240463	-7722.73291697693	
787.4468234	95	1	4	0.8367513399	0.01863754018	97.13154985	0.3502454817	2.518204664	75.88488534	4.39103876	19.7240759	0	0	0	-787.4468234	0.01863754018	-8049.49964871102	
784.8868234	95	1	4	0.8397498707	0.01832579939	97.08546348	0.3458557844	2.56868074	75.4891124	4.466554362	20.04433323	0	0	0	-784.8868234	0.01832579939	-8386.54661739862	
782.3268234	95	1	4	0.8426453089	0.01802652972	97.03917402	0.3413568089	2.619469168	75.09350546	4.542283012	20.36421152	0	0	0	-782.3268234	0.01802652972	-8734.26950802621	
779.7668234	95	1	4	0.845443151	0.01773912312	96.99266861	0.3367557143	2.670575674	74.69801501	4.618233221	20.68375177	0	0	0	-779.7668234	0.01773912312	-9093.09570644095	
777.2068234	95	1	4	0.8481485172	0.01746301247	96.94593445	0.3320594935	2.722006054	74.30259102	4.694413641	21.00299534	0	0	0	-777.2068234	0.01746301247	-9463.48742797543	
774.6468234	95	1	4	0.8507661837	0.01719766835	96.89895884	0.3272749771	2.773766181	73.90718293	4.770833077	21.321984	0	0	0	-774.6468234	0.01719766835	-9845.94624310034	
772.0868234	95	1	4	0.8533006101	0.01694259617	96.85172915	0.3224088362	2.825862009	73.5117396	4.847500499	21.6407599	0	0	0	-772.0868234	0.01694259617	-10241.0171652616	
769.5268234	95	1	4	0.8557559661	0.01669733351	96.80423284	0.3174675853	2.878299573	73.1162093	4.924425049	21.95936565	0	0	0	-769.5268234	0.01669733351	-10649.2933693478	
766.9668234	95	1	4	0.8581361539	0.01646144775	96.75645742	0.312457585	2.931084998	72.72053967	5.001616055	22.27784427	0	0	0	-766.9668234	0.01646144775	-11071.4219471774	
764.4068234	95	1	4	0.8604448297	0.01623453389	96.70839045	0.3073850448	2.984224501	72.32467768	5.079083041	22.59623928	0	0	0	-764.4068234	0.01623453389	-11508.1099381337	
761.8468234	95	1	4	0.8626854228	0.01601621258	96.66001958	0.3022560248	3.037724395	71.92856957	5.156835741	22.91459469	0	0	0	-761.8468234	0.01601621258	-11960.1327829043	
759.2868234	95	1	4	0.8648611527	0.01580612836	96.61133247	0.2970764383	3.091591094	71.53216086	5.234884107	23.23295504	0	0	0	-759.2868234	0.01580612836	-12428.3413205804	
756.7268234	95	1	4	0.8669750453	0.01560394798	96.56231683	0.2918520534	3.14583112	71.13539623	5.313238327	23.55136545	0	0	0	-756.7268234	0.01560394798	-12913.6710155226	
754.1668234	95	1	4	0.8690299471	0.01540935893	96.5129604	0.2865884954	3.200451103	70.73821954	5.391908839	23.86987162	0	0	0	-754.1668234	0.01540935893	-13417.15511717	
751.6068234	95	1	4	0.8710285384	0.01522206811	96.46325096	0.2812912476	3.255457792	70.34057373	5.470906338	24.18851993	0	0	0	-751.6068234	0.01522206811	-13939.9354776835	
749.0468234	95	1	4	0.8729733454	0.01504180055	96.41317629	0.2759656537	3.310858058	69.94240079	5.550241802	24.50735741	0	0	0	-749.0468234	0.01504180055	-14483.2771762378	
746.4868234	95	1	4	0.8748667513	0.0148682983	96.36272418	0.2706169186	3.366658897	69.54364167	5.6299265	24.82643183	0	0	0	-746.4868234	0.0148682983	-15048.5875475142	
743.9268234	95	1	4	0.8767110062	0.01470131941	96.31188245	0.2652501102	3.422867442	69.14423622	5.70997201	25.14579177	0	0	0	-743.9268234	0.01470131941	-15637.4348370077	
741.3668234	95	1	4	0.8785082367	0.01454063697	96.26063888	0.2598701603	3.479490964	68.74412315	5.79039024	25.46548661	0	0	0	-741.3668234	0.01454063697	-16251.5700427637	
738.8068234	95	1	4	0.8802604543	0.01438603823	96.20898125	0.2544818661	3.536536882	68.34323991	5.871193446	25.78556664	0	0	0	-738.8068234	0.01438603823	-16892.9587890381	
736.2468234	95	1	4	0.8819695631	0.01423732388	96.15689734	0.2490898909	3.594012771	67.94152265	5.95239425	26.1060831	0	0	0	-736.2468234	0.01423732388	-17563.8114030665	
733.6868234	95	1	4	0.8836373673	0.01409430727	96.10437487	0.2436987655	3.651926365	67.53890609	6.034005661	26.42708825	0	0	0	-733.6868234	0.01409430727	-18266.620584955	
731.1268234	95	1	4	0.8852655776	0.01395681379	96.05140154	0.2383128888	3.710285571	67.13532348	6.116041104	26.74863542	0	0	0	-731.1268234	0.01395681379	-19004.2135160134	
728.5668234	95	1	4	0.8868558177	0.01382468031	95.997965	0.232936529	3.769098473	66.73070644	6.198514433	27.07077913	0	0	0	-728.5668234	0.01382468031	-19779.7999766706	
726.0068234	95	1	4	0.8884096299	0.01369775456	95.94405283	0.2275738243	3.828373344	66.32498491	6.281439966	27.39357512	0	0	0	-726.0068234	0.01369775456	-20597.047942951	
723.4468234	95	1	4	0.8899284801	0.01357589477	95.88965256	0.2222287838	3.888118653	65.91808702	6.36483251	27.71708047	0	0	0	-723.4468234	0.01357589477	-21460.1616415051	
720.8868234	95	1	4	0.891413763	0.01345896912	95.83475163	0.2169052881	3.948343082	65.50993894	6.448707387	28.04135367	0	0	0	-720.8868234	0.01345896912	-22373.9831311726	
718.3268234	95	1	4	0.8928668069	0.01334685545	95.77933738	0.2116070906	4.009055526	65.10046481	6.533080468	28.36645472	0	0	0	-718.3268234	0.01334685545	-23344.1198309001	
715.7668234	95	1	4	0.894288877	0.01323944086	95.72339706	0.2063378173	4.070265118	64.68958654	6.617968206	28.69244525	0	0	0	-715.7668234	0.01323944086	-24377.0963826403	
713.2068234	95	1	4	0.8956811805	0.01313662145	95.6669178	0.2011009685	4.13198123	64.27722372	6.703387669	29.01938861	0	0	0	-713.2068234	0.01313662145	-25480.5527291005	
710.6468234	95	1	4	0.8970448693	0.01303830205	95.60988658	0.195899919	4.194213497	63.8632934	6.789356584	29.34735001	0	0	0	-710.6468234	0.01303830205	-26663.4861494462	
708.0868234	95	1	4	0.898381044	0.012944396	95.55229026	0.1907379189	4.256971825	63.44770999	6.875893372	29.67639663	0	0	0	-708.0868234	0.012944396	-27936.5692538005	
705.5268234	95	1	4	0.899690757	0.01285482499	95.4941155	0.1856180941	4.320266408	63.03038503	6.963017196	30.00659778	0	0	0	-705.5268234	0.01285482499	-29312.5561335302	
702.9668234	95	1	4	0.9009750151	0.01276951892	95.4353488	0.1805434475	4.384107748	62.61122698	7.050748006	30.33802501	0	0	0	-702.9668234	0.01276951892	-30806.8119555628	
700.4068234	95	1	4	0.9022347828	0.01268841581	95.37597647	0.1755168595	4.448506674	62.19014107	7.139106592	30.67075234	0	0	0	-700.4068234	0.01268841581	-32438.0138776172	
697.8468234	95	1	4	0.9034709846	0.01261146174	95.31598456	0.1705410883	4.513474356	61.76702901	7.228114638	31.00485635	0	0	0	-697.8468234	0.01261146174	-34229.0785139752	
695.2868234	95	1	4	0.9046845078	0.01253861079	95.25535889	0.1656187714	4.579022335	61.34178878	7.317794785	31.34041643	0	0	0	-695.2868234	0.01253861079	-36208.4724787753	
692.7268234	95	1	4	0.9058762044	0.01246982519	95.19408503	0.1607524258	4.645162541	60.91431434	7.40817069	31.67751497	0	0	0	-692.7268234	0.01246982519	-38411.9683982755	
690.1668234	95	1	4	0.9070468935	0.01240507529	95.13214823	0.1559444491	4.711907322	60.48449536	7.499267102	32.01623754	0	0	0	-690.1668234	0.01240507529	-40885.1151357933	
687.6068234	95	1	4	0.9081973635	0.01234433967	95.06953341	0.1511971201	4.779269469	60.05221689	7.591109932	32.35667318	0	0	0	-687.6068234	0.01234433967	-43686.8885623556	
685.0468234	95	1	4	0.9093283739	0.01228760538	95.00622515	0.1465125997	4.847262248	59.61735902	7.683726342	32.69891464	0	0	0	-685.0468234	0.01228760538	-46895.0053918135	
682.4868234	95	1	4	0.9104406572	0.01223486811	94.94220763	0.1418929319	4.915899436	59.17979652	7.777144832	33.04305865	0	0	0	-682.4868234	0.01223486811	-50780.3852141488	
679.9268234	95	1	4	0.9115349306	0.01218641665	94.87746649	0.1373400749	4.985193439	58.73940299	7.871395257	33.38920176	0	0	0	-679.9268234	0.01218641665	-55258.5806251685	
677.3668234	95	1	4	0.9126118837	0.01214188322	94.8119815	0.132855801	5.0551627	58.29603053	7.966510585	33.73745888	0	0	0	-677.3668234	0.01214188322	-60348.3836238276	
674.8068234	95	1	4	0.9136721633	0.01210122425	94.74573709	0.128441819	5.125821096	57.84954134	8.062522684	34.08793597	0	0	0	-674.8068234	0.01210122425	-66653.8580999586	
672.2468234	95	1	4	0.9147164113	0.0120646398	94.67871545	0.1240997144	5.197184834	57.3997844	8.159466505	34.4407491	0	0	0	-672.2468234	0.0120646398	-74678.989971707	
669.6868234	95	1	4	0.9157452506	0.01203217444	94.6108982	0.1198309604	5.269270837	56.94660094	8.257378911	34.79602015	0	0	0	-669.6868234	0.01203217444	-85073.2304666222	
667.1268234	95	1	4	0.9167592871	0.012003885	94.54226625	0.1156369195	5.342096832	56.48982372	8.35629888	35.1538774	0	0	0	-667.1268234	0.012003885	-99125.1596613903	
664.5668234	95	1	4	0.9177591107	0.01197983895	94.47279978	0.1115188443	5.41568138	56.02927642	8.456267639	35.51445594	0	0	0	-664.5668234	0.01197983895	-119290.545647966	
662.0068234	95	1	4	0.9187452973	0.01196011802	94.40247816	0.1074778787	5.490043966	55.5647728	8.557328866	35.87789833	0	0	0	-662.0068234	0.01196011802	-150931.80854178	
659.4468234	95	1	4	0.9197184093	0.0119448178	94.33127987	0.1035150591	5.565205073	55.09611584	8.659528904	36.24435526	0	0	0	-659.4468234	0.0119448178	-208642.998048917	
656.8868234	95	1	4	0.920678998	0.01193404921	94.25918242	0.09963131621	5.641186266	54.62309677	8.762916992	36.61398623	0	0	0	-656.8868234	0.01193404921	-353403.215798346	
654.3268234	95	1	4	0.9216276043	0.01192793985	94.18616223	0.0958274755	5.718010293	54.14549404	8.867545525	36.98696043	0	0	0	-654.3268234	0.01192793985	-1691221.33160715	
651.7668234	95	1	4	0.9225647608	0.0119266356	94.11219455	0.09210425928	5.795701186	53.66307209	8.973470345	37.36345757	0	0	0	-651.7668234	0.0119266356	-3431807.34862257	
649.2068234	95	1	4	0.9234909923	0.0119303024	94.03725332	0.0884622878	5.874284389	53.17558	9.080751065	37.74366893	0	0	0	-649.2068234	0.0119303024	578372.488455877	
646.6468234	95	1	4	0.9244068183	0.01193912832	93.96131103	0.08490208083	5.953786885	52.68275006	9.189451437	38.1277985	0	0	0	-646.6468234	0.01193912832	247985.109646015	
644.0868234	95	1	4	0.925312754	0.01195332609	93.88433859	0.08142405912	6.034237353	52.18429601	9.299639756	38.51606424	0	0	0	-644.0868234	0.01195332609	158984.175326257	
641.5268234	95	1	4	0.926209312	0.01197313593	93.80630512	0.07802854595	6.115666332	51.67991119	9.411389326	38.90869948	0	0	0	-641.5268234	0.01197313593	116346.319078463	
638.9668234	95	1	4	0.9270970041	0.01199882891	93.72717781	0.07471576879	6.198106419	51.16926639	9.524778982	39.30595463	0	0	0	-638.9668234	0.01199882891	91006.8032052359	
636.4068234	95	1	4	0.9279763432	0.01203071079	93.64692166	0.07148586086	6.281592483	50.65200738	9.639893686	39.70809894	0	0	0	-636.4068234	0.01203071079	74102.5263707568	
633.8468234	95	1	4	0.9288478452	0.01206912657	93.56549923	0.06833886284	6.366161911	50.12775215	9.756825203	40.11542265	0	0	0	-633.8468234	0.01206912657	61971.8751009367	
631.2868234	95	1	4	0.9297120311	0.01211446576	93.48287038	0.06527472455	6.451854892	49.59608773	9.875672878	40.52823939	0	0	0	-631.2868234	0.01211446576	52815.0252073233	
628.7268234	95	1	4	0.9305694297	0.0121671686	93.39899195	0.06229330668	6.53871474	49.05656656	9.996544523	40.94688892	0	0	0	-628.7268234	0.0121671686	45640.3189012741	
626.1668234	95	1	4	0.9314205797	0.01222773346	93.31381736	0.05939438253	6.626788261	48.50870223	10.11955744	41.37174033	0	0	0	-626.1668234	0.01222773346	39855.1165448398	
623.6068234	95	1	4	0.9322660334	0.01229672564	93.22729618	0.05657763977	6.716126178	47.95196467	10.24483963	41.8031957	0	0	0	-623.6068234	0.01229672564	35082.9548032091	
621.0468234	95	1	4	0.9331063593	0.01237478789	93.13937369	0.05384268217	6.80678363	47.38577448	10.37253112	42.2416944	0	0	0	-621.0468234	0.01237478789	31073.0306195055	
618.4868234	95	1	4	0.9339421462	0.01246265302	93.04999023	0.05118903137	6.898820737	46.80949626	10.50278565	42.68771809	0	0	0	-618.4868234	0.01246265302	27651.7437763238	
615.9268234	95	1	4	0.9347740076	0.01256115917	92.9590806	0.04861612864	6.992303274	46.22243094	10.63577251	43.14179656	0	0	0	-615.9268234	0.01256115917	24695.0958163462	
613.3668234	95	1	4	0.9356025869	0.01267126836	92.86657321	0.04612333651	7.087303451	45.62380652	10.77167879	43.60451469	0	0	0	-613.3668234	0.01267126836	22112.1725891992	
610.8068234	95	1	4	0.9364285627	0.01279408913	92.77238922	0.04370994048	7.183900836	45.01276724	10.91071207	44.07652069	0	0	0	-610.8068234	0.01279408913	19834.8262557584	
608.2468234	95	1	4	0.9372526564	0.01293090445	92.6764414	0.04137515059	7.282183449	44.38836054	11.05310355	44.55853591	0	0	0	-608.2468234	0.01293090445	17810.9987424246	
605.6868234	95	1	4	0.9380756397	0.01308320627	92.57863283	0.03911810286	7.382249065	43.7495214	11.19911192	45.05136668	0	0	0	-605.6868234	0.01308320627	16000.2724186991	
603.1268234	95	1	4	0.9388983452	0.01325273875	92.47885537	0.03693786069	7.484206771	43.09505339	11.34902797	45.55591864	0	0	0	-603.1268234	0.01325273875	14370.8267336387	
600.5668234	95	1	4	0.9397216773	0.01344155254	92.37698774	0.03483341606	7.588178848	42.42360554	11.50318024	46.07321422	0	0	0	-600.5668234	0.01344155254	12897.3851018205	
598.0068234	95	1	4	0.9405466272	0.01365207087	92.27289314	0.03280368877	7.694303166	41.73364397	11.66194197	46.60441406	0	0	0	-598.0068234	0.01365207087	11559.3239835848	
595.4468234	95	1	4	0.9413742906	0.01388719365	92.16641693	0.0308475338	7.802735534	41.02341594	11.82573989	47.15084417	0	0	0	-595.4468234	0.01388719365	10340.1347049281	
592.8868234	95	1	4	0.9422058888	0.01415037972	92.05738253	0.02896373229	7.91365374	40.29090652	11.99506484	47.71402864	0	0	0	-592.8868234	0.01415037972	9226.53499959058	
590.3268234	95	1	4	0.9430427965	0.01444582914	91.9455876	0.02715099783	8.027261398	39.53378191	12.17048565	48.29573244	0	0	0	-590.3268234	0.01444582914	8207.09112206134	
587.7668234	95	1	4	0.9438865761	0.01477866393	91.83079871	0.02540797472	8.143793319	38.74931788	12.35266672	48.8980154	0	0	0	-587.7668234	0.01477866393	7272.69714578007	
585.2068234	95	1	4	0.9447390211	0.01515519501	91.71274463	0.02373323756	8.263522137	37.93430707	12.54239077	49.52330216	0	0	0	-585.2068234	0.01515519501	6415.75982231245	
582.6468234	95	1	4	0.9456022131	0.01558327758	91.59110807	0.02212529062	8.386766638	37.08493742	12.74058885	50.17447373	0	0	0	-582.6468234	0.01558327758	5630.01085480235	
580.0868234	95	1	4	0.9464785946	0.01607279733	91.46551514	0.02058256755	8.513902294	36.19663088	12.94838012	50.854989	0	0	0	-580.0868234	0.01607279733	4910.32736173534	
577.5268234	95	1	4	0.9473710649	0.01663633089	91.33552206	0.01910343246	8.64537451	35.26382619	13.16712593	51.56904788	0	0	0	-577.5268234	0.01663633089	4257.80764613684	
574.9668234	95	1	4	0.9482830524	0.01728801619	91.20058937	0.01768613788	8.781724492	34.27977822	13.39845279	52.32176899	0	0	0	-574.9668234	0.01728801619	3663.498579137	
572.4068234	95	1	4	0.9492187961	0.01805143815	91.06008741	0.01632896243	8.923583629	33.23596967	13.64446001	53.11957031	0	0	0	-572.4068234	0.01805143815	3118.03072622018	
569.8468234	95	1	4	0.9501834705	0.0189527725	90.91324407	0.01503010902	9.071725826	32.12170716	13.90776544	53.9705274	0	0	0	-569.8468234	0.0189527725	2631.61540991552	
567.2868234	95	1	4	0.9511834438	0.02002706415	90.75913755	0.0137878264	9.227074623	30.92337361	14.19170612	54.88492026	0	0	0	-567.2868234	0.02002706415	2200.65624919468	
564.7268234	95	1	4	0.9522265441	0.02131908081	90.59668753	0.01260055177	9.390711914	29.62348712	14.50057149	55.87594139	0	0	0	-564.7268234	0.02131908081	1826.10535232772	
562.1668234	95	1	4	0.9533221619	0.02288168691	90.42470795	0.01146725854	9.56382479	28.19970096	14.83985323	56.96044581	0	0	0	-562.1668234	0.02288168691	1512.30476869304	
559.6068234	95	1	4	0.9544806652	0.02476319677	90.24213889	0.01038825203	9.747472859	26.62441536	15.21635254	58.1592321	0	0	0	-559.6068234	0.02476319677	1270.89811176423	
557.0468234	95	1	4	0.9557105379	0.02695829509	90.0487805	0.009366965489	9.941852534	24.86738842	15.63758986	59.49502172	0	0	0	-557.0468234	0.02695829509	1140.15116358033	
554.4868234	95	1	4	0.9570092402	0.02925876641	89.84722952	0.008413561203	10.14435692	22.90881254	16.10868016	60.9825073	0	0	0	-554.4868234	0.02925876641	1345.32826659102	
551.9268234	95	1	4	0.958342599	0.03094741712	89.64660653	0.007549552076	10.34584391	20.77749233	16.6228812	62.59962647	0	0	0	-551.9268234	0.03094741712	-12489.0220453013	
549.3668234	95	1	4	0.9596243809	0.03070265278	89.46511273	0.006805251235	10.52808202	18.6018015	17.14919778	64.24900072	0	0	0	-549.3668234	0.03070265278	-9719.10524552323	
546.8068234	95	1	4	0.9607482981	0.02777711222	89.32191646	0.006197564379	10.67188598	16.58117977	17.63904106	65.77977917	0	0	0	-546.8068234	0.02777711222	-755.615795905492	
544.2468234	95	1	4	0.9616652918	0.02331191155	89.2230121	0.005711372115	10.77127653	14.84740706	18.05991764	67.09267531	0	0	0	-544.2468234	0.02331191155	-581.935485887414	
541.6868234	95	1	4	0.9623942854	0.01897513913	89.16184744	0.005314779911	10.83283778	13.41008254	18.40912061	68.18079684	0	0	0	-541.6868234	0.01897513913	-668.817457972482	
539.1268234	95	1	4	0.962977665	0.01547846511	89.12877532	0.004979624028	10.86624505	12.21969208	18.69845909	69.08184883	0	0	0	-539.1268234	0.01547846511	-863.762609124959	
536.5668234	95	1	4	0.9634534563	0.01282220764	89.115918	0.004686836977	10.87939516	11.22092819	18.94126369	69.83780812	0	0	0	-536.5668234	0.01282220764	-1141.30876117372	
534.0068234	95	1	4	0.9638496284	0.01081509789	89.11775478	0.004424428919	10.87782079	10.36926638	19.14830452	70.48242909	0	0	0	-534.0068234	0.01081509789	-1495.34392061082	
531.4468234	95	1	4	0.9641857691	0.009276537068	89.13054036	0.004184854717	10.86527479	9.63179898	19.32755739	71.04064363	0	0	0	-531.4468234	0.009276537068	-1924.18224352077	
528.8868234	95	1	4	0.9644756019	0.008073376726	89.15171161	0.003963236305	10.84432516	8.984582652	19.48483316	71.53058418	0	0	0	-528.8868234	0.008073376726	-2427.32977251245	
526.3268234	95	1	4	0.9647289089	0.007113282093	89.17947495	0.003756309196	10.81676874	8.410048761	19.62439997	71.96555127	0	0	0	-526.3268234	0.007113282093	-3004.64160165558	
523.7668234	95	1	4	0.9649528183	0.006332707461	89.21254291	0.003561810554	10.78389528	7.89509025	19.74944463	72.35546512	0	0	0	-523.7668234	0.006332707461	-3656.03821039063	
521.2068234	95	1	4	0.9651526413	0.005687416971	89.24996812	0.003378118398	10.74665376	7.429745258	19.86239097	72.70786377	0	0	0	-521.2068234	0.005687416971	-4381.67601429211	
518.6468234	95	1	4	0.9653324207	0.005146116767	89.29103691	0.003204032482	10.70575905	7.006298883	19.9651172	73.02858392	0	0	0	-518.6468234	0.005146116767	-5181.33131763552	
516.0868234	95	1	4	0.965495291	0.004686132793	89.33520107	0.0030386388	10.66176029	6.618678622	20.05910251	73.32221887	0	0	0	-516.0868234	0.004686132793	-6055.05973799688	
513.5268234	95	1	4	0.9656437258	0.004290818958	89.38203117	0.002881221413	10.61508761	6.262025979	20.14553092	73.5924431	0	0	0	-513.5268234	0.004290818958	-6994.7359175647	
510.9668234	95	1	4	0.965779705	0.003947010266	89.4311837	0.002731203399	10.5660851	5.93239986	20.22536134	73.8422388	0	0	0	-510.9668234	0.003947010266	-8020.9604515255	
508.4068234	95	1	4	0.9659048408	0.00364665538	89.48238436	0.002588113223	10.51502752	5.626561451	20.29938609	74.07405246	0	0	0	-508.4068234	0.00364665538	-9125.04688859131	
505.8468234	95	1	4	0.9660204566	0.003381541652	89.53540721	0.002451551984	10.46214124	5.341819929	20.36826165	74.28991843	0	0	0	-505.8468234	0.003381541652	-10295.5646045481	
503.2868234	95	1	4	0.966127653	0.003145897305	89.59006496	0.002321176908	10.40761387	5.075915672	20.4325395	74.49154483	0	0	0	-503.2868234	0.003145897305	-11540.6204272935	
500.7268234	95	1	4	0.9662273539	0.002935127785	89.64620079	0.002196687797	10.35160252	4.826933564	20.49268723	74.68037921	0	0	0	-500.7268234	0.002935127785	-12860.2772231078	
498.1668234	95	1	4	0.9663203423	0.002745537589	89.70368216	0.002077817251	10.29424003	4.593236668	20.54910461	74.85765872	0	0	0	-498.1668234	0.002745537589	-14254.718197386	
495.6068234	95	1	4	0.9664072871	0.002574122923	89.76239598	0.001964323476	10.2356397	4.373414998	20.60213611	75.02444889	0	0	0	-495.6068234	0.002574122923	-15724.1682472387	
493.0468234	95	1	4	0.9664887638	0.002418418627	89.82224503	0.001855984938	10.17589898	4.166245475	20.65208061	75.18167391	0	0	0	-493.0468234	0.002418418627	-17268.8975667993	
490.4868234	95	1	4	0.9665652714	0.002276383647	89.88314508	0.001752596346	10.11510232	3.97066029	20.69919914	75.33014057	0	0	0	-490.4868234	0.002276383647	-18889.2257531188	
487.9268234	95	1	4	0.9666372446	0.002146314304	89.94502265	0.001653965611	10.05332339	3.785721648	20.74372098	75.47055737	0	0	0	-487.9268234	0.002146314304	-20585.526038286	
485.3668234	95	1	4	0.9667050648	0.002026777848	90.00781322	0.001559911515	9.990626866	3.610601429	20.78584867	75.6035499	0	0	0	-485.3668234	0.002026777848	-19358.8208208801	
484.0868234	95	1	4	0.9667375311	0.0009724723771	90.03953693	0.001514548679	9.958948521	3.526490426	20.80607611	75.66743346	0	0	0	-484.0868234	0.0009724723771	-1265.6097302763	
483.4468234	95	1	4	0.9667534197	0.0004762966406	90.05547756	0.001492273906	9.943030162	3.485259572	20.8159895	75.69875093	0	0	0	-483.4468234	0.0004762966406	-1317.02527826681	
483.1268234	95	1	4	0.9667612799	0.0002357301234	90.06346727	0.001481237069	9.935051498	3.464845929	20.82089721	75.71425686	0	0	0	-483.1268234	0.0002357301234	-196356.517114206	
482.8068234	95	1	4	0.9667690846	0.0002341112549	90.0714696	0.001470266763	9.92706013	3.444565027	20.82577253	75.72966244	0	0	0	-482.8068234	0.0002341112549	-195004.120490753	
482.6468234	95	1	4	0.9667729664	0.0001164726344	90.07547555	0.001464806495	9.923059642	3.434473945	20.82819823	75.73732782	0	0	0	-482.6468234	0.0001164726344	-1362.44608841553	
482.5668234	95	1	4	0.966774901	5.780514862E-05	90.07747915	0.001462082287	9.921058767	3.429440698	20.82940748	75.74115182	0	0	0	-482.5668234	5.780514862E-05	434412.114408459	
482.4868234	95	1	4	0.9667768334	5.798988911E-05	90.0794841	0.001459362481	9.919056542	3.424415647	20.83061535	75.744969	0	0	0	-482.4868234	5.798988911E-05	435809.354402286	
482.4468234	95	1	4	0.9667777978	2.882728441E-05	90.0804866	0.001458003998	9.918055392	3.421906169	20.83121826	75.74687557	0	0	0	-482.4468234	2.882728441E-05	-1381.91667519057	
482.4268234	95	1	4	0.9667782796	1.440775789E-05	90.08098818	0.001457325206	9.917554495	3.420652194	20.83151954	75.74782827	0	0	0	-482.4268234	1.440775789E-05	356862.620747765	
482.4068234	95	1	4	0.9667787616	1.446402226E-05	90.08148969	0.001456646672	9.917053667	3.419398732	20.83182082	75.74878044	0	0	0	-482.4068234	1.446402226E-05	358249.848588272	
482.3968234	95	1	4	0.9667790023	7.198886806E-06	90.08174028	0.001456307442	9.916803415	3.41877219	20.83197136	75.74925645	0	0	0	-482.3968234	7.198886806E-06	-2992.21908719541	
482.3568234	95	1	4	0.966779965	2.892951184E-05	90.08274363	0.001454951451	9.915801415	3.416267323	20.83257355	75.75115912	0	0	0	-482.3568234	2.892951184E-05	-7905.28885734804	
482.3368234	95	1	4	0.9667804446	1.436493618E-05	90.08324541	0.001454273813	9.915300316	3.41501566	20.83287434	75.75211	0	0	0	-482.3368234	1.436493618E-05	11213665.8658776	
482.2968234	95	1	4	0.9667814066	2.892416057E-05	90.08424871	0.001452919323	9.914298369	3.41251377	20.83347581	75.75401042	0	0	0	-482.2968234	2.892416057E-05	2756.22119732633	
482.2168234	95	1	4	0.9667833281	5.776652093E-05	90.08625649	0.001450213505	9.912293293	3.407516159	20.83467722	75.75780663	0	0	0	-482.2168234	5.776652093E-05	2777.5226052847	
482.0568234	95	1	4	0.9667871608	0.0001152142573	90.09027431	0.00144481414	9.908280875	3.397545184	20.83707404	75.76538077	0	0	0	-482.0568234	0.0001152142573	2792.91049628401	
481.7368234	95	1	4	0.9667947857	0.0002291612722	90.09831893	0.00143406436	9.900247002	3.377699729	20.84184388	75.78045639	0	0	0	-481.7368234	0.0002291612722	2824.09020285251	
481.0968234	95	1	4	0.9668098751	0.0004533208983	90.11444381	0.001412759532	9.884143427	3.338390415	20.8512894	75.81032018	0	0	0	-481.0968234	0.0004533208983	2886.49164881621	
479.8168234	95	1	4	0.9668394237	0.0008876174051	90.14683532	0.001370921078	9.851793763	3.26126751	20.86981297	75.86891952	0	0	0	-479.8168234	0.0008876174051	3011.57341226191	
477.2568234	95	1	4	0.9668961319	0.001704848709	90.21217122	0.001290263994	9.786538511	3.112763763	20.90545409	75.98178215	0	0	0	-477.2568234	0.001704848709	-33366.7967294499	
474.6968234	95	1	4	0.9669498611	0.001618038653	90.27822046	0.001213512258	9.720566023	2.971489898	20.9393345	76.0891756	0	0	0	-474.6968234	0.001618038653	-30588.0584204515	
472.1368234	95	1	4	0.9670008199	0.001537058493	90.34494714	0.001140519825	9.653912343	2.836977482	20.97156886	76.19145365	0	0	0	-472.1368234	0.001537058493	-32758.6940991583	
469.5768234	95	1	4	0.9670491966	0.001461385132	90.41231868	0.001071145242	9.586610174	2.708801898	21.00226116	76.28893694	0	0	0	-469.5768234	0.001461385132	-35016.2938618536	
467.0168234	95	1	4	0.9670951614	0.001390524988	90.48030549	0.001005251238	9.518689257	2.586577014	21.03150596	76.38191702	0	0	0	-467.0168234	0.001390524988	-37355.443619857	
464.4568234	95	1	4	0.967138869	0.001324044417	90.54888052	0.0009427044246	9.450176773	2.469950592	21.05938955	76.47065985	0	0	0	-464.4568234	0.001324044417	-39777.2711278912	
461.8968234	95	1	4	0.9671804598	0.001261560755	90.61801898	0.0008833750684	9.38109765	2.358600367	21.08599089	76.55540874	0	0	0	-461.8968234	0.001261560755	-42282.9694271819	
459.3368234	95	1	4	0.9672200624	0.00120273507	90.68769802	0.0008271369034	9.31147484	2.25223068	21.11138241	76.63638691	0	0	0	-459.3368234	0.00120273507	-44873.8459836766	
456.7768234	95	1	4	0.9672577941	0.001147266115	90.75789658	0.0007738669913	9.241329552	2.150569569	21.13563077	76.71379966	0	0	0	-456.7768234	0.001147266115	-47551.3315366875	
454.2168234	95	1	4	0.9672937627	0.001094885255	90.82859511	0.0007234456093	9.170681448	2.05336624	21.15879742	76.78783634	0	0	0	-454.2168234	0.001094885255	-50316.9872672621	
451.6568234	95	1	4	0.9673280674	0.001045352187	90.89977542	0.000675756165	9.099548821	1.960388878	21.18093919	76.85867193	0	0	0	-451.6568234	0.001045352187	-53172.5141680964	
449.0968234	95	1	4	0.9673607997	0.0009984513183	90.97142057	0.0006306851287	9.027948745	1.871422722	21.20210873	76.92646855	0	0	0	-449.0968234	0.0009984513183	-56119.7621687773	
446.5368234	95	1	4	0.967392044	0.000953988682	91.04351467	0.0005881219812	8.955897208	1.786268387	21.2223549	76.99137671	0	0	0	-446.5368234	0.000953988682	-59160.7398501939	
443.9768234	95	1	4	0.9674218785	0.0009117893042	91.11604281	0.0005479591725	8.883409227	1.70474038	21.24172318	77.05353644	0	0	0	-443.9768234	0.0009117893042	-62297.625548139	
441.4168234	95	1	4	0.967450376	0.0008716949446	91.18899096	0.0005100920888	8.810498948	1.626665792	21.26025596	77.11307825	0	0	0	-441.4168234	0.0008716949446	-65532.7779764021	
438.8568234	95	1	4	0.9674776038	0.0008335621513	91.26234584	0.0004744190255	8.737179742	1.551883147	21.27799283	77.17012402	0	0	0	-438.8568234	0.0008335621513	-68868.7494709084	
436.2968234	95	1	4	0.9675036249	0.0007972605812	91.33609488	0.0004408411643	8.663464281	1.480241365	21.29497082	77.22478781	0	0	0	-436.2968234	0.0007972605812	-72308.2984569344	
433.7368234	95	1	4	0.967528498	0.000762671542	91.41022613	0.0004092625531	8.589364609	1.411598859	21.31122465	77.27717649	0	0	0	-433.7368234	0.000762671542	-75854.4023608585	
431.1768234	95	1	4	0.9675522778	0.0007296867244	91.4847282	0.000379590087	8.514892207	1.345822706	21.3267869	77.3273904	0	0	0	-431.1768234	0.0007296867244	-79510.2669520961	
428.6168234	95	1	4	0.9675750159	0.0006982070914	91.55959078	0.00035173349	8.440057486	1.282787929	21.3416882	77.37552387	0	0	0	-428.6168234	0.0006982070914	-83279.375120588	
426.0568234	95	1	4	0.9675967603	0.0006681419333	91.63480198	0.0003256052776	8.364872414	1.222376829	21.35595739	77.42166578	0	0	0	-426.0568234	0.0006681419333	-87165.4498528785	
423.4968234	95	1	4	0.9676175563	0.0006394079763	91.71035272	0.0003011208335	8.289346156	1.164478407	21.36962169	77.4658999	0	0	0	-423.4968234	0.0006394079763	-91172.4915602686	
420.9368234	95	1	4	0.9676374464	0.0006119286658	91.78623353	0.0002781981947	8.213488275	1.108987826	21.38270677	77.5083054	0	0	0	-420.9368234	0.0006119286658	-95304.8392808585	
418.3768234	95	1	4	0.9676564707	0.0005856334998	91.8624348	0.0002567582238	8.137308438	1.055805932	21.39523694	77.54895713	0	0	0	-418.3768234	0.0005856334998	-99567.1467508103	
415.8168234	95	1	4	0.9676746672	0.0005604574404	91.93894751	0.0002367244869	8.06081577	1.004838823	21.40723518	77.587926	0	0	0	-415.8168234	0.0005604574404	-103964.413377975	
413.2568234	95	1	4	0.9676920713	0.0005363403962	92.01576284	0.0002180232459	7.984019136	0.9559974563	21.4187233	77.62527925	0	0	0	-413.2568234	0.0005363403962	-108502.017483194	
410.6968234	95	1	4	0.967708717	0.0005132267623	92.09287225	0.0002005834301	7.906927165	0.909197287	21.429722	77.66108071	0	0	0	-410.6968234	0.0005132267623	-113185.740702026	
408.1368234	95	1	4	0.9677246363	0.0004910650087	92.17026738	0.000184336604	7.829548282	0.8643579475	21.44025095	77.6953911	0	0	0	-408.1368234	0.0004910650087	-118021.794459964	
405.5768234	95	1	4	0.9677398594	0.000469807313	92.24794005	0.0001692169337	7.751890733	0.8214029503	21.45032886	77.72826819	0	0	0	-405.5768234	0.000469807313	-123016.855121486	
403.0168234	95	1	4	0.9677544152	0.0004494092326	92.32588224	0.0001551611505	7.673962603	0.7802594176	21.45997356	77.75976702	0	0	0	-403.0168234	0.0004494092326	-128178.096049868	
400.4568234	95	1	4	0.967768331	0.000429829409	92.40408605	0.0001421085117	7.595771843	0.7408578354	21.46920205	77.78994012	0	0	0	-400.4568234	0.000429829409	-133513.223849209	
397.8968234	95	1	4	0.9677816329	0.0004110293032	92.48254371	0.0001300007597	7.517326288	0.703131827	21.47803053	77.81883764	0	0	0	-397.8968234	0.0004110293032	-139030.520441496	
395.3368234	95	1	4	0.9677943456	0.0003929729569	92.56124755	0.0001187820783	7.438633672	0.6670179466	21.48647451	77.84650754	0	0	0	-395.3368234	0.0003929729569	-144738.885645647	
392.7768234	95	1	4	0.9678064927	0.0003756267771	92.64018995	0.0001083990473	7.359701652	0.6324554894	21.49454882	77.87299569	0	0	0	-392.7768234	0.0003756267771	-150647.884209669	
390.2168234	95	1	4	0.9678180969	0.0003589593412	92.71936338	9.88005941E-05	7.28053782	0.5993863169	21.50226763	77.89834605	0	0	0	-390.2168234	0.0003589593412	-156767.79879779	
387.6568234	95	1	4	0.9678291796	0.0003429412209	92.79876034	8.993794472E-05	7.201149722	0.567754697	21.50964454	77.92260076	0	0	0	-387.6568234	0.0003429412209	-163109.685090599	
385.0968234	95	1	4	0.9678397615	0.0003275448218	92.87837337	8.176457169E-05	7.121544868	0.5375071562	21.51669259	77.94580025	0	0	0	-385.0968234	0.0003275448218	-169685.433359106	
382.5368234	95	1	4	0.9678498623	0.0003127442382	92.95819501	7.423614108E-05	7.041730753	0.5085923433	21.52342428	77.96798338	0	0	0	-382.5368234	0.0003127442382	-176696.935062658	
379.9768234	95	1	4	0.9678595008	0.0002985438241	93.03821785	6.731045871E-05	6.961714844	0.480960904	21.52985166	77.98918744	0	0	0	-379.9768234	0.0002985438241	-183769.206688841	
377.4168234	95	1	4	0.9678686952	0.0002848637864	93.1184344	6.094741059E-05	6.88150465	0.4545653668	21.53598623	78.0094484	0	0	0	-377.4168234	0.0002848637864	-190957.004699186	
374.8568234	95	1	4	0.9678774628	0.0002717108085	93.19883719	5.510890947E-05	6.801107697	0.4293600326	21.54183912	78.02880084	0	0	0	-374.8568234	0.0002717108085	-198608.580012604	
372.2968234	95	1	4	0.9678858203	0.0002590645405	93.27941871	4.975883477E-05	6.720531535	0.4053008785	21.54742102	78.0472781	0	0	0	-372.2968234	0.0002590645405	-206569.089562871	
369.7368234	95	1	4	0.9678937837	0.0002469057589	93.36017138	4.486297343E-05	6.639783761	0.3823454655	21.55274221	78.06491232	0	0	0	-369.7368234	0.0002469057589	-214857.130623157	
367.1768234	95	1	4	0.9679013683	0.0002352162879	93.44108759	4.038895989E-05	6.558872025	0.3604528541	21.55781263	78.08173451	0	0	0	-367.1768234	0.0002352162879	-223492.826041989	
364.6168234	95	1	4	0.9679085891	0.0002239789225	93.52215964	3.630621542E-05	6.477804049	0.3395835257	21.56264185	78.09777462	0	0	0	-364.6168234	0.0002239789225	-232497.920674032	
362.0568234	95	1	4	0.9679154602	0.0002131773572	93.60337978	3.25858871E-05	6.396587632	0.31969931	21.56723911	78.11306158	0	0	0	-362.0568234	0.0002131773572	-241895.915884855	
359.4968234	95	1	4	0.9679219955	0.0002027961197	93.68474014	2.920078655E-05	6.315230664	0.3007633179	21.57161333	78.12762335	0	0	0	-359.4968234	0.0002027961197	-251712.237179897	
356.9368234	95	1	4	0.9679282081	0.0001928205109	93.76623274	2.612532846E-05	6.233741134	0.2827398792	21.57577313	78.14148699	0	0	0	-356.9368234	0.0001928205109	-261974.417157572	
354.3768234	95	1	4	0.9679341109	0.0001832365488	93.84784952	2.333546923E-05	6.152127146	0.2655944846	21.57972682	78.15467869	0	0	0	-354.3768234	0.0001832365488	-272712.286665365	
351.8168234	95	1	4	0.9679397162	0.0001740309167	93.92958227	2.08086458E-05	6.070396924	0.2492937325	21.58348247	78.1672238	0	0	0	-351.8168234	0.0001740309167	-283958.205224797	
349.2568234	95	1	4	0.967945036	0.0001651909159	94.01142265	1.852371476E-05	5.988558824	0.2338052791	21.58704785	78.17914687	0	0	0	-349.2568234	0.0001651909159	-295747.316308581	
346.6968234	95	1	4	0.9679500816	0.0001567044218	94.09336219	1.646089195E-05	5.906621347	0.2190977924	21.59043051	78.1904717	0	0	0	-346.6968234	0.0001567044218	-308117.813733982	
344.1368234	95	1	4	0.9679548642	0.0001485598427	94.17539225	1.460169263E-05	5.824593148	0.2051409097	21.59363774	78.20122135	0	0	0	-344.1368234	0.0001485598427	-321111.261171752	
341.5768234	95	1	4	0.9679593946	0.0001407460826	94.25750403	1.292887237E-05	5.742483045	0.1919051982	21.59667659	78.21141821	0	0	0	-341.5768234	0.0001407460826	-334772.951210344	
339.0168234	95	1	4	0.9679636831	0.0001332525063	94.33968854	1.14263688E-05	5.660300032	0.1793621178	21.59955391	78.22108397	0	0	0	-339.0168234	0.0001332525063	-349152.298973416	
336.4568234	95	1	4	0.9679677398	0.0001260689073	94.42193663	1.007924423E-05	5.578053288	0.1674839881	21.60227633	78.23023968	0	0	0	-336.4568234	0.0001260689073	-364303.298626573	
333.8968234	95	1	4	0.9679715745	0.0001191854782	94.50423894	8.873629423E-06	5.495752189	0.1562439562	21.60485026	78.23890578	0	0	0	-333.8968234	0.0001191854782	-380285.039700772	
331.3368234	95	1	4	0.9679751965	0.0001125927834	94.58658589	7.796668386E-06	5.413406316	0.1456159681	21.60728192	78.24710211	0	0	0	-331.3368234	0.0001125927834	-397162.290154167	
328.7768234	95	1	4	0.9679786149	0.0001062817338	94.66896769	6.836464509E-06	5.33102547	0.1355747417	21.60957733	78.25484793	0	0	0	-328.7768234	0.0001062817338	-415006.187409323	
326.2168234	95	1	4	0.9679818385	0.0001002435642	94.75137434	5.982027948E-06	5.248619681	0.1260957419	21.61174235	78.26216191	0	0	0	-326.2168234	0.0001002435642	-433895.024067232	
323.6568234	95	1	4	0.9679848759	9.446981218E-05	94.83379556	5.22322443E-06	5.166199215	0.1171551578	21.61378262	78.26906222	0	0	0	-323.6568234	9.446981218E-05	-453915.158721095	
321.0968234	95	1	4	0.9679877354	8.89522993E-05	94.91622086	4.550725509E-06	5.083774593	0.1087298812	21.61570364	78.27556648	0	0	0	-321.0968234	8.89522993E-05	-475162.095715817	
318.5368234	95	1	4	0.9679904248	8.368311414E-05	94.99863945	3.955960341E-06	5.001356597	0.1007974873	21.61751073	78.28169179	0	0	0	-318.5368234	8.368311414E-05	-497741.766542472	
315.9768234	95	1	4	0.9679929521	7.865459761E-05	95.08104029	3.431069037E-06	4.918956281	0.09333621631	21.61920902	78.28745476	0	0	0	-315.9768234	7.865459761E-05	-521772.061239751	
313.4168234	95	1	4	0.9679953246	7.385933019E-05	95.16341205	2.968857622E-06	4.836584986	0.08632495691	21.62080352	78.29287152	0	0	0	-313.4168234	7.385933019E-05	-547384.690352398	
310.8568234	95	1	4	0.9679975496	6.929012168E-05	95.24574309	2.562754656E-06	4.754254349	0.07974323069	21.62229907	78.2979577	0	0	0	-310.8568234	6.929012168E-05	-574727.483220346	
308.2968234	95	1	4	0.9679996341	6.494000344E-05	95.32802148	2.206769533E-06	4.671976315	0.07357117789	21.62370033	78.30272849	0	0	0	-308.2968234	6.494000344E-05	-603967.259790587	
305.7368234	95	1	4	0.9680015849	6.080222364E-05	95.41023495	1.895452484E-06	4.58976315	0.06778954422	21.62501185	78.30719861	0	0	0	-305.7368234	6.080222364E-05	-620577.580019042	
303.1768234	95	1	4	0.9680034084	5.668947296E-05	95.49237079	1.623856152E-06	4.507627585	0.06237966832	21.62623783	78.31138251	0	0	0	-303.1768234	5.668947296E-05	-653506.162686188	
300.6168234	95	1	4	0.968005111	5.293499721E-05	95.57441617	1.387499533E-06	4.425582442	0.05732347128	21.62738267	78.31529386	0	0	0	-300.6168234	5.293499721E-05	-625565.855144494	
300	95	1	4	0.968005504	1.221877218E-05	95.59416982	1.335357687E-06	4.405828843	0.05615610647	21.62764694	78.31619696	0	0	0	-300	1.221877218E-05	595267.201497428	
