T	w(AL)	w(MG)	w(SI)	fs	fw(@FCC_A1)	w(AL@FCC_A1)	w(MG@FCC_A1)	w(SI@FCC_A1)	w(AL@LIQUID)	w(MG@LIQUID)	w(SI@LIQUID)	dwdT_L(AL@LIQUID)	dwdT_L(MG@LIQUID)	dwdT_L(SI@LIQUID)	-T	fw(@FCC_A1)_1	-T//fw(@FCC_A1)	
K	%	%	%	mole/mole	kg/kg	%	%	%	%	%	%	SI	SI	SI				
889.1138899	91	7	2	0	0	97.87912161	1.974536378	0.1463420068	91	7	2	0.002149510594	-0.001570275544	-0.0005792350506	-889.1138899	0	15.9443806624078	
889.1038899	91	7	2	0.0003110257848	0.0003125074867	97.87872202	1.974907798	0.1463701783	90.99785048	7.001570336	2.000579189	0	0	0	-889.1038899	0.0003125074867	48.0540860981064	
889.0838899	91	7	2	0.0009324349903	0.0006245841944	97.87792265	1.975650819	0.14642653	90.99355128	7.004710914	2.001737806	0	0	0	-889.0838899	0.0006245841944	64.1137696996047	
889.0438899	91	7	2	0.002173379048	0.001247951503	97.87632448	1.977136337	0.1465391808	90.9849521	7.010992308	2.004055588	0	0	0	-889.0438899	0.001247951503	64.2217631764781	
888.9638899	91	7	2	0.00464787156	0.002491543784	97.87312964	1.98010605	0.1467643095	90.96775073	7.023555836	2.008693436	0	0	0	-888.9638899	0.002491543784	64.4427832704547	
888.8038899	91	7	2	0.00956745691	0.004965733442	97.86674594	1.986040183	0.1472138749	90.93333588	7.048685862	2.017978262	0	0	0	-888.8038899	0.004965733442	64.9330947217708	
888.4838899	91	7	2	0.01928077219	0.009854394056	97.85400372	1.997885723	0.1481105563	90.864458	7.098953892	2.03658811	0	0	0	-888.4838899	0.009854394056	65.9387439162663	
887.8438899	91	7	2	0.0382381924	0.01942369271	97.82861716	2.021489396	0.1498934487	90.72650781	7.199531254	2.073960933	0	0	0	-887.8438899	0.01942369271	67.892775017377	
886.5638899	91	7	2	0.0743714502	0.03775348686	97.77823376	2.068349289	0.1534169504	90.44982776	7.400856794	2.149315445	0	0	0	-886.5638899	0.03775348686	71.9770054561593	
884.0038899	91	7	2	0.1401995689	0.07147167049	97.67901088	2.160696861	0.1602922547	89.89332164	7.804243555	2.302434809	0	0	0	-884.0038899	0.07147167049	-824.776244044837	
881.4438899	91	7	2	0.1983349363	0.0679708673	97.58165152	2.251459368	0.1668891073	89.33262859	8.209195943	2.458175466	0	0	0	-881.4438899	0.0679708673	-770.481512431141	
878.8838899	91	7	2	0.2499919926	0.06479493537	97.48611955	2.34067532	0.1732051319	88.76772066	8.615791586	2.616487753	0	0	0	-878.8838899	0.06479493537	-847.744853598209	
876.3238899	91	7	2	0.2961512159	0.06190450123	97.3923793	2.428382193	0.179238506	88.19858345	9.02409586	2.777320692	0	0	0	-876.3238899	0.06190450123	-929.09898649211	
873.7638899	91	7	2	0.3376084247	0.05926203777	97.30039577	2.514616032	0.1849881998	87.62521248	9.43416219	2.940625328	0	0	0	-873.7638899	0.05926203777	-1013.87300786008	
871.2038899	91	7	2	0.3750156839	0.05683609366	97.21013373	2.599412355	0.1904539157	87.04761469	9.846031659	3.106353647	0	0	0	-871.2038899	0.05683609366	-1101.92645023849	
868.6438899	91	7	2	0.408911937	0.05460016542	97.12155903	2.682804995	0.1956359749	86.46580906	10.25973313	3.274457802	0	0	0	-868.6438899	0.05460016542	-1193.10868563348	
866.0838899	91	7	2	0.4397461961	0.05253176251	97.03463759	2.76482712	0.2005352928	85.87982729	10.67528329	3.44488942	0	0	0	-866.0838899	0.05253176251	-1287.24769500236	
863.5238899	91	7	2	0.4678953006	0.05061167214	96.94933557	2.845511111	0.2051533235	85.28971443	11.09268659	3.617598982	0	0	0	-863.5238899	0.05061167214	-1384.1491394282	
860.9638899	91	7	2	0.4936776662	0.04882338226	96.86561934	2.924888638	0.2094920177	84.69552953	11.51193521	3.792535254	0	0	0	-860.9638899	0.04882338226	-1483.59740448544	
858.4038899	91	7	2	0.5173640344	0.04715262343	96.78345549	3.002990724	0.2135537879	84.09734625	11.93300897	3.969644783	0	0	0	-858.4038899	0.04715262343	-1585.35709472336	
855.8438899	91	7	2	0.539185956	0.04558700213	96.70281074	3.079847786	0.217341476	83.49525335	12.35587522	4.148871434	0	0	0	-855.8438899	0.04558700213	-1689.17543488804	
853.2838899	91	7	2	0.5593425428	0.04411570512	96.62365201	3.155489663	0.220858326	82.8893552	12.78048882	4.330155986	0	0	0	-853.2838899	0.04411570512	-1794.78553996271	
850.7238899	91	7	2	0.5780058841	0.0427292593	96.54594641	3.229945636	0.224107958	82.27977217	13.20679205	4.513435776	0	0	0	-850.7238899	0.0427292593	-1901.91064156633	
848.1638899	91	7	2	0.5953254251	0.04141933554	96.46966122	3.303244435	0.2270943458	81.66664094	13.63471466	4.698644398	0	0	0	-848.1638899	0.04141933554	-2010.26916288189	
845.6038899	91	7	2	0.6114315296	0.04017858729	96.39476397	3.375414235	0.2298217948	81.05011464	14.0641739	4.885711459	0	0	0	-845.6038899	0.04017858729	-2119.5805269117	
843.0438899	91	7	2	0.6264383989	0.03900051711	96.32122243	3.446482645	0.2322949216	80.43036293	14.49507469	5.074562386	0	0	0	-843.0438899	0.03900051711	-2229.57157089696	
840.4838899	91	7	2	0.6404464773	0.03787936559	96.24900467	3.516476698	0.2345186345	79.80757191	14.92730979	5.265118303	0	0	0	-840.4838899	0.03787936559	-2339.98334814024	
837.9238899	91	7	2	0.653544446	0.03681001842	96.17807906	3.585422826	0.2364981139	79.18194388	15.36076015	5.457295961	0	0	0	-837.9238899	0.03681001842	-2450.57804749155	
835.3638899	91	7	2	0.6658108847	0.03578792813	96.10841437	3.65334684	0.2382387935	78.55369694	15.79529532	5.651007741	0	0	0	-835.3638899	0.03578792813	-2561.14572116854	
832.8038899	91	7	2	0.6773156637	0.03480904779	96.03997976	3.720273902	0.2397463408	77.92306439	16.2307739	5.846161716	0	0	0	-832.8038899	0.03480904779	-2671.51056640171	
830.2438899	91	7	2	0.6881211143	0.03386977446	95.97274486	3.786228501	0.2410266379	77.29029401	16.66704421	6.042661785	0	0	0	-830.2438899	0.03386977446	-2781.53641393966	
827.6838899	91	7	2	0.6982830199	0.03296690058	95.90667982	3.851234423	0.2420857612	76.65564715	17.10394498	6.240407869	0	0	0	-827.6838899	0.03296690058	-2891.13133598967	
825.1238899	91	7	2	0.7078514556	0.03209757195	95.84175531	3.915314732	0.2429299619	76.01939761	17.54130621	6.439296175	0	0	0	-825.1238899	0.03209757195	-3000.25084250241	
822.5638899	91	7	2	0.7168715044	0.0312592509	95.77794261	3.97849174	0.2435656449	75.38183044	17.97895004	6.63921952	0	0	0	-822.5638899	0.0312592509	-3108.89984833243	
820.0038899	91	7	2	0.7253838701	0.03044968396	95.71521366	4.040786996	0.2439993478	74.7432405	18.41669179	6.840067713	0	0	0	-820.0038899	0.03044968396	-3217.13342595081	
817.4438899	91	7	2	0.7334254028	0.0296668731	95.65354102	4.10222126	0.2442377197	74.10393097	18.85434104	7.041727991	0	0	0	-817.4438899	0.0296668731	-3325.05575226576	
814.8838899	91	7	2	0.7410295511	0.02890904982	95.592898	4.162814499	0.2442874991	73.46421169	19.29170282	7.244085497	0	0	0	-814.8838899	0.02890904982	-3432.81815635914	
812.3238899	91	7	2	0.7482267535	0.02817465187	95.53325863	4.222585877	0.2441554926	72.82439744	19.72857876	7.447023801	0	0	0	-812.3238899	0.02817465187	-3540.61593108811	
809.7638899	91	7	2	0.7550447762	0.02746230189	95.47459769	4.281553754	0.2438485528	72.18480617	20.16476838	7.650425449	0	0	0	-809.7638899	0.02746230189	-3648.68426249042	
807.2038899	91	7	2	0.7615090075	0.02677078795	95.41689075	4.33973569	0.2433735567	71.54575712	20.60007035	7.854172531	0	0	0	-807.2038899	0.02677078795	-3757.29374131616	
804.6438899	91	7	2	0.7676427132	0.02609904559	95.36011416	4.397148451	0.2427373847	70.90756904	21.03428369	8.058147268	0	0	0	-804.6438899	0.02609904559	-3866.74592647764	
802.0838899	91	7	2	0.7734672602	0.02544614146	95.30424508	4.453808024	0.2419469003	70.27055832	21.46720909	8.26223259	0	0	0	-802.0838899	0.02544614146	-3977.36395372639	
799.5238899	91	7	2	0.7790023108	0.02481125666	95.24926143	4.509729638	0.2410089289	69.63503724	21.89865005	8.466312711	0	0	0	-799.5238899	0.02481125666	-4089.48367768463	
796.9638899	91	7	2	0.7842659942	0.02419367184	95.19514196	4.5649278	0.2399302385	69.00131233	22.328414	8.670273671	0	0	0	-796.9638899	0.02419367184	-4203.46438330195	
794.4038899	91	7	2	0.7892750568	0.02359275768	95.14186617	4.619416303	0.238717523	68.3696827	22.75631341	8.874003888	0	0	0	-794.4038899	0.02359275768	-4319.67920396944	
791.8438899	91	7	2	0.7940449943	0.02300796057	95.08941436	4.673208257	0.2373773859	67.74043855	23.18216679	9.077394655	0	0	0	-791.8438899	0.02300796057	-4438.49536908583	
789.2838899	91	7	2	0.7985901688	0.02243879045	95.03776754	4.726316131	0.2359163237	67.11385984	23.60579956	9.280340595	0	0	0	-789.2838899	0.02243879045	-4560.27925429403	
786.7238899	91	7	2	0.8029239113	0.02188481145	94.9869075	4.778751789	0.2343407125	66.49021511	24.02704482	9.48274007	0	0	0	-786.7238899	0.02188481145	-4685.39689067649	
784.1638899	91	7	2	0.8070586138	0.02134563281	94.93681668	4.830526521	0.2326567948	65.86976041	24.44574404	9.684495548	0	0	0	-784.1638899	0.02134563281	-4814.20876959116	
781.6038899	91	7	2	0.8110058099	0.02082090071	94.88747824	4.881651087	0.2308706693	65.25273844	24.86174765	9.885513915	0	0	0	-781.6038899	0.02082090071	-4947.0667747975	
779.0438899	91	7	2	0.814776248	0.0203102909	94.83887597	4.932135753	0.2289882811	64.63937785	25.27491541	10.08570673	0	0	0	-779.0438899	0.0203102909	-5084.31244283536	
776.4838899	91	7	2	0.8183799554	0.01981350238	94.79099426	4.981990327	0.227015414	64.0298927	25.68511686	10.28499044	0	0	0	-776.4838899	0.01981350238	-5226.27584552279	
773.9238899	91	7	2	0.8218262966	0.01933025186	94.74381812	5.031224198	0.224957684	63.42448205	26.09223143	10.48328652	0	0	0	-773.9238899	0.01933025186	-5373.27460842919	
771.3638899	91	7	2	0.8251240252	0.0188602691	94.6973331	5.079846369	0.2228205347	62.82332978	26.49614865	10.68052158	0	0	0	-771.3638899	0.0188602691	-5525.61316630977	
768.8038899	91	7	2	0.8282813311	0.01840329293	94.65152527	5.127865495	0.2206092336	62.22660447	26.89676813	10.8766274	0	0	0	-768.8038899	0.01840329293	-5683.5828396368	
766.2438899	91	7	2	0.8313058823	0.01795906811	94.60638122	5.175289912	0.2183288697	61.63445948	27.29399954	11.07154098	0	0	0	-766.2438899	0.01795906811	-5847.46163996527	
763.6838899	91	7	2	0.8342048642	0.01752734268	94.56188798	5.222127664	0.2159843527	61.04703314	27.68776242	11.26520444	0	0	0	-763.6838899	0.01752734268	-6020.45614953104	
761.1238899	91	7	2	0.8369850857	0.01710825864	94.51803112	5.268388479	0.2135804009	60.46444209	28.07799133	11.45756658	0	0	0	-761.1238899	0.01710825864	-6194.89386851077	
758.5638899	91	7	2	0.839652755	0.01670054299	94.47480205	5.314076399	0.2111215554	59.8868103	28.46461429	11.64857541	0	0	0	-758.5638899	0.01670054299	-6375.31598590583	
756.0038899	91	7	2	0.842213844	0.0163048042	94.43218745	5.359200336	0.2086122162	59.31422512	28.84758429	11.8381906	0	0	0	-756.0038899	0.0163048042	-6567.08239049904	
753.4438899	91	7	2	0.8446739256	0.0159205583	94.39017598	5.403767438	0.2060565852	58.74676835	29.22685777	12.02637388	0	0	0	-753.4438899	0.0159205583	-6764.23050501279	
750.8838899	91	7	2	0.8470382368	0.0155475481	94.34875664	5.44778467	0.2034586939	58.18450902	29.60239948	12.2130915	0	0	0	-750.8838899	0.0155475481	-6968.68752120415	
748.3238899	91	7	2	0.849311701	0.01518551538	94.30791875	5.491258843	0.200822407	57.62750391	29.97418207	12.39831402	0	0	0	-748.3238899	0.01518551538	-7180.65772871739	
745.7638899	91	7	2	0.8514989487	0.01483419956	94.26765195	5.534196621	0.1981514265	57.07579828	30.3421856	12.58201612	0	0	0	-745.7638899	0.01483419956	-7400.32560779111	
743.2038899	91	7	2	0.853604337	0.0144933382	94.22794617	5.576604533	0.1954492967	56.52942648	30.70639715	12.76417637	0	0	0	-743.2038899	0.0144933382	-7627.86855833615	
740.6438899	91	7	2	0.8556319672	0.01416266745	94.1887916	5.618488989	0.1927194087	55.98841266	31.06681033	12.94477701	0	0	0	-740.6438899	0.01416266745	-7863.45560434979	
738.0838899	91	7	2	0.8575857014	0.01384192255	94.15017871	5.659856281	0.1899650055	55.45277144	31.42342481	13.12380374	0	0	0	-738.0838899	0.01384192255	-8107.24773837644	
735.5238899	91	7	2	0.8594691778	0.01353083841	94.11209822	5.700712595	0.1871891873	54.92250858	31.7762459	13.30124552	0	0	0	-735.5238899	0.01353083841	-8359.39845769689	
732.9638899	91	7	2	0.861285825	0.01322915021	94.07454107	5.741064016	0.1843949165	54.39762164	32.12528407	13.47709429	0	0	0	-732.9638899	0.01322915021	-8620.05508903452	
730.4038899	91	7	2	0.8630388749	0.01293659408	94.03749845	5.78091653	0.1815850231	53.87810064	32.47055454	13.65134481	0	0	0	-730.4038899	0.01293659408	-8889.35811582383	
727.8438899	91	7	2	0.8647313758	0.01265290763	94.00096176	5.820276029	0.17876221	53.3639287	32.81207685	13.82399444	0	0	0	-727.8438899	0.01265290763	-9167.44202743206	
725.2838899	91	7	2	0.8663662031	0.01237783062	93.96492263	5.859148316	0.1759290578	52.85508261	33.14987448	13.99504292	0	0	0	-725.2838899	0.01237783062	-9454.43594777121	
722.7238899	91	7	2	0.8679460707	0.01211110547	93.92937287	5.897539102	0.1730880303	52.3515334	33.48397443	14.16449217	0	0	0	-722.7238899	0.01211110547	-9750.46357591747	
720.1638899	91	7	2	0.8694735404	0.01185247782	93.89430451	5.935454011	0.170241479	51.85324695	33.81440692	14.33234613	0	0	0	-720.1638899	0.01185247782	-10055.6441396643	
717.6038899	91	7	2	0.8709510321	0.011601697	93.85970977	5.97289858	0.1673916481	51.36018444	34.14120498	14.49861057	0	0	0	-717.6038899	0.011601697	-10370.0916608931	
715.0438899	91	7	2	0.8723808317	0.01135851644	93.82558106	6.009878259	0.1645406792	50.8723029	34.46440417	14.66329293	0	0	0	-715.0438899	0.01135851644	-10693.9164094189	
712.4838899	91	7	2	0.8737650998	0.0111226941	93.79191098	6.046398408	0.1616906154	50.38955562	34.78404226	14.82640212	0	0	0	-712.4838899	0.0111226941	-11027.2243593553	
709.9238899	91	7	2	0.8751058791	0.01089399275	93.75869229	6.082464304	0.1588434062	49.91189261	35.10015897	14.98794842	0	0	0	-709.9238899	0.01089399275	-11370.1178699817	
707.3638899	91	7	2	0.8764051018	0.01067218031	93.72591796	6.118081132	0.1560009109	49.43926101	35.41279567	15.14794333	0	0	0	-707.3638899	0.01067218031	-11722.6949180689	
704.8038899	91	7	2	0.8776645961	0.01045703001	93.69358111	6.153253991	0.1531649028	48.97160543	35.72199518	15.30639939	0	0	0	-704.8038899	0.01045703001	-12085.051077773	
702.2438899	91	7	2	0.8788860924	0.01024832069	93.66167504	6.187987887	0.1503370732	48.50886833	36.02780153	15.46333014	0	0	0	-702.2438899	0.01024832069	-12457.2786147278	
699.6838899	91	7	2	0.8800712295	0.01004583685	93.63019323	6.22228774	0.1475190346	48.05099032	36.33025975	15.61874994	0	0	0	-699.6838899	0.01004583685	-12839.4669867847	
697.1238899	91	7	2	0.8812215597	0.009849368856	93.5991293	6.256158375	0.144712324	47.59791046	36.62941567	15.77267387	0	0	0	-697.1238899	0.009849368856	-13231.6997170186	
694.5638899	91	7	2	0.8823385541	0.009658712845	93.56847707	6.289604526	0.1419184064	47.14956654	36.92531578	15.92511768	0	0	0	-694.5638899	0.009658712845	-13634.0620800087	
692.0038899	91	7	2	0.8834236074	0.009473671053	93.53823049	6.322630833	0.1391386777	46.7058953	37.21800704	16.07609766	0	0	0	-692.0038899	0.009473671053	-14046.6356778302	
689.4438899	91	7	2	0.8844780424	0.009294051537	93.50838369	6.355241843	0.1363744675	46.2668327	37.50753677	16.22563054	0	0	0	-689.4438899	0.009294051537	-14469.4961648762	
686.8838899	91	7	2	0.8855031142	0.009119668336	93.47893095	6.387442007	0.1336270418	45.83231406	37.79395248	16.37373346	0	0	0	-686.8838899	0.009119668336	-14902.7206568343	
684.3238899	91	7	2	0.8865000143	0.008950341378	93.44986671	6.419235681	0.1308976055	45.40227431	38.07730178	16.5204239	0	0	0	-684.3238899	0.008950341378	-15346.3822680648	
681.7638899	91	7	2	0.8874698739	0.008785896431	93.42118557	6.450627124	0.128187305	44.97664814	38.35763229	16.66571957	0	0	0	-681.7638899	0.008785896431	-15800.5522227324	
679.2038899	91	7	2	0.8884137678	0.008626165029	93.39288227	6.481620499	0.1254972304	44.55537013	38.63499148	16.80963838	0	0	0	-679.2038899	0.008626165029	-16265.2995506276	
676.6438899	91	7	2	0.8893327175	0.00847098438	93.36495171	6.512219869	0.1228284175	44.13837492	38.90942668	16.95219841	0	0	0	-676.6438899	0.00847098438	-16740.6912929434	
674.0838899	91	7	2	0.8902276941	0.008320197266	93.33738895	6.542429201	0.1201818497	43.72559729	39.18098491	17.0934178	0	0	0	-674.0838899	0.008320197266	-17226.7924266995	
671.5238899	91	7	2	0.8910996214	0.008173651925	93.31018918	6.572252362	0.1175584606	43.31697232	39.44971288	17.2333148	0	0	0	-671.5238899	0.008173651925	-17723.6661342407	
668.9638899	91	7	2	0.8919493783	0.008031201934	93.28334774	6.601693121	0.1149591348	42.91243546	39.71565691	17.37190763	0	0	0	-668.9638899	0.008031201934	-18231.3736949636	
666.4038899	91	7	2	0.8927778017	0.007892706073	93.25686014	6.630755148	0.1123847104	42.51192262	39.97886287	17.50921452	0	0	0	-666.4038899	0.007892706073	-18749.9745264499	
663.8438899	91	7	2	0.8935856884	0.007758028194	93.23072201	6.659442012	0.1098359803	42.11537024	40.23937612	17.64525363	0	0	0	-663.8438899	0.007758028194	-19279.5264201221	
661.2838899	91	7	2	0.8943737977	0.007627037079	93.20492912	6.687757182	0.1073136934	41.72271539	40.49724154	17.78004308	0	0	0	-661.2838899	0.007627037079	-19820.0853704204	
658.7238899	91	7	2	0.8951428531	0.007499606298	93.17947741	6.715704029	0.1048185566	41.33389577	40.75250339	17.91360085	0	0	0	-658.7238899	0.007499606298	-20371.705886285	
656.1638899	91	7	2	0.8958935447	0.007375614066	93.15436294	6.743285822	0.1023512358	40.94884982	41.00520538	18.0459448	0	0	0	-656.1638899	0.007375614066	-20934.4407777043	
653.6038899	91	7	2	0.8966265307	0.007254943095	93.12958191	6.770505732	0.09991235731	40.56751673	41.25539059	18.17709268	0	0	0	-653.6038899	0.007254943095	-21508.3410094032	
651.0438899	91	7	2	0.8973424391	0.007137480448	93.10513066	6.797366827	0.09750250881	40.1898365	41.50310145	18.30706205	0	0	0	-651.0438899	0.007137480448	-22093.4562799143	
648.4838899	91	7	2	0.8980418695	0.007023117398	93.08100568	6.823872078	0.09512224083	39.81574995	41.74837976	18.43587029	0	0	0	-648.4838899	0.007023117398	-22689.8348825179	
645.9238899	91	7	2	0.8987253948	0.006911749282	93.05720358	6.850024353	0.09277206763	39.44519875	41.99126665	18.56353461	0	0	0	-645.9238899	0.006911749282	-23297.5233748014	
643.3638899	91	7	2	0.8993935619	0.006803275359	93.03372111	6.875826422	0.09045246831	39.07812546	42.23180254	18.690072	0	0	0	-643.3638899	0.006803275359	-23916.5669679501	
640.8038899	91	7	2	0.9000468938	0.006697598672	93.01055516	6.901280953	0.08816388777	38.71447352	42.47002722	18.81549926	0	0	0	-640.8038899	0.006697598672	-24547.0090818202	
638.2438899	91	7	2	0.9006858907	0.006594625907	92.98770275	6.926390517	0.08590673767	38.35418731	42.70597973	18.93983296	0	0	0	-638.2438899	0.006594625907	-25188.8920552464	
635.6838899	91	7	2	0.9013110308	0.006494267266	92.96516102	6.951157581	0.0836813973	37.9972121	42.93969847	19.06308943	0	0	0	-635.6838899	0.006494267266	-25842.2569638928	
633.1238899	91	7	2	0.9019227719	0.006396436331	92.94292727	6.975584516	0.08148821446	37.64349408	43.17122112	19.1852848	0	0	0	-633.1238899	0.006396436331	-26507.1430471154	
630.5638899	91	7	2	0.902521552	0.006301049938	92.9209989	6.99967359	0.07932750628	37.29298041	43.40058467	19.30643493	0	0	0	-630.5638899	0.006301049938	-27183.5881299047	
628.0038899	91	7	2	0.9031077909	0.006208028052	92.89937347	7.023426973	0.07719956001	36.94561913	43.62782541	19.42655545	0	0	0	-628.0038899	0.006208028052	-27871.628654211	
625.4438899	91	7	2	0.9036818905	0.006117293648	92.87804863	7.046846736	0.07510463379	36.60135926	43.85297897	19.54566177	0	0	0	-625.4438899	0.006117293648	-28571.300108761	
622.8838899	91	7	2	0.904244236	0.006028772596	92.85702219	7.069934848	0.07304295737	36.26015071	44.07608026	19.66376903	0	0	0	-622.8838899	0.006028772596	-29282.6360175337	
620.3238899	91	7	2	0.9047951968	0.005942393543	92.83629209	7.092693179	0.07101473282	35.92194435	44.29716354	19.78089211	0	0	0	-620.3238899	0.005942393543	-30005.668374896	
617.7638899	91	7	2	0.9053351271	0.005858087808	92.81585636	7.1151235	0.06902013524	35.58669192	44.51626239	19.89704568	0	0	0	-617.7638899	0.005858087808	-30740.4285217072	
615.2038899	91	7	2	0.9058643667	0.005775789277	92.79571321	7.137227481	0.0670593134	35.25434612	44.73340974	20.01224414	0	0	0	-615.2038899	0.005775789277	-31486.9452891831	
612.6438899	91	7	2	0.9063832418	0.005695434295	92.77586092	7.159006694	0.06513239039	34.92486053	44.94863784	20.12650164	0	0	0	-612.6438899	0.005695434295	-32245.2466818774	
610.0838899	91	7	2	0.9068920656	0.005616961577	92.75629793	7.180462608	0.06323946428	34.59818961	45.1619783	20.23983209	0	0	0	-610.0838899	0.005616961577	-33015.3592128058	
607.5238899	91	7	2	0.9073911388	0.005540312105	92.7370228	7.201596594	0.0613806087	34.27428873	45.37346213	20.35224915	0	0	0	-607.5238899	0.005540312105	-33797.3077521426	
604.9638899	91	7	2	0.9078807503	0.005465429044	92.71803421	7.22240992	0.05955587346	33.9531141	45.58311965	20.46376624	0	0	0	-604.9638899	0.005465429044	-34591.115616665	
602.4038899	91	7	2	0.9083611778	0.005392257648	92.69933096	7.242903757	0.05776528511	33.63462283	45.79098062	20.57439655	0	0	0	-602.4038899	0.005392257648	-35396.8043755805	
599.8438899	91	7	2	0.9088326884	0.005320745181	92.68091198	7.263079171	0.05600884759	33.31877283	45.99707416	20.68415301	0	0	0	-599.8438899	0.005320745181	-36214.3943929584	
597.2838899	91	7	2	0.9092955387	0.005250840833	92.66277633	7.282937128	0.0542865427	33.00552288	46.2014288	20.79304832	0	0	0	-597.2838899	0.005250840833	-37043.9038357376	
594.7238899	91	7	2	0.9097499759	0.005182495643	92.64492318	7.302478493	0.05259833075	32.69483256	46.40407249	20.90109495	0	0	0	-594.7238899	0.005182495643	-37885.3497794102	
592.1638899	91	7	2	0.9101962375	0.005115662426	92.62735182	7.321704028	0.05094415105	32.38666227	46.6050326	21.00830513	0	0	0	-592.1638899	0.005115662426	-38738.747025245	
589.6038899	91	7	2	0.9106345525	0.005050295698	92.61006169	7.340614391	0.04932392248	32.08097318	46.80433595	21.11469087	0	0	0	-589.6038899	0.005050295698	-39604.1087273798	
587.0438899	91	7	2	0.9110651413	0.004986351611	92.59305232	7.359210138	0.04773754403	31.77772728	47.00200877	21.22026395	0	0	0	-587.0438899	0.004986351611	-40481.4469373766	
584.4838899	91	7	2	0.911488216	0.004923787886	92.57632339	7.377491719	0.04618489532	31.47688728	47.19807679	21.32503593	0	0	0	-584.4838899	0.004923787886	-41370.7709295563	
581.9238899	91	7	2	0.9119039812	0.004862563748	92.55987468	7.395459482	0.04466583714	31.17841666	47.39256518	21.42901815	0	0	0	-581.9238899	0.004862563748	-42272.0875628505	
579.3638899	91	7	2	0.9123126341	0.004802639866	92.54370612	7.413113667	0.04318021199	30.88227965	47.58549861	21.53222173	0	0	0	-579.3638899	0.004802639866	-43185.4032762276	
576.8038899	91	7	2	0.9127143647	0.004743978299	92.52781775	7.430454407	0.04172784455	30.58844119	47.77690122	21.63465759	0	0	0	-576.8038899	0.004743978299	-44110.7211239249	
574.2438899	91	7	2	0.9131093563	0.004686542433	92.51220973	7.44748173	0.04030854226	30.29686692	47.96679666	21.73633642	0	0	0	-574.2438899	0.004686542433	-45048.0417203881	
571.6838899	91	7	2	0.9134977858	0.004630296934	92.49688235	7.464195553	0.0389220958	30.00752318	48.1552081	21.83726872	0	0	0	-571.6838899	0.004630296934	-45997.3654045962	
569.1238899	91	7	2	0.9138798239	0.004575207696	92.48183604	7.480595685	0.03756827962	29.720377	48.34215821	21.93746479	0	0	0	-569.1238899	0.004575207696	-46958.687744072	
566.5638899	91	7	2	0.9142556352	0.004521241787	92.46707133	7.496681822	0.03624685243	29.43539607	48.52766921	22.03693472	0	0	0	-566.5638899	0.004521241787	-47932.0027030091	
564.0038899	91	7	2	0.9146253789	0.004468367409	92.45258889	7.512453552	0.03495755774	29.15254873	48.71176285	22.13568842	0	0	0	-564.0038899	0.004468367409	-48917.3032370855	
561.4438899	91	7	2	0.9149892084	0.00441655385	92.43838953	7.527910345	0.03370012436	28.87180396	48.89446045	22.23373559	0	0	0	-561.4438899	0.00441655385	-49914.5769129432	
558.8838899	91	7	2	0.9153472723	0.004365771438	92.42447417	7.54305156	0.03247426691	28.59313136	49.07578288	22.33108576	0	0	0	-558.8838899	0.004365771438	-50923.810103074	
556.3238899	91	7	2	0.9156997138	0.004315991506	92.41084388	7.557876436	0.0312796863	28.31650116	49.25575057	22.42774827	0	0	0	-556.3238899	0.004315991506	-51944.9869760423	
553.7638899	91	7	2	0.9160466717	0.004267186348	92.39749983	7.572384098	0.03011607029	28.04188418	49.43438355	22.52373227	0	0	0	-553.7638899	0.004267186348	-52978.0874701235	
551.2038899	91	7	2	0.9163882799	0.004219329183	92.38444336	7.586573548	0.02898309396	27.76925183	49.61170144	22.61904673	0	0	0	-551.2038899	0.004219329183	-54023.088242303	
548.6438899	91	7	2	0.9167246681	0.004172394117	92.37167591	7.600443668	0.02788042023	27.49857608	49.78772345	22.71370048	0	0	0	-548.6438899	0.004172394117	-55079.9626079066	
546.0838899	91	7	2	0.9170559615	0.00412635611	92.35919908	7.613993217	0.02680770037	27.22982948	49.96246839	22.80770213	0	0	0	-546.0838899	0.00412635611	-56148.6827968327	
543.5238899	91	7	2	0.9173822815	0.004081190945	92.3470146	7.627220826	0.02576457449	26.96298513	50.13595471	22.90106015	0	0	0	-543.5238899	0.004081190945	-57229.2143618595	
540.9638899	91	7	2	0.9177037455	0.004036875189	92.33512433	7.640125002	0.02475067206	26.69801667	50.30820048	22.99378285	0	0	0	-540.9638899	0.004036875189	-58321.5201939845	
538.4038899	91	7	2	0.9180204672	0.003993386171	92.32353027	7.652704119	0.02376561242	26.43489825	50.47922339	23.08587836	0	0	0	-538.4038899	0.003993386171	-59425.5593271487	
535.8438899	91	7	2	0.9183325565	0.003950701945	92.31223458	7.66495642	0.02280900525	26.17360455	50.64904078	23.17735467	0	0	0	-535.8438899	0.003950701945	-60541.2880339356	
533.2838899	91	7	2	0.91864012	0.003908801271	92.30123954	7.676880013	0.02188045112	25.91411076	50.81766965	23.26821959	0	0	0	-533.2838899	0.003908801271	-61668.6555823759	
530.7238899	91	7	2	0.9189432611	0.003867663576	92.29054759	7.688472869	0.02097954198	25.65639256	50.98512664	23.3584808	0	0	0	-530.7238899	0.003867663576	-62807.6084982962	
528.1638899	91	7	2	0.9192420796	0.003827268942	92.28016132	7.699732818	0.02010586163	25.40042611	51.15142807	23.44814583	0	0	0	-528.1638899	0.003827268942	-63958.0890365164	
525.6038899	91	7	2	0.9195366726	0.003787598069	92.27008347	7.710657548	0.01925898625	25.14618804	51.31658992	23.53722204	0	0	0	-525.6038899	0.003787598069	-65120.0314021257	
523.0438899	91	7	2	0.919827134	0.003748632259	92.26031692	7.721244599	0.0184384849	24.89365545	51.48062788	23.62571667	0	0	0	-523.0438899	0.003748632259	-66293.3694888051	
520.4838899	91	7	2	0.920113555	0.003710353392	92.25086472	7.731491364	0.01764392001	24.6428059	51.64355728	23.71363681	0	0	0	-520.4838899	0.003710353392	-67478.0271714744	
517.9238899	91	7	2	0.9203960239	0.0036727439	92.24173007	7.741395081	0.01687484786	24.39361739	51.80539319	23.80098941	0	0	0	-517.9238899	0.0036727439	-68673.9251882926	
515.3638899	91	7	2	0.9206746264	0.003635786753	92.23291635	7.750952833	0.01613081911	24.14606835	51.96615036	23.88778129	0	0	0	-515.3638899	0.003635786753	-69880.9788984794	
512.8038899	91	7	2	0.9209494458	0.003599465433	92.22442708	7.760161543	0.01541137925	23.90013765	52.12584324	23.97401912	0	0	0	-512.8038899	0.003599465433	-71099.0942328743	
510.2438899	91	7	2	0.9212205626	0.003563763917	92.21626596	7.76901797	0.0147160691	23.65580455	52.284486	24.05970945	0	0	0	-510.2438899	0.003563763917	-72328.1730293817	
507.6838899	91	7	2	0.9214880553	0.003528666659	92.20843687	7.777518706	0.01404442534	23.41304874	52.44209255	24.14485871	0	0	0	-507.6838899	0.003528666659	-73568.1094746288	
505.1238899	91	7	2	0.9217519998	0.003494158571	92.20094385	7.785660172	0.0133959809	23.17185032	52.59867649	24.22947318	0	0	0	-505.1238899	0.003494158571	-74818.792660867	
502.5638899	91	7	2	0.9220124699	0.003460225009	92.19379112	7.79343861	0.01277026552	22.93218977	52.75425118	24.31355905	0	0	0	-502.5638899	0.003460225009	-76080.1023341718	
500.0038899	91	7	2	0.9222695374	0.003426851752	92.18698311	7.800850084	0.01216680619	22.69404794	52.90882971	24.39712235	0	0	0	-500.0038899	0.003426851752	-77351.9072270186	
497.4438899	91	7	2	0.922523272	0.003394024988	92.1805244	7.807890471	0.01158512762	22.45740608	53.0624249	24.48016901	0	0	0	-497.4438899	0.003394024988	-78634.0733153425	
494.8838899	91	7	2	0.9227737411	0.003361731302	92.17441979	7.814555458	0.01102475269	22.22224581	53.21504934	24.56270485	0	0	0	-494.8838899	0.003361731302	-79926.4562887836	
492.3238899	91	7	2	0.9230210106	0.003329957657	92.16867426	7.820840539	0.01048520296	21.9885491	53.36671536	24.64473554	0	0	0	-492.3238899	0.003329957657	-81228.9012960675	
489.7638899	91	7	2	0.9232651444	0.003298691383	92.163293	7.826741003	0.009965999043	21.75629828	53.51743504	24.72626668	0	0	0	-489.7638899	0.003298691383	-82541.2456202827	
487.2038899	91	7	2	0.9235062045	0.003267920162	92.1582814	7.832251935	0.00946666113	21.52547603	53.66722025	24.80730373	0	0	0	-487.2038899	0.003267920162	-83863.3146012938	
484.6438899	91	7	2	0.9237442513	0.003237632015	92.15364508	7.837368208	0.008986709386	21.29606536	53.8160826	24.88785203	0	0	0	-484.6438899	0.003237632015	-85194.9251011267	
482.0838899	91	7	2	0.9239793435	0.003207815291	92.14938986	7.842084477	0.008525664397	21.06804965	53.96403349	24.96791685	0	0	0	-482.0838899	0.003207815291	-86535.8928202107	
479.5238899	91	7	2	0.9242115381	0.00317845866	92.14552178	7.84639517	0.008083047597	20.84141258	54.1110841	25.04750332	0	0	0	-479.5238899	0.00317845866	-87885.9926876277	
476.9638899	91	7	2	0.9244408906	0.003149551077	92.14204713	7.850294488	0.007658381687	20.61613816	54.25724537	25.12661647	0	0	0	-476.9638899	0.003149551077	-89245.0112189679	
474.4038899	91	7	2	0.9246674551	0.00312108181	92.13897242	7.853776393	0.007251191047	20.39221073	54.40252804	25.20526123	0	0	0	-474.4038899	0.00312108181	-90612.7339038969	
471.8438899	91	7	2	0.9248912839	0.003093040399	92.1363044	7.8568346	0.006861002139	20.16961492	54.54694264	25.28344244	0	0	0	-471.8438899	0.003093040399	-91988.9077641205	
469.2838899	91	7	2	0.9251124284	0.003065416658	92.13405008	7.859462576	0.006487343902	19.94833569	54.6904995	25.36116481	0	0	0	-469.2838899	0.003065416658	-93373.2800842196	
466.7238899	91	7	2	0.9253309381	0.003038200662	92.13221673	7.861653525	0.006129748136	19.7283583	54.83320873	25.43843297	0	0	0	-466.7238899	0.003038200662	-94765.5786661729	
464.1638899	91	7	2	0.9255468614	0.003011382737	92.13081186	7.863400386	0.005787749883	19.50966829	54.97508026	25.51525145	0	0	0	-464.1638899	0.003011382737	-96165.519962425	
461.6038899	91	7	2	0.9257602455	0.002984953453	92.12984329	7.864695822	0.005460887787	19.29225151	55.1161238	25.59162469	0	0	0	-461.6038899	0.002984953453	-97572.8054974332	
459.0438899	91	7	2	0.9259711363	0.002958903613	92.12931908	7.865532212	0.005148704453	19.0760941	55.25634889	25.66755701	0	0	0	-459.0438899	0.002958903613	-98987.1205093671	
456.4838899	91	7	2	0.9261795783	0.002933224246	92.12924761	7.865901645	0.004850746793	18.86118246	55.39576487	25.74305267	0	0	0	-456.4838899	0.002933224246	-100408.135631302	
453.9238899	91	7	2	0.926385615	0.002907906598	92.12963753	7.865795904	0.004566566361	18.6475033	55.5343809	25.81811579	0	0	0	-453.9238899	0.002907906598	-101835.497226998	
451.3638899	91	7	2	0.9265892888	0.002882942121	92.13049781	7.865206466	0.004295719673	18.43504359	55.67220596	25.89275045	0	0	0	-451.3638899	0.002882942121	-103268.839755508	
448.8038899	91	7	2	0.9267906409	0.002858322471	92.13183775	7.864124485	0.004037768522	18.22379057	55.80924883	25.9669606	0	0	0	-448.8038899	0.002858322471	-104707.783747923	
446.2438899	91	7	2	0.9269897114	0.002834039497	92.13366693	7.862540787	0.003792280277	18.01373176	55.94551813	26.04075011	0	0	0	-446.2438899	0.002834039497	-106151.922161712	
443.6838899	91	7	2	0.9271865395	0.002810085233	92.13599532	7.860445856	0.00355882817	17.80485492	56.08102231	26.11412277	0	0	0	-443.6838899	0.002810085233	-107600.830930047	
441.1238899	91	7	2	0.9273811633	0.002786451893	92.13883318	7.857829827	0.003336991568	17.59714809	56.21576964	26.18708226	0	0	0	-441.1238899	0.002786451893	-109054.064828936	
438.5638899	91	7	2	0.9275736198	0.002763131862	92.14219117	7.854682473	0.003126356241	17.39059958	56.34976821	26.2596322	0	0	0	-438.5638899	0.002763131862	-110511.15859547	
436.0038899	91	7	2	0.9277639452	0.002740117692	92.14608029	7.850993195	0.002926514607	17.18519793	56.48302597	26.33177611	0	0	0	-436.0038899	0.002740117692	-111971.629715499	
433.4438899	91	7	2	0.9279521748	0.002717402095	92.15051193	7.846751008	0.00273706597	16.98093193	56.61555067	26.4035174	0	0	0	-433.4438899	0.002717402095	-113434.964816004	
430.8838899	91	7	2	0.9281383429	0.002694977934	92.15549785	7.841944536	0.002557616738	16.77779065	56.74734992	26.47485943	0	0	0	-430.8838899	0.002694977934	-114900.627689389	
428.3238899	91	7	2	0.9283224828	0.00267283822	92.16105023	7.836561991	0.002387780637	16.57576338	56.87843117	26.54580545	0	0	0	-428.3238899	0.00267283822	-116368.062309257	
425.7638899	91	7	2	0.9285046274	0.002650976105	92.16718165	7.830591169	0.002227178903	16.37483966	57.0088017	26.61635864	0	0	0	-425.7638899	0.002650976105	-117836.686736327	
423.2038899	91	7	2	0.9286848082	0.002629384877	92.17390513	7.824019432	0.00207544046	16.17500927	57.13846864	26.68652208	0	0	0	-423.2038899	0.002629384877	-119305.891050464	
420.6438899	91	7	2	0.9288630562	0.002608057953	92.1812341	7.8168337	0.001932202093	15.97626225	57.26743897	26.75629879	0	0	0	-420.6438899	0.002608057953	-120775.038645724	
418.0838899	91	7	2	0.9290394017	0.002586988875	92.18918246	7.809020432	0.001797108592	15.77858884	57.39571948	26.82569167	0	0	0	-418.0838899	0.002586988875	-122243.467182478	
415.5238899	91	7	2	0.929213874	0.002566171304	92.19776457	7.800565622	0.001669812896	15.58197956	57.52331686	26.89470358	0	0	0	-415.5238899	0.002566171304	-123710.487518634	
412.9638899	91	7	2	0.9293865017	0.002545599016	92.20699525	7.791454775	0.001549976212	15.38642514	57.65023761	26.96333725	0	0	0	-412.9638899	0.002545599016	-125175.375770947	
410.4038899	91	7	2	0.9295573128	0.002525265894	92.21688983	7.781672904	0.001437268129	15.19191654	57.7764881	27.03159536	0	0	0	-410.4038899	0.002525265894	-126637.387741224	
407.8438899	91	7	2	0.9297263345	0.002505165929	92.22746412	7.77120451	0.001331366704	14.99844497	57.90207454	27.09948049	0	0	0	-407.8438899	0.002505165929	-128095.744115453	
405.2838899	91	7	2	0.9298935933	0.002485293208	92.23873447	7.760033573	0.00123195855	14.80600186	58.02700299	27.16699515	0	0	0	-405.2838899	0.002485293208	-129549.630458071	
402.7238899	91	7	2	0.930059115	0.002465641915	92.25071773	7.748143534	0.001138738896	14.61457887	58.15127936	27.23414177	0	0	0	-402.7238899	0.002465641915	-130998.213971929	
400.1638899	91	7	2	0.9302229249	0.002446206325	92.2634313	7.735517288	0.001051411642	14.4241679	58.27490944	27.30092266	0	0	0	-400.1638899	0.002446206325	-132440.616809955	
397.6038899	91	7	2	0.9303850474	0.002426980797	92.27689314	7.722137166	0.0009696893924	14.23476106	58.39789884	27.3673401	0	0	0	-397.6038899	0.002426980797	-133875.935012795	
395.0438899	91	7	2	0.9305455064	0.002407959774	92.29112178	7.707984927	0.0008932934795	14.04635072	58.52025303	27.43339625	0	0	0	-395.0438899	0.002407959774	-135303.233389348	
392.4838899	91	7	2	0.9307043252	0.002389137775	92.3061363	7.693041743	0.0008219539744	13.85892945	58.64197736	27.49909319	0	0	0	-392.4838899	0.002389137775	-136721.542209676	
389.9238899	91	7	2	0.9308615265	0.002370509394	92.3219564	7.677288189	0.0007554096799	13.67249006	58.76307701	27.56443293	0	0	0	-389.9238899	0.002370509394	-138129.862642729	
387.3638899	91	7	2	0.9310171325	0.002352069294	92.33860236	7.660704229	0.0006934081132	13.4870256	58.88355702	27.62941739	0	0	0	-387.3638899	0.002352069294	-139527.151678776	
384.8038899	91	7	2	0.9311711644	0.002333812202	92.35609508	7.643269214	0.0006357054738	13.30252932	59.00342228	27.6940484	0	0	0	-384.8038899	0.002333812202	-140912.316249922	
382.2438899	91	7	2	0.9313236434	0.002315732902	92.37445607	7.624961864	0.0005820665991	13.11899475	59.12267754	27.75832771	0	0	0	-382.2438899	0.002315732902	-142284.308170372	
379.6838899	91	7	2	0.9314745899	0.002297826254	92.39370747	7.605760265	0.0005322649071	12.93641559	59.24132742	27.82225699	0	0	0	-379.6838899	0.002297826254	-143641.995898574	
377.1238899	91	7	2	0.9316240235	0.002280087155	92.41387205	7.585641864	0.0004860823269	12.75478583	59.35937636	27.88583781	0	0	0	-377.1238899	0.002280087155	-144984.1600325	
374.5638899	91	7	2	0.9317719637	0.002262510556	92.43497323	7.56458346	0.0004433092172	12.57409965	59.47682868	27.94907167	0	0	0	-374.5638899	0.002262510556	-146309.628233191	
372.0038899	91	7	2	0.9319184293	0.002245091458	92.45703505	7.542561206	0.0004037442733	12.39435149	59.59368854	28.01195997	0	0	0	-372.0038899	0.002245091458	-147617.169212066	
369.4438899	91	7	2	0.9320634385	0.002227824902	92.4800822	7.519550604	0.0003671944227	12.21553602	59.70995996	28.07450402	0	0	0	-369.4438899	0.002227824902	-148905.522185243	
366.8838899	91	7	2	0.9322070091	0.002210705972	92.50414001	7.495526511	0.0003334747108	12.03764815	59.82564679	28.13670506	0	0	0	-366.8838899	0.002210705972	-150173.399892796	
364.3238899	91	7	2	0.9323491583	0.002193729786	92.52923445	7.47046314	0.0003024081754	11.86068302	59.94075276	28.19856422	0	0	0	-364.3238899	0.002193729786	-151419.482300772	
361.7638899	91	7	2	0.932489903	0.002176891497	92.5553921	7.44433407	0.0002738257121	11.68463604	60.05528141	28.26008255	0	0	0	-361.7638899	0.002176891497	-152642.424816005	
359.2038899	91	7	2	0.9326292595	0.002160186286	92.58264018	7.417112259	0.0002475659302	11.50950283	60.16923616	28.32126101	0	0	0	-359.2038899	0.002160186286	-153840.860819262	
356.6438899	91	7	2	0.9327672436	0.002143609363	92.61100647	7.388770054	0.0002234750005	11.33527929	60.28262024	28.38210046	0	0	0	-356.6438899	0.002143609363	-155013.649749365	
354.0838899	91	7	2	0.9329038706	0.002127156012	92.64051805	7.359280541	0.000201406513	11.16196156	60.39543676	28.44260168	0	0	0	-354.0838899	0.002127156012	-156158.924197712	
351.5238899	91	7	2	0.9330391556	0.002110821392	92.6712062	7.328612577	0.000181221235	10.98954603	60.50768862	28.50276534	0	0	0	-351.5238899	0.002110821392	-157275.201957492	
348.9638899	91	7	2	0.9331731129	0.002094600812	92.70309933	7.296737882	0.000162787043	10.81802936	60.61937861	28.56259203	0	0	0	-348.9638899	0.002094600812	-158361.479966667	
346.4038899	91	7	2	0.9333057567	0.002078489558	92.73622739	7.263626631	0.0001459786723	10.64740847	60.73050931	28.62208222	0	0	0	-346.4038899	0.002078489558	-159416.086343499	
343.8438899	91	7	2	0.9334371004	0.00206248292	92.77062078	7.229248546	0.0001306775458	10.47768054	60.84108314	28.68123631	0	0	0	-343.8438899	0.00206248292	-160437.541696047	
341.2838899	91	7	2	0.9335671573	0.002046576202	92.80631028	7.193572949	0.0001167715815	10.30884305	60.95110237	28.74005458	0	0	0	-341.2838899	0.002046576202	-161424.367024313	
338.7238899	91	7	2	0.93369594	0.002030764708	92.84332703	7.156568819	0.0001041549955	10.14089372	61.06056906	28.79853723	0	0	0	-338.7238899	0.002030764708	-162375.027945588	
336.1638899	91	7	2	0.933823461	0.00201504374	92.88170241	7.118204858	9.272810077E-05	9.973830579	61.1694851	28.85668432	0	0	0	-336.1638899	0.00201504374	-163288.102042558	
333.6038899	91	7	2	0.933949732	0.001999408616	92.92146803	7.078449572	8.239710314E-05	9.807651946	61.27785221	28.91449585	0	0	0	-333.6038899	0.001999408616	-164162.078882244	
331.0438899	91	7	2	0.9340747646	0.001983854629	92.96265557	7.037271351	7.307389404E-05	9.642356431	61.38567188	28.97197168	0	0	0	-331.0438899	0.001983854629	-164995.397980978	
328.4838899	91	7	2	0.9341985699	0.001968377071	93.00529675	6.994638571	6.467584167E-05	9.477942946	61.49294546	29.0291116	0	0	0	-328.4838899	0.001968377071	-165786.616169157	
325.9238899	91	7	2	0.9343211585	0.001952971224	93.04942317	6.950519703	5.712558053E-05	9.314410717	61.59967404	29.08591524	0	0	0	-325.9238899	0.001952971224	-166534.20219951	
323.3638899	91	7	2	0.9344425406	0.001937632344	93.09506622	6.90488343	5.035080029E-05	9.151759289	61.70585854	29.14238217	0	0	0	-323.3638899	0.001937632344	-167236.75212364	
320.8038899	91	7	2	0.9345627263	0.001922355691	93.14225693	6.857698783	4.428403436E-05	8.989988532	61.81149966	29.19851181	0	0	0	-320.8038899	0.001922355691	-167892.844291144	
318.2438899	91	7	2	0.9346817249	0.001907136486	93.19102585	6.80893529	3.886244895E-05	8.829098656	61.91659786	29.25430349	0	0	0	-318.2438899	0.001907136486	-168500.9710185	
315.6838899	91	7	2	0.9347995455	0.001891969927	93.24140284	6.75856313	3.402763303E-05	8.669090214	62.02115338	29.30975641	0	0	0	-315.6838899	0.001891969927	-169059.753678023	
313.1238899	91	7	2	0.9349161968	0.001876851185	93.29341696	6.706553314	2.97253899E-05	8.509964118	62.12516624	29.36486964	0	0	0	-313.1238899	0.001876851185	-169567.806200154	
310.5638899	91	7	2	0.9350316872	0.001861775394	93.34709622	6.652877871	2.590553074E-05	8.351721645	62.22863619	29.41964217	0	0	0	-310.5638899	0.001861775394	-170023.75095986	
308.0038899	91	7	2	0.9351460245	0.001846737649	93.40246743	6.597510048	2.252167087E-05	8.194364456	62.33156274	29.47407281	0	0	0	-308.0038899	0.001846737649	-170426.257302187	
305.4438899	91	7	2	0.9352592164	0.001831733002	93.45955594	6.540424531	1.953102902E-05	8.037894599	62.43394512	29.52816028	0	0	0	-305.4438899	0.001831733002	-170774.019049714	
302.8838899	91	7	2	0.93537127	0.001816756455	93.51838543	6.481597676	1.689423013E-05	7.882314531	62.5357823	29.58190317	0	0	0	-302.8838899	0.001816756455	-171065.748749465	
300.3238899	91	7	2	0.935482192	0.001801802954	93.57897768	6.421007748	1.457511225E-05	7.727627127	62.63707295	29.63529992	0	0	0	-300.3238899	0.001801802954	-169588.713049424	
300	91	7	2	0.9354961538	0.0002272761158	93.58677511	6.413210587	1.43026468E-05	7.708116634	62.64984742	29.64203594	0	0	0	-300	0.0002272761158	169177.30069094	
