T	w(AL)	w(MG)	w(SI)	fs	fw(@FCC_A1)	w(AL@FCC_A1)	w(MG@FCC_A1)	w(SI@FCC_A1)	w(AL@LIQUID)	w(MG@LIQUID)	w(SI@LIQUID)	dwdT_L(AL@LIQUID)	dwdT_L(MG@LIQUID)	dwdT_L(SI@LIQUID)	-T	fw(@FCC_A1)_1	-T//fw(@FCC_A1)	
K	%	%	%	mole/mole	kg/kg	%	%	%	%	%	%	SI	SI	SI				
893.4822645	92	5	3	0	0	98.41213227	1.331512062	0.2563556676	92	5	3	0.00212661493	-0.001216648911	-0.0009099660189	-893.4822645	0	15.0085098416832	
893.4722645	92	5	3	0.0003307278674	0.0003316962245	98.41182544	1.331756894	0.2564176621	91.99787336	5.00121672	3.000909925	0	0	0	-893.4722645	0.0003316962245	45.2876241590275	
893.4522645	92	5	3	0.000991426641	0.0006628170237	98.41121188	1.332246465	0.2565416541	91.99361992	5.003650057	3.002730018	0	0	0	-893.4522645	0.0006628170237	60.4223120320167	
893.4122645	92	5	3	0.002310682875	0.001324356143	98.40998495	1.333225426	0.2567896203	91.98511214	5.008516928	3.006370933	0	0	0	-893.4122645	0.001324356143	60.5239496106117	
893.3322645	92	5	3	0.004940632055	0.00264358703	98.40753318	1.335181443	0.2572853759	91.96809304	5.018251357	3.013655606	0	0	0	-893.3322645	0.00264358703	60.7594949021835	
893.1722645	92	5	3	0.01016651053	0.00526678168	98.40263695	1.339086788	0.2582762582	91.93404071	5.037722983	3.028236306	0	0	0	-893.1722645	0.00526678168	61.2733528737899	
892.8522645	92	5	3	0.02047247511	0.0104427726	98.39287492	1.346869161	0.2602559217	91.86588062	5.07667256	3.057446818	0	0	0	-892.8522645	0.0104427726	62.3286517388697	
892.2122645	92	5	3	0.04054280728	0.02055106237	98.37346966	1.362324403	0.2642059321	91.72933537	5.154608662	3.116055969	0	0	0	-892.2122645	0.02055106237	64.3795034261388	
890.9322645	92	5	3	0.07863815675	0.03982513572	98.33513155	1.392800461	0.2720679903	91.45533776	5.310641747	3.23402049	0	0	0	-890.9322645	0.03982513572	68.6741763968945	
888.3722645	92	5	3	0.1475166252	0.07498802799	98.26032005	1.452045095	0.287634852	90.90367754	5.623447014	3.472875444	0	0	0	-888.3722645	0.07498802799	-733.162039492078	
885.8122645	92	5	3	0.2078440052	0.07099877871	98.18784092	1.50922025	0.3029388274	90.34698677	5.937876009	3.71513722	0	0	0	-885.8122645	0.07099877871	-680.980132457569	
883.2522645	92	5	3	0.2610694187	0.06742413683	98.11765522	1.564369984	0.3179748006	89.78517685	6.254075213	3.96074794	0	0	0	-883.2522645	0.06742413683	-757.499805165162	
880.6922645	92	5	3	0.3083373008	0.06420301883	98.04972568	1.617535737	0.332738587	89.21816413	6.572178112	4.209657761	0	0	0	-880.6922645	0.06420301883	-838.167140969943	
878.1322645	92	5	3	0.350562599	0.06128559403	97.9840165	1.668756752	0.3472267488	88.64587046	6.892306374	4.46182317	0	0	0	-878.1322645	0.06128559403	-922.944262221692	
875.5722645	92	5	3	0.3884849354	0.05863084451	97.92049302	1.718070518	0.3614364626	88.06822372	7.214570758	4.717205524	0	0	0	-875.5722645	0.05863084451	-1011.78250729348	
873.0122645	92	5	3	0.4227082238	0.05620469005	97.85912147	1.765513121	0.3753654097	87.48515845	7.539071778	4.97576977	0	0	0	-873.0122645	0.05620469005	-1104.61431853983	
870.4522645	92	5	3	0.4537300842	0.05397857211	97.79986877	1.811119546	0.3890116841	86.89661656	7.865900142	5.237483298	0	0	0	-870.4522645	0.05397857211	-1201.35056110085	
867.8922645	92	5	3	0.4819639767	0.05192837091	97.74270235	1.854923932	0.4023737137	86.30254807	8.19513704	5.502314895	0	0	0	-867.8922645	0.05192837091	-1301.87778104909	
865.3322645	92	5	3	0.5077560659	0.05003356765	97.68759002	1.896959788	0.4154501942	85.70291193	8.52685428	5.770233786	0	0	0	-865.3322645	0.05003356765	-1406.0554998479	
862.7722645	92	5	3	0.5313982151	0.0482765896	97.63449979	1.937260178	0.4282400316	85.09767694	8.861114315	6.041208742	0	0	0	-862.7722645	0.0482765896	-1513.71376189928	
860.2122645	92	5	3	0.5531381038	0.04664229341	97.58339983	1.975857876	0.4407422919	84.4868226	9.197970169	6.315207231	0	0	0	-860.2122645	0.04664229341	-1624.65100402349	
857.6522645	92	5	3	0.5731871812	0.04511755375	97.53425833	2.012785507	0.4529561587	83.87034008	9.53746529	6.592194627	0	0	0	-857.6522645	0.04511755375	-1738.63243836579	
855.0922645	92	5	3	0.5917269748	0.04369093333	97.48704345	2.048075659	0.4648808949	83.24823322	9.879633334	6.872133448	0	0	0	-855.0922645	0.04369093333	-1855.38925043609	
852.5322645	92	5	3	0.6089141355	0.04235241634	97.4417232	2.081760989	0.4765158097	82.62051947	10.2244979	7.154982635	0	0	0	-852.5322645	0.04235241634	-1974.618617371	
849.9722645	92	5	3	0.6248845038	0.04109319152	97.39826547	2.113874301	0.4878602301	81.98723091	10.57207223	7.440696863	0	0	0	-849.9722645	0.04109319152	-2095.98491976015	
847.4122645	92	5	3	0.6397564105	0.03990547481	97.3566379	2.144448623	0.498913476	81.34841521	10.92235889	7.729225895	0	0	0	-847.4122645	0.03990547481	-2219.12222934492	
844.8522645	92	5	3	0.653633375	0.03878236336	97.3168079	2.17351726	0.5096748382	80.70413659	11.27534944	8.02051397	0	0	0	-844.8522645	0.03878236336	-2343.63827145812	
842.2922645	92	5	3	0.6666063237	0.03771771497	97.2787426	2.201113844	0.5201435607	80.05447667	11.63102409	8.31449924	0	0	0	-842.2922645	0.03771771497	-2469.11988013239	
839.7322645	92	5	3	0.6787554261	0.0367060479	97.24240881	2.227272363	0.5303188256	79.39953532	11.98935142	8.611113253	0	0	0	-839.7322645	0.0367060479	-2595.14002338602	
837.1722645	92	5	3	0.6901516229	0.03574245745	97.20777307	2.252027191	0.5401997409	78.73943143	12.35028807	8.910280494	0	0	0	-837.1722645	0.03574245745	-2721.26631102231	
834.6122645	92	5	3	0.7008579037	0.03482254611	97.17480158	2.275413093	0.5497853319	78.07430348	12.71377852	9.211917995	0	0	0	-834.6122645	0.03482254611	-2847.07067127326	
832.0522645	92	5	3	0.7109303814	0.0339423649	97.14346024	2.29746523	0.5590745348	77.40431006	13.07975493	9.51593501	0	0	0	-832.0522645	0.0339423649	-2972.14007160326	
829.4922645	92	5	3	0.7204192002	0.03309836393	97.11371466	2.318219148	0.5680661944	76.72963024	13.44813699	9.822232771	0	0	0	-829.4922645	0.03309836393	-3096.08784140638	
826.9322645	92	5	3	0.7293693057	0.03228735056	97.08553018	2.337710759	0.576759064	76.05046369	13.81883197	10.13070434	0	0	0	-826.9322645	0.03228735056	-3218.56492810674	
824.3722645	92	5	3	0.737821101	0.03150645374	97.05887188	2.355976307	0.5851518086	75.36703072	14.19173473	10.44123454	0	0	0	-824.3722645	0.03150645374	-3339.270774462	
821.8122645	92	5	3	0.7458110087	0.03075309354	97.03370465	2.373052336	0.593243011	74.67957201	14.56672797	10.75370002	0	0	0	-821.8122645	0.03075309354	-3457.96330928179	
819.2522645	92	5	3	0.7533719525	0.03002495488	97.00999319	2.38897563	0.6010311815	73.98834817	14.94368247	11.06796936	0	0	0	-819.2522645	0.03002495488	-3574.46699931397	
816.6922645	92	5	3	0.7605337731	0.02931996455	96.98770207	2.403783165	0.6085147695	73.2936391	15.32245754	11.38390336	0	0	0	-816.6922645	0.02931996455	-3688.68022453748	
814.1322645	92	5	3	0.7673235874	0.02863627147	96.96679578	2.417512037	0.6156921789	72.59574303	15.70290156	11.70135541	0	0	0	-814.1322645	0.02863627147	-3800.57716504247	
811.5722645	92	5	3	0.7737660996	0.0279722279	96.94723882	2.430199391	0.6225617853	71.89497542	16.08485262	12.02017195	0	0	0	-811.5722645	0.0279722279	-3910.21166438457	
809.0122645	92	5	3	0.7798838723	0.02732637434	96.92899571	2.441882339	0.629121956	71.19166757	16.46813937	12.34019306	0	0	0	-809.0122645	0.02732637434	-4017.71605502364	
806.4522645	92	5	3	0.7856975623	0.02669742387	96.91203105	2.45259788	0.6353710721	70.48616504	16.85258184	12.66125312	0	0	0	-806.4522645	0.02669742387	-4123.29606719137	
803.8922645	92	5	3	0.7912261268	0.02608424866	96.89630964	2.462382808	0.6413075521	69.77882586	17.23799251	12.98318163	0	0	0	-803.8922645	0.02608424866	-4227.22704202638	
801.3322645	92	5	3	0.7964870035	0.02548586678	96.88179653	2.471273583	0.6469298919	69.0700186	17.6241774	13.305804	0	0	0	-801.3322645	0.02548586678	-4329.84322259366	
798.7722645	92	5	3	0.8014962692	0.02490142908	96.86845689	2.47930652	0.6522365938	68.36012029	18.01093719	13.62894252	0	0	0	-798.7722645	0.02490142908	-4431.55267885767	
796.2122645	92	5	3	0.8062687788	0.02433021302	96.85625663	2.486516915	0.6572264589	67.64951403	18.39806863	13.95241734	0	0	0	-796.2122645	0.02433021302	-4532.76611300214	
793.6522645	92	5	3	0.8108182859	0.02377159507	96.84516167	2.4929401	0.6618982281	66.93858705	18.78536557	14.27604738	0	0	0	-793.6522645	0.02377159507	-4633.95802324759	
791.0922645	92	5	3	0.8151575523	0.02322506176	96.83513865	2.498610424	0.6662509217	66.22772806	19.17262048	14.59965146	0	0	0	-791.0922645	0.02322506176	-4735.64330108335	
788.5322645	92	5	3	0.8192984413	0.02269018145	96.82615469	2.503561579	0.6702837297	65.51732504	19.55962567	14.92304929	0	0	0	-788.5322645	0.02269018145	-4838.31488001911	
785.9722645	92	5	3	0.8232520017	0.02216660085	96.8181775	2.507826445	0.6739960601	64.80776297	19.94617457	15.24606247	0	0	0	-785.9722645	0.02216660085	-4942.49601266011	
783.4122645	92	5	3	0.8270285418	0.02165403352	96.81117541	2.511437024	0.677387562	64.09942156	20.332063	15.56851545	0	0	0	-783.4122645	0.02165403352	-5048.70486266594	
780.8522645	92	5	3	0.8306376942	0.02115225011	96.80511747	2.514424381	0.6804581452	63.39267319	20.71709034	15.89023648	0	0	0	-780.8522645	0.02115225011	-5157.45321113702	
778.2922645	92	5	3	0.8340884742	0.02066106909	96.79997342	2.516818585	0.6832079991	62.68788089	21.10106064	16.21105847	0	0	0	-778.2922645	0.02066106909	-5269.24093024281	
775.7322645	92	5	3	0.8373893304	0.02018034803	96.79571372	2.518648669	0.685637608	61.98539658	21.48378366	16.53081975	0	0	0	-775.7322645	0.02018034803	-5384.55170752277	
773.1722645	92	5	3	0.8405481909	0.01970997553	96.79230965	2.51994259	0.687747764	61.28555941	21.86507576	16.84936483	0	0	0	-773.1722645	0.01970997553	-5503.85001870617	
770.6122645	92	5	3	0.8435725035	0.01924986385	96.78973322	2.520727205	0.689539577	60.58869434	22.24476072	17.16654494	0	0	0	-770.6122645	0.01924986385	-5627.57838722396	
768.0522645	92	5	3	0.846469272	0.01879994217	96.78795727	2.521028249	0.6910144824	59.89511097	22.62267043	17.4822186	0	0	0	-768.0522645	0.01879994217	-5756.15632996897	
765.4922645	92	5	3	0.8492450889	0.01836015075	96.78695543	2.520870327	0.6921742448	59.20510249	22.99864547	17.79625205	0	0	0	-765.4922645	0.01836015075	-5893.26057320733	
762.9322645	92	5	3	0.8519062411	0.01793089762	96.78670147	2.520277354	0.6930211761	58.51893524	23.37254048	18.10852427	0	0	0	-762.9322645	0.01793089762	-6030.52096922	
760.3722645	92	5	3	0.8544584628	0.01751093304	96.78717205	2.519270649	0.6935572993	57.83688743	23.7442042	18.41890837	0	0	0	-760.3722645	0.01751093304	-6172.82744863281	
757.8122645	92	5	3	0.8569073161	0.01710120352	96.78834246	2.517871988	0.6937855509	57.15918904	24.11351108	18.72729989	0	0	0	-757.8122645	0.01710120352	-6326.4057541799	
755.2522645	92	5	3	0.8592580122	0.01670138415	96.79018912	2.516101843	0.6937090405	56.48606195	24.48033985	19.0335982	0	0	0	-755.2522645	0.01670138415	-6484.69003742107	
752.6922645	92	5	3	0.8615154712	0.01631140629	96.79269048	2.513978456	0.6933310627	55.81770982	24.84457907	19.33771111	0	0	0	-752.6922645	0.01631140629	-6649.83466660764	
750.1322645	92	5	3	0.86368434	0.01593119266	96.79582404	2.511520563	0.6926554004	55.15431818	25.20612709	19.63955474	0	0	0	-750.1322645	0.01593119266	-6822.11321668553	
747.5722645	92	5	3	0.8657690094	0.01556065626	96.79956908	2.508744915	0.6916860096	54.49605471	25.56489188	19.93905341	0	0	0	-747.5722645	0.01556065626	-7001.77059761664	
745.0122645	92	5	3	0.8677736287	0.01519969825	96.80390533	2.505667516	0.6904271572	53.84306973	25.92079084	20.23613942	0	0	0	-745.0122645	0.01519969825	-7189.02579495843	
742.4522645	92	5	3	0.8697021205	0.01484820803	96.8088132	2.502303423	0.6888833774	53.19549666	26.27375054	20.5307528	0	0	0	-742.4522645	0.01484820803	-7384.0875563259	
739.8922645	92	5	3	0.8715581933	0.01450606356	96.81427376	2.498666787	0.6870594581	52.55345268	26.62370634	20.82284099	0	0	0	-739.8922645	0.01450606356	-7587.15002265597	
737.3322645	92	5	3	0.8733453543	0.01417313145	96.82026868	2.494770892	0.6849604258	51.91703937	26.97060209	21.11235854	0	0	0	-737.3322645	0.01417313145	-7798.3918163966	
734.7722645	92	5	3	0.8750669205	0.01384926758	96.82678027	2.490628196	0.6825915304	51.28634351	27.31438974	21.39926675	0	0	0	-734.7722645	0.01384926758	-8017.97879334321	
732.2122645	92	5	3	0.8767260295	0.0135343178	96.8337914	2.486250374	0.67995823	50.66143781	27.65502884	21.68353334	0	0	0	-732.2122645	0.0135343178	-8246.06484700398	
729.6522645	92	5	3	0.8783256498	0.01322811884	96.84128547	2.481648355	0.6770661755	50.04238174	27.99248624	21.96513203	0	0	0	-729.6522645	0.01322811884	-8482.79301825634	
727.0922645	92	5	3	0.87986859	0.01293049926	96.84924644	2.476832364	0.6739211946	49.42922232	28.32673552	22.24404217	0	0	0	-727.0922645	0.01293049926	-8728.29599507296	
724.5322645	92	5	3	0.8813575078	0.01264128048	96.85765876	2.471811962	0.6705292771	48.82199497	28.65775664	22.52024839	0	0	0	-724.5322645	0.01264128048	-8982.69639558729	
721.9722645	92	5	3	0.8827949189	0.01236027779	96.86650736	2.466596084	0.6668965596	48.22072433	28.98553547	22.7937402	0	0	0	-721.9722645	0.01236027779	-9246.1084794687	
719.4122645	92	5	3	0.8841832042	0.01208730147	96.87577761	2.461193075	0.663029311	47.62542502	29.31006336	23.06451163	0	0	0	-719.4122645	0.01208730147	-9518.63831330061	
716.8522645	92	5	3	0.8855246178	0.01182215776	96.88545535	2.455610728	0.6589339181	47.03610246	29.63133668	23.33256086	0	0	0	-716.8522645	0.01182215776	-9800.38375720006	
714.2922645	92	5	3	0.8868212939	0.01156464988	96.89552681	2.449856313	0.6546168722	46.45275361	29.94935649	23.5978899	0	0	0	-714.2922645	0.01156464988	-10091.4353586274	
711.7322645	92	5	3	0.8880752538	0.01131457895	96.90597863	2.443936618	0.6500847555	45.87536772	30.26412807	23.86050422	0	0	0	-711.7322645	0.01131457895	-10391.8772985589	
709.1722645	92	5	3	0.8892884116	0.01107174492	96.9167978	2.437857972	0.6453442289	45.30392698	30.57566056	24.12041245	0	0	0	-709.1722645	0.01107174492	-10701.7864018782	
706.6122645	92	5	3	0.8904625811	0.01083594731	96.9279717	2.431626279	0.6404020191	44.73840725	30.88396665	24.3776261	0	0	0	-706.6122645	0.01083594731	-11021.2338830412	
704.0522645	92	5	3	0.8915994805	0.01060698606	96.93948805	2.425247044	0.6352649078	44.17877862	31.18906215	24.63215923	0	0	0	-704.0522645	0.01060698606	-11350.2849969722	
701.4922645	92	5	3	0.8927007383	0.01038466212	96.95133488	2.4187254	0.6299397205	43.62500604	31.49096574	24.88402822	0	0	0	-701.4922645	0.01038466212	-11688.9978956258	
698.9322645	92	5	3	0.8937678984	0.01016877809	96.96350055	2.412066133	0.6244333156	43.07704986	31.78969865	25.13325149	0	0	0	-698.9322645	0.01016877809	-12037.4287020336	
696.3722645	92	5	3	0.8948024246	0.009959138861	96.97597372	2.405273703	0.6187525752	42.53486635	32.08528437	25.37984928	0	0	0	-696.3722645	0.009959138861	-12395.6228197616	
693.8122645	92	5	3	0.895805705	0.009755551814	96.98874334	2.398352268	0.612904395	41.99840818	32.37774837	25.62384345	0	0	0	-693.8122645	0.009755551814	-12763.6246047632	
691.2522645	92	5	3	0.8967790565	0.009557827623	97.00179862	2.391305703	0.6068956761	41.4676249	32.66711788	25.86525722	0	0	0	-691.2522645	0.009557827623	-13141.4738213914	
688.6922645	92	5	3	0.897723729	0.009365780264	97.01512907	2.384137619	0.6007333163	40.94246328	32.95342167	26.10411505	0	0	0	-688.6922645	0.009365780264	-13529.2010901884	
686.1322645	92	5	3	0.8986409085	0.009179227496	97.02872442	2.376851381	0.5944242022	40.42286777	33.2366898	26.34044242	0	0	0	-686.1322645	0.009179227496	-13926.8358409571	
683.5722645	92	5	3	0.8995317212	0.00899799105	97.04257467	2.369450124	0.5879752016	39.90878082	33.51695348	26.57426569	0	0	0	-683.5722645	0.00899799105	-14334.4012479584	
681.0122645	92	5	3	0.9003972368	0.008821896836	97.05667007	2.361936769	0.581393157	39.4001432	33.79424484	26.80561195	0	0	0	-681.0122645	0.008821896836	-14751.9159164818	
678.4522645	92	5	3	0.9012384715	0.008650775096	97.07100108	2.354314037	0.5746848784	38.8968943	34.06859681	27.03450889	0	0	0	-678.4522645	0.008650775096	-15179.3936450849	
675.8922645	92	5	3	0.9020563908	0.008484460521	97.0855584	2.34658446	0.5678571375	38.39897238	34.34004294	27.26098467	0	0	0	-675.8922645	0.008484460521	-15616.8436366199	
673.3322645	92	5	3	0.902851913	0.008322792335	97.10033294	2.338750397	0.5609166617	37.90631488	34.60861729	27.48506782	0	0	0	-673.3322645	0.008322792335	-16064.2705163435	
670.7722645	92	5	3	0.903625911	0.008165614346	97.11531583	2.330814043	0.5538701282	37.41885856	34.87435429	27.70678715	0	0	0	-670.7722645	0.008165614346	-16521.6739416607	
668.2122645	92	5	3	0.9043792152	0.008012774964	97.1304984	2.32277744	0.5467241595	36.93653976	35.13728864	27.9261716	0	0	0	-668.2122645	0.008012774964	-16989.049159889	
665.6522645	92	5	3	0.9051126162	0.007864127211	97.1458722	2.314642486	0.5394853178	36.45929456	35.39745518	28.14325027	0	0	0	-665.6522645	0.007864127211	-17466.3867133096	
663.0922645	92	5	3	0.905826866	0.00771952869	97.16142895	2.306410946	0.5321601007	35.98705894	35.65488885	28.35805222	0	0	0	-663.0922645	0.00771952869	-17953.672284154	
660.5322645	92	5	3	0.9065226813	0.007578841552	97.1771606	2.298084459	0.524754937	35.51976895	35.90962456	28.57060649	0	0	0	-660.5322645	0.007578841552	-18450.8871728514	
657.9722645	92	5	3	0.9072007443	0.007441932441	97.19305927	2.289664546	0.5172761819	35.05736082	36.16169716	28.78094202	0	0	0	-657.9722645	0.007441932441	-18958.0077942515	
655.4122645	92	5	3	0.9078617056	0.007308672424	97.20911727	2.281152618	0.509730114	34.59977109	36.41114133	28.98908758	0	0	0	-655.4122645	0.007308672424	-19475.0057770657	
652.8522645	92	5	3	0.9085061851	0.007178936914	97.22532709	2.272549982	0.5021229309	34.14693671	36.65799154	29.19507175	0	0	0	-652.8522645	0.007178936914	-20001.8478941257	
650.2922645	92	5	3	0.9091347739	0.00705260558	97.24168141	2.263857846	0.4944607462	33.69879515	36.90228201	29.39892284	0	0	0	-650.2922645	0.00705260558	-20538.4963438691	
647.7322645	92	5	3	0.9097480361	0.006929562257	97.25817309	2.255077329	0.4867495858	33.25528444	37.14404666	29.6006689	0	0	0	-647.7322645	0.006929562257	-21084.9084622326	
645.1722645	92	5	3	0.91034651	0.00680969484	97.27479515	2.246209461	0.4789953853	32.81634328	37.38331905	29.80033767	0	0	0	-645.1722645	0.00680969484	-21641.0363318447	
642.6122645	92	5	3	0.9109307094	0.006692895179	97.29154082	2.237255191	0.4712039865	32.38191112	37.62013236	29.99795652	0	0	0	-642.6122645	0.006692895179	-22206.8273848689	
640.0522645	92	5	3	0.911501125	0.006579058973	97.30840347	2.228215393	0.4633811351	31.95192814	37.85451937	30.19355249	0	0	0	-640.0522645	0.006579058973	-22782.2242781463	
637.4922645	92	5	3	0.9120582257	0.006468085658	97.32537665	2.219090868	0.4555324781	31.52633539	38.08651241	30.3871522	0	0	0	-637.4922645	0.006468085658	-23367.1640174919	
634.9322645	92	5	3	0.9126024595	0.006359878289	97.34245409	2.209882347	0.447663561	31.10507475	38.31614334	30.57878191	0	0	0	-634.9322645	0.006359878289	-23961.5791015217	
632.3722645	92	5	3	0.9131342547	0.006254343437	97.35962968	2.200590499	0.4397798257	30.68808903	38.54344356	30.76846741	0	0	0	-632.3722645	0.006254343437	-24565.3965343541	
629.8122645	92	5	3	0.9136540211	0.006151391063	97.37689746	2.19121593	0.4318866082	30.27532195	38.76844395	30.9562341	0	0	0	-629.8122645	0.006151391063	-25178.5380166267	
627.2522645	92	5	3	0.9141621505	0.006050934416	97.39425167	2.18175919	0.4239891369	29.86671818	38.9911749	31.14210693	0	0	0	-627.2522645	0.006050934416	-25800.92029627	
624.6922645	92	5	3	0.9146590181	0.005952889914	97.4116867	2.172220774	0.4160925302	29.46222337	39.21166624	31.32611039	0	0	0	-624.6922645	0.005952889914	-26432.4546454179	
622.1322645	92	5	3	0.9151449829	0.005857177039	97.42919708	2.162601124	0.408201795	29.06178416	39.42994732	31.50826853	0	0	0	-622.1322645	0.005857177039	-27073.0471431346	
619.5722645	92	5	3	0.915620389	0.005763718225	97.44677754	2.152900636	0.4003218248	28.66534818	39.64604689	31.68860493	0	0	0	-619.5722645	0.005763718225	-27722.5978626291	
617.0122645	92	5	3	0.9160855659	0.005672438751	97.46442294	2.143119657	0.3924573985	28.27286406	39.85999322	31.86714273	0	0	0	-617.0122645	0.005672438751	-28381.0015480552	
614.4522645	92	5	3	0.9165408293	0.005583266639	97.48212833	2.133258491	0.3846131785	27.88428145	40.07181397	32.04390458	0	0	0	-614.4522645	0.005583266639	-29048.1477686414	
611.8922645	92	5	3	0.9169864821	0.005496132553	97.49988889	2.123317401	0.3767937096	27.49955101	40.28153631	32.21891268	0	0	0	-611.8922645	0.005496132553	-29723.9200517429	
609.3322645	92	5	3	0.9174228145	0.005410969697	97.51769997	2.113296612	0.3690034176	27.11862441	40.48918681	32.39218878	0	0	0	-609.3322645	0.005410969697	-30408.1964633871	
606.7722645	92	5	3	0.9178501053	0.005327713723	97.53555708	2.103196308	0.3612466085	26.74145433	40.69479152	32.56375415	0	0	0	-606.7722645	0.005327713723	-31100.8489731826	
604.2122645	92	5	3	0.9182686216	0.005246302632	97.55345589	2.093016641	0.3535274668	26.36799447	40.89837594	32.7336296	0	0	0	-604.2122645	0.005246302632	-31801.7435553816	
601.6522645	92	5	3	0.9186786201	0.005166676688	97.57139222	2.082757728	0.3458500554	25.9981995	41.099965	32.90183549	0	0	0	-601.6522645	0.005166676688	-32511.0632759856	
599.0922645	92	5	3	0.9190803475	0.005088779825	97.58936203	2.072419659	0.3382183135	25.63202513	41.29958314	33.06839173	0	0	0	-599.0922645	0.005088779825	-33227.9842270513	
596.5322645	92	5	3	0.9194740402	0.005012553491	97.60736146	2.062002487	0.3306360578	25.26942801	41.4972542	33.23331779	0	0	0	-596.5322645	0.005012553491	-33944.3984480225	
593.9722645	92	5	3	0.9198599231	0.004937911645	97.62538687	2.051506132	0.3231070018	24.91036806	41.69300026	33.39663168	0	0	0	-593.9722645	0.004937911645	-34685.4586617461	
591.4122645	92	5	3	0.9202382202	0.004864904986	97.64343453	2.040930797	0.3156346724	24.55479917	41.88684673	33.5583541	0	0	0	-591.4122645	0.004864904986	-35432.7031325922	
588.8522645	92	5	3	0.920609139	0.004793381913	97.6615011	2.030276366	0.3082225305	24.20268336	42.07881455	33.71850209	0	0	0	-588.8522645	0.004793381913	-36169.1112330976	
586.2922645	92	5	3	0.920972881	0.004723317675	97.67958336	2.019542734	0.3008739033	23.85398102	42.26892537	33.87709361	0	0	0	-586.2922645	0.004723317675	-36923.8105265207	
583.7322645	92	5	3	0.9213296414	0.004654688315	97.69767814	2.008729887	0.2935919708	23.5086537	42.45720057	34.03414574	0	0	0	-583.7322645	0.004654688315	-37697.1190517281	
581.1722645	92	5	3	0.9216796101	0.004587469009	97.7157823	1.99783794	0.2863797614	23.1666624	42.64366188	34.18967572	0	0	0	-581.1722645	0.004587469009	-38457.8420465124	
578.6122645	92	5	3	0.9220229628	0.004521530869	97.73389327	1.98686646	0.2792402726	22.82797344	42.82832767	34.34369889	0	0	0	-578.6122645	0.004521530869	-39223.7856930163	
576.0522645	92	5	3	0.9223598749	0.004456909414	97.75200826	1.975815446	0.2721762944	22.49254928	43.01121863	34.49623209	0	0	0	-576.0522645	0.004456909414	-40011.2405560726	
573.4922645	92	5	3	0.9226905135	0.004393542247	97.77012473	1.964684757	0.2651905137	22.16035498	43.19235403	34.64729099	0	0	0	-573.4922645	0.004393542247	-40798.3970365763	
570.9322645	92	5	3	0.9230150396	0.004331390742	97.78824027	1.953474236	0.2582854917	21.83135643	43.37175268	34.79689089	0	0	0	-570.9322645	0.004331390742	-41591.2957212064	
568.3722645	92	5	3	0.9233336084	0.004270417035	97.80635263	1.942183707	0.2514636654	21.50552037	43.54943292	34.94504671	0	0	0	-568.3722645	0.004270417035	-42390.1506554304	
565.8122645	92	5	3	0.9236463694	0.00421058634	97.82445966	1.930812994	0.2447273447	21.18281441	43.72541263	35.09177296	0	0	0	-565.8122645	0.00421058634	-43194.6867503395	
563.2522645	92	5	3	0.9239534668	0.004151863244	97.84255938	1.919361905	0.2380787163	20.86320695	43.89970924	35.23708381	0	0	0	-563.2522645	0.004151863244	-44004.2652971974	
560.6922645	92	5	3	0.9242550398	0.00409421416	97.86064992	1.907830238	0.2315198432	20.54666721	44.07233973	35.38099305	0	0	0	-560.6922645	0.00409421416	-44818.86255726	
558.1322645	92	5	3	0.9245512226	0.00403760664	97.87872955	1.896217783	0.2250526652	20.23316522	44.24332064	35.52351413	0	0	0	-558.1322645	0.00403760664	-45638.2307277958	
555.5722645	92	5	3	0.9248421445	0.003982009326	97.89679668	1.884524325	0.218679	19.92267177	44.41266809	35.66466014	0	0	0	-555.5722645	0.003982009326	-46462.1153615657	
553.0122645	92	5	3	0.9251279305	0.00392739191	97.91484982	1.87274964	0.2124005438	19.61515842	44.58039774	35.80444383	0	0	0	-553.0122645	0.00392739191	-47290.2557510854	
550.4522645	92	5	3	0.9254087013	0.00387372509	97.93288762	1.860893506	0.2062188724	19.3105975	44.74652488	35.94287762	0	0	0	-550.4522645	0.00387372509	-48122.3849530618	
547.8922645	92	5	3	0.9256845734	0.003820980533	97.95090886	1.848955693	0.2001354424	19.00896206	44.91106436	36.07997358	0	0	0	-547.8922645	0.003820980533	-48958.229512494	
545.3322645	92	5	3	0.9259556592	0.003769130834	97.96891243	1.836935973	0.194151592	18.71022589	45.07403063	36.21574348	0	0	0	-545.3322645	0.003769130834	-49797.5080619763	
542.7722645	92	5	3	0.9262220675	0.003718149479	97.98689734	1.824834119	0.1882685427	18.41436349	45.23543776	36.35019874	0	0	0	-542.7722645	0.003718149479	-50639.9356357641	
540.2122645	92	5	3	0.9264839031	0.003668010816	98.0048627	1.812649905	0.1824874001	18.12135007	45.39529941	36.48335051	0	0	0	-540.2122645	0.003668010816	-51485.2197227198	
537.6522645	92	5	3	0.9267412677	0.003618690013	98.02280774	1.800383107	0.1768091557	17.83116152	45.55362888	36.61520961	0	0	0	-537.6522645	0.003618690013	-52333.0612586323	
535.0922645	92	5	3	0.9269942592	0.003570163033	98.0407318	1.78803351	0.1712346885	17.5437744	45.71043906	36.74578654	0	0	0	-535.0922645	0.003570163033	-53183.1565124991	
532.5322645	92	5	3	0.9272429726	0.003522406599	98.05863433	1.775600901	0.1657647661	17.25916596	45.86574251	36.87509154	0	0	0	-532.5322645	0.003522406599	-54035.1939471333	
529.9722645	92	5	3	0.9274874996	0.003475398165	98.07651487	1.763085078	0.1604000467	16.97731407	46.0195514	37.00313454	0	0	0	-529.9722645	0.003475398165	-54888.858996649	
527.4122645	92	5	3	0.9277279288	0.003429115892	98.09437307	1.750485849	0.1551410808	16.69819726	46.17187755	37.12992519	0	0	0	-527.4122645	0.003429115892	-55743.8304951476	
524.8522645	92	5	3	0.9279643461	0.003383538615	98.11220865	1.737803032	0.149988313	16.42179469	46.32273244	37.25547286	0	0	0	-524.8522645	0.003383538615	-56599.7814997436	
522.2922645	92	5	3	0.9281968345	0.003338645822	98.13002146	1.725036459	0.1449420838	16.14808614	46.4721272	37.37978666	0	0	0	-522.2922645	0.003338645822	-57456.3801570001	
519.7322645	92	5	3	0.9284254744	0.003294417625	98.14781139	1.712185975	0.1400026317	15.87705199	46.6200726	37.50287541	0	0	0	-519.7322645	0.003294417625	-58313.2909110124	
517.1722645	92	5	3	0.9286503434	0.003250834742	98.16557846	1.699251445	0.135170095	15.60867321	46.76657912	37.62474768	0	0	0	-517.1722645	0.003250834742	-59170.1730652542	
514.6122645	92	5	3	0.9288715169	0.003207878468	98.18332274	1.686232749	0.1304445144	15.34293136	46.91165687	37.74541177	0	0	0	-514.6122645	0.003207878468	-60026.680754762	
512.0522645	92	5	3	0.9290890678	0.003165530658	98.20104438	1.673129788	0.1258258346	15.0798086	47.05531566	37.86487574	0	0	0	-512.0522645	0.003165530658	-60882.4664464764	
509.4922645	92	5	3	0.9293030667	0.003123773705	98.21874361	1.659942486	0.1213139069	14.81928762	47.19756498	37.9831474	0	0	0	-509.4922645	0.003123773705	-61737.1773970936	
506.9322645	92	5	3	0.9295135819	0.003082590519	98.23642072	1.646670791	0.1169084912	14.56135168	47.33841401	38.1002343	0	0	0	-506.9322645	0.003082590519	-62590.4598870241	
504.3722645	92	5	3	0.9297206796	0.003041964512	98.25407607	1.633314675	0.1126092588	14.3059846	47.47787163	38.21614377	0	0	0	-504.3722645	0.003041964512	-63441.9551021126	
501.8122645	92	5	3	0.9299244239	0.003001879573	98.27171007	1.619874139	0.1084157943	14.05317071	47.61594642	38.33088288	0	0	0	-501.8122645	0.003001879573	-64291.3025000285	
499.2522645	92	5	3	0.930124877	0.002962320058	98.28932319	1.606349215	0.1043275985	13.80289488	47.75264663	38.44445849	0	0	0	-499.2522645	0.002962320058	-65138.1409380967	
496.6922645	92	5	3	0.9303220991	0.002923270768	98.30691595	1.592739964	0.1003440905	13.5551425	47.88798028	38.55687722	0	0	0	-496.6922645	0.002923270768	-65982.1068461494	
494.1322645	92	5	3	0.9305161486	0.002884716937	98.32448891	1.579046483	0.09646461056	13.30989947	48.02195505	38.66814548	0	0	0	-494.1322645	0.002884716937	-66822.8391360746	
491.5722645	92	5	3	0.930707082	0.002846644217	98.34204267	1.565268905	0.09268842271	13.06715218	48.15457837	38.77826945	0	0	0	-491.5722645	0.002846644217	-67659.9717322429	
489.0122645	92	5	3	0.9308949542	0.002809038658	98.35957788	1.551407401	0.08901471719	12.82688753	48.28585738	38.88725509	0	0	0	-489.0122645	0.002809038658	-68493.1419226445	
486.4522645	92	5	3	0.9310798182	0.002771886703	98.3770952	1.537462183	0.08544261324	12.58909287	48.41579896	38.99510816	0	0	0	-486.4522645	0.002771886703	-69321.9904056851	
483.8922645	92	5	3	0.9312617257	0.002735175169	98.39459533	1.523433505	0.08197116181	12.35375607	48.54440972	39.10183422	0	0	0	-483.8922645	0.002735175169	-70146.1557740828	
481.3322645	92	5	3	0.9314407266	0.002698891236	98.41207899	1.509321667	0.07859934831	12.12086542	48.67169598	39.20743859	0	0	0	-481.3322645	0.002698891236	-70965.2791941617	
478.7722645	92	5	3	0.9316168693	0.002663022434	98.42954689	1.495127015	0.07532609531	11.8904097	48.79766386	39.31192644	0	0	0	-478.7722645	0.002663022434	-71779.0102483822	
476.2122645	92	5	3	0.9317902008	0.002627556638	98.44699979	1.480849946	0.07215026543	11.66237813	48.92231917	39.4153027	0	0	0	-476.2122645	0.002627556638	-72586.9993837865	
473.6522645	92	5	3	0.9319607667	0.002592482048	98.46443843	1.46649091	0.06907066406	11.43676036	49.04566749	39.51757214	0	0	0	-473.6522645	0.002592482048	-73388.8989616764	
471.0922645	92	5	3	0.9321286112	0.002557787185	98.48186355	1.45205041	0.06608604223	11.2135465	49.16771418	39.61873932	0	0	0	-471.0922645	0.002557787185	-74184.3750250046	
468.5322645	92	5	3	0.9322937772	0.002523460883	98.49927589	1.437529008	0.06319509941	10.99272706	49.28846432	39.71880863	0	0	0	-468.5322645	0.002523460883	-74973.0946460457	
465.9722645	92	5	3	0.9324563063	0.002489492273	98.51667619	1.422927325	0.06039648641	10.77429297	49.40792277	39.81778426	0	0	0	-465.9722645	0.002489492273	-75754.7334623737	
463.4122645	92	5	3	0.9326162388	0.002455870782	98.53406515	1.408246043	0.05768880815	10.55823559	49.52609417	39.91567023	0	0	0	-463.4122645	0.002455870782	-76528.978375331	
460.8522645	92	5	3	0.9327736138	0.00242258612	98.55144346	1.393485911	0.05507062658	10.34454667	49.64298293	40.0124704	0	0	0	-460.8522645	0.00242258612	-77295.5246879415	
458.2922645	92	5	3	0.9329284695	0.002389628276	98.56881179	1.378647745	0.05254046345	10.13321835	49.75859321	40.10818844	0	0	0	-458.2922645	0.002389628276	-78054.0790645852	
455.7322645	92	5	3	0.9330808425	0.002356987508	98.58617077	1.36373243	0.0500968032	9.924243161	49.87292898	40.20282786	0	0	0	-455.7322645	0.002356987508	-78804.3585762463	
453.1722645	92	5	3	0.9332307688	0.002324654338	98.60352098	1.348740926	0.04773809576	9.717614006	49.98599399	40.29639201	0	0	0	-453.1722645	0.002324654338	-79546.0940622865	
450.6122645	92	5	3	0.933378283	0.002292619545	98.62086297	1.333674267	0.04546275937	9.513324166	50.09779177	40.38888407	0	0	0	-450.6122645	0.002292619545	-80279.0341522564	
448.0522645	92	5	3	0.9335234188	0.002260874163	98.63819725	1.318533565	0.04326918334	9.311367279	50.20832565	40.48030707	0	0	0	-448.0522645	0.002260874163	-81002.940170869	
445.4922645	92	5	3	0.9336662089	0.00222940947	98.65552426	1.303320014	0.04115573086	9.111737338	50.31759877	40.57066389	0	0	0	-445.4922645	0.00222940947	-81717.5876957804	
442.9322645	92	5	3	0.933806685	0.002198216987	98.67284437	1.288034891	0.03912074169	8.914428678	50.42561406	40.65995727	0	0	0	-442.9322645	0.002198216987	-82422.7727080869	
440.3722645	92	5	3	0.933944878	0.002167288472	98.6901579	1.272679561	0.03716253494	8.719435974	50.53237426	40.74818977	0	0	0	-440.3722645	0.002167288472	-83118.3135393625	
437.8122645	92	5	3	0.9340808177	0.00213661592	98.70746511	1.257255475	0.03527941165	8.526754225	50.63788193	40.83536385	0	0	0	-437.8122645	0.00213661592	-83804.0426151744	
435.2522645	92	5	3	0.9342145332	0.002106191551	98.72476616	1.241764178	0.03346965753	8.33637875	50.74213944	40.92148181	0	0	0	-435.2522645	0.002106191551	-84479.8137049942	
432.6922645	92	5	3	0.9343460527	0.002076007815	98.74206114	1.226207311	0.03173154549	8.148305175	50.845149	41.00654582	0	0	0	-432.6922645	0.002076007815	-85145.50846405	
430.1322645	92	5	3	0.9344754036	0.002046057385	98.75935005	1.210586607	0.03006333823	7.962529429	50.94691264	41.09055793	0	0	0	-430.1322645	0.002046057385	-85801.0375463081	
427.5722645	92	5	3	0.9346026124	0.002016333162	98.7766328	1.194903905	0.02846329074	7.779047728	51.04743221	41.17352006	0	0	0	-427.5722645	0.002016333162	-86446.3361210444	
425.0122645	92	5	3	0.9347277049	0.001986828265	98.7939092	1.179161142	0.02692965276	7.597856568	51.14670942	41.25543402	0	0	0	-425.0122645	0.001986828265	-87081.3540877789	
422.4522645	92	5	3	0.9348507062	0.001957536029	98.81117897	1.163360362	0.02546067118	7.418952714	51.24474581	41.33630147	0	0	0	-422.4522645	0.001957536029	-87706.0763099799	
419.8922645	92	5	3	0.9349716407	0.001928450009	98.82844169	1.147503716	0.02405459241	7.242333192	51.34154279	41.41612402	0	0	0	-419.8922645	0.001928450009	-88320.5199381154	
417.3322645	92	5	3	0.9350905319	0.001899563976	98.84569687	1.131593464	0.02270966465	7.067995273	51.43710162	41.49490311	0	0	0	-417.3322645	0.001899563976	-88924.7272893562	
414.7722645	92	5	3	0.935207403	0.001870871916	98.86294388	1.11563198	0.0214241401	6.895936464	51.5314234	41.57264013	0	0	0	-414.7722645	0.001870871916	-89518.7765808723	
412.2122645	92	5	3	0.9353222762	0.001842368033	98.88018197	1.099621752	0.02019627718	6.726154499	51.62450915	41.64933635	0	0	0	-412.2122645	0.001842368033	-90102.7821701534	
409.6522645	92	5	3	0.9354351732	0.001814046748	98.89741027	1.083565385	0.01902434259	6.558647321	51.71635972	41.72499296	0	0	0	-409.6522645	0.001814046748	-90676.8901626451	
407.0922645	92	5	3	0.9355461151	0.001785902699	98.91462778	1.067465602	0.01790661335	6.393413074	51.80697587	41.79961105	0	0	0	-407.0922645	0.001785902699	-91241.2815993942	
404.5322645	92	5	3	0.9356551225	0.001757930742	98.93183337	1.051325248	0.01684137873	6.230450087	51.89635825	41.87319166	0	0	0	-404.5322645	0.001757930742	-91796.175814956	
401.9722645	92	5	3	0.9357622153	0.001730125953	98.94902577	1.035147292	0.01582694219	6.069756863	51.9845074	41.94573573	0	0	0	-401.9722645	0.001730125953	-92341.8322776304	
399.4122645	92	5	3	0.9358674129	0.00170248363	98.96620355	1.018934825	0.01486162313	5.911332062	52.07142378	42.01724416	0	0	0	-399.4122645	0.00170248363	-92878.5508142844	
396.8522645	92	5	3	0.9359707342	0.001674999295	98.98336517	1.002691066	0.01394375867	5.755174485	52.15710775	42.08771777	0	0	0	-396.8522645	0.001674999295	-93406.6700492377	
394.2922645	92	5	3	0.9360721976	0.001647668695	99.00050893	0.9864193628	0.01307170526	5.601283065	52.2415596	42.15715733	0	0	0	-394.2922645	0.001647668695	-93926.5726825356	
391.7322645	92	5	3	0.9361718211	0.001620487807	99.01763297	0.9701231899	0.01224384031	5.449656843	52.32477957	42.22556359	0	0	0	-391.7322645	0.001620487807	-94438.6838306793	
389.1722645	92	5	3	0.9362696221	0.001593452838	99.03473528	0.9538061533	0.01145856363	5.300294958	52.40676782	42.29293722	0	0	0	-389.1722645	0.001593452838	-94943.4766784366	
386.6122645	92	5	3	0.9363656176	0.001566560233	99.05181371	0.93747199	0.01071429885	5.153196625	52.48752448	42.3592789	0	0	0	-386.6122645	0.001566560233	-95441.467163623	
384.0522645	92	5	3	0.9364598242	0.001539806672	99.06886594	0.9211245688	0.01000949478	5.008361119	52.56704962	42.42458926	0	0	0	-384.0522645	0.001539806672	-95933.2199231689	
381.4922645	92	5	3	0.9365522582	0.001513189081	99.08588948	0.9047678905	0.009342626625	4.865787758	52.64534331	42.48886893	0	0	0	-381.4922645	0.001513189081	-96419.3499762444	
378.9322645	92	5	3	0.9366429353	0.00148670463	99.10288171	0.8884060887	0.008712197161	4.725475879	52.72240558	42.55211854	0	0	0	-378.9322645	0.00148670463	-96900.5199743413	
376.3722645	92	5	3	0.9367318711	0.001460350742	99.11983983	0.8720434292	0.008116737802	4.587424823	52.79823647	42.61433871	0	0	0	-376.3722645	0.001460350742	-97377.4438694492	
373.8122645	92	5	3	0.9368190806	0.001434125093	99.13676088	0.8556843101	0.007554809597	4.451633911	52.87283602	42.67553007	0	0	0	-373.8122645	0.001434125093	-97850.8915860059	
371.2522645	92	5	3	0.9369045788	0.001408025623	99.15364174	0.8393332608	0.00702500414	4.318102424	52.94620429	42.73569329	0	0	0	-371.2522645	0.001408025623	-98321.6837311388	
368.6922645	92	5	3	0.93698838	0.001382050533	99.17047911	0.8229949416	0.006525944391	4.18682958	53.01834136	42.79482906	0	0	0	-368.6922645	0.001382050533	-98790.6946838001	
366.1322645	92	5	3	0.9370704986	0.001356198297	99.18726957	0.8066741419	0.006056285415	4.05781451	53.08924738	42.85293811	0	0	0	-366.1322645	0.001356198297	-99258.8645867488	
363.5722645	92	5	3	0.9371509485	0.001330467665	99.20400951	0.7903757791	0.005614715048	3.931056238	53.15892253	42.91002123	0	0	0	-363.5722645	0.001330467665	-99727.1855694788	
361.0122645	92	5	3	0.9372297435	0.001304857667	99.22069515	0.7741048963	0.005199954462	3.80655365	53.22736708	42.96607927	0	0	0	-361.0122645	0.001304857667	-100196.706719065	
358.4522645	92	5	3	0.937306897	0.001279367618	99.23732258	0.7578666604	0.004810758668	3.684305473	53.29458137	43.02111316	0	0	0	-358.4522645	0.001279367618	-100668.543489938	
355.8922645	92	5	3	0.9373824226	0.001253997126	99.25388772	0.7416663588	0.004445916926	3.564310251	53.36056585	43.0751239	0	0	0	-355.8922645	0.001253997126	-101143.879683178	
353.3322645	92	5	3	0.9374563332	0.001228746097	99.27038635	0.7255093969	0.004104253085	3.446566311	53.42532109	43.1281126	0	0	0	-353.3322645	0.001228746097	-101623.95978027	
350.7722645	92	5	3	0.9375286419	0.001203614738	99.28681408	0.7094012943	0.003784625839	3.331071741	53.48884777	43.18008049	0	0	0	-350.7722645	0.001203614738	-102110.093356689	
348.2122645	92	5	3	0.9375993617	0.001178603563	99.30316639	0.6933476807	0.003485928909	3.217824361	53.55114673	43.2310289	0	0	0	-348.2122645	0.001178603563	-102603.668118175	
345.6522645	92	5	3	0.9376685051	0.001153713401	99.31943862	0.677354292	0.00320709116	3.106821691	53.61221899	43.28095932	0	0	0	-345.6522645	0.001153713401	-103106.143059226	
343.0922645	92	5	3	0.937736085	0.001128945397	99.33562596	0.6614269648	0.002947076634	2.998060925	53.67206571	43.32987336	0	0	0	-343.0922645	0.001128945397	-103619.04824309	
340.5322645	92	5	3	0.9378021139	0.001104301018	99.35172348	0.6455716315	0.002704884517	2.891538896	53.73068829	43.37777282	0	0	0	-340.5322645	0.001104301018	-104144.001533689	
337.9722645	92	5	3	0.9378666043	0.00107978206	99.36772614	0.6297943143	0.002479549049	2.787252051	53.7880883	43.42465965	0	0	0	-337.9722645	0.00107978206	-104682.69878891	
335.4122645	92	5	3	0.9379295688	0.001055390647	99.38362874	0.6141011193	0.002270139352	2.685196414	53.84426758	43.47053601	0	0	0	-335.4122645	0.001055390647	-105236.919535282	
332.8522645	92	5	3	0.93799102	0.001031129238	99.39942601	0.5984982288	0.002075759208	2.585367555	53.8992282	43.51540425	0	0	0	-332.8522645	0.001031129238	-105808.545981767	
330.2922645	92	5	3	0.9380509703	0.001007000632	99.41511256	0.5829918951	0.001895546776	2.487760562	53.9529725	43.55926694	0	0	0	-330.2922645	0.001007000632	-106399.545540736	
327.7322645	92	5	3	0.9381094324	0.0009830079637	99.43068289	0.5675884318	0.001728674243	2.39237	54.00550311	43.60212689	0	0	0	-327.7322645	0.0009830079637	-107011.989657742	
325.1722645	92	5	3	0.9381664189	0.0009591547134	99.44613145	0.5522942059	0.001574347432	2.299189888	54.05682297	43.64398715	0	0	0	-325.1722645	0.0009591547134	-107648.06207124	
322.6122645	92	5	3	0.9382219424	0.0009354447027	99.46145257	0.537115629	0.001431805352	2.208213655	54.10693533	43.68485102	0	0	0	-322.6122645	0.0009354447027	-108310.053459817	
320.0522645	92	5	3	0.938276016	0.0009118820974	99.47664053	0.5220591479	0.001300319699	2.119434114	54.15584379	43.72472209	0	0	0	-320.0522645	0.0009118820974	-109000.379297917	
317.4922645	92	5	3	0.9383286524	0.0008884714065	99.49168957	0.5071312344	0.001179194316	2.032843426	54.20355233	43.76360425	0	0	0	-317.4922645	0.0008884714065	-109721.582190231	
314.9322645	92	5	3	0.9383798649	0.0008652174808	99.50659386	0.4923383757	0.001067764603	1.948433067	54.25006527	43.80150166	0	0	0	-314.9322645	0.0008652174808	-110476.34275734	
312.3722645	92	5	3	0.9384296666	0.0008421255109	99.52134754	0.4776870628	0.0009653968983	1.866193792	54.29538737	43.83841883	0	0	0	-312.3722645	0.0008421255109	-111267.489830514	
309.8122645	92	5	3	0.9384780711	0.0008192010239	99.53594473	0.4631837797	0.0008714878101	1.786115608	54.3395238	43.8743606	0	0	0	-309.8122645	0.0008192010239	-112098.008939664	
307.2522645	92	5	3	0.9385250921	0.0007964498782	99.55037955	0.4488349914	0.0007854635267	1.708187735	54.38248013	43.90933213	0	0	0	-307.2522645	0.0007964498782	-112971.055992483	
304.6922645	92	5	3	0.9385707434	0.0007738782585	99.56464609	0.434647132	0.0007067790893	1.632398578	54.42426244	43.94333898	0	0	0	-304.6922645	0.0007738782585	-113889.97110558	
302.1322645	92	5	3	0.9386150392	0.0007514926683	99.57873849	0.4206265917	0.0006349176403	1.558735695	54.46487724	43.97638706	0	0	0	-302.1322645	0.0007514926683	-100861.453684835	
300	92	5	3	0.9386509102	0.0006090427851	99.59033918	0.4090809059	0.0005799177165	1.498994114	54.49781946	44.00318642	0	0	0	-300	0.0006090427851	70924.4056213231	
