T	w(AL)	w(MG)	w(SI)	fs	fw(@FCC_A1)	w(AL@FCC_A1)	w(MG@FCC_A1)	w(SI@FCC_A1)	w(AL@LIQUID)	w(MG@LIQUID)	w(SI@LIQUID)	dwdT_L(AL@LIQUID)	dwdT_L(MG@LIQUID)	dwdT_L(SI@LIQUID)	-T	fw(@FCC_A1)_1	-T//fw(@FCC_A1)	
K	%	%	%	mole/mole	kg/kg	%	%	%	%	%	%	SI	SI	SI				
885.1484494	91	3	6	0	0	98.71431455	0.6717480324	0.6139374131	91	3	6	0.001889826228	-0.0005703648192	-0.001319461408	-885.1484494	0	20.3552477447486	
885.1384494	91	3	6	0.0002449152493	0.0002450119689	98.71411552	0.6718174834	0.6140669992	90.99811069	3.000570249	6.001319059	0	0	0	-885.1384494	0.0002450119689	61.2734175395366	
885.1184494	91	3	6	0.0007343507955	0.0004897749298	98.71371752	0.6719562886	0.6143261916	90.99433047	3.001711138	6.003958387	0	0	0	-885.1184494	0.0004897749298	81.7551495226353	
885.0784494	91	3	6	0.001711803181	0.0009785221899	98.71292174	0.672233696	0.614844568	90.98677098	3.003992626	6.009236394	0	0	0	-885.0784494	0.0009785221899	81.9019838580608	
884.9984494	91	3	6	0.00366164603	0.001953871388	98.71133095	0.6727877124	0.6158813406	90.9716515	3.00855566	6.019792844	0	0	0	-884.9984494	0.001953871388	82.1556222579732	
884.8384494	91	3	6	0.007541195724	0.003895106374	98.70815314	0.6738920417	0.6179548226	90.94141055	3.017681964	6.040907482	0	0	0	-884.8384494	0.003895106374	82.6911722908968	
884.5184494	91	3	6	0.01522064288	0.007740114024	98.70181201	0.6760863382	0.6221016473	90.88092077	3.0359356	6.083143626	0	0	0	-884.5184494	0.007740114024	83.8590189672535	
883.8784494	91	3	6	0.03024230842	0.01526072137	98.68918858	0.6804159684	0.6303954505	90.75991362	3.072439801	6.167646583	0	0	0	-883.8784494	0.01526072137	86.2660883364668	
882.5984494	91	3	6	0.05905275101	0.02972246878	98.66417158	0.6888462504	0.6469821682	90.51777762	3.145457738	6.336764647	0	0	0	-882.5984494	0.02972246878	91.02196224442	
880.0384494	91	3	6	0.1121733195	0.05648083963	98.61503553	0.7048131187	0.6801513494	90.03302313	3.291569547	6.67540732	0	0	0	-880.0384494	0.05648083963	-1078.14123051917	
877.4784494	91	3	6	0.1599308851	0.05381784378	98.56705635	0.7196304667	0.7133131796	89.54761643	3.437858701	7.014524872	0	0	0	-877.4784494	0.05381784378	-1009.50048667688	
874.9184494	91	3	6	0.2030779509	0.05138776519	98.5201927	0.7333359521	0.7464713432	89.06155843	3.584366781	7.354074784	0	0	0	-874.9184494	0.05138776519	-1104.69397065948	
872.3584494	91	3	6	0.2422371661	0.0491646939	98.47440493	0.7459656305	0.7796294387	88.57484991	3.73113153	7.694018557	0	0	0	-872.3584494	0.0491646939	-1205.13454520792	
869.7984494	91	3	6	0.2779254479	0.0471237474	98.4296546	0.7575540781	0.8127913216	88.08748834	3.878187453	8.034324206	0	0	0	-869.7984494	0.0471237474	-1310.24812714392	
867.2384494	91	3	6	0.3105752916	0.04524383215	98.38590446	0.7681345375	0.8459610047	87.5994687	4.025566128	8.37496517	0	0	0	-867.2384494	0.04524383215	-1420.075578922	
864.6784494	91	3	6	0.3405511951	0.0435070018	98.34311831	0.7777390658	0.8791426237	87.11078353	4.173296647	8.715919819	0	0	0	-864.6784494	0.0435070018	-1534.6778926914	
862.1184494	91	3	6	0.3681624128	0.0418978909	98.30126093	0.7863986592	0.9123404085	86.621423	4.321405989	9.057171016	0	0	0	-862.1184494	0.0418978909	-1654.12047015006	
859.5584494	91	3	6	0.3936729562	0.04040326665	98.26029798	0.7941433573	0.9455586597	86.13137491	4.469919338	9.398705748	0	0	0	-859.5584494	0.04040326665	-1778.47315917714	
856.9984494	91	3	6	0.4173095095	0.0390116708	98.22019594	0.8010023314	0.978801729	85.64062486	4.618860351	9.740514793	0	0	0	-856.9984494	0.0390116708	-1907.81040713406	
854.4384494	91	3	6	0.439267748	0.03771313153	98.18092204	0.807003959	1.012074002	85.14915618	4.768251391	10.08259243	0	0	0	-854.4384494	0.03771313153	-2042.21137893659	
851.8784494	91	3	6	0.4597174216	0.03649892958	98.14244423	0.8121758882	1.045379886	84.6569501	4.918113721	10.42493618	0	0	0	-851.8784494	0.03649892958	-2181.76008050293	
849.3184494	91	3	6	0.4788064751	0.03536140729	98.10473111	0.8165450918	1.078723794	84.16398575	5.068467683	10.76754657	0	0	0	-849.3184494	0.03536140729	-2326.54551612811	
846.7584494	91	3	6	0.4966644111	0.0342938115	98.06775195	0.8201379141	1.11211014	83.67024021	5.21933284	11.11042695	0	0	0	-846.7584494	0.0342938115	-2476.66183027055	
844.1984494	91	3	6	0.513405053	0.03329016359	98.03147656	0.8229801117	1.145543328	83.17568862	5.370728112	11.45358327	0	0	0	-844.1984494	0.03329016359	-2632.20853352022	
841.6384494	91	3	6	0.5291288272	0.03234515133	97.99587537	0.8250968881	1.17902774	82.68030416	5.522671883	11.79702396	0	0	0	-841.6384494	0.03234515133	-2793.29064826226	
839.0784494	91	3	6	0.5439246614	0.03145403833	97.96091934	0.8265129237	1.212567738	82.18405818	5.675182106	12.14075971	0	0	0	-839.0784494	0.03145403833	-2960.01902518948	
836.5184494	91	3	6	0.5578715697	0.03061258797	97.92657995	0.8272524026	1.246167652	81.68692018	5.82827639	12.48480343	0	0	0	-836.5184494	0.03061258797	-3132.51053524495	
833.9584494	91	3	6	0.5710399846	0.02981699899	97.89282919	0.827339035	1.279831775	81.18885789	5.981972076	12.82917003	0	0	0	-833.9584494	0.02981699899	-3310.88841694052	
831.3984494	91	3	6	0.5834928809	0.02906385092	97.85963956	0.8267960776	1.313564361	80.68983733	6.136286306	13.17387636	0	0	0	-831.3984494	0.02906385092	-3495.28251591023	
828.8384494	91	3	6	0.5952867285	0.02835005741	97.82698403	0.8256463506	1.34736962	80.18982281	6.291236087	13.5189411	0	0	0	-828.8384494	0.02835005741	-3685.82973375084	
826.2784494	91	3	6	0.6064723033	0.02767282641	97.79483604	0.8239122534	1.381251711	79.68877699	6.446838343	13.86438467	0	0	0	-826.2784494	0.02767282641	-3882.6744414741	
823.7184494	91	3	6	0.6170953808	0.02702962582	97.76316948	0.8216157779	1.415214741	79.18666093	6.603109966	14.21022911	0	0	0	-823.7184494	0.02702962582	-4085.9687815988	
821.1584494	91	3	6	0.6271973312	0.0264181539	97.73195872	0.8187785204	1.449262761	78.68343408	6.76006786	14.55649806	0	0	0	-821.1584494	0.0264181539	-4295.87341783916	
818.5984494	91	3	6	0.6368156319	0.02583631368	97.70117855	0.8154216919	1.48339976	78.17905436	6.917728984	14.90321665	0	0	0	-818.5984494	0.02583631368	-4512.557806135	
816.0384494	91	3	6	0.6459843106	0.02528219062	97.67080421	0.8115661271	1.517629664	77.67347816	7.076110385	15.25041145	0	0	0	-816.0384494	0.02528219062	-4736.20093238007	
813.4784494	91	3	6	0.6547343296	0.02475403326	97.64081138	0.8072322928	1.551956329	77.16666035	7.235229234	15.59811041	0	0	0	-813.4784494	0.02475403326	-4966.99194354126	
810.9184494	91	3	6	0.6630939198	0.02425023619	97.61117616	0.8024402948	1.58638354	76.65855433	7.395102857	15.94634281	0	0	0	-810.9184494	0.02425023619	-5205.13090330872	
808.3584494	91	3	6	0.6710888731	0.02376932521	97.58187511	0.7972098843	1.620915005	76.14911203	7.555748764	16.29513921	0	0	0	-808.3584494	0.02376932521	-5450.82954501666	
805.7984494	91	3	6	0.6787427972	0.02330994419	97.55288519	0.791560463	1.655554351	75.6382839	7.717184677	16.64453142	0	0	0	-805.7984494	0.02330994419	-5704.31211022553	
803.2384494	91	3	6	0.6860773399	0.02287084355	97.52418379	0.7855110885	1.690305117	75.12601899	7.879428552	16.99455246	0	0	0	-803.2384494	0.02287084355	-5965.81639346092	
800.6784494	91	3	6	0.6931123865	0.02245087003	97.49574877	0.7790804782	1.725170755	74.61226487	8.042498608	17.34523652	0	0	0	-800.6784494	0.02245087003	-6235.59474571671	
798.1184494	91	3	6	0.6998662338	0.02204895765	97.46755837	0.7722870134	1.760154619	74.09696771	8.206413343	17.69661894	0	0	0	-798.1184494	0.02204895765	-6513.91501828919	
795.5584494	91	3	6	0.7063557442	0.02166411963	97.4395913	0.7651487419	1.795259959	73.58007225	8.371191564	18.04873619	0	0	0	-795.5584494	0.02166411963	-6801.06202674992	
792.9984494	91	3	6	0.7125964818	0.02129544126	97.4118267	0.7576833817	1.830489921	73.06152176	8.5368524	18.40162584	0	0	0	-792.9984494	0.02129544126	-7097.33863512752	
790.4384494	91	3	6	0.7186028343	0.02094207345	97.38424414	0.749908323	1.865847533	72.54125813	8.703415327	18.75532654	0	0	0	-790.4384494	0.02094207345	-7403.06763584947	
787.8784494	91	3	6	0.7243881207	0.02060322707	97.35682367	0.7418406306	1.901335701	72.01922178	8.870900186	19.10987804	0	0	0	-787.8784494	0.02060322707	-7718.59304681261	
785.3184494	91	3	6	0.7299646876	0.02027816775	97.32954575	0.7334970457	1.936957204	71.49535166	9.039327203	19.46532114	0	0	0	-785.3184494	0.02027816775	-8044.28124465434	
782.7584494	91	3	6	0.7353439959	0.01996621127	97.30239133	0.7248939876	1.97271468	70.9695853	9.208717005	19.8216977	0	0	0	-782.7584494	0.01996621127	-8380.52419035272	
780.1984494	91	3	6	0.7405366978	0.01966671946	97.27534182	0.7160475551	2.008610622	70.44185872	9.379090642	20.17905063	0	0	0	-780.1984494	0.01966671946	-8727.73999568601	
777.6384494	91	3	6	0.745552706	0.01937909635	97.24837911	0.7069735281	2.044647364	69.91210647	9.550469604	20.53742393	0	0	0	-777.6384494	0.01937909635	-9086.37581013452	
775.0784494	91	3	6	0.7504012566	0.01910278487	97.22148556	0.6976873681	2.080827076	69.38026156	9.722875837	20.8968626	0	0	0	-775.0784494	0.01910278487	-9456.91027520271	
772.5184494	91	3	6	0.7550909649	0.01883726371	97.19464403	0.6882042195	2.117151747	68.8462555	9.896331763	21.25741274	0	0	0	-772.5184494	0.01883726371	-9839.85555790944	
769.9584494	91	3	6	0.7596298762	0.01858204457	97.16783791	0.6785389105	2.153623175	68.31001822	10.0708603	21.61912149	0	0	0	-769.9584494	0.01858204457	-10235.7599110038	
767.3984494	91	3	6	0.7640255121	0.01833666957	97.14105109	0.6687059536	2.190242956	67.77147807	10.24648486	21.98203707	0	0	0	-767.3984494	0.01833666957	-10645.2108179674	
764.8384494	91	3	6	0.7682849113	0.01810070898	97.11426799	0.6587195464	2.227012467	67.23056181	10.42322942	22.34620878	0	0	0	-764.8384494	0.01810070898	-11068.8386070399	
762.2784494	91	3	6	0.7724146679	0.01787375909	97.08747358	0.6485935721	2.263932852	66.68719455	10.60111845	22.711687	0	0	0	-762.2784494	0.01787375909	-11507.3179723094	
759.7184494	91	3	6	0.7764209654	0.01765544024	97.0606534	0.6383416003	2.301005003	66.14129976	10.78017702	23.07852322	0	0	0	-759.7184494	0.01765544024	-11961.3722378863	
757.1584494	91	3	6	0.7803096075	0.01744539507	97.03379356	0.6279768873	2.338229549	65.5927992	10.96043076	23.44677004	0	0	0	-757.1584494	0.01744539507	-12431.77782087	
754.5984494	91	3	6	0.784086047	0.01724328689	97.0068808	0.6175123763	2.375606828	65.04161292	11.14190589	23.81648118	0	0	0	-754.5984494	0.01724328689	-12919.3655642231	
752.0384494	91	3	6	0.787755411	0.01704879812	96.97990243	0.6069606987	2.413136872	64.48765924	11.32462926	24.1877115	0	0	0	-752.0384494	0.01704879812	-13425.0252803584	
749.4784494	91	3	6	0.7913225251	0.01686162893	96.95284644	0.596334174	2.450819385	63.93085468	11.50862832	24.56051701	0	0	0	-749.4784494	0.01686162893	-13949.7098572261	
746.9184494	91	3	6	0.7947919344	0.01668149592	96.92570147	0.5856448107	2.488653714	63.37111397	11.69393115	24.93495488	0	0	0	-746.9184494	0.01668149592	-14494.4375223006	
744.3584494	91	3	6	0.7981679235	0.01650813091	96.89845686	0.5749043065	2.526638831	62.80835003	11.8805665	25.31108346	0	0	0	-744.3584494	0.01650813091	-15060.2946880596	
741.7984494	91	3	6	0.8014545345	0.01634127979	96.87110266	0.5641240494	2.564773295	62.24247393	12.06856377	25.6889623	0	0	0	-741.7984494	0.01634127979	-15648.4395949883	
739.2384494	91	3	6	0.8046555834	0.01618070148	96.84362965	0.5533151183	2.603055233	61.67339487	12.25795303	26.06865211	0	0	0	-739.2384494	0.01618070148	-16260.1052496336	
736.6784494	91	3	6	0.8077746757	0.01602616693	96.81602942	0.5424882836	2.641482297	61.10102018	12.44876501	26.45021482	0	0	0	-736.6784494	0.01602616693	-16896.5901262999	
734.1184494	91	3	6	0.8108152198	0.01587745801	96.78829435	0.5316540085	2.680051637	60.52525531	12.64103113	26.83371356	0	0	0	-734.1184494	0.01587745801	-17559.2713660816	
731.5584494	91	3	6	0.8137804403	0.01573436685	96.76041769	0.5208224493	2.71875986	59.94600382	12.83478352	27.21921266	0	0	0	-731.5584494	0.01573436685	-18249.5950105786	
728.9984494	91	3	6	0.8166733895	0.01559669473	96.73239356	0.5100034573	2.757602987	59.36316742	13.03005494	27.60677764	0	0	0	-728.9984494	0.01559669473	-18969.0649627013	
726.4384494	91	3	6	0.8194969583	0.01546425135	96.70421701	0.4992065793	2.796576413	58.77664594	13.22687887	27.9964752	0	0	0	-726.4384494	0.01546425135	-19719.2416746644	
723.8784494	91	3	6	0.8222538862	0.01533685395	96.67588408	0.4884410594	2.835674859	58.18633739	13.42528943	28.38837319	0	0	0	-723.8784494	0.01533685395	-20499.1476150381	
721.3184494	91	3	6	0.8249467655	0.01521429743	96.64739186	0.4777158464	2.874892294	57.59213916	13.62532101	28.78253983	0	0	0	-721.3184494	0.01521429743	-21319.7304921182	
718.7584494	91	3	6	0.8275780723	0.01509651151	96.6187385	0.4670395868	2.914221916	56.99394299	13.82700996	29.17904705	0	0	0	-718.7584494	0.01509651151	-22173.9655247869	
716.1984494	91	3	6	0.8301501373	0.01498322116	96.58992316	0.4564205774	2.95365626	56.39164328	14.03039178	29.57796494	0	0	0	-716.1984494	0.01498322116	-23057.3216857782	
713.6384494	91	3	6	0.832665176	0.01487428562	96.56094649	0.4458669264	2.993186582	55.78513218	14.23550277	29.97936506	0	0	0	-713.6384494	0.01487428562	-23984.4732470468	
711.0784494	91	3	6	0.835125298	0.01476958212	96.53181019	0.4353863659	3.032803447	55.17429903	14.44238022	30.38332075	0	0	0	-711.0784494	0.01476958212	-24953.045597116	
708.5184494	91	3	6	0.8375325038	0.01466893968	96.50251735	0.4249863577	3.072496291	54.55903258	14.65106167	30.78990575	0	0	0	-708.5184494	0.01466893968	-25960.5084046399	
705.9584494	91	3	6	0.8398886932	0.01457220482	96.47307251	0.4146740738	3.11225342	53.93922059	14.86158502	31.19919439	0	0	0	-705.9584494	0.01457220482	-27008.9914436023	
703.3984494	91	3	6	0.8421956706	0.01447922462	96.44348168	0.404456399	3.152061923	53.31475	15.07398848	31.61126152	0	0	0	-703.3984494	0.01447922462	-28098.3908962771	
700.8384494	91	3	6	0.8444551497	0.01438984579	96.41375249	0.394339933	3.191907576	52.68550729	15.28831044	32.02618227	0	0	0	-700.8384494	0.01438984579	-29227.8034520218	
698.2784494	91	3	6	0.8466687572	0.01430391349	96.38389426	0.3843309936	3.231774744	52.05137883	15.50458931	32.44403186	0	0	0	-698.2784494	0.01430391349	-30398.9631431361	
695.7184494	91	3	6	0.8488380662	0.0142212892	96.35391623	0.3744353977	3.271648377	51.4122508	15.72285934	32.86488986	0	0	0	-695.7184494	0.0142212892	-31565.1820858877	
693.1584494	91	3	6	0.8509644857	0.01414160311	96.3238343	0.3646591401	3.311506563	50.76801931	15.94315981	33.28882088	0	0	0	-693.1584494	0.01414160311	-32798.2103408595	
690.5984494	91	3	6	0.8530494318	0.01406505696	96.29366248	0.3550077066	3.351329813	50.11856506	16.16553106	33.71590388	0	0	0	-690.5984494	0.01406505696	-34087.6869318215	
688.0384494	91	3	6	0.8550942191	0.01399129885	96.263418	0.3454863171	3.391095681	49.4637788	16.39000999	34.14621121	0	0	0	-688.0384494	0.01399129885	-35355.2526075412	
685.4784494	91	3	6	0.8571000915	0.01392014739	96.23312039	0.336099925	3.430779684	48.80355407	16.6166325	34.57981343	0	0	0	-685.4784494	0.01392014739	-36622.5927286664	
682.9184494	91	3	6	0.8590682235	0.01385141107	96.20279162	0.3268532202	3.470355156	48.1377881	16.84543315	35.01677875	0	0	0	-682.9184494	0.01385141107	-37873.0461285263	
680.3584494	91	3	6	0.8609997225	0.01378488658	96.17245628	0.3177506329	3.509793087	47.46638285	17.0764448	35.45717234	0	0	0	-680.3584494	0.01378488658	-39085.9058361067	
677.7984494	91	3	6	0.8628956301	0.01372035685	96.14214171	0.3087963366	3.549061956	46.78924624	17.30969818	35.90105559	0	0	0	-677.7984494	0.01372035685	-40236.1000087014	
675.2384494	91	3	6	0.8647569232	0.01365758891	96.1118782	0.2999942516	3.588127552	46.10629348	17.54522134	36.34848518	0	0	0	-675.2384494	0.01365758891	-41294.159796532	
672.6784494	91	3	6	0.8665845149	0.01359633158	96.08169916	0.2913480483	3.626952796	45.41744869	17.78303918	36.79951214	0	0	0	-672.6784494	0.01359633158	-42226.6290962601	
670.1184494	91	3	6	0.868379255	0.0135363131	96.0516413	0.2828611499	3.665497549	44.72264666	18.02317269	37.25418066	0	0	0	-670.1184494	0.0135363131	-42996.9766032309	
667.5584494	91	3	6	0.8701419307	0.01347723848	96.02174485	0.2745367356	3.703718417	44.02183488	18.2656383	37.71252682	0	0	0	-667.5584494	0.01347723848	-43567.1914383017	
664.9984494	91	3	6	0.8718732659	0.01341878687	95.9920537	0.2663777429	3.741568554	43.31497584	18.51044702	38.17457713	0	0	0	-664.9984494	0.01341878687	-43900.0956922375	
662.4384494	91	3	6	0.8735739217	0.01336060875	95.96261566	0.2583868693	3.778997469	42.60204962	18.75760352	38.64034686	0	0	0	-662.4384494	0.01336060875	-43962.2670404389	
659.8784494	91	3	6	0.8752444956	0.01330232316	95.93348259	0.2505665747	3.815950833	41.88305671	19.00710507	39.10983823	0	0	0	-659.8784494	0.01330232316	-43727.3486287278	
657.3184494	91	3	6	0.876885521	0.01324351489	95.90471062	0.2429190816	3.852370298	41.15802126	19.25894041	39.58303833	0	0	0	-657.3184494	0.01324351489	-43179.3249505804	
654.7584494	91	3	6	0.8784974661	0.01318373187	95.87636029	0.2354463755	3.88819333	40.42699458	19.51308849	40.05991693	0	0	0	-654.7584494	0.01318373187	-42315.2592813176	
652.1984494	91	3	6	0.8800807335	0.01312248284	95.84849673	0.228150204	3.923353069	39.69005899	19.76951704	40.54042397	0	0	0	-652.1984494	0.01312248284	-41146.8070476943	
649.6384494	91	3	6	0.8816356588	0.01305923522	95.8211897	0.2210320747	3.957778222	38.94733203	20.02818108	41.0244869	0	0	0	-649.6384494	0.01305923522	-39699.964219291	
647.0784494	91	3	6	0.8831625097	0.01299341278	95.79451378	0.2140932532	3.991392971	38.19897097	20.28902131	41.51200772	0	0	0	-647.0784494	0.01299341278	-38014.2705351411	
644.5184494	91	3	6	0.8846614849	0.01292439787	95.76854826	0.2073347579	4.024116982	37.44517754	20.5519624	42.00286006	0	0	0	-644.5184494	0.01292439787	-36139.2343165001	
641.9584494	91	3	6	0.8861327141	0.01285152932	95.74337719	0.2007573547	4.055865451	36.68620286	20.8169112	42.49688593	0	0	0	-641.9584494	0.01285152932	-34129.5235751186	
639.3984494	91	3	6	0.887576257	0.01277410521	95.7190892	0.1943615488	4.086549247	35.92235263	21.08375492	42.99389245	0	0	0	-639.3984494	0.01277410521	-32041.4482993976	
636.8384494	91	3	6	0.888992104	0.01269138659	95.69577728	0.1881475758	4.116075147	35.15399218	21.35235925	43.49364857	0	0	0	-636.8384494	0.01269138659	-29928.7496996731	
634.2784494	91	3	6	0.8903801768	0.01260260395	95.6735384	0.1821153903	4.144346207	34.38155146	21.62256662	43.99588192	0	0	0	-634.2784494	0.01260260395	-27839.0705152438	
631.7184494	91	3	6	0.8917403303	0.01250696302	95.65247311	0.1762646549	4.171262233	33.60552964	21.89419456	44.50027579	0	0	0	-631.7184494	0.01250696302	-25812.263533867	
629.1584494	91	3	6	0.8930723554	0.01240365918	95.63268483	0.1705947247	4.196720441	32.82649918	22.16703423	45.00646659	0	0	0	-629.1584494	0.01240365918	-23879.6992771742	
626.5984494	91	3	6	0.894375983	0.01229188952	95.6142791	0.165104633	4.220616262	32.04510906	22.44084926	45.51404168	0	0	0	-626.5984494	0.01229188952	-22065.1479073046	
624.0384494	91	3	6	0.8956508915	0.01217088789	95.59736245	0.1597930647	4.242844482	31.26208552	22.71537558	46.0225389	0	0	0	-624.0384494	0.01217088789	-20379.3891316749	
621.4784494	91	3	6	0.8968967068	0.01203985861	95.58204186	0.1546583831	4.263299757	30.47823782	22.99031922	46.53144296	0	0	0	-621.4784494	0.01203985861	-18831.4804949881	
618.9184494	91	3	6	0.8981130218	0.01189817089	95.56842257	0.1496985519	4.281878878	29.69444991	23.26535944	47.04019065	0	0	0	-618.9184494	0.01189817089	-17427.8882483054	
616.3584494	91	3	6	0.8992994	0.01174521617	95.55660719	0.1449111632	4.298481643	28.91168178	23.54014822	47.54817	0	0	0	-616.3584494	0.01174521617	-16162.2352901705	
613.7984494	91	3	6	0.9004553901	0.01158051556	95.54669399	0.1402934174	4.313012591	28.13096292	23.81431268	48.05472441	0	0	0	-613.7984494	0.01158051556	-15030.9394127043	
611.2384494	91	3	6	0.9015805393	0.01140373133	95.53877519	0.1358421176	4.325382689	27.3533843	24.08745793	48.55915778	0	0	0	-611.2384494	0.01140373133	-14027.245693705	
608.6784494	91	3	6	0.9026744092	0.01121469136	95.5329353	0.131553669	4.335511029	26.58008796	24.35917089	49.06074115	0	0	0	-608.6784494	0.01121469136	-13143.2426379944	
606.1184494	91	3	6	0.9037365913	0.01101341052	95.52924941	0.1274240855	4.343326506	25.81225403	24.62902494	49.55872103	0	0	0	-606.1184494	0.01101341052	-12370.5040364616	
603.5584494	91	3	6	0.9047667234	0.01080010689	95.52778162	0.1234490035	4.348769374	25.05108566	24.89658538	50.05232896	0	0	0	-603.5584494	0.01080010689	-11700.5444347666	
600.9984494	91	3	6	0.905764506	0.01057521116	95.52858367	0.1196237046	4.351792629	24.29779212	25.16141549	50.54079239	0	0	0	-600.9984494	0.01057521116	-11125.1362048779	
598.4384494	91	3	6	0.9067297169	0.01033936785	95.53169372	0.1159431465	4.352363131	23.55357069	25.42308307	51.02334624	0	0	0	-598.4384494	0.01033936785	-10636.5174202552	
595.8784494	91	3	6	0.9076622243	0.01009342757	95.53713557	0.1124020025	4.350462423	22.81958812	25.68116709	51.49924479	0	0	0	-595.8784494	0.01009342757	-10227.5247215228	
593.3184494	91	3	6	0.908561998	0.009838430588	95.54491811	0.1089947086	4.346087182	22.09696223	25.9352643	51.96777347	0	0	0	-593.3184494	0.009838430588	-9891.62035439403	
590.7584494	91	3	6	0.9094291174	0.009575579547	95.55503521	0.105715517	4.339249271	21.38674465	26.18499546	52.4282599	0	0	0	-590.7584494	0.009575579547	-9622.25187501209	
588.1984494	91	3	6	0.9102637721	0.009306168957	95.56746632	0.1025585666	4.329975113	20.68990619	26.43001093	52.88008288	0	0	0	-588.1984494	0.009306168957	-9416.38413084778	
585.6384494	91	3	6	0.9110662791	0.009031754337	95.58217583	0.09951789053	4.318306276	20.00731994	26.66999507	53.32268499	0	0	0	-585.6384494	0.009031754337	-9268.03681124381	
583.0784494	91	3	6	0.9118370567	0.008753684284	95.59911601	0.09658755971	4.304296434	19.33975692	26.90467041	53.75557266	0	0	0	-583.0784494	0.008753684284	-9171.75543512139	
580.5184494	91	3	6	0.9125766364	0.008473502809	95.61822684	0.09376168327	4.288011479	18.687875	27.13379972	54.17832528	0	0	0	-580.5184494	0.008473502809	-9126.43180782035	
577.9584494	91	3	6	0.9132856503	0.008192674932	95.63943792	0.0910344804	4.269527598	18.05221605	27.35718756	54.59059639	0	0	0	-577.9584494	0.008192674932	-9128.28438905875	
575.3984494	91	3	6	0.9139648211	0.007912606745	95.66267002	0.08840032939	4.248929653	17.43320534	27.57468045	54.99211421	0	0	0	-575.3984494	0.007912606745	-9174.87108248078	
572.8384494	91	3	6	0.9146149505	0.007634613514	95.68783671	0.08585381068	4.226309477	16.83115366	27.78616607	55.38268027	0	0	0	-572.8384494	0.007634613514	-9264.09933143258	
570.2784494	91	3	6	0.9152369068	0.007359896796	95.71484608	0.08338974238	4.201764178	16.24626204	27.99157157	55.7621664	0	0	0	-570.2784494	0.007359896796	-9394.22231532103	
567.7184494	91	3	6	0.9158316115	0.007089528302	95.74360227	0.08100320804	4.175394521	15.67862843	28.19086109	56.13051047	0	0	0	-567.7184494	0.007089528302	-9563.79611682147	
565.1584494	91	3	6	0.9164000264	0.00682444038	95.77400701	0.0786895766	4.147303415	15.12825593	28.38403288	56.48771119	0	0	0	-565.1584494	0.00682444038	-9771.64087159814	
562.5984494	91	3	6	0.9169431414	0.006565422494	95.80596093	0.07644451501	4.117594551	14.59506201	28.57111589	56.8338221	0	0	0	-562.5984494	0.006565422494	-10016.8056719257	
560.0384494	91	3	6	0.9174619623	0.006313122873	95.8393648	0.07426399411	4.086371207	14.07888832	28.75216628	57.16894539	0	0	0	-560.0384494	0.006313122873	-10298.5376373994	
557.4784494	91	3	6	0.9179575007	0.006068054315	95.87412048	0.07214428867	4.053735232	13.5795107	28.92726383	57.49322547	0	0	0	-557.4784494	0.006068054315	-10616.2541791541	
554.9184494	91	3	6	0.9184307644	0.005830603095	95.91013182	0.07008197241	4.019786203	13.09664898	29.09650837	57.80684265	0	0	0	-554.9184494	0.005830603095	-10969.5188855549	
552.3584494	91	3	6	0.9188827496	0.005601040012	95.94730533	0.06807390899	3.984620757	12.6299764	29.26001645	58.11000715	0	0	0	-552.3584494	0.005601040012	-11358.0205049894	
549.7984494	91	3	6	0.919314434	0.005379532674	95.98555069	0.06611723984	3.948332074	12.17912838	29.41791816	58.40295345	0	0	0	-549.7984494	0.005379532674	-11781.5544575626	
547.2384494	91	3	6	0.9197267713	0.005166158292	96.02478113	0.06420936969	3.911009503	11.74371067	29.57035422	58.68593512	0	0	0	-547.2384494	0.005166158292	-12240.0071262241	
544.6784494	91	3	6	0.920120687	0.004960916402	96.06491374	0.06234795047	3.87273831	11.32330652	29.71747336	58.95922011	0	0	0	-544.6784494	0.004960916402	-12733.3423833363	
542.1184494	91	3	6	0.9204970749	0.004763741074	96.1058696	0.06053086434	3.833599536	10.91748323	29.85943007	59.22308669	0	0	0	-542.1184494	0.004763741074	-13261.5898987193	
539.5584494	91	3	6	0.9208567949	0.004574512303	96.14757386	0.05875620619	3.793669934	10.52579773	29.9963825	59.47781976	0	0	0	-539.5584494	0.004574512303	-13824.8353127001	
536.9984494	91	3	6	0.9212006715	0.0043930664	96.18995575	0.05702226625	3.753021986	10.14780143	30.12849078	59.72370779	0	0	0	-536.9984494	0.0043930664	-14423.2118398959	
534.4384494	91	3	6	0.9215294926	0.004219205278	96.23294852	0.05532751299	3.711723968	9.783044362	30.25591552	59.96104012	0	0	0	-534.4384494	0.004219205278	-15056.8935201818	
531.8784494	91	3	6	0.9218440096	0.004052704621	96.27648936	0.05367057656	3.669840065	9.431078606	30.37881657	60.19010483	0	0	0	-531.8784494	0.004052704621	-15726.0891896196	
529.3184494	91	3	6	0.9221449375	0.003893320938	96.32051925	0.05205023306	3.627430519	9.091461142	30.49735203	60.41118683	0	0	0	-529.3184494	0.003893320938	-16431.0375187639	
526.7584494	91	3	6	0.9224329549	0.003740797585	96.36498282	0.05046538971	3.584551789	8.763756146	30.61167741	60.62456644	0	0	0	-526.7584494	0.003740797585	-17172.0036032603	
524.1984494	91	3	6	0.9227087057	0.00359486983	96.40982819	0.04891507087	3.541256742	8.447536822	30.72194497	60.8305182	0	0	0	-524.1984494	0.00359486983	-17949.2752603949	
521.6384494	91	3	6	0.9229727994	0.003455269041	96.45500675	0.04739840517	3.497594841	8.142386819	30.82830324	61.02930994	0	0	0	-521.6384494	0.003455269041	-18763.1608598262	
519.0784494	91	3	6	0.9232258129	0.003321726123	96.50047305	0.04591461357	3.45361234	7.847901304	30.9308966	61.2212021	0	0	0	-519.0784494	0.003321726123	-19613.987323472	
516.5184494	91	3	6	0.9234682913	0.00319397427	96.54618452	0.04446299843	3.409352482	7.563687731	31.02986503	61.40644724	0	0	0	-516.5184494	0.00319397427	-20502.0987363742	
513.9584494	91	3	6	0.9237007497	0.003071751152	96.59210138	0.04304293346	3.364855689	7.289366362	31.12534393	61.58528971	0	0	0	-513.9584494	0.003071751152	-21427.8555093856	
511.3984494	91	3	6	0.9239236744	0.0029548006	96.6381864	0.04165385469	3.320159749	7.024570578	31.21746398	61.75796544	0	0	0	-511.3984494	0.0029548006	-22391.6334880734	
508.8384494	91	3	6	0.9241375245	0.00284287388	96.68440475	0.04029525219	3.275299994	6.768947019	31.30635114	61.92470184	0	0	0	-508.8384494	0.00284287388	-23393.8243771794	
506.2784494	91	3	6	0.9243427333	0.002735730623	96.73072386	0.03896666261	3.230309475	6.522155583	31.3921266	62.08571782	0	0	0	-506.2784494	0.002735730623	-24434.8356510565	
503.7184494	91	3	6	0.9245397094	0.002633139463	96.77711322	0.03766766249	3.18521912	6.283869312	31.47490685	62.24122384	0	0	0	-503.7184494	0.002633139463	-25515.0903200443	
501.1584494	91	3	6	0.9247288388	0.00253487844	96.82354425	0.03639786225	3.140057891	6.053774189	31.55480374	62.39142207	0	0	0	-501.1584494	0.00253487844	-26635.0287759478	
498.5984494	91	3	6	0.9249104854	0.002440735223	96.86999017	0.03515690076	3.094852924	5.831568859	31.63192461	62.53650653	0	0	0	-498.5984494	0.002440735223	-27795.1089189977	
496.0384494	91	3	6	0.9250849928	0.002350507166	96.91642589	0.03394444056	3.049629668	5.616964309	31.70637236	62.67666333	0	0	0	-496.0384494	0.002350507166	-28995.8074475995	
493.4784494	91	3	6	0.9252526855	0.002264001258	96.96282783	0.03276016352	3.004412006	5.409683495	31.77824562	62.81207088	0	0	0	-493.4784494	0.002264001258	-30237.6218097912	
490.9184494	91	3	6	0.9254138698	0.002181033971	97.00917386	0.0316037671	2.959222374	5.20946095	31.84763888	62.94290017	0	0	0	-490.9184494	0.002181033971	-31521.0707194571	
488.3584494	91	3	6	0.9255688351	0.002101431038	97.05544317	0.0304749609	2.91408187	5.016042364	31.91464262	63.06931501	0	0	0	-488.3584494	0.002101431038	-32846.6970189371	
485.7984494	91	3	6	0.9257178548	0.002025027183	97.10161618	0.02937346372	2.869010351	4.829184165	31.97934351	63.19147232	0	0	0	-485.7984494	0.002025027183	-34215.0692050732	
483.2384494	91	3	6	0.9258611874	0.001951665806	97.14767447	0.02829900095	2.824026531	4.648653083	32.04182451	63.30952241	0	0	0	-483.2384494	0.001951665806	-35626.7828051837	
480.6784494	91	3	6	0.9259990775	0.001881198645	97.19360063	0.02725130221	2.779148063	4.474225722	32.10216505	63.42360923	0	0	0	-480.6784494	0.001881198645	-37082.4640594785	
478.1184494	91	3	6	0.9261317563	0.001813485425	97.23937828	0.02623009942	2.734391617	4.305688133	32.1604412	63.53387066	0	0	0	-478.1184494	0.001813485425	-38582.771859199	
475.5584494	91	3	6	0.9262594431	0.001748393493	97.28499192	0.02523512501	2.689772959	4.142835394	32.21672579	63.64043881	0	0	0	-475.5584494	0.001748393493	-40128.4006628766	
472.9984494	91	3	6	0.9263823451	0.001685797456	97.33042688	0.0242661104	2.64530701	3.9854712	32.27108857	63.74344023	0	0	0	-472.9984494	0.001685797456	-41720.0831451066	
470.4384494	91	3	6	0.9265006591	0.001625578816	97.3756693	0.02332278477	2.601007917	3.833407465	32.32359635	63.84299619	0	0	0	-470.4384494	0.001625578816	-43358.5921557417	
467.8784494	91	3	6	0.9266145715	0.001567625613	97.42070602	0.0224048739	2.556889102	3.686463936	32.37431313	63.93922293	0	0	0	-467.8784494	0.001567625613	-45044.7468287385	
465.3184494	91	3	6	0.9267242592	0.001511832083	97.46552458	0.0215120993	2.512963319	3.544467821	32.42330028	64.0322319	0	0	0	-465.3184494	0.001511832083	-46779.4146502881	
462.7584494	91	3	6	0.9268298902	0.001458098317	97.51011312	0.02064417742	2.469242702	3.40725343	32.47061659	64.12212998	0	0	0	-462.7584494	0.001458098317	-48563.5142942811	
460.1984494	91	3	6	0.9269316239	0.001406329939	97.55446037	0.01980081901	2.425738807	3.274661832	32.51631844	64.20901973	0	0	0	-460.1984494	0.001406329939	-50398.0200138119	
457.6384494	91	3	6	0.9270296121	0.001356437793	97.59855561	0.01898172866	2.382462658	3.146540525	32.56045994	64.29299953	0	0	0	-457.6384494	0.001356437793	-52283.9677084463	
455.0784494	91	3	6	0.9271239989	0.001308337651	97.64238862	0.01818660439	2.339424778	3.022743126	32.60309298	64.37416389	0	0	0	-455.0784494	0.001308337651	-54222.4581623867	
452.5184494	91	3	6	0.9272149214	0.001261949926	97.68594964	0.01741513741	2.296635227	2.903129063	32.6442674	64.45260354	0	0	0	-452.5184494	0.001261949926	-56214.6611351489	
449.9584494	91	3	6	0.9273025105	0.001217199406	97.72922935	0.01666701188	2.254103634	2.787563296	32.68403104	64.52840567	0	0	0	-449.9584494	0.001217199406	-58261.8215259791	
447.3984494	91	3	6	0.9273868906	0.001174014998	97.77221887	0.01594190486	2.211839227	2.675916043	32.72242987	64.60165409	0	0	0	-447.3984494	0.001174014998	-60365.2640342216	
444.8384494	91	3	6	0.9274681804	0.001132329488	97.81490966	0.01523948622	2.169850857	2.56806252	32.75950807	64.67242941	0	0	0	-444.8384494	0.001132329488	-62526.3992897303	
442.2784494	91	3	6	0.9275464931	0.001092079313	97.85729356	0.01455941877	2.128147023	2.463882694	32.79530813	64.74080918	0	0	0	-442.2784494	0.001092079313	-64746.7334637665	
439.7184494	91	3	6	0.9276219367	0.001053204351	97.89936274	0.01390135825	2.086735898	2.363261053	32.82987092	64.80686803	0	0	0	-439.7184494	0.001053204351	-67027.8676843844	
437.1584494	91	3	6	0.9276946147	0.00101564771	97.9411097	0.01326495358	2.045625345	2.266086382	32.86323576	64.87067785	0	0	0	-437.1584494	0.00101564771	-69371.5091949108	
434.5984494	91	3	6	0.9277646255	0.0009793555461	97.98252721	0.01264984698	2.004822941	2.172251553	32.89544054	64.93230791	0	0	0	-434.5984494	0.0009793555461	-71779.4816734348	
432.0384494	91	3	6	0.9278320637	0.0009442768803	98.02360834	0.01205567427	1.964335989	2.081653324	32.92652173	64.99182495	0	0	0	-432.0384494	0.0009442768803	-74253.7274281449	
429.4784494	91	3	6	0.9278970194	0.0009103634309	98.0643464	0.01148206513	1.924171538	1.994192153	32.95651448	65.04929337	0	0	0	-429.4784494	0.0009103634309	-76796.3198792389	
426.9184494	91	3	6	0.9279595792	0.0008775694558	98.10473496	0.01092864337	1.884336397	1.909772019	32.9854527	65.10477528	0	0	0	-426.9184494	0.0008775694558	-79409.4712541984	
424.3584494	91	3	6	0.9280198259	0.0008458516031	98.14476783	0.01039502735	1.844837146	1.828300247	33.01336909	65.15833066	0	0	0	-424.3584494	0.0008458516031	-82095.5425313472	
421.7984494	91	3	6	0.928077839	0.000815168772	98.18443902	0.009880830273	1.805680152	1.749687354	33.04029522	65.21001743	0	0	0	-421.7984494	0.000815168772	-84857.0538037302	
419.2384494	91	3	6	0.9281336947	0.000785481981	98.22374276	0.009385660622	1.766871578	1.673846893	33.06626155	65.25989156	0	0	0	-419.2384494	0.000785481981	-87696.6959185954	
416.6784494	91	3	6	0.928187466	0.0007567542454	98.26267349	0.008909122538	1.72841739	1.600695307	33.09129752	65.30800717	0	0	0	-416.6784494	0.0007567542454	-90617.3420679024	
414.1184494	91	3	6	0.9282392234	0.0007289504608	98.30122581	0.008450816252	1.690323373	1.530151799	33.11543159	65.35441661	0	0	0	-414.1184494	0.0007289504608	-93622.0606181001	
411.5584494	91	3	6	0.9282890342	0.0007020372949	98.33939453	0.008010338522	1.652595133	1.462138195	33.13869128	65.39917053	0	0	0	-411.5584494	0.0007020372949	-96714.1292076599	
408.9984494	91	3	6	0.9283369635	0.0006759830849	98.37717461	0.007587283076	1.61523811	1.396578827	33.1611032	65.44231798	0	0	0	-408.9984494	0.0006759830849	-99897.0498713734	
406.4384494	91	3	6	0.9283830737	0.000650757742	98.41456118	0.007181241065	1.578257579	1.333400413	33.18269311	65.48390648	0	0	0	-406.4384494	0.000650757742	-103174.564678216	
403.8784494	91	3	6	0.9284274251	0.0006263326606	98.45154954	0.006791801531	1.541658661	1.272531952	33.20348596	65.52398208	0	0	0	-403.8784494	0.0006263326606	-106550.672459872	
401.3184494	91	3	6	0.9284700755	0.0006026806336	98.48813512	0.006418551862	1.505446326	1.213904617	33.22350593	65.56258945	0	0	0	-401.3184494	0.0006026806336	-110029.648718481	
398.7584494	91	3	6	0.9285110808	0.0005797757727	98.52431352	0.006061078267	1.469625397	1.157451654	33.24277644	65.59977191	0	0	0	-398.7584494	0.0005797757727	-113616.065340851	
396.1984494	91	3	6	0.928550495	0.0005575934332	98.56008048	0.005718966244	1.434200557	1.103108297	33.2613202	65.63557151	0	0	0	-396.1984494	0.0005575934332	-117314.812181429	
393.6384494	91	3	6	0.92858837	0.0005361101433	98.59543185	0.005391801043	1.39917635	1.05081167	33.27915925	65.67002908	0	0	0	-393.6384494	0.0005361101433	-121131.119918741	
391.0784494	91	3	6	0.9286247561	0.0005153035372	98.63036365	0.005079168134	1.364557185	1.000500714	33.29631498	65.70318431	0	0	0	-391.0784494	0.0005153035372	-125070.587549711	
388.5184494	91	3	6	0.9286597017	0.000495152293	98.66487201	0.004780653668	1.33034734	0.9521160982	33.31280815	65.73507575	0	0	0	-388.5184494	0.000495152293	-129139.207908667	
385.9584494	91	3	6	0.9286932539	0.0004756360726	98.69895319	0.004495844937	1.296550962	0.9056001525	33.32865895	65.7657409	0	0	0	-385.9584494	0.0004756360726	-133343.398656777	
383.3984494	91	3	6	0.9287254578	0.0004567354667	98.7326036	0.004224330816	1.263172071	0.8608967941	33.34388697	65.79521623	0	0	0	-383.3984494	0.0004567354667	-137690.036528801	
380.8384494	91	3	6	0.9287563576	0.0004384319418	98.76581974	0.003965702213	1.230214557	0.817951461	33.35851128	65.82353726	0	0	0	-380.8384494	0.0004384319418	-142186.485288303	
378.2784494	91	3	6	0.9287859955	0.0004207077892	98.79859826	0.003719552501	1.197682187	0.7767110496	33.37255041	65.85073854	0	0	0	-378.2784494	0.0004207077892	-146840.63479966	
375.7184494	91	3	6	0.9288144129	0.0004035460781	98.83093592	0.00348547794	1.165578603	0.7371238548	33.38602239	65.87685375	0	0	0	-375.7184494	0.0004035460781	-151660.956058258	
373.1584494	91	3	6	0.9288416497	0.0003869306131	98.8628296	0.003263078094	1.13390732	0.6991395142	33.3989448	65.90191569	0	0	0	-373.1584494	0.0003869306131	-156656.557834269	
370.5984494	91	3	6	0.9288677444	0.000370845894	98.89427632	0.003051956235	1.102671728	0.6627089541	33.4113347	65.92595634	0	0	0	-370.5984494	0.000370845894	-161837.210198632	
368.0384494	91	3	6	0.9288927347	0.0003552770719	98.92527319	0.002851719729	1.071875093	0.6277843401	33.42320877	65.94900689	0	0	0	-368.0384494	0.0003552770719	-167213.385243231	
365.4784494	91	3	6	0.928916657	0.0003402099108	98.95581747	0.002661980418	1.041520552	0.5943190295	33.43458321	65.97109776	0	0	0	-365.4784494	0.0003402099108	-172796.342862301	
362.9184494	91	3	6	0.9289395467	0.0003256307536	98.98590653	0.00248235498	1.011611117	0.5622675274	33.44547384	65.99225863	0	0	0	-362.9184494	0.0003256307536	-178598.834916893	
360.3584494	91	3	6	0.9289614381	0.0003115265836	99.01553787	0.002312465296	0.9821496675	0.5315854452	33.4558961	66.01251846	0	0	0	-360.3584494	0.0003115265836	-184831.569935843	
357.7984494	91	3	6	0.9289823646	0.0002979125309	99.04470909	0.002151938627	0.9531389727	0.5022295238	33.46586498	66.03190549	0	0	0	-357.7984494	0.0002979125309	-191110.077649748	
355.2384494	91	3	6	0.9290023587	0.0002847223392	99.07341797	0.002000408435	0.9245816233	0.474157332	33.47539519	66.05044747	0	0	0	-355.2384494	0.0002847223392	-197471.831152717	
352.6784494	91	3	6	0.929021452	0.0002719700061	99.10166237	0.00185751397	0.8964801207	0.4473276431	33.48450102	66.06817134	0	0	0	-352.6784494	0.0002719700061	-204287.523922336	
350.1184494	91	3	6	0.9290396751	0.0002596450606	99.12944028	0.001722901035	0.8688368143	0.4217001189	33.49319643	66.08510345	0	0	0	-350.1184494	0.0002596450606	-211404.146643707	
347.5584494	91	3	6	0.9290570579	0.0002477366753	99.15674986	0.001596222133	0.8416539145	0.3972353525	33.50149505	66.1012696	0	0	0	-347.5584494	0.0002477366753	-218835.423480597	
344.9984494	91	3	6	0.9290736296	0.0002362343975	99.18358937	0.001477136719	0.81493349	0.3738948396	33.50941019	66.11669497	0	0	0	-344.9984494	0.0002362343975	-226602.010159394	
342.4384494	91	3	6	0.9290894184	0.0002251281264	99.20995722	0.00136531143	0.7886774648	0.3516409517	33.51695485	66.1314042	0	0	0	-342.4384494	0.0002251281264	-234729.06990714	
339.8784494	91	3	6	0.9291044521	0.0002144083335	99.23585199	0.001260420396	0.7628875854	0.3304368875	33.52414174	66.14542137	0	0	0	-339.8784494	0.0002144083335	-243231.701156674	
337.3184494	91	3	6	0.9291187573	0.0002040648005	99.26127232	0.00116214509	0.7375655353	0.310246748	33.53098323	66.15877003	0	0	0	-337.3184494	0.0002040648005	-252143.692569162	
334.7584494	91	3	6	0.9291323603	0.000194089136	99.28621707	0.001070175023	0.7127127563	0.2910353624	33.53749144	66.1714732	0	0	0	-334.7584494	0.000194089136	-234635.065360754	
333.4784494	91	3	6	0.9291389069	9.341311767E-05	99.29851081	0.001026459645	0.7004627291	0.2817859394	33.54062447	66.1775896	0	0	0	-333.4784494	9.341311767E-05	-13212.0811657207	
332.8384494	91	3	6	0.9291421178	4.582067947E-05	99.30461296	0.001005153021	0.6943818907	0.2772484429	33.54216134	66.18059021	0	0	0	-332.8384494	4.582067947E-05	-13726.2768464479	
332.5184494	91	3	6	0.9291437079	2.273514708E-05	99.30765286	0.0009946355109	0.6913525038	0.2750012657	33.54292246	66.18207627	0	0	0	-332.5184494	2.273514708E-05	-13957.3232684026	
332.3584494	91	3	6	0.9291444991	1.131044954E-05	99.30917002	0.000989410448	0.6898405729	0.2738830418	33.5433012	66.18281576	0	0	0	-332.3584494	1.131044954E-05	-14075.5504951595	
332.2784494	91	3	6	0.9291448937	5.640987562E-06	99.3099279	0.0009868063084	0.6890852982	0.2733252675	33.54349011	66.18318462	0	0	0	-332.2784494	5.640987562E-06	-4177840.8823923	
332.1984494	91	3	6	0.9291452877	5.621902941E-06	99.31068531	0.0009842077454	0.6883304865	0.272768384	33.54367872	66.1835529	0	0	0	-332.1984494	5.621902941E-06	-4163670.19581652	
332.1584494	91	3	6	0.9291454845	2.812408655E-06	99.31106385	0.0009829106003	0.6879532356	0.2724902757	33.54377291	66.18373681	0	0	0	-332.1584494	2.812408655E-06	-14221.6985353508	
332.1384494	91	3	6	0.9291455828	1.405326967E-06	99.31125307	0.0009822625083	0.6877646695	0.2723513048	33.54381998	66.18382872	0	0	0	-332.1384494	1.405326967E-06	-14213.8158505989	
332.1184494	91	3	6	0.9291456811	1.402473613E-06	99.31144226	0.000981614783	0.6875761249	0.2722123896	33.54386703	66.18392058	0	0	0	-332.1184494	1.402473613E-06	-14211.0191099079	
332.1084494	91	3	6	0.9291457302	6.60860535E-07	99.31153684	0.0009812910373	0.6874818687	0.2721429526	33.54389053	66.18396651	0	0	0	-332.1084494	6.60860535E-07	250984.294220887	
332.0984494	91	3	6	0.9291457793	7.032576784E-07	99.31163142	0.0009809673922	0.6873876144	0.2720735297	33.54391405	66.18401242	0	0	0	-332.0984494	7.032576784E-07	235864.947448108	
332.0884494	91	3	6	0.9291458284	7.006804068E-07	99.31172599	0.0009806438339	0.6872933673	0.2720041207	33.54393756	66.18405832	0	0	0	-332.0884494	7.006804068E-07	156.116636749531	
332.0784494	91	3	6	0.9291458775	7.006786998E-07	99.31182055	0.0009803203624	0.6871991274	0.2719347255	33.54396106	66.18410422	0	0	0	-332.0784494	7.006786998E-07	0	
332.0684494	91	3	6	0.9291459266	7.005294689E-07	99.31191511	0.0009799969779	0.6871048947	0.2718653443	33.54398456	66.1841501	0	0	0	-332.0684494	7.005294689E-07	0	
332.0584494	91	3	6	0.9291459757	7.003887111E-07	99.31200966	0.0009796736801	0.6870106692	0.2717959769	33.54400805	66.18419597	0	0	0	-332.0584494	7.003887111E-07	0	
332.0484494	91	3	6	0.9291460247	7.002474899E-07	99.3121042	0.0009793504693	0.6869164509	0.2717266233	33.54403154	66.18424184	0	0	0	-332.0484494	7.002474899E-07	0	
332.0384494	91	3	6	0.9291460738	7.001063171E-07	99.31219873	0.0009790273452	0.6868222398	0.2716572837	33.54405502	66.18428769	0	0	0	-332.0384494	7.001063171E-07	0	
332.0284494	91	3	6	0.9291461228	6.999651633E-07	99.31229326	0.000978704308	0.6867280359	0.2715879579	33.5440785	66.18433354	0	0	0	-332.0284494	6.999651633E-07	0	
332.0184494	91	3	6	0.9291461719	6.998240301E-07	99.31238778	0.0009783813576	0.6866338392	0.2715186459	33.54410198	66.18437938	0	0	0	-332.0184494	6.998240301E-07	0	
332.0084494	91	3	6	0.9291462209	6.996829175E-07	99.31248229	0.0009780584939	0.6865396497	0.2714493478	33.54412545	66.18442521	0	0	0	-332.0084494	6.996829175E-07	0	
331.9984494	91	3	6	0.9291462699	6.995418255E-07	99.3125768	0.000977735717	0.6864454674	0.2713800636	33.54414891	66.18447103	0	0	0	-331.9984494	6.995418255E-07	0	
331.9884494	91	3	6	0.9291463189	6.99400754E-07	99.31267129	0.0009774130268	0.6863512923	0.2713107933	33.54417237	66.18451684	0	0	0	-331.9884494	6.99400754E-07	0	
331.9784494	91	3	6	0.9291463679	6.992597031E-07	99.31276579	0.0009770904234	0.6862571244	0.2712415368	33.54419583	66.18456264	0	0	0	-331.9784494	6.992597031E-07	0	
331.9684494	91	3	6	0.9291464169	6.991186728E-07	99.31286027	0.0009767679066	0.6861629637	0.2711722941	33.54421928	66.18460843	0	0	0	-331.9684494	6.991186728E-07	-5.16882746295896	
331.9484494	91	3	6	0.9291465149	1.437901261E-06	99.31304922	0.0009761231466	0.6859746586	0.2710338506	33.54426618	66.18469997	0	0	0	-331.9484494	1.437901261E-06	27943.2141728448	
331.9084494	91	3	6	0.9291467106	2.791960861E-06	99.31342703	0.0009748346581	0.6855981382	0.2707571293	33.54435989	66.18488298	0	0	0	-331.9084494	2.791960861E-06	29273.562374397	
331.8284494	91	3	6	0.9291471017	5.577098702E-06	99.31418226	0.0009722617534	0.6848454752	0.270204351	33.5445471	66.18524855	0	0	0	-331.8284494	5.577098702E-06	28758.4097625228	
331.6684494	91	3	6	0.9291478819	1.11274129E-05	99.31569137	0.0009671326177	0.6833414989	0.2691014474	33.54492062	66.18597793	0	0	0	-331.6684494	1.11274129E-05	28897.3703661465	
331.3484494	91	3	6	0.9291494348	2.214794718E-05	99.31870398	0.0009569404548	0.680339078	0.2669062243	33.54566405	66.18742973	0	0	0	-331.3484494	2.214794718E-05	29180.0256706379	
330.7084494	91	3	6	0.9291525103	4.38704576E-05	99.32470681	0.000936818596	0.6743563699	0.2625578895	33.54713655	66.19030556	0	0	0	-330.7084494	4.38704576E-05	29753.0413023534	
329.4284494	91	3	6	0.9291585421	8.609003933E-05	99.33662287	0.0008976091706	0.6624795164	0.2540278671	33.5500248	66.19594733	0	0	0	-329.4284494	8.609003933E-05	30983.3765702191	
326.8684494	91	3	6	0.9291701387	0.0001655054727	99.3600962	0.0008232037678	0.639080597	0.2376202404	33.55557907	66.20680069	0	0	0	-326.8684494	0.0001655054727	-340864.823391488	
324.3084494	91	3	6	0.9291811333	0.0001569974808	99.38309082	0.0007539196577	0.6161552637	0.2220558784	33.56084669	66.21709743	0	0	0	-324.3084494	0.0001569974808	-305865.917693342	
321.7484494	91	3	6	0.9291915489	0.000148757534	99.40560636	0.0006894879121	0.5937041473	0.2073034569	33.56583839	66.22685816	0	0	0	-321.7484494	0.000148757534	-317012.85095267	
319.1884494	91	3	6	0.9292014079	0.0001408343083	99.42764266	0.0006296480941	0.5717276945	0.193332358	33.57056467	66.23610297	0	0	0	-319.1884494	0.0001408343083	-329794.584568801	
316.6284494	91	3	6	0.9292107321	0.0001332204071	99.44919968	0.0005741482972	0.5502261688	0.180112659	33.5750358	66.24485154	0	0	0	-316.6284494	0.0001332204071	-343307.60290222	
314.0684494	91	3	6	0.9292195429	0.0001259083648	99.47027761	0.0005227451767	0.5291996463	0.1676151205	33.5792618	66.25312308	0	0	0	-314.0684494	0.0001259083648	-357605.852561126	
311.5084494	91	3	6	0.9292278611	0.0001188908646	99.49087679	0.000475203965	0.5086480109	0.1558111775	33.58325244	66.26093639	0	0	0	-311.5084494	0.0001188908646	-372753.266078511	
308.9484494	91	3	6	0.9292357068	0.0001121607291	99.51099775	0.0004312984677	0.4885709499	0.14467293	33.58701726	66.26830981	0	0	0	-308.9484494	0.0001121607291	-388820.340898598	
306.3884494	91	3	6	0.9292430997	0.0001057109108	99.53064124	0.000390811044	0.4689679494	0.1341731352	33.59056559	66.27526128	0	0	0	-306.3884494	0.0001057109108	-405884.985347221	
303.8284494	91	3	6	0.9292500591	9.953448438E-05	99.54980818	0.0003535325699	0.4498382898	0.124285201	33.5939065	66.2818083	0	0	0	-303.8284494	9.953448438E-05	-424033.530476464	
301.2684494	91	3	6	0.9292566037	9.362463991E-05	99.5684997	0.0003192623854	0.4311810413	0.1149831786	33.59704886	66.28796796	0	0	0	-301.2684494	9.362463991E-05	-389625.148998804	
300	91	3	6	0.9292596986	4.423729989E-05	99.57758539	0.0003033369153	0.4221112725	0.1105833925	33.59853503	66.29088157	0	0	0	-300	4.423729989E-05	338257.758105254	
