T	w(AL)	w(MG)	w(SI)	fs	fw(@FCC_A1)	w(AL@FCC_A1)	w(MG@FCC_A1)	w(SI@FCC_A1)	w(AL@LIQUID)	w(MG@LIQUID)	w(SI@LIQUID)	dwdT_L(AL@LIQUID)	dwdT_L(MG@LIQUID)	dwdT_L(SI@LIQUID)	-T	fw(@FCC_A1)_1	-T//fw(@FCC_A1)	
K	%	%	%	mole/mole	kg/kg	%	%	%	%	%	%	SI	SI	SI				
893.8163551	92	6	2	0	0	98.1491711	1.694049392	0.1567795113	92	6	2	0.002132756885	-0.00149343298	-0.0006393239051	-893.8163551	0	14.356772447863	
893.8063551	92	6	2	0.0003454815892	0.0003468581866	98.14878308	1.6944012	0.1568157156	91.99786723	6.001493492	2.000639283	0	0	0	-893.8063551	0.0003468581866	43.3036800731726	
893.7863551	92	6	2	0.001035687584	0.0006931560319	98.14800691	1.695104958	0.1568881325	91.99360152	6.004480396	2.001918082	0	0	0	-893.7863551	0.0006931560319	57.7756752098679	
893.7463551	92	6	2	0.002413810228	0.001384964505	98.14645516	1.696511918	0.1570329169	91.98506926	6.010454395	2.004476346	0	0	0	-893.7463551	0.001384964505	57.876163182112	
893.6663551	92	6	2	0.005160907998	0.002764531366	98.14335336	1.699324327	0.1573223176	91.96800144	6.022403057	2.009595502	0	0	0	-893.6663551	0.002764531366	58.1029538165239	
893.5063551	92	6	2	0.01061876632	0.005507587345	98.13715645	1.704943105	0.1579004458	91.93385263	6.04630306	2.019844314	0	0	0	-893.5063551	0.005507587345	58.5972849239612	
893.1863551	92	6	2	0.02137916126	0.01091972023	98.12479083	1.716154778	0.1590543871	91.86550278	6.094109207	2.040388012	0	0	0	-893.1863551	0.01091972023	59.6122247987998	
892.5463551	92	6	2	0.04232252213	0.02148760599	98.10016929	1.738478526	0.1613521843	91.7285916	6.189757317	2.081651081	0	0	0	-892.5463551	0.02148760599	61.5866431254701	
891.2663551	92	6	2	0.08202971789	0.0416317619	98.05136291	1.782730268	0.1659068187	91.45391962	6.381205532	2.164874851	0	0	0	-891.2663551	0.0416317619	65.72304482014	
888.7063551	92	6	2	0.1536632171	0.0783607296	97.95547862	1.869673761	0.1748476165	90.90113608	6.764790528	2.334073388	0	0	0	-888.7063551	0.0783607296	-695.201965011926	
886.1463551	92	6	2	0.2161383464	0.07414627709	97.8616956	1.954799724	0.183504672	90.34370541	7.149994695	2.506299897	0	0	0	-886.1463551	0.07414627709	-644.59385110285	
883.5863551	92	6	2	0.271039979	0.07036986311	97.76997653	2.038150866	0.1918726002	89.78156201	7.536943848	2.681494137	0	0	0	-883.5863551	0.07036986311	-716.962907263121	
881.0263551	92	6	2	0.3196139144	0.06696640177	97.68028536	2.119767532	0.1999471059	89.21464901	7.925749439	2.859601556	0	0	0	-881.0263551	0.06696640177	-793.115023572406	
878.4663551	92	6	2	0.3628518142	0.06388283233	97.59258725	2.199687917	0.2077248369	88.64291901	8.316509204	3.040571784	0	0	0	-878.4663551	0.06388283233	-872.97180159733	
875.9063551	92	6	2	0.4015520769	0.06107552397	97.50684752	2.277949182	0.2152033026	88.06633489	8.709307711	3.2243574	0	0	0	-875.9063551	0.06107552397	-956.440418255689	
873.3463551	92	6	2	0.4363641464	0.05850825191	97.42303274	2.354586538	0.2223807246	87.4848705	9.104216701	3.410912797	0	0	0	-873.3463551	0.05850825191	-1043.40511157456	
870.7863551	92	6	2	0.4678212652	0.05615068643	97.34110972	2.429634291	0.2292559933	86.89851154	9.501295257	3.600193201	0	0	0	-870.7863551	0.05615068643	-1133.72609238978	
868.2263551	92	6	2	0.4963650195	0.05397723237	97.26104559	2.503125812	0.2358285934	86.3072564	9.90058984	3.792153761	0	0	0	-868.2263551	0.05397723237	-1227.23707007997	
865.6663551	92	6	2	0.5223639656	0.0519661339	97.18280775	2.575093697	0.242098549	85.71111706	10.30213422	3.986748728	0	0	0	-865.6663551	0.0519661339	-1323.74430961444	
863.1063551	92	6	2	0.5461279307	0.05009877611	97.10636374	2.645569885	0.248066378	85.11011999	10.70594932	4.183930691	0	0	0	-863.1063551	0.05009877611	-1423.02612947586	
860.5463551	92	6	2	0.5679191089	0.04835913463	97.03168118	2.714585764	0.2537330535	84.50430707	11.11204305	4.383649875	0	0	0	-860.5463551	0.04835913463	-1524.83323116702	
857.9863551	92	6	2	0.5879607556	0.04673333841	96.95872778	2.782172245	0.2590999716	83.89373646	11.52041005	4.585853494	0	0	0	-857.9863551	0.04673333841	-1628.89002030981	
855.4263551	92	6	2	0.6064440625	0.04520931946	96.88747125	2.848359827	0.2641689237	83.27848343	11.93103142	4.790485155	0	0	0	-855.4263551	0.04520931946	-1734.89710192941	
852.8663551	92	6	2	0.6235336395	0.04377653044	96.81787928	2.913178642	0.2689420737	82.65864115	12.34387454	4.997484314	0	0	0	-852.8663551	0.04377653044	-1842.53497962128	
850.3063551	92	6	2	0.6393719209	0.04242571523	96.74991958	2.976658487	0.2734219374	82.0343214	12.7588928	5.206785791	0	0	0	-850.3063551	0.04242571523	-1951.46908332889	
847.7463551	92	6	2	0.6540827325	0.04114872163	96.68355979	3.038828844	0.2776113654	81.40565519	13.17602546	5.418319341	0	0	0	-847.7463551	0.04114872163	-2061.35602065278	
845.1863551	92	6	2	0.6677741999	0.03993834735	96.61876758	3.099718889	0.2815135278	80.77279319	13.59519752	5.632009289	0	0	0	-845.1863551	0.03993834735	-2171.85102333113	
842.6263551	92	6	2	0.680541134	0.03878821291	96.55551061	3.159357492	0.2851319004	80.13590611	14.01631966	5.847774235	0	0	0	-842.6263551	0.03878821291	-2282.6162949568	
840.0663551	92	6	2	0.6924670008	0.03769265595	96.49375654	3.21777321	0.2884702521	79.49518482	14.43928835	6.065526832	0	0	0	-840.0663551	0.03769265595	-2393.33007161833	
837.5063551	92	6	2	0.703625556	0.0366466431	96.4334731	3.274994268	0.2915326332	78.85084038	14.86398598	6.285173647	0	0	0	-837.5063551	0.0366466431	-2503.69597960406	
834.9463551	92	6	2	0.7140822098	0.03564569587	96.37462809	3.331048543	0.2943233636	78.20310377	15.29028113	6.506615101	0	0	0	-834.9463551	0.03564569587	-2613.45221555995	
832.3863551	92	6	2	0.7238951706	0.03468582806	96.31718944	3.385963535	0.2968470216	77.55222548	15.71802902	6.729745505	0	0	0	-832.3863551	0.03468582806	-2722.38020945088	
829.8263551	92	6	2	0.7331164101	0.03376349246	96.26112523	3.439766335	0.299108432	76.89847479	16.14707202	6.954453181	0	0	0	-829.8263551	0.03376349246	-2830.31214875034	
827.2663551	92	6	2	0.741792479	0.03287553507	96.20640375	3.492483599	0.3011126543	76.24213893	16.57724039	7.180620682	0	0	0	-827.2663551	0.03287553507	-2937.13731672779	
824.7063551	92	6	2	0.7499652011	0.03201915557	96.15299352	3.54414151	0.30286497	75.58352183	17.00835306	7.408125107	0	0	0	-824.7063551	0.03201915557	-3042.80643371625	
822.1463551	92	6	2	0.7576722645	0.03119187255	96.10086339	3.594765745	0.3043708688	74.92294285	17.44021866	7.636838497	0	0	0	-822.1463551	0.03119187255	-3147.33420225252	
819.5863551	92	6	2	0.7649477288	0.03039149291	96.04998252	3.644381442	0.3056360348	74.2607351	17.87263656	7.866628336	0	0	0	-819.5863551	0.03039149291	-3250.79982008446	
817.0263551	92	6	2	0.7718224603	0.02961608432	96.0003205	3.693013169	0.3066663308	73.59724371	18.30539817	8.097358117	0	0	0	-817.0263551	0.02961608432	-3353.34535676854	
814.4663551	92	6	2	0.7783245062	0.02886395033	95.95184732	3.740684893	0.3074677826	72.93282377	18.73828824	8.328887987	0	0	0	-814.4663551	0.02886395033	-3455.17247001676	
811.9063551	92	6	2	0.7844794194	0.02813360753	95.90453348	3.787419953	0.3080465621	72.26783828	19.17108626	8.561075459	0	0	0	-811.9063551	0.02813360753	-3556.53742852876	
809.3463551	92	6	2	0.7903105384	0.02742376441	95.85834999	3.833241043	0.3084089691	71.60265585	19.60356799	8.793776166	0	0	0	-809.3463551	0.02742376441	-3657.74508084607	
806.7863551	92	6	2	0.7958392314	0.02673330168	95.8132684	3.878170186	0.3085614133	70.93764841	20.03550693	9.026844659	0	0	0	-806.7863551	0.02673330168	-3759.14288541406	
804.2263551	92	6	2	0.8010851076	0.02606125411	95.76926088	3.922228721	0.3085103962	70.27318881	20.46667597	9.260135225	0	0	0	-804.2263551	0.02606125411	-3861.11331773141	
801.6663551	92	6	2	0.8060662029	0.02540679304	95.72630022	3.965437292	0.3082624914	69.60964845	20.89684883	9.49350272	0	0	0	-801.6663551	0.02540679304	-3964.05515820846	
799.1063551	92	6	2	0.81079914	0.02476920675	95.68435981	4.007815864	0.3078243225	68.94739505	21.32580159	9.726803356	0	0	0	-799.1063551	0.02476920675	-4068.39095979724	
796.5463551	92	6	2	0.8152992708	0.02414788981	95.64341374	4.04938371	0.3072025463	68.28679033	21.75331415	9.95989552	0	0	0	-796.5463551	0.02414788981	-4174.56727358515	
793.9863551	92	6	2	0.8195808	0.02354232776	95.60343677	4.0901594	0.3064038354	67.62818786	22.17917159	10.19264054	0	0	0	-793.9863551	0.02354232776	-4283.02573878517	
791.4263551	92	6	2	0.8236568942	0.02295208099	95.56440432	4.130160826	0.3054348578	66.97193111	22.60316549	10.4249034	0	0	0	-791.4263551	0.02295208099	-4394.20328324362	
788.8663551	92	6	2	0.8275397776	0.02237677346	95.52629253	4.169405215	0.3043022587	66.31835164	23.02509498	10.65655338	0	0	0	-788.8663551	0.02237677346	-4508.53586935542	
786.3063551	92	6	2	0.831240817	0.02181608132	95.48907821	4.207909143	0.3030126444	65.66776751	23.44476785	10.88746464	0	0	0	-786.3063551	0.02181608132	-4626.45053334827	
783.7463551	92	6	2	0.8347705961	0.02126972243	95.45273888	4.245688555	0.3015725658	65.02048186	23.86200137	11.11751677	0	0	0	-783.7463551	0.02126972243	-4748.36175256441	
781.1863551	92	6	2	0.8381389828	0.02073744699	95.41725271	4.282758784	0.2999885035	64.37678174	24.27662307	11.34659519	0	0	0	-781.1863551	0.02073744699	-4874.66920212871	
778.6263551	92	6	2	0.8413551878	0.02021902927	95.38259857	4.319134575	0.2982668546	63.7369372	24.68847128	11.57459153	0	0	0	-778.6263551	0.02021902927	-5005.75605379502	
776.0663551	92	6	2	0.8444278174	0.0197142604	95.34875597	4.354830113	0.2964139199	63.1012005	25.09739561	11.80140389	0	0	0	-776.0663551	0.0197142604	-5141.98795225643	
773.5063551	92	6	2	0.8473649211	0.01922294223	95.31570507	4.38985904	0.2944358936	62.46980568	25.50325724	12.02693709	0	0	0	-773.5063551	0.01922294223	-5283.71269203679	
770.9463551	92	6	2	0.8501740338	0.01874488221	95.28342666	4.424234488	0.2923388527	61.84296823	25.90592907	12.2511027	0	0	0	-770.9463551	0.01874488221	-5431.25980754086	
768.3863551	92	6	2	0.852862214	0.01827988914	95.25190215	4.457969098	0.29012875	61.22088501	26.30529577	12.47381921	0	0	0	-768.3863551	0.01827988914	-5584.94108653024	
765.8263551	92	6	2	0.8554360784	0.01782776991	95.22111354	4.491075051	0.287811406	60.60373434	26.70125373	12.69501193	0	0	0	-765.8263551	0.01782776991	-5745.05069209761	
763.2663551	92	6	2	0.8579018338	0.01738832687	95.19104341	4.523564085	0.2853925042	59.99167625	27.09371081	12.91461294	0	0	0	-763.2663551	0.01738832687	-5914.87770590405	
760.7063551	92	6	2	0.8602653701	0.01696177251	95.1616733	4.555449108	0.2828775891	59.38484518	27.48259165	13.13256317	0	0	0	-760.7063551	0.01696177251	-6086.63533770571	
758.1463551	92	6	2	0.8625320558	0.01654681979	95.13298984	4.586738142	0.2802720144	58.78338198	27.86781539	13.34880263	0	0	0	-758.1463551	0.01654681979	-6264.83311218756	
755.5863551	92	6	2	0.8647070621	0.01614414354	95.10497586	4.617443069	0.2775810693	58.18738614	28.24932801	13.56328585	0	0	0	-755.5863551	0.01614414354	-6454.97447694515	
753.0263551	92	6	2	0.8667952174	0.01575328138	95.07761605	4.647574092	0.2748098544	57.5969495	28.6270801	13.77597039	0	0	0	-753.0263551	0.01575328138	-6651.08085192284	
750.4663551	92	6	2	0.8688010609	0.01537399589	95.05089561	4.677141073	0.2719633209	57.01214863	29.00103181	13.98681957	0	0	0	-750.4663551	0.01537399589	-6855.05079272555	
747.9063551	92	6	2	0.8707288612	0.01500604317	95.02480017	4.706153554	0.2690462715	56.43304557	29.37115227	14.19580216	0	0	0	-747.9063551	0.01500604317	-7067.08790833565	
745.3463551	92	6	2	0.8725826341	0.01464917201	94.99931587	4.734620774	0.2660633607	55.85968873	29.73741911	14.40289217	0	0	0	-745.3463551	0.01464917201	-7287.37463574445	
742.7863551	92	6	2	0.8743661585	0.01430312491	94.97442922	4.76255168	0.2630190971	55.29211371	30.09981785	14.60806844	0	0	0	-742.7863551	0.01430312491	-7516.0853499733	
740.2263551	92	6	2	0.8760829915	0.01396763909	94.95012721	4.789954945	0.259917845	54.7303442	30.4583414	14.8113144	0	0	0	-740.2263551	0.01396763909	-7753.3851205522	
737.6663551	92	6	2	0.8777364825	0.01364244747	94.9263972	4.816838975	0.256763827	54.17439284	30.81298942	15.01261774	0	0	0	-737.6663551	0.01364244747	-7999.43020419275	
735.1063551	92	6	2	0.8793297859	0.01332727976	94.90322695	4.843211922	0.2535611266	53.62426205	31.16376785	15.2119701	0	0	0	-735.1063551	0.01332727976	-8254.36924865686	
732.5463551	92	6	2	0.8808658738	0.01302186353	94.88060462	4.869081693	0.2503136916	53.07994491	31.51068835	15.40936674	0	0	0	-732.5463551	0.01302186353	-8518.34375186953	
729.9863551	92	6	2	0.8823475471	0.01272592526	94.8585187	4.894455961	0.2470253371	52.54142591	31.85376778	15.60480631	0	0	0	-729.9863551	0.01272592526	-8791.48827329424	
727.4263551	92	6	2	0.883777446	0.01243919132	94.83695808	4.91934217	0.2436997491	52.00868177	32.19302773	15.7982905	0	0	0	-727.4263551	0.01243919132	-9073.93093802398	
724.8663551	92	6	2	0.8851580604	0.01216138892	94.81591196	4.943747548	0.2403404877	51.48168215	32.52849402	15.98982383	0	0	0	-724.8663551	0.01216138892	-9365.79461667473	
722.3063551	92	6	2	0.8864917386	0.01189224701	94.7953699	4.967679105	0.2369509909	50.96039038	32.86019629	16.17941333	0	0	0	-722.3063551	0.01189224701	-9667.19599811284	
719.7463551	92	6	2	0.8877806967	0.01163149701	94.77532177	4.991143649	0.2335345783	50.44476409	33.18816756	16.36706834	0	0	0	-719.7463551	0.01163149701	-9978.24704153248	
717.1863551	92	6	2	0.8890270262	0.01137887361	94.75575776	5.014147786	0.2300944543	49.93475588	33.51244384	16.55280028	0	0	0	-717.1863551	0.01137887361	-10299.0550179826	
714.6263551	92	6	2	0.8902327018	0.01113411534	94.73666836	5.036697926	0.226633712	49.43031385	33.83306376	16.73662239	0	0	0	-714.6263551	0.01113411534	-10629.7225257468	
712.0663551	92	6	2	0.8913995888	0.01089696518	94.71804437	5.05880029	0.2231553365	48.93138218	34.15006825	16.91854958	0	0	0	-712.0663551	0.01089696518	-10970.348487895	
709.5063551	92	6	2	0.8925294496	0.01066717102	94.69987688	5.080460913	0.2196622083	48.43790162	34.4635002	17.09859819	0	0	0	-709.5063551	0.01066717102	-11321.0269529849	
706.9463551	92	6	2	0.8936239498	0.01044448605	94.68215725	5.101685648	0.2161571069	47.94980997	34.77340417	17.27678586	0	0	0	-706.9463551	0.01044448605	-11681.8487723952	
704.3863551	92	6	2	0.8946846643	0.01022866914	94.66487712	5.122480171	0.2126427134	47.46704249	35.07982617	17.45313134	0	0	0	-704.3863551	0.01022866914	-12052.901002542	
701.8263551	92	6	2	0.895713083	0.01001948507	94.6480284	5.142849986	0.2091216146	46.98953233	35.38281332	17.62765435	0	0	0	-701.8263551	0.01001948507	-12434.2675891891	
699.2663551	92	6	2	0.8967106153	0.009816704794	94.63160327	5.162800425	0.2055963048	46.51721084	35.68241372	17.80037544	0	0	0	-699.2663551	0.009816704794	-12826.0307457124	
696.7063551	92	6	2	0.8976785957	0.0096201056	94.61559415	5.182336658	0.20206919	46.05000795	35.9786762	17.97131585	0	0	0	-696.7063551	0.0096201056	-13228.2644655501	
694.1463551	92	6	2	0.8986182878	0.009429471069	94.59999373	5.201463685	0.1985425894	45.58785244	36.27165013	18.14049743	0	0	0	-694.1463551	0.009429471069	-13641.0455328281	
691.5863551	92	6	2	0.8995308886	0.00924459145	94.58479491	5.220186353	0.1950187392	45.13067222	36.56138529	18.30794249	0	0	0	-691.5863551	0.00924459145	-14064.4468614345	
689.0263551	92	6	2	0.9004175326	0.009065263376	94.56999086	5.238509349	0.1914997942	44.67839459	36.84793167	18.47367374	0	0	0	-689.0263551	0.009065263376	-14498.5348847748	
686.4663551	92	6	2	0.9012792956	0.008891290041	94.55557496	5.256437206	0.187987831	44.23094644	37.13133938	18.63771418	0	0	0	-686.4663551	0.008891290041	-14943.377525808	
683.9063551	92	6	2	0.9021171977	0.008722481105	94.54154084	5.273974306	0.1844848496	43.78825448	37.41165849	18.80008703	0	0	0	-683.9063551	0.008722481105	-15399.0382523759	
681.3463551	92	6	2	0.9029322071	0.008558652636	94.52788234	5.291124883	0.1809927763	43.35024538	37.68893895	18.96081567	0	0	0	-681.3463551	0.008558652636	-15865.5784264572	
678.7863551	92	6	2	0.903725243	0.00839962703	94.51459351	5.307893026	0.1775134654	42.91684597	37.96323048	19.11992355	0	0	0	-678.7863551	0.00839962703	-16343.0571222755	
676.2263551	92	6	2	0.9044971781	0.008245232905	94.50166862	5.324282679	0.174048701	42.48798336	38.2345825	19.27743414	0	0	0	-676.2263551	0.008245232905	-16831.531014339	
673.6663551	92	6	2	0.9052488418	0.008095304982	94.48910216	5.340297645	0.1706001996	42.06358506	38.50304402	19.43337092	0	0	0	-673.6663551	0.008095304982	-17331.0544979188	
671.1063551	92	6	2	0.9059810223	0.007949683952	94.4768888	5.355941591	0.1671696111	41.64357911	38.76866363	19.58775726	0	0	0	-671.1063551	0.007949683952	-17841.6797724181	
668.5463551	92	6	2	0.9066944693	0.007808216334	94.46502343	5.371218044	0.1637585212	41.22789417	39.03148939	19.74061644	0	0	0	-668.5463551	0.007808216334	-18363.4568598765	
665.9863551	92	6	2	0.9073898957	0.007670754323	94.45350115	5.386130401	0.1603684526	40.81645961	39.2915688	19.89197159	0	0	0	-665.9863551	0.007670754323	-18896.4338390182	
663.4263551	92	6	2	0.9080679804	0.007537155636	94.44231721	5.400681924	0.1570008668	40.40920557	39.54894876	20.04184567	0	0	0	-663.4263551	0.007537155636	-19440.6564889836	
660.8663551	92	6	2	0.9087293693	0.007407283344	94.43146709	5.414875746	0.1536571652	40.00606304	39.80367555	20.19026141	0	0	0	-660.8663551	0.007407283344	-19996.1685429992	
658.3063551	92	6	2	0.9093746781	0.007281005713	94.42094644	5.428714873	0.1503386912	39.60696391	40.05579476	20.33724133	0	0	0	-658.3063551	0.007281005713	-20563.0119257996	
655.7463551	92	6	2	0.9100044932	0.007158196035	94.41075108	5.442202184	0.147046731	39.21184101	40.3053513	20.48280769	0	0	0	-655.7463551	0.007158196035	-21141.2262020701	
653.1863551	92	6	2	0.9106193738	0.007038732459	94.40087705	5.455340436	0.1437825149	38.82062817	40.55238935	20.62698247	0	0	0	-653.1863551	0.007038732459	-21730.8493644719	
650.6263551	92	6	2	0.9112198531	0.006922497831	94.39132052	5.46813226	0.1405472187	38.43326022	40.79695238	20.76978739	0	0	0	-650.6263551	0.006922497831	-22331.9171855032	
648.0663551	92	6	2	0.9118064401	0.00680937952	94.38207786	5.480580171	0.1373419651	38.04967304	41.03908311	20.91124385	0	0	0	-648.0663551	0.00680937952	-22944.4636177804	
645.5063551	92	6	2	0.9123796203	0.006699269264	94.37314561	5.492686563	0.1341678243	37.66980357	41.27882349	21.05137294	0	0	0	-645.5063551	0.006699269264	-23568.5204478088	
642.9463551	92	6	2	0.9129398576	0.006592062999	94.36452047	5.504453712	0.1310258154	37.29358983	41.51621474	21.19019543	0	0	0	-642.9463551	0.006592062999	-24204.1177638563	
640.3863551	92	6	2	0.9134875949	0.006487660713	94.35619931	5.51588378	0.1279169075	36.92097093	41.75129728	21.32773178	0	0	0	-640.3863551	0.006487660713	-24851.2836779645	
637.8263551	92	6	2	0.9140232557	0.006385966281	94.34817917	5.526978814	0.1248420205	36.55188709	41.9841108	21.46400211	0	0	0	-637.8263551	0.006385966281	-25510.0441828071	
635.2663551	92	6	2	0.9145472449	0.006286887323	94.34045722	5.537740749	0.1218020261	36.18627961	42.21469421	21.59902619	0	0	0	-635.2663551	0.006286887323	-26180.4237012287	
632.7063551	92	6	2	0.9150599495	0.006190335053	94.33303084	5.548171409	0.118797749	35.8240909	42.44308565	21.73282346	0	0	0	-632.7063551	0.006190335053	-26862.4441569921	
630.1463551	92	6	2	0.9155617401	0.006096224137	94.32589753	5.558272507	0.1158299672	35.46526447	42.66932251	21.86541302	0	0	0	-630.1463551	0.006096224137	-27556.1257489445	
627.5863551	92	6	2	0.9160529714	0.006004472557	94.31905494	5.568045647	0.1128994138	35.10974494	42.89344143	21.99681363	0	0	0	-627.5863551	0.006004472557	-28261.4868615932	
625.0263551	92	6	2	0.9165339828	0.005915001477	94.3125009	5.577492326	0.1100067767	34.757478	43.1154783	22.1270437	0	0	0	-625.0263551	0.005915001477	-28978.5438109046	
622.4663551	92	6	2	0.9170050996	0.005827735114	94.30623336	5.586613937	0.1071527006	34.40841041	43.33546827	22.25612131	0	0	0	-622.4663551	0.005827735114	-29707.3106256331	
619.9063551	92	6	2	0.9174666337	0.005742600612	94.30025045	5.595411764	0.1043377869	34.06249004	43.55344578	22.38406418	0	0	0	-619.9063551	0.005742600612	-30447.7991865826	
617.3463551	92	6	2	0.9179188838	0.005659527923	94.29455042	5.603886988	0.1015625948	33.71966578	43.76944451	22.51088972	0	0	0	-617.3463551	0.005659527923	-31200.0199568599	
614.7863551	92	6	2	0.9183621365	0.005578449694	94.28913167	5.612040687	0.09882764233	33.37988757	43.98349746	22.63661496	0	0	0	-614.7863551	0.005578449694	-31963.9806759678	
612.2263551	92	6	2	0.9187966669	0.00549930115	94.28399276	5.619873838	0.09613340672	33.04310641	44.19563693	22.76125665	0	0	0	-612.2263551	0.00549930115	-32739.6866338801	
609.6663551	92	6	2	0.9192227387	0.005422019991	94.27913236	5.627387313	0.09348032536	32.7092743	44.40589452	22.88483118	0	0	0	-609.6663551	0.005422019991	-33527.1418613095	
607.1063551	92	6	2	0.9196406054	0.00534654629	94.27454932	5.634581886	0.09086879644	32.37834422	44.61430116	23.00735461	0	0	0	-607.1063551	0.00534654629	-34326.3471592454	
604.5463551	92	6	2	0.9200505103	0.005272822389	94.27024259	5.64145823	0.08829917972	32.05027018	44.82088712	23.1288427	0	0	0	-604.5463551	0.005272822389	-35137.3011841938	
601.9863551	92	6	2	0.920452687	0.00520079281	94.26621128	5.64801692	0.08577179728	31.72500712	45.025682	23.24931088	0	0	0	-601.9863551	0.00520079281	-35960.0010138969	
599.4263551	92	6	2	0.9208473604	0.005130404162	94.26245464	5.654258429	0.08328693413	31.40251097	45.22871477	23.36877426	0	0	0	-599.4263551	0.005130404162	-36794.4406419734	
596.8663551	92	6	2	0.9212347464	0.005061605053	94.25897202	5.660183137	0.08084483901	31.08273856	45.43001378	23.48724766	0	0	0	-596.8663551	0.005061605053	-37640.6111816527	
594.3063551	92	6	2	0.9216150527	0.004994346006	94.25576295	5.665791321	0.07844572507	30.76564766	45.62960674	23.60474559	0	0	0	-594.3063551	0.004994346006	-38498.5012630437	
591.7463551	92	6	2	0.9219884792	0.00492857938	94.25282706	5.671083165	0.07608977051	30.45119694	45.8275208	23.72128226	0	0	0	-591.7463551	0.00492857938	-39368.0976143524	
589.1863551	92	6	2	0.9223552182	0.004864259295	94.25016413	5.676058755	0.07377711934	30.13934596	46.02378246	23.83687158	0	0	0	-589.1863551	0.004864259295	-40249.3842659612	
586.6263551	92	6	2	0.9227154549	0.004801341557	94.24777404	5.680718079	0.07150788207	29.83005512	46.21841769	23.9515272	0	0	0	-586.6263551	0.004801341557	-41142.3410377893	
584.0663551	92	6	2	0.9230693675	0.004739783585	94.24565683	5.685061034	0.06928213636	29.52328569	46.41145187	24.06526244	0	0	0	-584.0663551	0.004739783585	-42046.9459872332	
581.5063551	92	6	2	0.9234171278	0.00467954435	94.24381266	5.689087416	0.06709992775	29.21899978	46.60290983	24.1780904	0	0	0	-581.5063551	0.00467954435	-42963.1738291011	
578.9463551	92	6	2	0.9237589013	0.004620584304	94.2422418	5.692796928	0.06496127033	28.9171603	46.79281585	24.29002385	0	0	0	-578.9463551	0.004620584304	-43890.9962997947	
576.3863551	92	6	2	0.9240948476	0.004562865325	94.24094467	5.69618918	0.06286614746	28.61773095	46.9811937	24.40107535	0	0	0	-576.3863551	0.004562865325	-44830.3822646149	
573.8263551	92	6	2	0.9244251203	0.004506350653	94.2399218	5.699263685	0.06081451246	28.32067623	47.16806662	24.51125715	0	0	0	-573.8263551	0.004506350653	-45781.2958543359	
571.2663551	92	6	2	0.9247498679	0.004451004835	94.23917385	5.70201986	0.05880628929	28.02596141	47.35345732	24.62058127	0	0	0	-571.2663551	0.004451004835	-46743.6989122933	
568.7063551	92	6	2	0.9250692335	0.004396793673	94.2387016	5.70445703	0.05684137327	27.73355247	47.53738806	24.72905948	0	0	0	-568.7063551	0.004396793673	-47717.5502821129	
566.1463551	92	6	2	0.9253833552	0.004343684172	94.23850594	5.706574425	0.05491963179	27.44341616	47.71988057	24.83670328	0	0	0	-566.1463551	0.004343684172	-48702.8031848942	
563.5863551	92	6	2	0.9256923663	0.004291644487	94.23858792	5.708371179	0.05304090499	27.15551992	47.90095613	24.94352395	0	0	0	-563.5863551	0.004291644487	-49699.4081138718	
561.0263551	92	6	2	0.9259963954	0.004240643882	94.23894866	5.709846332	0.05120500652	26.86983191	48.08063555	25.04953253	0	0	0	-561.0263551	0.004240643882	-50707.3119105983	
558.4663551	92	6	2	0.926295567	0.00419065268	94.23958944	5.710998832	0.0494117242	26.58632097	48.2589392	25.15473983	0	0	0	-558.4663551	0.00419065268	-51726.4565106121	
555.9063551	92	6	2	0.9265900012	0.004141642223	94.24051165	5.711827529	0.04766082079	26.3049566	48.43588698	25.25915642	0	0	0	-555.9063551	0.004141642223	-52756.7800597472	
553.3463551	92	6	2	0.9268798139	0.004093584829	94.24171679	5.71233118	0.04595203466	26.02570897	48.61149838	25.36279265	0	0	0	-553.3463551	0.004093584829	-53798.215511499	
550.7863551	92	6	2	0.9271651174	0.004046453753	94.24320647	5.712508447	0.04428508058	25.74854886	48.78579246	25.46565867	0	0	0	-550.7863551	0.004046453753	-54850.6911202687	
548.2263551	92	6	2	0.9274460203	0.004000223149	94.24498245	5.712357896	0.0426596504	25.47344772	48.95878787	25.5677644	0	0	0	-548.2263551	0.004000223149	-55914.1313447777	
545.6663551	92	6	2	0.9277226272	0.003954868036	94.24704659	5.711877999	0.0410754138	25.20037759	49.13050285	25.66911956	0	0	0	-545.6663551	0.003954868036	-56988.4553104418	
543.1063551	92	6	2	0.9279950399	0.003910364261	94.24940085	5.711067133	0.03953201904	24.92931111	49.30095524	25.76973365	0	0	0	-543.1063551	0.003910364261	-58073.5746905929	
540.5463551	92	6	2	0.9282633564	0.003866688465	94.25204733	5.709923578	0.0380290937	24.6602215	49.47016251	25.86961598	0	0	0	-540.5463551	0.003866688465	-59169.3980245982	
537.9863551	92	6	2	0.9285276717	0.003823818056	94.25498824	5.708445518	0.0365662454	24.39308258	49.63814175	25.96877568	0	0	0	-537.9863551	0.003823818056	-60275.8286324263	
535.4263551	92	6	2	0.9287880779	0.003781731175	94.25822589	5.706631044	0.03514306259	24.1278687	49.80490966	26.06722165	0	0	0	-535.4263551	0.003781731175	-61392.7613775587	
532.8663551	92	6	2	0.9290446641	0.003740406667	94.26176274	5.704478146	0.03375911526	23.86455478	49.97048259	26.16496263	0	0	0	-532.8663551	0.003740406667	-62520.0868545841	
530.3063551	92	6	2	0.9292975165	0.003699824056	94.26560132	5.701984721	0.03241395575	23.60311627	50.13487656	26.26200717	0	0	0	-530.3063551	0.003699824056	-63657.6877391556	
527.7463551	92	6	2	0.9295467187	0.003659963514	94.26974431	5.699148567	0.03110711944	23.34352915	50.29810722	26.35836363	0	0	0	-527.7463551	0.003659963514	-64805.4409728785	
525.1863551	92	6	2	0.9297923516	0.003620805841	94.27419449	5.695967384	0.02983812556	23.08576992	50.46018988	26.45404021	0	0	0	-525.1863551	0.003620805841	-65963.2169080376	
522.6263551	92	6	2	0.9300344937	0.003582332436	94.27895475	5.692438777	0.02860647792	22.82981557	50.62113952	26.54904491	0	0	0	-522.6263551	0.003582332436	-67130.8769113737	
520.0663551	92	6	2	0.9302732212	0.003544525276	94.28402808	5.688560251	0.02741166571	22.5756436	50.78097082	26.64338558	0	0	0	-520.0663551	0.003544525276	-68308.2770289519	
517.5063551	92	6	2	0.9305086077	0.003507366894	94.28941762	5.684329212	0.02625316423	22.32323198	50.93969812	26.7370699	0	0	0	-517.5063551	0.003507366894	-69495.2634417548	
514.9463551	92	6	2	0.9307407248	0.003470840355	94.2951266	5.679742969	0.02513043564	22.07255916	51.09733546	26.83010538	0	0	0	-514.9463551	0.003470840355	-70691.6752015611	
512.3863551	92	6	2	0.9309696419	0.003434929239	94.30115834	5.674798732	0.02404292977	21.82360407	51.25389656	26.92249937	0	0	0	-512.3863551	0.003434929239	-71897.3408257794	
509.8263551	92	6	2	0.9311954261	0.003399617616	94.30751631	5.669493609	0.02299008487	21.57634607	51.40939486	27.01425906	0	0	0	-509.8263551	0.003399617616	-73112.0829368793	
507.2663551	92	6	2	0.931418143	0.003364890035	94.31420406	5.663824611	0.02197132833	21.33076499	51.56384352	27.1053915	0	0	0	-507.2663551	0.003364890035	-74335.7134914605	
504.7063551	92	6	2	0.9316378557	0.003330731497	94.32122527	5.657788648	0.02098607749	21.08684107	51.71725537	27.19590356	0	0	0	-504.7063551	0.003330731497	-75568.0326818047	
502.1463551	92	6	2	0.9318546259	0.003297127444	94.32858373	5.65138253	0.02003374038	20.844555	51.86964301	27.28580199	0	0	0	-502.1463551	0.003297127444	-76808.8336611512	
499.5863551	92	6	2	0.9320685133	0.003264063739	94.33628332	5.644602965	0.01911371648	20.6038879	52.02101874	27.37509336	0	0	0	-499.5863551	0.003264063739	-78057.8992950101	
497.0263551	92	6	2	0.9322795758	0.003231526653	94.34432804	5.637446563	0.01822539744	20.36482127	52.17139459	27.46378414	0	0	0	-497.0263551	0.003231526653	-79314.9996057864	
494.4663551	92	6	2	0.9324878698	0.003199502845	94.352722	5.62990983	0.01736816788	20.12733706	52.32078233	27.55188061	0	0	0	-494.4663551	0.003199502845	-80579.8939413819	
491.9063551	92	6	2	0.9326934499	0.003167979352	94.36146942	5.621989172	0.01654140609	19.89141758	52.46919347	27.63938895	0	0	0	-491.9063551	0.003167979352	-81852.3296152006	
489.3463551	92	6	2	0.9328963694	0.00313694357	94.37057462	5.613680894	0.0157444848	19.65704556	52.61663926	27.72631518	0	0	0	-489.3463551	0.00313694357	-83132.0406589821	
486.7863551	92	6	2	0.9330966798	0.003106383244	94.38004203	5.6049812	0.01497677187	19.4242041	52.76313072	27.81266519	0	0	0	-486.7863551	0.003106383244	-84418.7520875094	
484.2263551	92	6	2	0.9332944313	0.003076286454	94.38987618	5.595886191	0.01423763107	19.19287667	52.90867859	27.89844474	0	0	0	-484.2263551	0.003076286454	-85712.1729759254	
481.6663551	92	6	2	0.9334896728	0.003046641601	94.40008171	5.586391868	0.01352642274	18.96304714	53.05329341	27.98365945	0	0	0	-481.6663551	0.003046641601	-87012.0001628965	
479.1063551	92	6	2	0.9336824515	0.003017437397	94.41066337	5.57649413	0.01284250455	18.73469974	53.19698544	28.06831482	0	0	0	-479.1063551	0.003017437397	-88317.9146100684	
476.5463551	92	6	2	0.9338728137	0.00298866285	94.42162599	5.566188776	0.01218523215	18.50781903	53.33976474	28.15241624	0	0	0	-476.5463551	0.00298866285	-89629.582928312	
473.9863551	92	6	2	0.934060804	0.002960307256	94.43297454	5.555471502	0.01155395992	18.28238996	53.48164111	28.23596893	0	0	0	-473.9863551	0.002960307256	-90946.6581932099	
471.4263551	92	6	2	0.9342464662	0.002932360186	94.44471405	5.544337905	0.0109480416	18.05839782	53.62262416	28.31897802	0	0	0	-471.4263551	0.002932360186	-92268.7753847734	
468.8663551	92	6	2	0.9344298425	0.002904811476	94.45684969	5.532783483	0.01036683097	17.83582825	53.76272323	28.40144852	0	0	0	-468.8663551	0.002904811476	-93595.5541487672	
466.3063551	92	6	2	0.9346109742	0.002877651217	94.46938669	5.520803631	0.009809682547	17.61466721	53.90194749	28.4833853	0	0	0	-466.3063551	0.002877651217	-94926.5989101496	
463.7463551	92	6	2	0.9347899013	0.002850869746	94.4823304	5.50839365	0.00927595218	17.39490103	54.04030585	28.56479312	0	0	0	-463.7463551	0.002850869746	-96261.4953127121	
461.1863551	92	6	2	0.934966663	0.002824457635	94.49568626	5.495548739	0.008764997713	17.17651634	54.17780703	28.64567663	0	0	0	-461.1863551	0.002824457635	-97599.8084110697	
458.6263551	92	6	2	0.9351412971	0.002798405682	94.50945982	5.482264002	0.008276179601	16.95950012	54.31445953	28.72604035	0	0	0	-458.6263551	0.002798405682	-98941.0881623475	
456.0663551	92	6	2	0.9353138406	0.002772704904	94.52365669	5.468534446	0.007808861509	16.74383966	54.45027164	28.80588869	0	0	0	-456.0663551	0.002772704904	-100284.863907873	
453.5063551	92	6	2	0.9354843294	0.002747346526	94.5382826	5.454354985	0.007362410909	16.52952258	54.58525146	28.88522596	0	0	0	-453.5063551	0.002747346526	-101630.644929733	
450.9463551	92	6	2	0.9356527985	0.002722321975	94.55334336	5.439720437	0.006936199655	16.31653682	54.71940684	28.96405634	0	0	0	-450.9463551	0.002722321975	-102977.922383928	
448.3863551	92	6	2	0.9358192819	0.002697622871	94.56884486	5.424625531	0.006529604536	16.10487061	54.85274549	29.0423839	0	0	0	-448.3863551	0.002697622871	-104326.159520144	
445.8263551	92	6	2	0.9359838128	0.002673241017	94.58479309	5.409064906	0.006142007827	15.89451253	54.98527487	29.12021261	0	0	0	-445.8263551	0.002673241017	-105674.804865126	
443.2663551	92	6	2	0.9361464233	0.002649168397	94.60119409	5.393033112	0.005772797807	15.68545143	55.11700226	29.19754631	0	0	0	-443.2663551	0.002649168397	-107023.283702656	
440.7063551	92	6	2	0.9363071449	0.002625397163	94.61805402	5.376524615	0.00542136927	15.4776765	55.24793474	29.27438876	0	0	0	-440.7063551	0.002625397163	-108370.990555266	
438.1463551	92	6	2	0.9364660082	0.00260191963	94.63537908	5.359533796	0.005087124011	15.27117722	55.3780792	29.35074358	0	0	0	-438.1463551	0.00260191963	-109717.307332658	
435.5863551	92	6	2	0.9366230428	0.002578728272	94.65317557	5.342054959	0.004769471298	15.06594335	55.50744234	29.42661431	0	0	0	-435.5863551	0.002578728272	-111061.588265576	
433.0263551	92	6	2	0.9367782778	0.002555815711	94.67144984	5.324082329	0.00446782832	14.861965	55.63603064	29.50200436	0	0	0	-433.0263551	0.002555815711	-112403.151195279	
430.4663551	92	6	2	0.9369317413	0.00253317471	94.69020832	5.305610059	0.004181620615	14.65923253	55.76385041	29.57691706	0	0	0	-430.4663551	0.00253317471	-113741.305246723	
427.9063551	92	6	2	0.9370834607	0.002510798174	94.70945749	5.286632232	0.003910282484	14.45773663	55.89090777	29.6513556	0	0	0	-427.9063551	0.002510798174	-115075.32665482	
425.3463551	92	6	2	0.9372334627	0.002488679134	94.72920388	5.267142863	0.003653257377	14.25746827	56.01720864	29.72532309	0	0	0	-425.3463551	0.002488679134	-116404.458655305	
422.7863551	92	6	2	0.9373817735	0.002466810748	94.74945409	5.247135909	0.003409998259	14.05841872	56.14275875	29.79882253	0	0	0	-422.7863551	0.002466810748	-117727.926658941	
420.2263551	92	6	2	0.9375284181	0.002445186292	94.77021476	5.22660527	0.003179967957	13.86057955	56.26756364	29.87185681	0	0	0	-420.2263551	0.002445186292	-119044.919559282	
417.6663551	92	6	2	0.9376734214	0.002423799154	94.79149257	5.205544795	0.002962639483	13.66394262	56.39162867	29.9444287	0	0	0	-417.6663551	0.002423799154	-120354.607377388	
415.1063551	92	6	2	0.9378168072	0.002402642832	94.81329422	5.183948286	0.002757496339	13.46850009	56.514959	30.01654091	0	0	0	-415.1063551	0.002402642832	-121656.125913546	
412.5463551	92	6	2	0.9379585989	0.002381710923	94.83562646	5.161809508	0.002564032787	13.27424441	56.63755961	30.08819598	0	0	0	-412.5463551	0.002381710923	-122948.567181976	
409.9863551	92	6	2	0.9380988192	0.002360997118	94.85849605	5.139122194	0.002381754118	13.08116832	56.75943527	30.15939641	0	0	0	-409.9863551	0.002360997118	-124231.028430096	
407.4263551	92	6	2	0.9382374901	0.002340495208	94.88190977	5.11588005	0.002210176874	12.88926487	56.88059058	30.23014455	0	0	0	-407.4263551	0.002340495208	-125502.557029554	
404.8663551	92	6	2	0.9383746333	0.002320199061	94.90587441	5.092076766	0.002048829067	12.69852741	57.00102994	30.30044266	0	0	0	-404.8663551	0.002320199061	-126762.154482687	
402.3063551	92	6	2	0.9385102695	0.002300102629	94.93039673	5.067706022	0.00189725036	12.50894956	57.12075755	30.37029289	0	0	0	-402.3063551	0.002300102629	-128008.809426902	
399.7463551	92	6	2	0.9386444191	0.002280199937	94.95548351	5.042761498	0.001754992239	12.32052527	57.23977744	30.43969729	0	0	0	-399.7463551	0.002280199937	-129241.477954481	
397.1863551	92	6	2	0.9387771019	0.002260485083	94.9811415	5.017236884	0.001621618151	12.13324877	57.35809343	30.5086578	0	0	0	-397.1863551	0.002260485083	-130459.0849033	
394.6263551	92	6	2	0.9389083372	0.002240952228	95.00737741	4.99112589	0.001496703621	11.94711462	57.47570913	30.57717624	0	0	0	-394.6263551	0.002240952228	-131660.614391395	
392.0663551	92	6	2	0.9390381435	0.002221595622	95.03419726	4.964422908	0.001379836448	11.76211766	57.59262799	30.64525435	0	0	0	-392.0663551	0.002221595622	-132844.744757378	
389.5063551	92	6	2	0.939166539	0.002202409489	95.06160892	4.937120467	0.001270616398	11.57825305	57.70885322	30.71289373	0	0	0	-389.5063551	0.002202409489	-134010.30559258	
386.9463551	92	6	2	0.9392935414	0.002183388183	95.08961834	4.909213008	0.001168655824	11.39551626	57.82438785	30.78009589	0	0	0	-386.9463551	0.002183388183	-135156.274742357	
384.3863551	92	6	2	0.9394191679	0.002164526077	95.11823199	4.880694435	0.001073579313	11.21390307	57.93923471	30.84686221	0	0	0	-384.3863551	0.002164526077	-136281.329597063	
381.8263551	92	6	2	0.939543435	0.002145817584	95.14745624	4.851558734	0.0009850237975	11.03340959	58.05339642	30.91319399	0	0	0	-381.8263551	0.002145817584	-137384.215897833	
379.2663551	92	6	2	0.9396663589	0.002127257155	95.17729737	4.821799988	0.0009026385324	10.85403223	58.16687538	30.97909238	0	0	0	-379.2663551	0.002127257155	-138463.645566891	
376.7063551	92	6	2	0.9397879552	0.00210883927	95.20776152	4.791412391	0.000826085067	10.67576776	58.2796738	31.04455844	0	0	0	-376.7063551	0.00210883927	-139518.294131159	
374.1463551	92	6	2	0.9399082392	0.002090558435	95.23885469	4.760390268	0.0007550371877	10.49861324	58.39179366	31.1095931	0	0	0	-374.1463551	0.002090558435	-140546.816092457	
371.5863551	92	6	2	0.9400272255	0.002072409177	95.27058273	4.728728089	0.000689180844	10.3225661	58.50323672	31.17419718	0	0	0	-371.5863551	0.002072409177	-141547.846941395	
369.0263551	92	6	2	0.9401449285	0.002054386041	95.3029513	4.696420487	0.000628214054	10.14762409	58.61400453	31.23837138	0	0	0	-369.0263551	0.002054386041	-142519.976797699	
366.4663551	92	6	2	0.9402613618	0.002036483578	95.33596587	4.663462281	0.0005718467919	9.973785309	58.72409841	31.30211628	0	0	0	-366.4663551	0.002036483578	-143461.804740182	
363.9063551	92	6	2	0.9403765389	0.002018696355	95.3696317	4.629848495	0.0005198008571	9.80104822	58.83351944	31.36543234	0	0	0	-363.9063551	0.002018696355	-144371.891093754	
361.3463551	92	6	2	0.9404904726	0.002001018931	95.40395382	4.595574375	0.000471809726	9.629411633	58.94226849	31.42831988	0	0	0	-361.3463551	0.002001018931	-145248.753933164	
358.7863551	92	6	2	0.9406031755	0.001983445865	95.43893696	4.560635419	0.0004276183866	9.458874727	59.05034616	31.49077911	0	0	0	-358.7863551	0.001983445865	-146090.926026997	
356.2263551	92	6	2	0.9407146596	0.001965971706	95.47458562	4.525027394	0.0003869831584	9.289437054	59.15775284	31.55281011	0	0	0	-356.2263551	0.001965971706	-146896.906147254	
353.6663551	92	6	2	0.9408249364	0.001948590988	95.51090397	4.488746363	0.0003496714957	9.121098545	59.26448864	31.61441281	0	0	0	-353.6663551	0.001948590988	-147665.195165473	
351.1063551	92	6	2	0.9409340172	0.001931298228	95.54789583	4.451788711	0.0003154617778	8.953859521	59.37055345	31.67558703	0	0	0	-351.1063551	0.001931298228	-148394.278396239	
348.5463551	92	6	2	0.9410419127	0.001914087916	95.58556469	4.414151168	0.0002841430857	8.787720699	59.47594686	31.73633245	0	0	0	-348.5463551	0.001914087916	-149082.629894258	
345.9863551	92	6	2	0.9411486332	0.001896954513	95.62391364	4.375830841	0.0002555149657	8.622683201	59.58066821	31.79664858	0	0	0	-345.9863551	0.001896954513	-149728.724619257	
343.4263551	92	6	2	0.9412541887	0.001879892443	95.66294537	4.336825239	0.0002293871821	8.458748566	59.68471659	31.85653484	0	0	0	-343.4263551	0.001879892443	-150331.039250822	
340.8663551	92	6	2	0.9413585887	0.00186289609	95.70266212	4.297132304	0.0002055794589	8.295918758	59.78809078	31.91599046	0	0	0	-340.8663551	0.00186289609	-150888.056783208	
338.3063551	92	6	2	0.9414618423	0.00184595979	95.74306564	4.25675044	0.0001839212124	8.134196177	59.89078928	31.97501455	0	0	0	-338.3063551	0.00184595979	-151398.27222974	
335.7463551	92	6	2	0.9415639581	0.001829077828	95.7841572	4.215678545	0.0001642512744	7.97358367	59.99281029	32.03360604	0	0	0	-335.7463551	0.001829077828	-151860.193487947	
333.1863551	92	6	2	0.9416649445	0.001812244429	95.82593754	4.173916043	0.0001464176088	7.814084542	60.09415173	32.09176373	0	0	0	-333.1863551	0.001812244429	-152272.338552833	
330.6263551	92	6	2	0.9417648092	0.001795453753	95.86840681	4.131462915	0.0001302770202	7.655702569	60.19481119	32.14948625	0	0	0	-330.6263551	0.001795453753	-152633.273411294	
328.0663551	92	6	2	0.9418635598	0.001778699893	95.91156457	4.088319734	0.0001156948585	7.498442012	60.29478593	32.20677206	0	0	0	-328.0663551	0.001778699893	-152941.587009631	
325.5063551	92	6	2	0.9419612032	0.001761976863	95.95540975	4.044487701	0.0001025447173	7.342307626	60.3940729	32.26361947	0	0	0	-325.5063551	0.001761976863	-153195.893862287	
322.9463551	92	6	2	0.9420577462	0.001745278595	95.99994062	3.999968675	9.070812987E-05	7.18730468	60.49266872	32.3200266	0	0	0	-322.9463551	0.001745278595	-153394.86846266	
320.3863551	92	6	2	0.9421531949	0.001728598933	96.04515471	3.954765211	8.007426178E-05	7.033438964	60.59056963	32.37599141	0	0	0	-320.3863551	0.001728598933	-153537.239303536	
317.8263551	92	6	2	0.9422475551	0.001711931627	96.09104886	3.908880597	7.053960234E-05	6.880716811	60.68777152	32.43151167	0	0	0	-317.8263551	0.001711931627	-153621.782781335	
315.2663551	92	6	2	0.9423408322	0.001695270324	96.13761911	3.862318884	6.200765507E-05	6.729145109	60.78426994	32.48658495	0	0	0	-315.2663551	0.001695270324	-153647.358782169	
312.7063551	92	6	2	0.9424330312	0.001678608568	96.18486068	3.81508493	5.438862858E-05	6.578731318	60.88006002	32.54120866	0	0	0	-312.7063551	0.001678608568	-153612.891023175	
310.1463551	92	6	2	0.9425241566	0.001661939785	96.23276797	3.767184429	4.759912863E-05	6.429483485	60.97513652	32.59537999	0	0	0	-310.1463551	0.001661939785	-153517.393580052	
307.5863551	92	6	2	0.9426142126	0.001645257287	96.28133449	3.718623947	4.156185221E-05	6.281410267	61.06949379	32.64909594	0	0	0	-307.5863551	0.001645257287	-153359.983582432	
305.0263551	92	6	2	0.9427032029	0.001628554258	96.33055283	3.669410964	3.62052847E-05	6.134520941	61.16312576	32.70235329	0	0	0	-305.0263551	0.001628554258	-153139.861408832	
302.4663551	92	6	2	0.9427911308	0.001611823752	96.38041464	3.619553901	3.146340065E-05	5.988825429	61.25602594	32.75514863	0	0	0	-302.4663551	0.001611823752	-131063.714368037	
300	92	6	2	0.942874841	0.001537075987	96.42905289	3.570919693	2.741947291E-05	5.849597926	61.34482883	32.80557325	0	0	0	-300	0.001537075987	65072.3071333197	
