T	w(AL)	w(MG)	w(SI)	fs	fw(@FCC_A1)	w(AL@FCC_A1)	w(MG@FCC_A1)	w(SI@FCC_A1)	w(AL@LIQUID)	w(MG@LIQUID)	w(SI@LIQUID)	dwdT_L(AL@LIQUID)	dwdT_L(MG@LIQUID)	dwdT_L(SI@LIQUID)	-T	fw(@FCC_A1)_1	-T//fw(@FCC_A1)	
K	%	%	%	mole/mole	kg/kg	%	%	%	%	%	%	SI	SI	SI				
913.0850741	96	3	1	0	0	98.99914595	0.9069803453	0.09387370363	96	3	1	0.002010590503	-0.001403079411	-0.000607511092	-913.0850741	0	7.42208382769189	
913.0750741	96	3	1	0.0006688434648	0.0006701415834	98.99870992	0.9073668961	0.09392318054	95.9979894	3.001403109	1.000607494	0	0	0	-913.0750741	0.0006701415834	22.4223557585083	
913.0550741	96	3	1	0.002004343213	0.001338884872	98.99783781	0.9081400486	0.09402214496	95.99396805	3.004209194	1.001822757	0	0	0	-913.0550741	0.001338884872	29.9341403987846	
913.0150741	96	3	1	0.004666756451	0.002672725599	98.99609426	0.909685672	0.09422006411	95.98592464	3.009821045	1.004254319	0	0	0	-913.0150741	0.002672725599	30.0455312650257	
912.9350741	96	3	1	0.009957442029	0.00532535322	98.99260939	0.9127747222	0.09461588698	95.96983502	3.021043417	1.009121561	0	0	0	-912.9350741	0.00532535322	30.2936562012727	
912.7750741	96	3	1	0.02039286412	0.01056097628	98.98564907	0.918943282	0.0954076521	95.93764505	3.043480654	1.018874297	0	0	0	-912.7750741	0.01056097628	30.8031995868673	
912.4550741	96	3	1	0.04072056658	0.02079159343	98.97176478	0.9312439675	0.09699125284	95.87322085	3.088330254	1.038448894	0	0	0	-912.4550741	0.02079159343	31.7921711189302	
911.8150741	96	3	1	0.07932254352	0.04032023179	98.94414107	0.9557005323	0.1001583985	95.74419447	3.177933611	1.077871919	0	0	0	-911.8150741	0.04032023179	33.8624252780718	
910.5350741	96	3	1	0.1491715608	0.07601950138	98.88946698	1.004043283	0.1064897369	95.48542053	3.356788116	1.15779135	0	0	0	-910.5350741	0.07601950138	38.3004082009719	
907.9750741	96	3	1	0.2649416164	0.1363499986	98.78236787	1.098510459	0.1191216759	94.96490972	3.713317305	1.321772973	0	0	0	-907.9750741	0.1363499986	-268.889929027157	
905.4150741	96	3	1	0.3557418228	0.1238129799	98.67789419	1.190531387	0.1315744263	94.44023648	4.069806586	1.489956934	0	0	0	-905.4150741	0.1238129799	-226.941991189934	
902.8550741	96	3	1	0.4286152958	0.1133995246	98.57597395	1.28020354	0.1438225065	93.9112629	4.426605569	1.66213153	0	0	0	-902.8550741	0.1133995246	-270.584338731345	
900.2950741	96	3	1	0.4882260385	0.1046161252	98.47654454	1.36761018	0.1558452753	93.37785991	4.784015663	1.838124431	0	0	0	-900.2950741	0.1046161252	-318.203110683357	
897.7350741	96	3	1	0.5377754083	0.0971100701	98.3795504	1.452823712	0.1676258862	92.83990577	5.142300291	2.017793941	0	0	0	-897.7350741	0.0971100701	-369.804934747219	
895.1750741	96	3	1	0.5795282634	0.09062328119	98.28494141	1.535908095	0.1791504936	92.29728557	5.501692153	2.201022279	0	0	0	-895.1750741	0.09062328119	-425.402382593472	
892.6150741	96	3	1	0.6151286441	0.08496257044	98.19267172	1.616920617	0.1904076654	91.74989096	5.862398497	2.387710544	0	0	0	-892.6150741	0.08496257044	-485.002057034875	
890.0550741	96	3	1	0.6457966483	0.07998044289	98.10269881	1.695913252	0.2013879383	91.19762017	6.224604989	2.577774841	0	0	0	-890.0550741	0.07998044289	-548.602788945547	
887.4950741	96	3	1	0.6724553547	0.07556233131	98.01498283	1.772933699	0.2120834757	90.64037821	6.588478572	2.771143223	0	0	0	-887.4950741	0.07556233131	-616.193686041905	
884.9350741	96	3	1	0.6958150356	0.07161788161	97.92948601	1.848026192	0.2224877996	90.07807722	6.954169576	2.967753205	0	0	0	-884.9350741	0.07161788161	-687.751787684154	
882.3750741	96	3	1	0.7164304568	0.06807486381	97.84617244	1.921231992	0.232595568	89.510637	7.321813277	3.167549721	0	0	0	-882.3750741	0.06807486381	-763.2403542341	
879.8150741	96	3	1	0.734740743	0.06487483773	97.76500698	1.992590572	0.2424024437	88.9379856	7.691531004	3.370483393	0	0	0	-879.8150741	0.06487483773	-842.605225732625	
877.2550741	96	3	1	0.7510976664	0.06196999291	97.68595608	2.062139021	0.2519048974	88.36006004	8.063430932	3.576509027	0	0	0	-877.2550741	0.06196999291	-925.772467411373	
874.6950741	96	3	1	0.7657860803	0.05932082999	97.60898678	2.129913089	0.2611001341	87.77680711	8.43760859	3.785584304	0	0	0	-874.6950741	0.05932082999	-1012.64612520379	
872.1350741	96	3	1	0.7790389179	0.05689441834	97.53406671	2.195947296	0.2699859908	87.18818425	8.814147158	3.997668595	0	0	0	-872.1350741	0.05689441834	-1103.10490181205	
869.5750741	96	3	1	0.7910483599	0.05466307518	97.46116396	2.260275177	0.2785608603	86.59416051	9.193117591	4.212721899	0	0	0	-869.5750741	0.05466307518	-1196.99972852973	
867.0150741	96	3	1	0.8019742618	0.05260335152	97.3902469	2.322929473	0.2868236269	85.99471755	9.574578592	4.430703856	0	0	0	-867.0150741	0.05260335152	-1294.15150712624	
864.4550741	96	3	1	0.8119505896	0.0506952449	97.32128408	2.38394231	0.2947736147	85.38985068	9.958576486	4.651572831	0	0	0	-864.4550741	0.0506952449	-1394.34936966853	
861.8950741	96	3	1	0.8210903894	0.04892158233	97.25424413	2.44334533	0.3024105432	84.77956994	10.34514499	4.875285064	0	0	0	-861.8950741	0.04892158233	-1497.34965123134	
859.3350741	96	3	1	0.829489664	0.04726753212	97.1890957	2.501169813	0.3097344909	84.1639012	10.73430494	5.101793863	0	0	0	-859.3350741	0.04726753212	-1602.87575836183	
856.7750741	96	3	1	0.8372304263	0.04572021456	97.12580736	2.55744677	0.3167458653	83.54288722	11.12606393	5.331048852	0	0	0	-856.7750741	0.04572021456	-1710.61924193457	
854.2150741	96	3	1	0.8443831244	0.0442683892	97.0643476	2.612207023	0.3234453782	82.91658877	11.52041596	5.562995268	0	0	0	-854.2150741	0.0442683892	-1820.24219748441	
851.6550741	96	3	1	0.8510085844	0.04290220187	97.00468471	2.665481268	0.3298340248	82.28508559	11.9173411	5.797573307	0	0	0	-851.6550741	0.04290220187	-1931.38115400298	
849.0950741	96	3	1	0.8571595778	0.04161297883	96.94678681	2.717300121	0.3359130674	81.6484774	12.31680507	6.034717522	0	0	0	-849.0950741	0.04161297883	-2043.6525809551	
846.5350741	96	3	1	0.8628820959	0.04039305832	96.89062182	2.767694155	0.341684022	81.00688472	12.718759	6.274356285	0	0	0	-846.5350741	0.04039305832	-2156.65999764117	
843.9750741	96	3	1	0.868216392	0.03923565201	96.83615743	2.816693923	0.3471486475	80.36044961	13.12313907	6.516411316	0	0	0	-843.9750741	0.03923565201	-2270.0026532301	
841.4150741	96	3	1	0.8731978407	0.03813473054	96.78336109	2.864329969	0.3523089378	79.7093363	13.52986642	6.760797281	0	0	0	-841.4150741	0.03813473054	-2383.28544012029	
838.8550741	96	3	1	0.8778576475	0.03708492841	96.73220005	2.910632833	0.3571671148	79.05373159	13.93884693	7.007421478	0	0	0	-838.8550741	0.03708492841	-2496.12981601575	
836.2950741	96	3	1	0.8822234421	0.03608146469	96.68264134	2.955633038	0.361725624	78.39384506	14.34997133	7.256183611	0	0	0	-836.2950741	0.03608146469	-2608.18515827886	
833.7350741	96	3	1	0.8863197731	0.03512007641	96.63465179	2.999361083	0.3659871305	77.72990907	14.76311526	7.506975665	0	0	0	-833.7350741	0.03512007641	-2719.14025285793	
831.1750741	96	3	1	0.8901685256	0.03419696251	96.58819807	3.041847412	0.3699545164	77.06217854	15.17813958	7.759681886	0	0	0	-831.1750741	0.03419696251	-2828.73404107058	
828.6150741	96	3	1	0.893789273	0.03330873605	96.54324674	3.083122387	0.3736308782	76.39093037	15.59489076	8.014178875	0	0	0	-828.6150741	0.03330873605	-2936.76513062968	
826.0550741	96	3	1	0.8971995763	0.03245238335	96.49976422	3.12321625	0.3770195255	75.71646272	16.01320149	8.270335793	0	0	0	-826.0550741	0.03245238335	-3043.09976691688	
823.4950741	96	3	1	0.9004152388	0.03162522861	96.45771694	3.162159084	0.3801239782	75.03909389	16.43289142	8.528014693	0	0	0	-823.4950741	0.03162522861	-3147.67746243027	
820.9350741	96	3	1	0.9034505241	0.0308249029	96.41707127	3.199980765	0.382947965	74.35916096	16.85376808	8.787070962	0	0	0	-820.9350741	0.0308249029	-3250.51406498874	
818.3750741	96	3	1	0.9063183431	0.03004931659	96.37779367	3.236710914	0.38549542	73.67701819	17.27562793	9.047353883	0	0	0	-818.3750741	0.03004931659	-3351.70246527631	
815.8150741	96	3	1	0.9090304146	0.02929663462	96.33985067	3.272378847	0.3877704801	72.99303508	17.69825762	9.308707304	0	0	0	-815.8150741	0.02929663462	-3451.41054874176	
813.2550741	96	3	1	0.9115974047	0.02856525378	96.303209	3.307013522	0.3897774802	72.30759427	18.12143533	9.570970405	0	0	0	-813.2550741	0.02856525378	-3549.87675428244	
810.6950741	96	3	1	0.9140290467	0.02785378172	96.26783557	3.340643486	0.3915209482	71.62108919	18.54493226	9.833978553	0	0	0	-810.6950741	0.02785378172	-3647.40366973907	
808.1350741	96	3	1	0.9163342456	0.02716101718	96.23369757	3.373296829	0.3930055984	70.93392155	18.96851422	10.09756423	0	0	0	-808.1350741	0.02716101718	-3744.350187272	
805.5750741	96	3	1	0.9185211686	0.02648593135	96.20076254	3.405001131	0.3942363245	70.24649871	19.39194326	10.36155803	0	0	0	-805.5750741	0.02648593135	-3841.12524689791	
803.0150741	96	3	1	0.9205973241	0.02582765089	96.1689984	3.435783407	0.3952181926	69.55923094	19.81497941	10.62578965	0	0	0	-803.0150741	0.02582765089	-3938.17226664514	
800.4550741	96	3	1	0.9225696307	0.02518543885	96.13837349	3.46567008	0.3959564284	68.87252868	20.23738234	10.89008898	0	0	0	-800.4550741	0.02518543885	-4035.95494986604	
797.8950741	96	3	1	0.9244444768	0.02455867777	96.10885664	3.494686957	0.3964564039	68.1867999	20.65891303	11.15428707	0	0	0	-797.8950741	0.02455867777	-4134.97020871361	
795.3350741	96	3	1	0.926227774	0.02394685905	96.08041721	3.522859157	0.3967236327	67.50244729	21.07933549	11.41821722	0	0	0	-795.3350741	0.02394685905	-4235.72415073747	
792.7750741	96	3	1	0.9279250029	0.02334956281	96.05302514	3.550211103	0.3967637533	66.81986581	21.49841827	11.68171592	0	0	0	-792.7750741	0.02334956281	-4338.71452055661	
790.2150741	96	3	1	0.9295412537	0.02276644544	96.02665098	3.5767665	0.3965825155	66.13944026	21.91593597	11.94462377	0	0	0	-790.2150741	0.02276644544	-4444.44028777586	
787.6550741	96	3	1	0.9310812615	0.02219722652	96.00126592	3.602548314	0.3961857667	65.46154313	22.33167053	12.20678634	0	0	0	-787.6550741	0.02219722652	-4553.39078985458	
785.0950741	96	3	1	0.9325494386	0.0216416765	95.9768418	3.627578763	0.395579437	64.78653255	22.7454125	12.46805495	0	0	0	-785.0950741	0.0216416765	-4666.04079986904	
782.5350741	96	3	1	0.9339499012	0.0210996055	95.95335117	3.651879308	0.3947695249	64.11475065	23.15696204	12.72828731	0	0	0	-782.5350741	0.0210996055	-4782.84738021213	
779.9750741	96	3	1	0.9352864949	0.02057085321	95.93076727	3.675470649	0.3937620826	63.44652201	23.56612987	12.98734812	0	0	0	-779.9750741	0.02057085321	-4904.24756772422	
777.4150741	96	3	1	0.936562816	0.02005527995	95.90906407	3.698372731	0.3925632009	62.78215254	23.97273794	13.24510953	0	0	0	-777.4150741	0.02005527995	-5030.65672753131	
774.8550741	96	3	1	0.9377822315	0.01955275884	95.88821626	3.720604747	0.3911789955	62.12192846	24.37662002	13.50145152	0	0	0	-774.8550741	0.01955275884	-5162.46783624525	
772.2950741	96	3	1	0.9389478958	0.01906316917	95.86819926	3.742185151	0.3896155931	61.46611573	24.77762211	13.75626217	0	0	0	-772.2950741	0.01906316917	-5300.05135974378	
769.7350741	96	3	1	0.9400627673	0.01858639084	95.84898921	3.763131668	0.3878791177	60.81495956	25.17560266	14.00943778	0	0	0	-769.7350741	0.01858639084	-5443.75536462233	
767.1750741	96	3	1	0.9411296217	0.01812229986	95.83056301	3.783461315	0.3859756785	60.16868431	25.57043268	14.26088301	0	0	0	-767.1750741	0.01812229986	-5593.90632108872	
764.6150741	96	3	1	0.9421510651	0.01767076486	95.81289823	3.803190415	0.3839113583	59.52749346	25.96199572	14.51051082	0	0	0	-764.6150741	0.01767076486	-5750.80990478596	
762.0550741	96	3	1	0.9431295458	0.01723164446	95.79597318	3.822334617	0.381692202	58.89156991	26.35018767	14.75824243	0	0	0	-762.0550741	0.01723164446	-5917.81864268198	
759.4950741	96	3	1	0.9440673912	0.01680520945	95.77976567	3.84091009	0.379324242	58.26106819	26.73492189	15.00400992	0	0	0	-759.4950741	0.01680520945	-6087.05220774386	
756.9350741	96	3	1	0.9449667236	0.01639020436	95.76425768	3.858928998	0.376813319	57.63614835	27.11610747	15.24774417	0	0	0	-756.9350741	0.01639020436	-6262.99300907418	
754.3750741	96	3	1	0.9458295906	0.01598734809	95.74942848	3.876406149	0.3741653743	57.0169258	27.49368088	15.48939332	0	0	0	-754.3750741	0.01598734809	-6451.26982815713	
751.8150741	96	3	1	0.9466579064	0.01559621599	95.73525906	3.893354728	0.3713862121	56.40350654	27.86758408	15.72890938	0	0	0	-751.8150741	0.01559621599	-6645.86894370754	
749.2550741	96	3	1	0.9474534718	0.0152166006	95.72173108	3.909787358	0.3684815576	55.79597934	28.23776936	15.96625131	0	0	0	-749.2550741	0.0152166006	-6848.67448558584	
746.6950741	96	3	1	0.948217982	0.01484828473	95.70882682	3.925716127	0.3654570521	55.19441664	28.60419871	16.20138465	0	0	0	-746.6950741	0.01484828473	-7059.89024591898	
744.1350741	96	3	1	0.9489530331	0.01449103913	95.69652914	3.941152611	0.362318248	54.59887551	28.96684334	16.43428116	0	0	0	-744.1350741	0.01449103913	-7279.69093139405	
741.5750741	96	3	1	0.949660128	0.0141446248	95.6848215	3.956107894	0.3590706045	54.00939864	29.32568295	16.66491841	0	0	0	-741.5750741	0.0141446248	-7508.24809106708	
739.0150741	96	3	1	0.9503406821	0.01380879411	95.67368792	3.970592593	0.3557194851	53.42601536	29.68070523	16.8932794	0	0	0	-739.0150741	0.01380879411	-7745.72166483772	
736.4550741	96	3	1	0.9509960289	0.01348329218	95.66311297	3.984616878	0.3522701539	52.84874262	30.03190519	17.11935219	0	0	0	-736.4550741	0.01348329218	-7992.26296907519	
733.8950741	96	3	1	0.951627425	0.01316785832	95.65308173	3.998190491	0.3487277744	52.27758594	30.3792846	17.34312947	0	0	0	-733.8950741	0.01316785832	-8248.01444361496	
731.3350741	96	3	1	0.9522360547	0.01286222734	95.64357983	4.011322767	0.3450974072	51.71254042	30.72285137	17.56460822	0	0	0	-731.3350741	0.01286222734	-8513.11106503844	
728.7750741	96	3	1	0.9528230341	0.01256613098	95.63459334	4.02402265	0.3413840094	51.15359161	31.06261905	17.78378934	0	0	0	-728.7750741	0.01256613098	-8787.68085912438	
726.2150741	96	3	1	0.9533894161	0.01227929912	95.62610885	4.036298715	0.3375924337	50.60071644	31.39860628	18.00067729	0	0	0	-726.2150741	0.01227929912	-9071.84471262433	
723.6550741	96	3	1	0.9539361932	0.012001461	95.61811339	4.048159181	0.3337274281	50.05388401	31.73083623	18.21527977	0	0	0	-723.6550741	0.012001461	-9365.71815800099	
721.0950741	96	3	1	0.9544643022	0.01173234635	95.61059444	4.059611928	0.3297936361	49.51305643	32.05933618	18.42760739	0	0	0	-721.0950741	0.01173234635	-9669.41051102081	
718.5350741	96	3	1	0.9549746267	0.01147168634	95.60353989	4.070664514	0.3257955965	48.97818955	32.38413706	18.63767339	0	0	0	-718.5350741	0.01147168634	-9983.02587858633	
715.9750741	96	3	1	0.955468001	0.01121921454	95.59693807	4.081324187	0.3217377444	48.44923368	32.70527299	18.84549333	0	0	0	-715.9750741	0.01121921454	-10306.6628657469	
713.4150741	96	3	1	0.9559452126	0.01097466765	95.59077769	4.091597899	0.3176244116	47.92613423	33.02278092	19.05108485	0	0	0	-713.4150741	0.01097466765	-10640.4162688089	
710.8550741	96	3	1	0.9564070054	0.01073778631	95.58504785	4.10149232	0.3134598276	47.40883232	33.33670025	19.25446743	0	0	0	-710.8550741	0.01073778631	-10984.3762425866	
708.2950741	96	3	1	0.9568540823	0.0105083156	95.57973803	4.111013851	0.3092481206	46.89726538	33.64707248	19.45566215	0	0	0	-708.2950741	0.0105083156	-11338.6277056393	
705.7350741	96	3	1	0.9572871074	0.01028600561	95.57483805	4.120168631	0.3049933185	46.39136761	33.95394092	19.65469147	0	0	0	-705.7350741	0.01028600561	-11703.2526652976	
703.1750741	96	3	1	0.9577067087	0.01007061187	95.5703381	4.128962552	0.3006993501	45.89107053	34.2573504	19.85157907	0	0	0	-703.1750741	0.01007061187	-12078.3288912885	
700.6150741	96	3	1	0.9581134799	0.009861895687	95.56622868	4.13740127	0.2963700466	45.39630336	34.557347	20.04634964	0	0	0	-700.6150741	0.009861895687	-12463.9304277017	
698.0550741	96	3	1	0.9585079831	0.009659624438	95.56250065	4.145490209	0.2920091426	44.90699344	34.8539778	20.23902875	0	0	0	-698.0550741	0.009659624438	-12860.1295470031	
695.4950741	96	3	1	0.9588907499	0.009463571826	95.55914515	4.153234577	0.2876202776	44.42306662	35.1472907	20.42964268	0	0	0	-695.4950741	0.009463571826	-13266.9902478738	
692.9350741	96	3	1	0.9592622837	0.009273517855	95.55615363	4.16063937	0.283206997	43.94444754	35.43733419	20.61821827	0	0	0	-692.9350741	0.009273517855	-13684.5784542035	
690.3750741	96	3	1	0.9596230614	0.00908924925	95.55351786	4.167709381	0.2787727542	43.47105998	35.72415717	20.80478284	0	0	0	-690.3750741	0.00908924925	-14112.9563054853	
687.8150741	96	3	1	0.9599735349	0.008910559207	95.55122988	4.174449209	0.2743209112	43.0028271	36.00780884	20.98936406	0	0	0	-687.8150741	0.008910559207	-14552.1789815805	
685.2550741	96	3	1	0.9603141325	0.008737247585	95.54928199	4.180863265	0.2698547402	42.53967166	36.2883385	21.17198984	0	0	0	-685.2550741	0.008737247585	-15002.3025711921	
682.6950741	96	3	1	0.9606452602	0.00856912083	95.54766679	4.18695578	0.2653774251	42.08151631	36.56579545	21.35268825	0	0	0	-682.6950741	0.00856912083	-15463.3786914378	
680.1350741	96	3	1	0.9609673035	0.008405991937	95.54637713	4.192730811	0.2608920625	41.62828369	36.84022887	21.53148743	0	0	0	-680.1350741	0.008405991937	-15935.4562690585	
677.5750741	96	3	1	0.961280628	0.008247680368	95.54540609	4.198192244	0.2564016633	41.1798967	37.11168774	21.70841556	0	0	0	-677.5750741	0.008247680368	-16418.5813973817	
675.0150741	96	3	1	0.9615855809	0.008094011959	95.54474704	4.203343807	0.2519091537	40.73627855	37.38022071	21.88350074	0	0	0	-675.0150741	0.008094011959	-16912.7975146941	
672.4550741	96	3	1	0.961882492	0.007944818801	95.54439356	4.208189067	0.2474173763	40.29735299	37.64587605	22.05677096	0	0	0	-672.4550741	0.007944818801	-17418.1453215151	
669.8950741	96	3	1	0.9621716748	0.00779993911	95.54433946	4.212731444	0.2429290918	39.86304436	37.9087016	22.22825405	0	0	0	-669.8950741	0.00779993911	-17934.6626052465	
667.3350741	96	3	1	0.9624534273	0.007659217078	95.54457881	4.216974208	0.2384469795	39.43327772	38.16874465	22.39797763	0	0	0	-667.3350741	0.007659217078	-18462.3847392084	
664.7750741	96	3	1	0.9627280327	0.007522502728	95.54510587	4.220920487	0.233973639	39.00797894	38.42605197	22.56596908	0	0	0	-664.7750741	0.007522502728	-19001.3443773773	
662.2150741	96	3	1	0.9629957607	0.007389651744	95.54591514	4.224573274	0.2295115908	38.58707479	38.68066969	22.73225552	0	0	0	-662.2150741	0.007389651744	-19551.5713412123	
659.6550741	96	3	1	0.9632568681	0.00726052531	95.5470013	4.227935427	0.2250632778	38.17049297	38.93264331	22.89686372	0	0	0	-659.6550741	0.00726052531	-20113.0932762683	
657.0950741	96	3	1	0.9635115991	0.007134989941	95.54835926	4.231009675	0.2206310659	37.7581622	39.18201764	23.05982016	0	0	0	-657.0950741	0.007134989941	-20685.9348433415	
654.5350741	96	3	1	0.9637601868	0.007012917305	95.54998413	4.233798621	0.2162172452	37.35001224	39.42883682	23.22115094	0	0	0	-654.5350741	0.007012917305	-21270.1180418347	
651.9750741	96	3	1	0.9640028529	0.006894184055	95.55187122	4.236304748	0.2118240311	36.94597397	39.67314424	23.3808818	0	0	0	-651.9750741	0.006894184055	-21865.6624347657	
649.4150741	96	3	1	0.9642398092	0.006778671654	95.55401602	4.238530419	0.207453565	36.54597937	39.91498255	23.53903808	0	0	0	-649.4150741	0.006778671654	-22472.5849155684	
646.8550741	96	3	1	0.9644712575	0.006666266205	95.5564142	4.240477882	0.2031079152	36.14996159	40.15439366	23.69564475	0	0	0	-646.8550741	0.006666266205	-23090.8998362406	
644.2950741	96	3	1	0.9646973905	0.006556858281	95.55906165	4.242149274	0.1987890781	35.75785495	40.39141872	23.85072634	0	0	0	-644.2950741	0.006556858281	-23720.6185044797	
641.7350741	96	3	1	0.964918392	0.006450342755	95.5619544	4.243546622	0.1944989785	35.36959494	40.62609809	24.00430697	0	0	0	-641.7350741	0.006450342755	-24361.749839994	
639.1750741	96	3	1	0.9651344378	0.006346618642	95.56508868	4.244671846	0.1902394711	34.98511825	40.8584714	24.15641035	0	0	0	-639.1750741	0.006346618642	-25014.3000909509	
636.6150741	96	3	1	0.9653456955	0.006245588934	95.56846089	4.245526766	0.1860123409	34.6043628	41.08857746	24.30705975	0	0	0	-636.6150741	0.006245588934	-25678.2724738239	
634.0550741	96	3	1	0.9655523258	0.006147160446	95.5720676	4.246113097	0.1818193041	34.22726766	41.31645433	24.45627802	0	0	0	-634.0550741	0.006147160446	-26353.6677875267	
631.4950741	96	3	1	0.965754482	0.006051243665	95.57590553	4.246432457	0.1776620089	33.85377314	41.5421393	24.60408756	0	0	0	-631.4950741	0.006051243665	-27040.4836462875	
628.9350741	96	3	1	0.9659523108	0.005957752599	95.5799716	4.246486369	0.1735420363	33.48382073	41.76566889	24.75051038	0	0	0	-628.9350741	0.005957752599	-27738.714879548	
626.3750741	96	3	1	0.9661459527	0.005866604638	95.58426284	4.24627626	0.1694609009	33.11735313	41.98707887	24.895568	0	0	0	-626.3750741	0.005866604638	-28448.3535196664	
623.8150741	96	3	1	0.9663355421	0.005777720413	95.58877648	4.245803467	0.1654200515	32.75431419	42.20640424	25.03928157	0	0	0	-623.8150741	0.005777720413	-29169.3884839913	
621.2550741	96	3	1	0.9665212078	0.005691023664	95.59350989	4.245069236	0.1614208721	32.39464895	42.42367926	25.18167178	0	0	0	-621.2550741	0.005691023664	-29901.80587739	
618.6950741	96	3	1	0.9667030733	0.005606441111	95.59846059	4.244074726	0.1574646825	32.03830362	42.63893748	25.32275891	0	0	0	-618.6950741	0.005606441111	-30645.5881710708	
616.1350741	96	3	1	0.9668812567	0.005523902327	95.60362625	4.24282101	0.1535527389	31.68522552	42.85221167	25.46256281	0	0	0	-616.1350741	0.005523902327	-31400.7151908472	
613.5750741	96	3	1	0.9670558715	0.005443339624	95.60900469	4.241309075	0.149686235	31.33536312	43.06353394	25.60110293	0	0	0	-613.5750741	0.005443339624	-32167.1635461026	
611.0150741	96	3	1	0.9672270264	0.005364687933	95.61459387	4.239539829	0.1458663024	30.98866602	43.27293566	25.73839831	0	0	0	-611.0150741	0.005364687933	-32944.9056426033	
608.4550741	96	3	1	0.9673948259	0.005287884694	95.62039189	4.237514096	0.1420940116	30.6450849	43.48044752	25.87446758	0	0	0	-608.4550741	0.005287884694	-33733.9116127082	
605.8950741	96	3	1	0.96755937	0.005212869755	95.62639701	4.235232622	0.1383703724	30.3045715	43.68609952	26.00932898	0	0	0	-605.8950741	0.005212869755	-34534.1472946545	
603.3350741	96	3	1	0.9677207549	0.005139585262	95.63260759	4.232696075	0.1346963352	29.96707865	43.889921	26.14300035	0	0	0	-603.3350741	0.005139585262	-35345.5748875028	
600.7750741	96	3	1	0.9678790732	0.005067975569	95.63902216	4.229905047	0.1310727909	29.63256023	44.09194062	26.27549915	0	0	0	-600.7750741	0.005067975569	-36168.1537437822	
598.2150741	96	3	1	0.9680344135	0.004997987141	95.64563937	4.226860056	0.1275005727	29.30097112	44.29218642	26.40684246	0	0	0	-598.2150741	0.004997987141	-37001.8385127438	
595.6550741	96	3	1	0.9681868612	0.004929568464	95.652458	4.223561544	0.1239804559	28.97226721	44.4906858	26.53704699	0	0	0	-595.6550741	0.004929568464	-37846.5799770847	
593.0950741	96	3	1	0.9683364984	0.00486266996	95.65947696	4.220009883	0.1205131592	28.64640539	44.68746552	26.66612908	0	0	0	-593.0950741	0.00486266996	-38702.3253936703	
590.5350741	96	3	1	0.9684834039	0.004797243906	95.66669528	4.216205372	0.1170993456	28.32334351	44.88255177	26.79410472	0	0	0	-590.5350741	0.004797243906	-39569.0171421192	
587.9750741	96	3	1	0.9686276539	0.004733244352	95.67411213	4.212148243	0.1137396225	28.00304038	45.07597009	26.92098953	0	0	0	-587.9750741	0.004733244352	-40446.5935799131	
585.4150741	96	3	1	0.9687693213	0.00467062705	95.6817268	4.207838657	0.1104345432	27.68545572	45.26774549	27.0467988	0	0	0	-585.4150741	0.00467062705	-41334.9888672329	
582.8550741	96	3	1	0.9689084765	0.004609349379	95.68953868	4.203276709	0.1071846073	27.37055017	45.45790237	27.17154747	0	0	0	-582.8550741	0.004609349379	-42234.1325885451	
580.2950741	96	3	1	0.9690451873	0.004549370279	95.69754731	4.198462426	0.1039902619	27.05828526	45.64646458	27.29525015	0	0	0	-580.2950741	0.004549370279	-43143.9485987005	
577.7350741	96	3	1	0.9691795191	0.00449065018	95.70575233	4.193395772	0.1008519019	26.74862342	45.83345545	27.41792114	0	0	0	-577.7350741	0.00449065018	-44064.3565285523	
575.1750741	96	3	1	0.9693115348	0.004433150946	95.71415348	4.188076644	0.09776987124	26.44152789	46.01889772	27.53957439	0	0	0	-575.1750741	0.004433150946	-44995.2715155098	
572.6150741	96	3	1	0.9694412949	0.00437683581	95.72275066	4.182504878	0.09474446354	26.13696277	46.20281366	27.66022357	0	0	0	-572.6150741	0.00437683581	-45936.6018088249	
570.0550741	96	3	1	0.9695688581	0.004321669317	95.73154383	4.176680248	0.09177592315	25.834893	46.38522498	27.77988202	0	0	0	-570.0550741	0.004321669317	-46888.2515347318	
567.4950741	96	3	1	0.9696942808	0.004267617272	95.74053309	4.170602466	0.08886444591	25.53528429	46.56615292	27.89856279	0	0	0	-567.4950741	0.004267617272	-47850.1193341854	
564.9350741	96	3	1	0.9698176174	0.004214646685	95.74971864	4.164271182	0.08601018005	25.23810314	46.74561823	28.01627863	0	0	0	-564.9350741	0.004214646685	-48822.0965836034	
562.3750741	96	3	1	0.9699389204	0.00416272572	95.75910078	4.157685991	0.08321322713	24.94331684	46.92364115	28.13304201	0	0	0	-562.3750741	0.00416272572	-49804.0690732967	
559.8150741	96	3	1	0.9700582405	0.004111823649	95.76867993	4.150846426	0.08047364296	24.65089342	47.10024148	28.24886511	0	0	0	-559.8150741	0.004111823649	-50795.9166196503	
557.2550741	96	3	1	0.9701756268	0.004061910805	95.7784566	4.143751964	0.07779143852	24.36080162	47.27543854	28.36375984	0	0	0	-557.2550741	0.004061910805	-51797.513509895	
554.6950741	96	3	1	0.9702911265	0.004012958541	95.78843139	4.136402026	0.07516658092	24.07301095	47.44925121	28.47773783	0	0	0	-554.6950741	0.004012958541	-52808.7254923836	
552.1350741	96	3	1	0.9704047853	0.003964939182	95.79860503	4.128795976	0.07259899439	23.78749159	47.62169794	28.59081047	0	0	0	-552.1350741	0.003964939182	-53829.4108721849	
549.5750741	96	3	1	0.9705166475	0.00391782599	95.80897831	4.120933127	0.07008856122	23.50421442	47.79279672	28.70298886	0	0	0	-549.5750741	0.00391782599	-54859.4235896134	
547.0150741	96	3	1	0.9706267556	0.003871593126	95.81955214	4.112812734	0.0676351228	23.22315098	47.96256515	28.81428386	0	0	0	-547.0150741	0.003871593126	-55898.607153294	
544.4550741	96	3	1	0.9707351511	0.003826215608	95.83032752	4.104434001	0.06523848059	22.94427351	48.1310204	28.92470609	0	0	0	-544.4550741	0.003826215608	-56946.7978228383	
541.8950741	96	3	1	0.9708418737	0.003781669282	95.84130552	4.095796083	0.06289839716	22.66755485	48.29817924	29.03426591	0	0	0	-541.8950741	0.003781669282	-58003.8258544219	
539.3350741	96	3	1	0.9709469621	0.003737930786	95.85248732	4.08689808	0.06061459726	22.39296851	48.46405804	29.14297345	0	0	0	-539.3350741	0.003737930786	-59069.5097012727	
536.7750741	96	3	1	0.9710504537	0.003694977515	95.86387419	4.077739045	0.05838676882	22.12048861	48.6286728	29.2508386	0	0	0	-536.7750741	0.003694977515	-60143.6610595458	
534.2150741	96	3	1	0.9711523845	0.003652787596	95.87546746	4.068317981	0.05621456402	21.85008986	48.79203911	29.35787103	0	0	0	-534.2150741	0.003652787596	-61226.0831930621	
531.6550741	96	3	1	0.9712527897	0.003611339854	95.88726856	4.058633843	0.05409760043	21.58174759	48.95417223	29.46408018	0	0	0	-531.6550741	0.003611339854	-62316.5692571289	
529.0950741	96	3	1	0.9713517031	0.003570613787	95.899279	4.048685541	0.052035462	21.31543771	49.11508702	29.56947527	0	0	0	-529.0950741	0.003570613787	-63414.9018295127	
526.5350741	96	3	1	0.9714491575	0.003530589535	95.91150036	4.038471938	0.05002770023	21.05113669	49.274798	29.67406531	0	0	0	-526.5350741	0.003530589535	-64520.8542238396	
523.9750741	96	3	1	0.9715451847	0.003491247859	95.92393431	4.027991851	0.04807383528	20.78882158	49.43331934	29.77785908	0	0	0	-523.9750741	0.003491247859	-65634.1895676344	
521.4150741	96	3	1	0.9716398155	0.003452570112	95.93658259	4.017244057	0.04617335704	20.52846997	49.59066486	29.88086518	0	0	0	-521.4150741	0.003452570112	-66754.6591149494	
518.8550741	96	3	1	0.9717330797	0.003414538218	95.94944699	4.006227287	0.0443257263	20.27005998	49.74684805	29.98309197	0	0	0	-518.8550741	0.003414538218	-67882.0058846255	
516.2950741	96	3	1	0.9718250062	0.00337713465	95.96252939	3.994940233	0.04253037589	20.01357028	49.90188208	30.08454764	0	0	0	-516.2950741	0.00337713465	-69015.958251664	
513.7350741	96	3	1	0.971915623	0.003340342404	95.97583174	3.983381545	0.0407867118	19.75898005	50.05577977	30.18524018	0	0	0	-513.7350741	0.003340342404	-70156.2344539101	
511.1750741	96	3	1	0.9720049574	0.003304144984	95.98935605	3.971549837	0.03909411435	19.50626898	50.20855364	30.28517737	0	0	0	-511.1750741	0.003304144984	-71302.539023283	
508.6150741	96	3	1	0.9720930357	0.003268526375	96.00310438	3.959443683	0.03745193936	19.25541728	50.36021591	30.38436681	0	0	0	-508.6150741	0.003268526375	-72454.563363079	
506.0550741	96	3	1	0.9721798834	0.00323347103	96.01707886	3.947061621	0.03585951928	19.00640563	50.51077846	30.48281592	0	0	0	-506.0550741	0.00323347103	-73611.9891958601	
503.4950741	96	3	1	0.9722655253	0.003198963849	96.03128168	3.934402155	0.03431616439	18.7592152	50.66025289	30.58053191	0	0	0	-503.4950741	0.003198963849	-74774.4819925932	
500.9350741	96	3	1	0.9723499854	0.003164990161	96.04571508	3.921463756	0.03282116397	18.51382765	50.8086505	30.67752185	0	0	0	-500.9350741	0.003164990161	-75941.6940653825	
498.3750741	96	3	1	0.9724332872	0.003131535708	96.06038135	3.908244862	0.03137378746	18.2702251	50.95598231	30.77379259	0	0	0	-498.3750741	0.003131535708	-77113.2613403401	
495.8150741	96	3	1	0.9725154531	0.003098586626	96.07528283	3.894743881	0.02997328563	18.02839014	51.10225902	30.86935084	0	0	0	-495.8150741	0.003098586626	-78288.8074444534	
493.2550741	96	3	1	0.9725965053	0.003066129434	96.09042192	3.880959193	0.02861889177	17.78830581	51.24749108	30.96420312	0	0	0	-493.2550741	0.003066129434	-79467.9415415676	
490.6950741	96	3	1	0.9726764651	0.003034151015	96.10580103	3.866889149	0.02730982289	17.5499556	51.39168864	31.05835577	0	0	0	-490.6950741	0.003034151015	-80650.254502006	
488.1350741	96	3	1	0.972755353	0.003002638603	96.12142264	3.852532077	0.02604528084	17.31332343	51.53486159	31.15181498	0	0	0	-488.1350741	0.003002638603	-81835.3201576525	
485.5750741	96	3	1	0.9728331894	0.002971579767	96.13728927	3.83788628	0.0248244535	17.07839369	51.67701954	31.24458677	0	0	0	-485.5750741	0.002971579767	-83022.7004673277	
483.0150741	96	3	1	0.9729099936	0.002940962403	96.15340344	3.82295004	0.02364651597	16.84515116	51.81817184	31.336677	0	0	0	-483.0150741	0.002940962403	-84211.9366025378	
480.4550741	96	3	1	0.9729857847	0.002910774713	96.16976775	3.807721619	0.02251063169	16.61358109	51.95832756	31.42809135	0	0	0	-480.4550741	0.002910774713	-85402.5534861296	
477.8950741	96	3	1	0.973060581	0.002881005201	96.18638479	3.792199261	0.02141595364	16.3836691	52.09749553	31.51883537	0	0	0	-477.8950741	0.002881005201	-86594.0582821958	
475.3350741	96	3	1	0.9731344005	0.002851642653	96.20325718	3.776381197	0.02036162543	16.15540127	52.23568431	31.60891442	0	0	0	-475.3350741	0.002851642653	-87785.9400200931	
472.7750741	96	3	1	0.9732072605	0.002822676133	96.22038758	3.760265642	0.01934678248	15.92876406	52.37290221	31.69833373	0	0	0	-472.7750741	0.002822676133	-88977.6713025396	
470.2150741	96	3	1	0.973279178	0.002794094966	96.23777865	3.743850801	0.01837055314	15.70374436	52.50915728	31.78709837	0	0	0	-470.2150741	0.002794094966	-90168.6982951343	
467.6550741	96	3	1	0.9733501692	0.002765888728	96.25543307	3.727134872	0.01743205979	15.48032944	52.64445732	31.87521324	0	0	0	-467.6550741	0.002765888728	-91358.4575631645	
465.0950741	96	3	1	0.9734202501	0.002738047241	96.27335353	3.710116047	0.01653041993	15.25850699	52.7788099	31.96268312	0	0	0	-465.0950741	0.002738047241	-92546.3616753611	
462.5350741	96	3	1	0.9734894363	0.002710560555	96.29154274	3.692792513	0.0156647473	15.03826508	52.91222232	32.0495126	0	0	0	-462.5350741	0.002710560555	-93731.8000223716	
459.9750741	96	3	1	0.9735577428	0.002683418944	96.31000339	3.675162459	0.01483415296	14.81959218	53.04470166	32.13570616	0	0	0	-459.9750741	0.002683418944	-94914.1465096715	
457.4150741	96	3	1	0.9736251841	0.002656612894	96.32873818	3.657224077	0.01403774628	14.60247716	53.17625474	32.22126811	0	0	0	-457.4150741	0.002656612894	-96092.7521413107	
454.8550741	96	3	1	0.9736917745	0.002630133095	96.3477498	3.638975562	0.01327463604	14.38690924	53.30688814	32.30620261	0	0	0	-454.8550741	0.002630133095	-97266.9505820049	
452.2950741	96	3	1	0.9737575278	0.002603970433	96.36704095	3.62041512	0.01254393146	14.17287808	53.43660823	32.3905137	0	0	0	-452.2950741	0.002603970433	-98436.0495650372	
449.7350741	96	3	1	0.9738224575	0.002578115978	96.38661429	3.601540971	0.01184474313	13.96037367	53.56542109	32.47420524	0	0	0	-449.7350741	0.002578115978	-99599.335405227	
447.1750741	96	3	1	0.9738865764	0.002552560979	96.40647247	3.582351347	0.01117618405	13.74938641	53.69333262	32.55728097	0	0	0	-447.1750741	0.002552560979	-100756.081343544	
444.6150741	96	3	1	0.9739498973	0.002527296857	96.42661813	3.562844502	0.01053737055	13.53990707	53.82034845	32.63974448	0	0	0	-444.6150741	0.002527296857	-101905.535209911	
442.0550741	96	3	1	0.9740124325	0.002502315194	96.44705386	3.543018713	0.009927423267	13.33192681	53.94647398	32.72159921	0	0	0	-442.0550741	0.002502315194	-103046.916207807	
439.4950741	96	3	1	0.974074194	0.002477607725	96.46778225	3.522872285	0.00934546799	13.12543716	54.07171438	32.80284846	0	0	0	-439.4950741	0.002477607725	-104179.430255725	
436.9350741	96	3	1	0.9741351933	0.002453166335	96.48880581	3.502403552	0.008790636591	12.92043001	54.19607459	32.8834954	0	0	0	-436.9350741	0.002453166335	-105302.267427363	
434.3750741	96	3	1	0.9741954418	0.00242898305	96.51012705	3.481610886	0.008262067862	12.71689765	54.31955931	32.96354304	0	0	0	-434.3750741	0.00242898305	-106414.586582704	
431.8150741	96	3	1	0.9742549504	0.002405050027	96.53174839	3.460492698	0.007758908342	12.51483274	54.44217301	33.04299426	0	0	0	-431.8150741	0.002405050027	-107515.527571665	
429.2550741	96	3	1	0.9743137297	0.002381359551	96.55367224	3.439047444	0.007280313122	12.3142283	54.56391992	33.12185178	0	0	0	-429.2550741	0.002381359551	-108604.217326748	
426.6950741	96	3	1	0.9743717901	0.002357904028	96.57590092	3.41727363	0.006825446606	12.11507774	54.68480405	33.20011821	0	0	0	-426.6950741	0.002357904028	-109679.761054726	
424.1350741	96	3	1	0.9744291416	0.002334675978	96.5984367	3.395169816	0.006393483259	11.91737486	54.80482916	33.27779598	0	0	0	-424.1350741	0.002334675978	-110741.239322348	
421.5750741	96	3	1	0.9744857939	0.002311668027	96.62128177	3.372734625	0.005983608306	11.72111381	54.92399878	33.3548874	0	0	0	-421.5750741	0.002311668027	-111787.719929173	
419.0150741	96	3	1	0.9745417565	0.002288872905	96.64443824	3.34996674	0.005595018413	11.52628914	55.04231622	33.43139464	0	0	0	-419.0150741	0.002288872905	-112818.252843651	
416.4550741	96	3	1	0.9745970386	0.002266283436	96.66790816	3.326864921	0.00522692233	11.33289576	55.15978452	33.50731971	0	0	0	-416.4550741	0.002266283436	-113831.873661834	
413.8950741	96	3	1	0.9746516491	0.002243892537	96.69169346	3.303428002	0.004878541496	11.14092899	55.27640652	33.58266449	0	0	0	-413.8950741	0.002243892537	-114827.598007805	
411.3350741	96	3	1	0.9747055965	0.002221693206	96.71579599	3.2796549	0.004549110618	10.9503845	55.3921848	33.65743071	0	0	0	-411.3350741	0.002221693206	-115804.425274821	
408.7750741	96	3	1	0.9747588894	0.002199678522	96.7402175	3.255544624	0.004237878211	10.76125836	55.5071217	33.73161994	0	0	0	-408.7750741	0.002199678522	-116761.356911507	
406.2150741	96	3	1	0.9748115357	0.00217784164	96.76495962	3.231096276	0.003944107102	10.57354705	55.62121931	33.80523364	0	0	0	-406.2150741	0.00217784164	-117697.368645441	
403.6550741	96	3	1	0.9748635433	0.00215617578	96.79002386	3.206309065	0.003667074904	10.3872474	55.73447951	33.87827308	0	0	0	-403.6550741	0.00215617578	-118611.421907375	
401.0950741	96	3	1	0.9749149199	0.002134674226	96.81541162	3.181182306	0.003406074447	10.20235667	55.8469039	33.95073942	0	0	0	-401.0950741	0.002134674226	-119502.494842864	
398.5350741	96	3	1	0.9749656728	0.002113330326	96.84112415	3.155715434	0.003160414181	10.0188725	55.95849385	34.02263365	0	0	0	-398.5350741	0.002113330326	-120369.548015162	
395.9750741	96	3	1	0.9750158091	0.002092137478	96.86716257	3.129908009	0.002929418532	9.836792919	56.06925046	34.09395662	0	0	0	-395.9750741	0.002092137478	-121211.520265911	
393.4150741	96	3	1	0.9750653358	0.002071089128	96.89352785	3.103759724	0.002712428235	9.656116379	56.17917462	34.164709	0	0	0	-393.4150741	0.002071089128	-122027.407601503	
390.8550741	96	3	1	0.9751142595	0.002050178783	96.92022044	3.077270762	0.002508800769	9.47684173	56.28826691	34.23489136	0	0	0	-390.8550741	0.002050178783	-122816.094567791	
388.2950741	96	3	1	0.9751625866	0.002029399951	96.94724167	3.050440421	0.002317910015	9.298968235	56.3965277	34.30450407	0	0	0	-388.2950741	0.002029399951	-123576.535815139	
385.7350741	96	3	1	0.9752103234	0.002008746214	96.97459167	3.023269179	0.002139147372	9.122495571	56.50395707	34.37354736	0	0	0	-385.7350741	0.002008746214	-124307.773599033	
383.1750741	96	3	1	0.9752574759	0.001988211175	97.00227074	2.995757342	0.001971921339	8.947423839	56.61055486	34.4420213	0	0	0	-383.1750741	0.001988211175	-125008.750407891	
380.6150741	96	3	1	0.9753040498	0.001967788465	97.03027895	2.967905396	0.001815657807	8.77375356	56.71632062	34.50992582	0	0	0	-380.6150741	0.001967788465	-125678.450144514	
378.0550741	96	3	1	0.9753500508	0.001947471738	97.05861619	2.939714011	0.001669800178	8.601485687	56.82125364	34.57726067	0	0	0	-378.0550741	0.001947471738	-126315.881082701	
375.4950741	96	3	1	0.9753954841	0.001927254671	97.08728214	2.91118405	0.001533809432	8.430621608	56.92535296	34.64402543	0	0	0	-375.4950741	0.001927254671	-126920.069010728	
372.9350741	96	3	1	0.9754403549	0.001907130956	97.11627625	2.882316586	0.001407164177	8.26116315	57.0286173	34.71021955	0	0	0	-372.9350741	0.001907130956	-127490.069917757	
370.3750741	96	3	1	0.9754846682	0.001887094303	97.14559774	2.853112902	0.00128936065	8.093112587	57.13104514	34.77584228	0	0	0	-370.3750741	0.001887094303	-128024.972379044	
367.8150741	96	3	1	0.9755284288	0.001867138432	97.17524558	2.823574511	0.0011799127	7.926472642	57.23263464	34.84089271	0	0	0	-367.8150741	0.001867138432	-128523.87519649	
365.2550741	96	3	1	0.9755716411	0.001847257068	97.20521849	2.793703161	0.001078351724	7.761246495	57.33338372	34.90536978	0	0	0	-365.2550741	0.001847257068	-128985.928559011	
362.6950741	96	3	1	0.9756143096	0.001827443945	97.23551493	2.763500847	0.0009842265834	7.597437792	57.43328996	34.96927225	0	0	0	-362.6950741	0.001827443945	-129410.327223699	
360.1350741	96	3	1	0.9756564384	0.001807692798	97.26613307	2.732969823	0.0008971034829	7.435050642	57.53235068	35.03259868	0	0	0	-360.1350741	0.001807692798	-129796.310803683	
357.5750741	96	3	1	0.9756980314	0.001787997366	97.29707082	2.702112615	0.0008165658245	7.274089634	57.63056288	35.09534749	0	0	0	-357.5750741	0.001787997366	-130143.169462948	
355.0150741	96	3	1	0.9757390925	0.001768351385	97.32832576	2.670932027	0.0007422140297	7.114559834	57.72792326	35.1575169	0	0	0	-355.0150741	0.001768351385	-130450.237109372	
352.4550741	96	3	1	0.9757796252	0.001748748588	97.35989517	2.63943116	0.000673665337	6.956466798	57.82442823	35.21910497	0	0	0	-352.4550741	0.001748748588	-130716.92041324	
349.8950741	96	3	1	0.9758196329	0.001729182706	97.39177603	2.607613419	0.0006105535716	6.799816573	57.92007387	35.28010956	0	0	0	-349.8950741	0.001729182706	-130942.691549258	
347.3350741	96	3	1	0.9758591188	0.001709647465	97.42396494	2.575482527	0.0005525288916	6.644615705	58.01485594	35.34052835	0	0	0	-347.3350741	0.001709647465	-131127.087308607	
344.7750741	96	3	1	0.975898086	0.001690136586	97.45645821	2.543042536	0.0004992575103	6.490871246	58.10876991	35.40035885	0	0	0	-344.7750741	0.001690136586	-131269.721211759	
342.2150741	96	3	1	0.9759365373	0.001670643785	97.48925174	2.510297843	0.0004504213961	6.338590761	58.20181089	35.45959835	0	0	0	-342.2150741	0.001670643785	-131370.288774708	
339.6550741	96	3	1	0.9759744754	0.001651162774	97.52234108	2.477253199	0.0004057179524	6.187782328	58.29397368	35.51824399	0	0	0	-339.6550741	0.001651162774	-131428.56903665	
337.0950741	96	3	1	0.9760119027	0.001631687261	97.55572142	2.443913721	0.0003648596775	6.03845455	58.38525276	35.57629269	0	0	0	-337.0950741	0.001631687261	-131444.432450683	
334.5350741	96	3	1	0.9760488215	0.001612210953	97.58938752	2.41028491	0.0003275738073	5.890616558	58.47564226	35.63374118	0	0	0	-334.5350741	0.001612210953	-131417.844933698	
331.9750741	96	3	1	0.976085234	0.001592727557	97.62333374	2.376372658	0.0002936019417	5.744278014	58.56513597	35.69058601	0	0	0	-331.9750741	0.001592727557	-131348.861326028	
329.4150741	96	3	1	0.9761211422	0.001573230781	97.65755404	2.342183263	0.0002626996557	5.599449118	58.65372735	35.74682353	0	0	0	-329.4150741	0.001573230781	-131237.655321684	
326.8550741	96	3	1	0.9761565478	0.001553714344	97.69204192	2.307723444	0.0002346360985	5.456140612	58.74140952	35.80244987	0	0	0	-326.8550741	0.001553714344	-131084.505047158	
324.2950741	96	3	1	0.9761914524	0.001534171973	97.72679046	2.273000349	0.0002091935795	5.31436378	58.82817522	35.857461	0	0	0	-324.2950741	0.001534171973	-130889.791278086	
321.7350741	96	3	1	0.9762258575	0.001514597413	97.76179226	2.238021571	0.0001861671457	5.174130457	58.91401689	35.91185266	0	0	0	-321.7350741	0.001514597413	-130654.015342209	
319.1750741	96	3	1	0.9762597643	0.00149498443	97.79703948	2.20279516	0.0001653641501	5.035453026	58.99892657	35.9656204	0	0	0	-319.1750741	0.00149498443	-130377.802374949	
316.6150741	96	3	1	0.976293174	0.001475326823	97.83252376	2.167329635	0.0001466038125	4.898344418	59.082896	36.01875958	0	0	0	-316.6150741	0.001475326823	-130061.894158327	
314.0550741	96	3	1	0.9763260874	0.001455618426	97.86823629	2.131633993	0.0001297167767	4.76281812	59.16591653	36.07126535	0	0	0	-314.0550741	0.001455618426	-129707.163714964	
311.4950741	96	3	1	0.9763585054	0.001435853126	97.90416773	2.095717725	0.000114544662	4.628888164	59.24797917	36.12313267	0	0	0	-311.4950741	0.001435853126	-129314.606616698	
308.9350741	96	3	1	0.9763904285	0.001416024864	97.94030823	2.059590827	0.0001009396137	4.496569134	59.32907458	36.17435629	0	0	0	-308.9350741	0.001416024864	-128885.343452327	
306.3750741	96	3	1	0.9764218573	0.001396127656	97.97664743	2.023263806	8.876385274E-05	4.365876156	59.40919307	36.22493078	0	0	0	-306.3750741	0.001396127656	-128420.635438345	
303.8150741	96	3	1	0.9764527919	0.001376155601	98.01317441	1.986747697	7.788922509E-05	4.236824894	59.4883246	36.2748505	0	0	0	-303.8150741	0.001376155601	-127921.877988411	
301.2550741	96	3	1	0.9764832326	0.001356102903	98.04987774	1.950054065	6.819675419E-05	4.109431547	59.56645881	36.32410965	0	0	0	-301.2550741	0.001356102903	-124149.946336487	
300	96	3	1	0.9764979781	0.0006578310959	98.06793409	1.932002068	6.384303641E-05	4.047584547	59.6043959	36.34801955	0	0	0	-300	0.0006578310959	120555.145322788	
