T	w(AL)	w(MG)	w(SI)	fs	fw(@FCC_A1)	w(AL@FCC_A1)	w(MG@FCC_A1)	w(SI@FCC_A1)	w(AL@LIQUID)	w(MG@LIQUID)	w(SI@LIQUID)	dwdT_L(AL@LIQUID)	dwdT_L(MG@LIQUID)	dwdT_L(SI@LIQUID)	-T	fw(@FCC_A1)_1	-T//fw(@FCC_A1)	
K	%	%	%	mole/mole	kg/kg	%	%	%	%	%	%	SI	SI	SI				
888.3391942	91	5	4	0	0	98.39900061	1.252420187	0.3485791986	91	5	4	0.002127145848	-0.001077380174	-0.001049765674	-888.3391942	0	17.3161159732097	
888.3291942	91	5	4	0.0002868047577	0.0002875642085	98.39874221	1.252603793	0.3486539929	90.99787281	5.00107746	4.001049726	0	0	0	-888.3291942	0.0002875642085	52.2335686148214	
888.3091942	91	5	4	0.0008597565389	0.0005746577044	98.39822551	1.2529709	0.3488035881	90.99361835	5.003232246	4.003149405	0	0	0	-888.3091942	0.0005746577044	69.6890270317701	
888.2691942	91	5	4	0.002004013017	0.00114821999	98.39719232	1.25370492	0.349102762	90.98510855	5.007542073	4.007349375	0	0	0	-888.2691942	0.00114821999	69.7976474135048	
888.1891942	91	5	4	0.00428599332	0.002292491637	98.3951278	1.255171256	0.3497009445	90.96808573	5.016162503	4.015751765	0	0	0	-888.1891942	0.002292491637	70.0343693691115	
888.0291942	91	5	4	0.008823980153	0.004569263836	98.39100546	1.258097808	0.3508967306	90.93402719	5.033406486	4.032566329	0	0	0	-888.0291942	0.004569263836	70.5598386965667	
887.7091942	91	5	4	0.01778825574	0.00906851993	98.3827884	1.263925259	0.3532863406	90.86585963	5.067902996	4.066237375	0	0	0	-887.7091942	0.00906851993	71.6379506368761	
887.0691942	91	5	4	0.03530096232	0.01787830324	98.36646256	1.275480486	0.3580569563	90.72931947	5.136939787	4.133740739	0	0	0	-887.0691942	0.01787830324	73.7291534453397	
885.7891942	91	5	4	0.06874582933	0.03476390122	98.33424099	1.298195756	0.3675632557	90.4554135	5.275199188	4.269387312	0	0	0	-885.7891942	0.03476390122	78.0964221265358	
883.2291942	91	5	4	0.1299091028	0.06586280282	98.27149447	1.34207272	0.3864328109	89.90427452	5.552534705	4.54319078	0	0	0	-883.2291942	0.06586280282	-911.110366350061	
880.6691942	91	5	4	0.1843053484	0.06270298206	98.21090518	1.384019022	0.4050757968	89.34858051	5.831398583	4.820020903	0	0	0	-880.6691942	0.06270298206	-853.55721909721	
878.1091942	91	5	4	0.2329613514	0.05983598825	98.15243382	1.424075604	0.423490579	88.78826646	6.111899065	5.099834477	0	0	0	-878.1091942	0.05983598825	-939.204624682894	
875.5491942	91	5	4	0.2767131226	0.05722725367	98.09604242	1.462281983	0.4416755965	88.22327523	6.394135439	5.382589331	0	0	0	-875.5491942	0.05722725367	-1029.73921727698	
872.9891942	91	5	4	0.3162443266	0.05484360109	98.04169392	1.498676312	0.4596297712	87.65355224	6.678199073	5.66824869	0	0	0	-872.9891942	0.05484360109	-1124.49712861009	
870.4291942	91	5	4	0.3521190378	0.05265712476	97.98935209	1.533295548	0.4773523651	87.07904703	6.96417345	5.956779517	0	0	0	-870.4291942	0.05265712476	-1223.41747905889	
867.8691942	91	5	4	0.3848065228	0.05064427048	97.93898139	1.566175711	0.4948429011	86.49971374	7.252134659	6.248151596	0	0	0	-867.8691942	0.05064427048	-1326.4448308646	
865.3091942	91	5	4	0.4147001465	0.04878501593	97.89054681	1.597352095	0.5121010943	85.91551152	7.542151777	6.542336699	0	0	0	-865.3091942	0.04878501593	-1433.50663956954	
862.7491942	91	5	4	0.4421319561	0.04706222655	97.84401376	1.626859448	0.529126792	85.32640504	7.83428712	6.839307835	0	0	0	-862.7491942	0.04706222655	-1544.51165821886	
860.1891942	91	5	4	0.4673840502	0.04546115043	97.79934795	1.654732128	0.5459199207	84.73236502	8.128596416	7.139038564	0	0	0	-860.1891942	0.04546115043	-1659.34827894474	
857.6291942	91	5	4	0.4906975265	0.04396901385	97.75651533	1.681004232	0.5624804387	84.13336874	8.425128909	7.441502347	0	0	0	-857.6291942	0.04396901385	-1777.88228283565	
855.0691942	91	5	4	0.5122795849	0.04257469722	97.715482	1.705709708	0.5788082929	83.52940067	8.723927385	7.746671947	0	0	0	-855.0691942	0.04257469722	-1899.95538346721	
852.5091942	91	5	4	0.5323092144	0.04126847268	97.67621417	1.728882453	0.5949033803	82.92045298	9.02502816	8.054518862	0	0	0	-852.5091942	0.04126847268	-2025.38406892953	
849.9491942	91	5	4	0.5509417803	0.04004179068	97.6386781	1.75055639	0.6107655121	82.3065262	9.328461017	8.365012787	0	0	0	-849.9491942	0.04004179068	-2153.95851822344	
847.3891942	91	5	4	0.5683127514	0.03888710451	97.60284008	1.77076554	0.6263943809	81.68762978	9.634249113	8.678121106	0	0	0	-847.3891942	0.03888710451	-2285.44214078944	
844.8291942	91	5	4	0.584540748	0.03779772595	97.56866639	1.789544075	0.6417895302	81.06378274	9.94240885	8.993808409	0	0	0	-844.8291942	0.03779772595	-2419.57188830133	
842.2691942	91	5	4	0.5997300516	0.03676770541	97.53612331	1.806926364	0.6569503264	80.43501423	10.25294974	9.312036033	0	0	0	-842.2691942	0.03676770541	-2556.05906965814	
839.7091942	91	5	4	0.6139726815	0.03579173209	97.50517706	1.822947008	0.6718759332	79.80136412	10.56587424	9.632761637	0	0	0	-839.7091942	0.03579173209	-2694.59109019157	
837.1491942	91	5	4	0.6273501253	0.03486505038	97.47579384	1.837640869	0.6865652873	79.16288361	10.8811776	9.955938796	0	0	0	-837.1491942	0.03486505038	-2834.83401254931	
834.5891942	91	5	4	0.6399347861	0.03398338956	97.44793984	1.851043084	0.7010170769	78.5196357	11.19884767	10.28151663	0	0	0	-834.5891942	0.03398338956	-2976.43599919107	
832.0291942	91	5	4	0.6517912001	0.03314290443	97.42158121	1.863189072	0.7152297221	77.87169573	11.5188648	10.60943946	0	0	0	-832.0291942	0.03314290443	-3119.03185896179	
829.4691942	91	5	4	0.662977066	0.03234012509	97.3966841	1.874114541	0.729201357	77.21915183	11.84120164	10.93964652	0	0	0	-829.4691942	0.03234012509	-3262.24835637542	
826.9091942	91	5	4	0.6735441187	0.03157191415	97.37321471	1.883855475	0.742929815	76.56210529	12.16582303	11.27207167	0	0	0	-826.9091942	0.03157191415	-3405.71028367428	
824.3491942	91	5	4	0.6835388738	0.03083543026	97.35113926	1.892448121	0.7564126157	75.90067089	12.49268592	11.60664319	0	0	0	-824.3491942	0.03083543026	-3549.04729254716	
821.7891942	91	5	4	0.693003265	0.03012809686	97.33042408	1.899928964	0.769646955	75.23497714	12.82173927	11.94328358	0	0	0	-821.7891942	0.03012809686	-3691.90140667186	
819.2291942	91	5	4	0.7019751925	0.02944757542	97.3110356	1.906334703	0.7826296977	74.56516646	13.15292406	12.28190948	0	0	0	-819.2291942	0.02944757542	-3833.93443239907	
816.6691942	91	5	4	0.7104889946	0.02879174221	97.29294042	1.911702208	0.7953573733	73.89139522	13.48617324	12.62243154	0	0	0	-816.6691942	0.02879174221	-3974.83546462411	
814.1091942	91	5	4	0.7185758568	0.02815866828	97.27610534	1.916068482	0.8078261749	73.21383371	13.82141185	12.96475444	0	0	0	-814.1091942	0.02815866828	-4114.32854971751	
811.5491942	91	5	4	0.7262641666	0.02754660205	97.26049743	1.919470609	0.8200319609	72.53266599	14.15855709	13.30877692	0	0	0	-811.5491942	0.02754660205	-4252.1790572999	
808.9891942	91	5	4	0.7335798225	0.02695395394	97.24608404	1.921945701	0.8319702615	71.84808963	14.4975185	13.65439187	0	0	0	-808.9891942	0.02695395394	-4388.19979672113	
806.4291942	91	5	4	0.7405465037	0.026379283	97.23283288	1.923530835	0.8436362872	71.16031532	14.83819816	14.00148652	0	0	0	-806.4291942	0.026379283	-4522.25582062518	
803.8691942	91	5	4	0.7471859064	0.02582128488	97.22071206	1.924262994	0.8550249421	70.46956638	15.180491	14.34994262	0	0	0	-803.8691942	0.02582128488	-4654.26783867611	
801.3091942	91	5	4	0.7535179515	0.02527878117	97.20969016	1.924178996	0.8661308403	69.77607811	15.5242851	14.69963678	0	0	0	-801.3091942	0.02527878117	-4784.21438881763	
798.7491942	91	5	4	0.7595609667	0.02475070968	97.19973625	1.923315424	0.8769483262	69.0800971	15.86946213	15.05044077	0	0	0	-798.7491942	0.02475070968	-4912.13270218687	
796.1891942	91	5	4	0.7653318479	0.02423611569	97.19081995	1.92170855	0.8874714985	68.38188031	16.21589775	15.40222193	0	0	0	-796.1891942	0.02423611569	-5038.11743245244	
793.6291942	91	5	4	0.770846201	0.02373414368	97.1829115	1.919394266	0.8976942374	67.68169419	16.56346216	15.75484365	0	0	0	-793.6291942	0.02373414368	-5162.32001990655	
791.0691942	91	5	4	0.7761184683	0.02324403011	97.17598176	1.916408008	0.9076102337	66.97981356	16.91202063	16.10816581	0	0	0	-791.0691942	0.02324403011	-5284.94313096373	
788.5091942	91	5	4	0.7811620398	0.02276509579	97.1700023	1.91278468	0.9172130229	66.27652049	17.26143411	16.4620454	0	0	0	-788.5091942	0.02276509579	-5406.19176840944	
785.9491942	91	5	4	0.7859893509	0.02229673201	97.16494539	1.908558598	0.9264960142	65.57210336	17.61155971	16.81633692	0	0	0	-785.9491942	0.02229673201	-5526.53255617232	
783.3891942	91	5	4	0.7906119782	0.02183843715	97.1607841	1.903763314	0.9354525823	64.86685441	17.96225201	17.17089358	0	0	0	-783.3891942	0.02183843715	-5646.07057373884	
780.8291942	91	5	4	0.795040703	0.02138970503	97.15749223	1.898431782	0.9440759873	64.1610707	18.31336254	17.52556677	0	0	0	-780.8291942	0.02138970503	-5765.18701453179	
778.2691942	91	5	4	0.7992855963	0.02095015807	97.15504441	1.892596052	0.9523595416	63.4550505	18.66474164	17.88020786	0	0	0	-778.2691942	0.02095015807	-5884.46183104364	
775.7091942	91	5	4	0.803356074	0.02051943793	97.15341608	1.886287334	0.9602965896	62.74909313	19.01623861	18.23466826	0	0	0	-775.7091942	0.02051943793	-6004.12987120059	
773.1491942	91	5	4	0.8072609538	0.02009724135	97.15258352	1.879535919	0.967880563	62.04349736	19.36770252	18.58880013	0	0	0	-773.1491942	0.02009724135	-6124.64714770352	
770.5891942	91	5	4	0.8110085056	0.01968330809	97.15252384	1.872371133	0.975105024	61.33856008	19.71898287	18.94245705	0	0	0	-770.5891942	0.01968330809	-6246.43316496381	
768.0291942	91	5	4	0.8146064959	0.01927741585	97.153215	1.864821293	0.9819637082	60.63457507	20.06993033	19.2954946	0	0	0	-768.0291942	0.01927741585	-6369.908493661	
765.4691942	91	5	4	0.8180622283	0.01887937552	97.15463576	1.856913676	0.9884505656	59.93183178	20.42039731	19.64777091	0	0	0	-765.4691942	0.01887937552	-6495.4906976631	
762.9091942	91	5	4	0.8213825789	0.01848902665	97.15676572	1.848674483	0.9945598011	59.23061416	20.77023861	19.99914723	0	0	0	-762.9091942	0.01848902665	-6627.28358428933	
760.3491942	91	5	4	0.8245741131	0.01810664726	97.15958476	1.840128894	1.000286348	58.53119047	21.11931561	20.34949392	0	0	0	-760.3491942	0.01810664726	-6755.71279731175	
757.7891942	91	5	4	0.8276428138	0.01773102895	97.16307518	1.83130053	1.005624287	57.8338498	21.46748093	20.69866927	0	0	0	-757.7891942	0.01773102895	-6886.53937918346	
755.2291942	91	5	4	0.8305945044	0.01736301248	97.16721828	1.822212608	1.010569114	57.13884348	21.81460484	21.04655168	0	0	0	-755.2291942	0.01736301248	-7026.86368702606	
752.6691942	91	5	4	0.8334346463	0.01700225215	97.17199669	1.812886898	1.015116414	56.44642376	22.16055691	21.39301933	0	0	0	-752.6691942	0.01700225215	-7168.89586272129	
750.1091942	91	5	4	0.8361684061	0.01664867171	97.17739375	1.803344057	1.019262192	55.75683304	22.50521148	21.73795548	0	0	0	-750.1091942	0.01664867171	-7315.29271907934	
747.5491942	91	5	4	0.8388006762	0.01630220399	97.18339347	1.793603634	1.023002899	55.0703033	22.84844794	22.08124876	0	0	0	-747.5491942	0.01630220399	-7466.38650716448	
744.9891942	91	5	4	0.8413360919	0.01596278676	97.18998045	1.783684093	1.026335452	54.38705561	23.19015104	22.42279335	0	0	0	-744.9891942	0.01596278676	-7622.47775890251	
742.4291942	91	5	4	0.8437790478	0.0156303609	97.19713992	1.773602824	1.029257256	53.70729981	23.53021104	22.76248915	0	0	0	-742.4291942	0.0156303609	-7783.85099290644	
739.8691942	91	5	4	0.8461337124	0.01530486854	97.20485761	1.763376174	1.031766214	53.03123422	23.86852391	23.10024186	0	0	0	-739.8691942	0.01530486854	-7950.77218469685	
737.3091942	91	5	4	0.848404042	0.01498625153	97.21311979	1.753019468	1.033860743	52.3590455	24.20499145	23.43596305	0	0	0	-737.3091942	0.01498625153	-8123.48981286817	
734.7491942	91	5	4	0.8505937928	0.01467445019	97.22191318	1.742547046	1.035539777	51.69090855	24.53952129	23.76957016	0	0	0	-734.7491942	0.01467445019	-8302.23492471708	
732.1891942	91	5	4	0.8527065325	0.01436940226	97.23122493	1.73197229	1.036802779	51.02698658	24.87202695	24.10098647	0	0	0	-732.1891942	0.01436940226	-8487.22225436868	
729.6291942	91	5	4	0.8547456508	0.01407104216	97.2410426	1.721307663	1.037649738	50.36743112	25.20242783	24.43014105	0	0	0	-729.6291942	0.01407104216	-8678.65048296571	
727.0691942	91	5	4	0.8567143698	0.01377930035	97.25135408	1.710564746	1.038081171	49.71238225	25.53064911	24.75696864	0	0	0	-727.0691942	0.01377930035	-8876.70271895892	
724.5091942	91	5	4	0.8586157523	0.01349410296	97.26214761	1.699754272	1.038098118	49.06196877	25.85662167	25.08140955	0	0	0	-724.5091942	0.01349410296	-9081.54840602394	
721.9491942	91	5	4	0.8604527109	0.01321537158	97.27341169	1.688886171	1.037702142	48.4163085	26.18028201	25.4034095	0	0	0	-721.9491942	0.01321537158	-9293.3425873302	
719.3891942	91	5	4	0.8622280159	0.0129430231	97.28513508	1.677969605	1.036895315	47.77550856	26.50157203	25.72291941	0	0	0	-719.3891942	0.0129430231	-9512.2276729488	
716.8291942	91	5	4	0.8639443028	0.01267696982	97.29730678	1.667013006	1.035680213	47.13966576	26.82043893	26.0398953	0	0	0	-716.8291942	0.01267696982	-9738.33374450303	
714.2691942	91	5	4	0.865604079	0.0124171195	97.30991597	1.656024121	1.034059905	46.50886699	27.136835	26.35429801	0	0	0	-714.2691942	0.0124171195	-9971.77901738396	
711.7091942	91	5	4	0.867209731	0.01216337563	97.32295202	1.645010042	1.032037937	45.88318957	27.45071742	26.66609301	0	0	0	-711.7091942	0.01216337563	-10212.6710321133	
709.1491942	91	5	4	0.86876353	0.01191563767	97.33640443	1.633977252	1.029618321	45.26270176	27.76204806	26.97525018	0	0	0	-709.1491942	0.01191563767	-10461.1064804459	
706.5891942	91	5	4	0.8702676381	0.01167380139	97.35026282	1.622931655	1.026805521	44.64746314	28.07079325	27.28174361	0	0	0	-706.5891942	0.01167380139	-10717.1725358837	
704.0291942	91	5	4	0.8717241138	0.01143775924	97.36451695	1.611878617	1.023604433	44.03752507	28.3769236	27.58555132	0	0	0	-704.0291942	0.01143775924	-10980.9469290237	
701.4691942	91	5	4	0.8731349173	0.01120740073	97.37915663	1.600822996	1.020020372	43.43293118	28.68041373	27.88665509	0	0	0	-701.4691942	0.01120740073	-11252.4976642542	
698.9091942	91	5	4	0.8745019154	0.01098261281	97.39417177	1.589769177	1.016059052	42.83371776	28.98124206	28.18504018	0	0	0	-698.9091942	0.01098261281	-11531.8868168349	
696.3491942	91	5	4	0.875826886	0.0107632804	97.40955232	1.578721105	1.01172657	42.23991426	29.2793906	28.48069514	0	0	0	-696.3491942	0.0107632804	-11819.1636481881	
693.7891942	91	5	4	0.877111523	0.01054928651	97.4252883	1.56768231	1.007029387	41.65154369	29.57484473	28.77361158	0	0	0	-693.7891942	0.01054928651	-12114.3738961341	
691.2291942	91	5	4	0.8783574401	0.01034051306	97.44136975	1.556655945	1.001974306	41.06862308	29.86759296	29.06378396	0	0	0	-691.2291942	0.01034051306	-12417.5560147762	
688.6691942	91	5	4	0.8795661753	0.01013684088	97.45778674	1.545644802	0.9965684611	40.49116388	30.15762676	29.35120936	0	0	0	-688.6691942	0.01013684088	-12728.7368099651	
686.1091942	91	5	4	0.8807391941	0.009938150284	97.47452936	1.534651347	0.9908192899	39.91917236	30.44494031	29.63588732	0	0	0	-686.1091942	0.009938150284	-13047.9403039725	
683.5491942	91	5	4	0.8818778936	0.009744321369	97.49158774	1.52367774	0.9847345204	39.35265003	30.72953035	29.91781962	0	0	0	-683.5491942	0.009744321369	-13375.1824516987	
680.9891942	91	5	4	0.8829836056	0.009555234342	97.50895199	1.512725857	0.9783221502	38.79159397	31.01139593	30.1970101	0	0	0	-680.9891942	0.009555234342	-13710.4728824028	
678.4291942	91	5	4	0.8840576004	0.009370769828	97.52661226	1.501797317	0.971590428	38.23599721	31.2905383	30.47346449	0	0	0	-678.4291942	0.009370769828	-14053.8148155916	
675.8691942	91	5	4	0.8851010892	0.009190809142	97.54455867	1.490893494	0.9645478355	37.68584909	31.56696068	30.74719022	0	0	0	-675.8691942	0.009190809142	-14405.2055336719	
673.3091942	91	5	4	0.8861152274	0.009015234555	97.56278139	1.480015543	0.9572030689	37.14113555	31.84066812	31.01819633	0	0	0	-673.3091942	0.009015234555	-14764.6364120523	
670.7491942	91	5	4	0.8871011174	0.008843929515	97.58127056	1.469164415	0.9495650214	36.60183944	32.11166734	31.28649322	0	0	0	-670.7491942	0.008843929515	-15132.0930345303	
668.1891942	91	5	4	0.8880598112	0.008676778862	97.60001636	1.458340872	0.9416427655	36.06794082	32.37996658	31.55209259	0	0	0	-668.1891942	0.008676778862	-15507.5554921006	
665.6291942	91	5	4	0.8889923131	0.008513669007	97.61900896	1.447545504	0.9334455355	35.53941725	32.64557545	31.8150073	0	0	0	-665.6291942	0.008513669007	-15890.9982660233	
663.0691942	91	5	4	0.8898995815	0.008354488095	97.63823855	1.436778744	0.9249827111	35.01624399	32.90850482	32.07525119	0	0	0	-663.0691942	0.008354488095	-16282.3906308355	
660.5091942	91	5	4	0.890782532	0.008199126147	97.65769532	1.42604088	0.9162638008	34.49839429	33.16876669	32.33283902	0	0	0	-660.5091942	0.008199126147	-16681.6967559596	
657.9491942	91	5	4	0.8916420388	0.008047475181	97.67736951	1.415332068	0.9072984256	33.9858396	33.42637404	32.58778637	0	0	0	-657.9491942	0.008047475181	-17088.875709989	
655.3891942	91	5	4	0.8924789372	0.007899429313	97.69725135	1.404652344	0.8980963035	33.47854975	33.68134077	32.84010947	0	0	0	-655.3891942	0.007899429313	-17503.8814522948	
652.8291942	91	5	4	0.8932940254	0.00775488484	97.71733113	1.394001632	0.8886672344	32.9764932	33.9336816	33.0898252	0	0	0	-652.8291942	0.00775488484	-17926.6633341	
650.2691942	91	5	4	0.8940880663	0.007613740314	97.73759916	1.383379757	0.8790210849	32.47963716	34.18341191	33.33695094	0	0	0	-650.2691942	0.007613740314	-18357.1660055624	
647.7091942	91	5	4	0.8948617891	0.007475896591	97.75804577	1.372786453	0.869167774	31.98794779	34.43054772	33.58150449	0	0	0	-647.7091942	0.007475896591	-18795.3296148975	
645.1491942	91	5	4	0.8956158915	0.007341256877	97.77866137	1.362221372	0.8591172593	31.50139035	34.6751056	33.82350405	0	0	0	-645.1491942	0.007341256877	-19241.0897755408	
642.5891942	91	5	4	0.8963510405	0.00720972675	97.79943639	1.35168409	0.848879523	31.01992933	34.91710256	34.06296811	0	0	0	-642.5891942	0.00720972675	-19694.3778532526	
640.0291942	91	5	4	0.8970678744	0.007081214184	97.82036132	1.341174116	0.8384645593	30.5435286	35.15655602	34.29991538	0	0	0	-640.0291942	0.007081214184	-20155.1210128787	
637.4691942	91	5	4	0.8977670042	0.00695562955	97.84142674	1.330690901	0.8278823607	30.07215152	35.3934837	34.53436478	0	0	0	-637.4691942	0.00695562955	-20623.2425171242	
634.9091942	91	5	4	0.8984490147	0.006832885622	97.86262326	1.320233837	0.8171429068	29.60576104	35.62790362	34.76633534	0	0	0	-634.9091942	0.006832885622	-21098.6615822443	
632.3491942	91	5	4	0.8991144657	0.006712897559	97.88394158	1.309802271	0.8062561514	29.14431981	35.85983401	34.99584618	0	0	0	-632.3491942	0.006712897559	-21581.2936995029	
629.7891942	91	5	4	0.8997638936	0.006595582897	97.90537248	1.299395507	0.7952320112	28.68779028	36.08929324	35.22291648	0	0	0	-629.7891942	0.006595582897	-22071.0508500134	
627.2291942	91	5	4	0.9003978122	0.00648086152	97.92690684	1.289012807	0.784080355	28.23613478	36.31629984	35.44756538	0	0	0	-627.2291942	0.00648086152	-22567.8415467619	
624.6691942	91	5	4	0.9010167141	0.006368655638	97.9485356	1.278653405	0.7728109925	27.78931556	36.54087239	35.66981204	0	0	0	-624.6691942	0.006368655638	-23071.5709717826	
622.1091942	91	5	4	0.9016210712	0.006258889749	97.97024983	1.268316501	0.7614336642	27.34729494	36.76302953	35.88967552	0	0	0	-622.1091942	0.006258889749	-23582.1409599572	
619.5491942	91	5	4	0.9022113361	0.006151490606	97.9920407	1.258001274	0.749958031	26.91003529	36.98278989	36.10717482	0	0	0	-619.5491942	0.006151490606	-24099.450770943	
616.9891942	91	5	4	0.9027879429	0.006046387178	98.01389946	1.247706877	0.7383936652	26.47749913	37.20017209	36.32232878	0	0	0	-616.9891942	0.006046387178	-24623.3964058572	
614.4291942	91	5	4	0.9033513082	0.005943510603	98.03581751	1.23743245	0.7267500407	26.04964915	37.4151947	36.53515615	0	0	0	-614.4291942	0.005943510603	-25153.8713880868	
611.8691942	91	5	4	0.9039018316	0.005842794149	98.05778636	1.227177115	0.7150365245	25.6264483	37.62787621	36.7456755	0	0	0	-611.8691942	0.005842794149	-25690.7670192519	
609.3091942	91	5	4	0.9044398968	0.005744173164	98.07979765	1.216939984	0.7032623681	25.20785979	37.83823499	36.95390522	0	0	0	-609.3091942	0.005744173164	-26233.9717782409	
606.7491942	91	5	4	0.9049658722	0.005647585027	98.10184314	1.20672016	0.6914366992	24.79384715	38.04628933	37.15986352	0	0	0	-606.7491942	0.005647585027	-26783.3724574235	
604.1891942	91	5	4	0.9054801117	0.005552969103	98.12391475	1.196516741	0.679568514	24.38437423	38.25205736	37.36356841	0	0	0	-604.1891942	0.005552969103	-27338.8536007553	
601.6291942	91	5	4	0.9059829552	0.005460266687	98.14600451	1.186328819	0.6676666701	23.97940526	38.45555706	37.56503768	0	0	0	-601.6291942	0.005460266687	-27900.2981086458	
599.0691942	91	5	4	0.9064747294	0.00536942096	98.16810463	1.176155488	0.655739879	23.57890487	38.65680624	37.76428889	0	0	0	-599.0691942	0.00536942096	-28467.58757414	
596.5091942	91	5	4	0.9069557484	0.005280376934	98.19020746	1.165995843	0.6437966996	23.18283809	38.85582253	37.96133938	0	0	0	-596.5091942	0.005280376934	-29040.6016866977	
593.9491942	91	5	4	0.9074263141	0.005193081402	98.21230549	1.155848981	0.6318455317	22.79117038	39.05262338	38.15620624	0	0	0	-593.9491942	0.005193081402	-29619.2191065543	
591.3891942	91	5	4	0.9078867171	0.005107482888	98.23439138	1.145714006	0.6198946103	22.40386763	39.24722603	38.34890634	0	0	0	-591.3891942	0.005107482888	-30203.3177867971	
588.8291942	91	5	4	0.9083372367	0.005023531598	98.25645797	1.13559003	0.6079519995	22.02089621	39.43964751	38.53945627	0	0	0	-588.8291942	0.005023531598	-30792.774479682	
586.2691942	91	5	4	0.9087781418	0.004941179367	98.27849824	1.125476173	0.5960255875	21.64222295	39.62990465	38.7278724	0	0	0	-586.2691942	0.004941179367	-31387.4656959101	
583.7091942	91	5	4	0.9092096914	0.004860379615	98.30050535	1.115371569	0.5841230814	21.26781513	39.81801405	38.91417082	0	0	0	-583.7091942	0.004860379615	-31987.2673606996	
581.1491942	91	5	4	0.9096321347	0.004781087293	98.32247263	1.105275363	0.5722520026	20.89764053	40.00399209	39.09836738	0	0	0	-581.1491942	0.004781087293	-32592.0550285845	
578.5891942	91	5	4	0.9100457118	0.00470325884	98.3443936	1.095186715	0.5604196826	20.5316674	40.18785492	39.28047769	0	0	0	-578.5891942	0.00470325884	-33201.7046209845	
576.0291942	91	5	4	0.9104506539	0.004626852134	98.36626194	1.085104805	0.5486332585	20.16986447	40.36961845	39.46051708	0	0	0	-576.0291942	0.004626852134	-33816.092155142	
573.4691942	91	5	4	0.910847184	0.004551826448	98.3880715	1.075028827	0.5368996701	19.81220097	40.54929839	39.63850064	0	0	0	-573.4691942	0.004551826448	-34435.0938624007	
570.9091942	91	5	4	0.9112355169	0.004478142403	98.40981635	1.064957997	0.5252256559	19.4586466	40.72691018	39.81444322	0	0	0	-570.9091942	0.004478142403	-35058.5864113122	
568.3491942	91	5	4	0.9116158598	0.004405761926	98.4314907	1.054891554	0.5136177502	19.10917153	40.90246905	39.98835941	0	0	0	-568.3491942	0.004405761926	-35686.4477502282	
565.7891942	91	5	4	0.9119884124	0.004334648208	98.45308896	1.044828757	0.5020822806	18.76374644	41.07599	40.16026356	0	0	0	-565.7891942	0.004334648208	-36318.5571037172	
563.2291942	91	5	4	0.9123533676	0.004264765663	98.47460574	1.034768891	0.4906253653	18.42234245	41.24748778	40.33016977	0	0	0	-563.2291942	0.004264765663	-36954.7943317817	
560.6691942	91	5	4	0.9127109113	0.004196079885	98.49603582	1.024711268	0.4792529113	18.08493118	41.41697692	40.49809191	0	0	0	-560.6691942	0.004196079885	-37595.4243400035	
558.1091942	91	5	4	0.9130612231	0.004128558955	98.51737416	1.014655229	0.4679706112	17.75148468	41.58447173	40.66404359	0	0	0	-558.1091942	0.004128558955	-38239.5238554984	
555.5491942	91	5	4	0.9134044763	0.004062167938	98.53861592	1.004600139	0.456783945	17.42197548	41.74998628	40.82803824	0	0	0	-555.5491942	0.004062167938	-38887.0433929084	
552.9891942	91	5	4	0.9137408382	0.003996877179	98.55975643	0.9945453961	0.4456981759	17.09637656	41.91353441	40.99008903	0	0	0	-552.9891942	0.003996877179	-39538.6237104982	
550.4291942	91	5	4	0.9140704706	0.00393265662	98.58079122	0.9844904306	0.4347183504	16.77466132	42.07512976	41.15020892	0	0	0	-550.4291942	0.00393265662	-40193.758640863	
547.8691942	91	5	4	0.9143935296	0.003869477202	98.601716	0.9744347054	0.4238492974	16.45680361	42.23478574	41.30841065	0	0	0	-547.8691942	0.003869477202	-40852.3396168717	
545.3091942	91	5	4	0.9147101662	0.003807310827	98.62252665	0.9643777183	0.4130956284	16.1427777	42.39251554	41.46470675	0	0	0	-545.3091942	0.003807310827	-41513.9689626677	
542.7491942	91	5	4	0.9150205264	0.00374612949	98.64321926	0.954318999	0.4024617387	15.83255828	42.54833214	41.61910958	0	0	0	-542.7491942	0.00374612949	-42179.1656623006	
540.1891942	91	5	4	0.9153247513	0.003685908685	98.66379008	0.9442581226	0.3919518024	15.52612044	42.70224832	41.77163124	0	0	0	-540.1891942	0.003685908685	-42847.7749821277	
537.6291942	91	5	4	0.9156229775	0.003626622099	98.68423552	0.9341946989	0.3815697784	15.22343967	42.85427668	41.92228365	0	0	0	-537.6291942	0.003626622099	-43519.1190221016	
535.0691942	91	5	4	0.915915337	0.00356824518	98.70455221	0.9241283782	0.3713194092	14.92449186	43.00442957	42.07107857	0	0	0	-535.0691942	0.00356824518	-44193.4142495422	
532.5091942	91	5	4	0.9162019576	0.003510754186	98.72473693	0.9140588519	0.3612042219	14.62925326	43.1527192	42.21802754	0	0	0	-532.5091942	0.003510754186	-44870.5730841356	
529.9491942	91	5	4	0.9164829631	0.003454126165	98.74478662	0.9039858545	0.3512275296	14.3377005	43.29915756	42.36314195	0	0	0	-529.9491942	0.003454126165	-45550.5121082941	
527.3891942	91	5	4	0.9167584731	0.003398338922	98.7646984	0.8939091643	0.3413924326	14.04981054	43.44375645	42.50643301	0	0	0	-527.3891942	0.003398338922	-46233.1514042944	
524.8291942	91	5	4	0.9170286036	0.003343370998	98.78446957	0.8838286051	0.3317018207	13.76556071	43.58652752	42.64791177	0	0	0	-524.8291942	0.003343370998	-46918.4162023423	
522.2691942	91	5	4	0.917293467	0.003289201643	98.80409758	0.8737440477	0.3221583743	13.48492867	43.72748221	42.78758911	0	0	0	-522.2691942	0.003289201643	-47606.2361083076	
519.7091942	91	5	4	0.9175531722	0.003235810794	98.82358002	0.8636554103	0.3127645672	13.20789241	43.86663183	42.92547577	0	0	0	-519.7091942	0.003235810794	-48296.5471541126	
517.1491942	91	5	4	0.9178078246	0.003183179054	98.84291467	0.8535626608	0.3035226691	12.9344302	44.00398749	43.06158231	0	0	0	-517.1491942	0.003183179054	-48989.2914143171	
514.5891942	91	5	4	0.9180575264	0.00313128767	98.86209944	0.8434658173	0.2944347474	12.66452065	44.13956015	43.1959192	0	0	0	-514.5891942	0.00313128767	-49684.4116183565	
512.0291942	91	5	4	0.9183023768	0.003080118502	98.88113238	0.8333649498	0.285502671	12.39814265	44.27336063	43.32849672	0	0	0	-512.0291942	0.003080118502	-50381.8567716039	
509.4691942	91	5	4	0.918542472	0.003029654014	98.90001171	0.8232601807	0.2767281125	12.13527535	44.4053996	43.45932505	0	0	0	-509.4691942	0.003029654014	-51081.5936546857	
506.9091942	91	5	4	0.9187779052	0.002979877267	98.91873576	0.8131516866	0.2681125518	11.8758982	44.53568756	43.58841424	0	0	0	-506.9091942	0.002979877267	-51783.5912063569	
504.3491942	91	5	4	0.9190087669	0.002930771879	98.93730302	0.803039699	0.2596572792	11.61999088	44.66423489	43.71577422	0	0	0	-504.3491942	0.002930771879	-52487.817553487	
501.7891942	91	5	4	0.9192351449	0.002882322013	98.9557121	0.7929245058	0.2513633991	11.36753334	44.79105185	43.84141481	0	0	0	-501.7891942	0.002882322013	-53194.2517919272	
499.2291942	91	5	4	0.9194571245	0.002834512362	98.97396171	0.7828064519	0.2432318334	11.11850574	44.91614855	43.96534571	0	0	0	-499.2291942	0.002834512362	-53902.8829973625	
496.6691942	91	5	4	0.9196747885	0.002787328135	98.99205073	0.7726859405	0.2352633257	10.87288848	45.03953499	44.08757653	0	0	0	-496.6691942	0.002787328135	-54613.7064876836	
494.1091942	91	5	4	0.9198882173	0.002740755036	99.00997812	0.7625634342	0.2274584448	10.63066216	45.16122105	44.20811678	0	0	0	-494.1091942	0.002740755036	-55326.7258329273	
491.5491942	91	5	4	0.9200974891	0.002694779254	99.02774296	0.7524394553	0.2198175891	10.39180761	45.28121651	44.32697588	0	0	0	-491.5491942	0.002694779254	-56041.9552360436	
488.9891942	91	5	4	0.9203026797	0.002649387447	99.04534442	0.7423145873	0.2123409906	10.15630582	45.39953101	44.44416317	0	0	0	-488.9891942	0.002649387447	-56759.4176618716	
486.4291942	91	5	4	0.9205038629	0.002604566729	99.0627818	0.7321894757	0.2050287194	9.924137971	45.51617413	44.5596879	0	0	0	-486.4291942	0.002604566729	-57479.1449815746	
483.8691942	91	5	4	0.9207011105	0.002560304655	99.08005448	0.7220648281	0.1978806879	9.69528541	45.63115534	44.67355925	0	0	0	-483.8691942	0.002560304655	-58201.1789735483	
481.3091942	91	5	4	0.9208944922	0.00251658921	99.09716193	0.7119414158	0.1908966555	9.469729644	45.74448402	44.78578634	0	0	0	-481.3091942	0.00251658921	-58925.5736479241	
478.7491942	91	5	4	0.9210840759	0.002473408798	99.11410369	0.7018200738	0.1840762329	9.247452325	45.85616945	44.89637822	0	0	0	-478.7491942	0.002473408798	-59652.3930530916	
476.1891942	91	5	4	0.9212699276	0.002430752228	99.13087941	0.6917017014	0.1774188873	9.028435238	45.96622087	45.00534389	0	0	0	-476.1891942	0.002430752228	-60381.7124672969	
473.6291942	91	5	4	0.9214521116	0.002388608705	99.14748879	0.6815872631	0.1709239465	8.812660294	46.07464743	45.11269228	0	0	0	-473.6291942	0.002388608705	-61113.6217071883	
471.0691942	91	5	4	0.9216306905	0.002346967821	99.16393161	0.6714777888	0.1645906042	8.600109515	46.18145819	45.2184323	0	0	0	-471.0691942	0.002346967821	-61848.219898085	
468.5091942	91	5	4	0.9218057252	0.002305819539	99.1802077	0.6613743738	0.1584179246	8.390765025	46.28666218	45.3225728	0	0	0	-468.5091942	0.002305819539	-62585.6214419415	
465.9491942	91	5	4	0.921977275	0.002265154192	99.19631697	0.6512781797	0.1524048473	8.184609036	46.39026836	45.4251226	0	0	0	-465.9491942	0.002265154192	-63325.9556086123	
463.3891942	91	5	4	0.9221453977	0.002224962467	99.21225937	0.641190434	0.1465501923	7.981623842	46.49228565	45.5260905	0	0	0	-463.3891942	0.002224962467	-64069.3622378751	
460.8291942	91	5	4	0.9223101498	0.002185235398	99.2280349	0.6311124304	0.140852665	7.781791804	46.59272293	45.62548527	0	0	0	-460.8291942	0.002185235398	-64816.0009756839	
458.2691942	91	5	4	0.9224715861	0.002145964362	99.24364361	0.621045529	0.135310861	7.585095337	46.69158902	45.72331564	0	0	0	-458.2691942	0.002145964362	-65566.0465856129	
455.7091942	91	5	4	0.9226297602	0.002107141066	99.25908557	0.6109911557	0.129923271	7.391516904	46.78889273	45.81959037	0	0	0	-455.7091942	0.002107141066	-66319.6857613451	
453.1491942	91	5	4	0.9227847244	0.002068757539	99.27436091	0.6009508022	0.1246882862	7.201039002	46.88464283	45.91431817	0	0	0	-453.1491942	0.002068757539	-67077.1281818126	
450.5891942	91	5	4	0.9229365298	0.002030806132	99.28946977	0.5909260258	0.119604203	7.013644147	46.97884808	46.00750777	0	0	0	-450.5891942	0.002030806132	-67838.5996646132	
448.0291942	91	5	4	0.9230852261	0.001993279502	99.30441232	0.5809184489	0.1146692276	6.829314871	47.07151722	46.09916791	0	0	0	-448.0291942	0.001993279502	-68604.3428135651	
445.4691942	91	5	4	0.9232308619	0.001956170612	99.31918876	0.570929758	0.1098814817	6.648033702	47.16265898	46.18930732	0	0	0	-445.4691942	0.001956170612	-69374.6240575193	
442.9091942	91	5	4	0.9233734847	0.001919472723	99.33379929	0.5609617036	0.1052390068	6.469783159	47.2522821	46.27793474	0	0	0	-442.9091942	0.001919472723	-70149.725951138	
440.3491942	91	5	4	0.923513141	0.001883179385	99.34824413	0.5510160991	0.1007397693	6.294545737	47.3403953	46.36505896	0	0	0	-440.3491942	0.001883179385	-70929.9561289943	
437.7891942	91	5	4	0.9236498761	0.001847284438	99.36252351	0.5410948199	0.09638166518	6.122303896	47.42700734	46.45068877	0	0	0	-437.7891942	0.001847284438	-71715.6436118019	
435.2291942	91	5	4	0.9237837343	0.001811781999	99.37663767	0.5311998022	0.09216252512	5.95304005	47.51212696	46.53483299	0	0	0	-435.2291942	0.001811781999	-72507.1387805214	
432.6691942	91	5	4	0.9239147591	0.001776666462	99.39058684	0.5213330421	0.08808011885	5.786736555	47.59576296	46.61750048	0	0	0	-432.6691942	0.001776666462	-73304.8206346089	
430.1091942	91	5	4	0.924042993	0.001741932492	99.40437125	0.5114965938	0.08413216002	5.6233757	47.67792414	46.69870016	0	0	0	-430.1091942	0.001741932492	-74109.092719198	
427.5491942	91	5	4	0.9241684775	0.00170757502	99.41799112	0.5016925686	0.08031631074	5.462939689	47.75861934	46.77844097	0	0	0	-427.5491942	0.00170757502	-74920.382569243	
424.9891942	91	5	4	0.9242912534	0.001673589236	99.43144668	0.4919231329	0.07663018614	5.305410636	47.83785745	46.85673191	0	0	0	-424.9891942	0.001673589236	-75739.149192818	
422.4291942	91	5	4	0.9244113605	0.00163997059	99.44473813	0.4821905066	0.07307135879	5.15077055	47.9156474	46.93358205	0	0	0	-422.4291942	0.00163997059	-76565.8804739394	
419.8691942	91	5	4	0.924528838	0.001606714782	99.45786568	0.4724969612	0.06963736314	4.999001324	47.99199817	47.00900051	0	0	0	-419.8691942	0.001606714782	-77401.0946981777	
417.3091942	91	5	4	0.9246437242	0.001573817763	99.47082948	0.4628448177	0.06632569972	4.850084722	48.0669188	47.08299648	0	0	0	-417.3091942	0.001573817763	-78245.3410739387	
414.7491942	91	5	4	0.9247560568	0.001541275725	99.48362972	0.4532364443	0.06313383943	4.704002369	48.1404184	47.15557923	0	0	0	-414.7491942	0.001541275725	-79099.2039204282	
412.1891942	91	5	4	0.9248658728	0.001509085104	99.49626652	0.4436742541	0.0600592276	4.560735738	48.21250614	47.22675812	0	0	0	-412.1891942	0.001509085104	-79963.3073190714	
409.6291942	91	5	4	0.9249732084	0.001477242573	99.50874001	0.4341607026	0.05709928798	4.42026614	48.28319129	47.29654257	0	0	0	-409.6291942	0.001477242573	-80838.3046126273	
407.0691942	91	5	4	0.9250780992	0.001445745035	99.52105029	0.4246982851	0.05425142673	4.282574709	48.35248318	47.36494211	0	0	0	-407.0691942	0.001445745035	-81724.8938311268	
404.5091942	91	5	4	0.9251805804	0.001414589627	99.53319743	0.4152895337	0.05151303616	4.147642392	48.42039124	47.43196637	0	0	0	-404.5091942	0.001414589627	-82623.8126921251	
401.9491942	91	5	4	0.9252806864	0.001383773708	99.54518149	0.4059370144	0.04888149843	4.015449939	48.486925	47.49762506	0	0	0	-401.9491942	0.001383773708	-83535.841375118	
399.3891942	91	5	4	0.9253784511	0.001353294863	99.55700249	0.3966433242	0.04635418921	3.885977889	48.55209408	47.56192803	0	0	0	-399.3891942	0.001353294863	-84461.8064776362	
396.8291942	91	5	4	0.9254739079	0.001323150893	99.56866043	0.3874110875	0.04392848108	3.759206558	48.61590823	47.62488521	0	0	0	-396.8291942	0.001323150893	-85402.582907558	
394.2691942	91	5	4	0.9255670897	0.001293339818	99.5801553	0.3782429529	0.04160174697	3.635116029	48.6783773	47.68650667	0	0	0	-394.2691942	0.001293339818	-86359.0926921787	
391.7091942	91	5	4	0.9256580291	0.001263859865	99.59148705	0.3691415896	0.03937136338	3.513686139	48.73951126	47.7468026	0	0	0	-391.7091942	0.001263859865	-87332.312961167	
389.1491942	91	5	4	0.9257467579	0.001234709474	99.6026556	0.3601096837	0.03723471349	3.394896472	48.79932021	47.80578331	0	0	0	-389.1491942	0.001234709474	-88323.2795591911	
386.5891942	91	5	4	0.9258333077	0.001205887287	99.61366088	0.3511499344	0.03518919027	3.278726339	48.8578144	47.86345926	0	0	0	-386.5891942	0.001205887287	-89333.0822818594	
384.0291942	91	5	4	0.9259177097	0.001177392148	99.62450275	0.3422650501	0.03323219929	3.165154776	48.91500418	47.91984104	0	0	0	-384.0291942	0.001177392148	-90362.8768497774	
381.4691942	91	5	4	0.9259999947	0.001149223098	99.63518109	0.3334577441	0.03136116156	3.054160529	48.97090009	47.97493938	0	0	0	-381.4691942	0.001149223098	-91413.881234816	
378.9091942	91	5	4	0.9260801931	0.00112137937	99.64569575	0.3247307307	0.02957351619	2.945722041	49.02551279	48.02876517	0	0	0	-378.9091942	0.00112137937	-92487.3862709775	
376.3491942	91	5	4	0.926158335	0.001093860388	99.65604656	0.3160867207	0.02786672291	2.839817446	49.0788531	48.08132945	0	0	0	-376.3491942	0.001093860388	-93584.7567794913	
373.7891942	91	5	4	0.9262344502	0.00106666576	99.66623332	0.307528417	0.02623826452	2.736424556	49.13093202	48.13264342	0	0	0	-373.7891942	0.00106666576	-94707.4316394635	
371.2291942	91	5	4	0.9263085683	0.001039795274	99.67625584	0.2990585101	0.02468564918	2.635520851	49.1817607	48.18271845	0	0	0	-371.2291942	0.001039795274	-95856.9375707774	
368.6691942	91	5	4	0.9263807184	0.001013248896	99.68611391	0.2906796736	0.02320641264	2.53708347	49.23135047	48.23156606	0	0	0	-368.6691942	0.001013248896	-97034.8887813377	
366.1091942	91	5	4	0.9264509295	0.0009870267625	99.69580732	0.2823945591	0.02179812023	2.441089202	49.27971284	48.27919796	0	0	0	-366.1091942	0.0009870267625	-98242.9894273522	
363.5491942	91	5	4	0.9265192304	0.0009611291763	99.70533584	0.274205792	0.02045836889	2.347514474	49.32685949	48.32562604	0	0	0	-363.5491942	0.0009611291763	-99483.0463888045	
360.9891942	91	5	4	0.9265856496	0.0009355566024	99.71469924	0.2661159662	0.01918478896	2.256335347	49.3728023	48.37086236	0	0	0	-360.9891942	0.0009355566024	-100756.972993669	
358.4291942	91	5	4	0.9266502155	0.0009103096618	99.72389731	0.2581276394	0.01797504591	2.167527503	49.41755333	48.41491916	0	0	0	-358.4291942	0.0009103096618	-102066.795205654	
355.8691942	91	5	4	0.9267129562	0.0008853891264	99.73292983	0.2502433281	0.01682684195	2.08106624	49.46112486	48.4578089	0	0	0	-355.8691942	0.0008853891264	-103414.66034996	
353.3091942	91	5	4	0.9267738997	0.0008607959129	99.74179658	0.2424655027	0.01573791751	1.996926463	49.50352935	48.49954419	0	0	0	-353.3091942	0.0008607959129	-104802.84453849	
350.7491942	91	5	4	0.9268330738	0.0008365310767	99.75049736	0.2347965824	0.01470605264	1.915082678	49.54477946	48.54013787	0	0	0	-350.7491942	0.0008365310767	-106233.762423134	
348.1891942	91	5	4	0.9268905063	0.0008125958056	99.759032	0.2272389303	0.01372906826	1.835508986	49.58488806	48.57960295	0	0	0	-348.1891942	0.0008125958056	-107709.977247458	
345.6291942	91	5	4	0.9269462248	0.0007889914132	99.76740032	0.2197948482	0.01280482735	1.758179076	49.62386825	48.61795267	0	0	0	-345.6291942	0.0007889914132	-109234.211157817	
343.0691942	91	5	4	0.9270002568	0.0007657193318	99.77560219	0.2124665718	0.01193123598	1.683066221	49.66173332	48.65520046	0	0	0	-343.0691942	0.0007657193318	-110809.356486057	
340.5091942	91	5	4	0.9270526297	0.000742781105	99.78363749	0.2052562657	0.01110624428	1.610143272	49.69849679	48.69135994	0	0	0	-340.5091942	0.000742781105	-112438.489065189	
337.9491942	91	5	4	0.9271033709	0.0007201783802	99.79150613	0.1981660186	0.01032784732	1.539382655	49.73417239	48.72644495	0	0	0	-337.9491942	0.0007201783802	-114124.881271079	
335.3891942	91	5	4	0.9271525076	0.0006979129002	99.79920808	0.1911978379	0.009594085806	1.47075637	49.76877407	48.76046956	0	0	0	-335.3891942	0.0006979129002	-115872.018525871	
332.8291942	91	5	4	0.927200067	0.0006759864955	99.80674331	0.1843536459	0.008903046803	1.404235984	49.80231601	48.79344801	0	0	0	-332.8291942	0.0006759864955	-117683.615035511	
330.2691942	91	5	4	0.9272460764	0.0006544010749	99.81411186	0.1776352739	0.008252864266	1.339792635	49.8348126	48.82539477	0	0	0	-330.2691942	0.0006544010749	-119563.631085763	
327.7091942	91	5	4	0.9272905629	0.0006331586167	99.82131382	0.1710444587	0.007641719524	1.277397026	49.86627846	48.85632452	0	0	0	-327.7091942	0.0006331586167	-121516.294513749	
325.1491942	91	5	4	0.9273335536	0.0006122611592	99.82834932	0.1645828373	0.007067841669	1.217019431	49.89672842	48.88625214	0	0	0	-325.1491942	0.0006122611592	-123546.12100462	
322.5891942	91	5	4	0.9273750757	0.0005917107906	99.83521855	0.1582519432	0.006529507856	1.15862969	49.92617756	48.91519275	0	0	0	-322.5891942	0.0005917107906	-125657.939079073	
320.0291942	91	5	4	0.9274151563	0.0005715096391	99.84192175	0.1520532017	0.006025043519	1.102197217	49.95464116	48.94316163	0	0	0	-320.0291942	0.0005715096391	-127856.915870781	
317.4691942	91	5	4	0.9274538225	0.0005516598619	99.84845925	0.145987926	0.005552822511	1.047691001	49.98213471	48.97017429	0	0	0	-317.4691942	0.0005516598619	-130148.585370062	
314.9091942	91	5	4	0.9274911015	0.0005321636343	99.85483142	0.1400573135	0.005111267161	0.9950796075	50.00867393	48.99624646	0	0	0	-314.9091942	0.0005321636343	-132538.881645422	
312.3491942	91	5	4	0.9275270203	0.0005130231384	99.86103871	0.1342624422	0.004698848261	0.944331189	50.03427477	49.02139404	0	0	0	-312.3491942	0.0005130231384	-135034.17353245	
309.7891942	91	5	4	0.9275616062	0.0004942405513	99.86708165	0.1286042669	0.004314084977	0.8954134882	50.05895336	49.04563315	0	0	0	-309.7891942	0.0004942405513	-137641.300926894	
307.2291942	91	5	4	0.9275948863	0.0004758180324	99.87296084	0.1230836161	0.003955544693	0.8482938468	50.08272607	49.06898009	0	0	0	-307.2291942	0.0004758180324	-140367.619412198	
304.6691942	91	5	4	0.9276268879	0.0004577577114	99.87867697	0.1177011892	0.003621842785	0.8029392145	50.10560943	49.09145135	0	0	0	-304.6691942	0.0004577577114	-143221.043503535	
302.1091942	91	5	4	0.9276576382	0.000440061674	99.8842308	0.1124575537	0.003311642334	0.7593161593	50.12762022	49.11306362	0	0	0	-302.1091942	0.000440061674	-124815.531608795	
300	91	5	4	0.9276820528	0.00034956656	99.8886853	0.1082418896	0.0030728116	0.7246520364	50.14511128	49.13023668	0	0	0	-300	0.00034956656	78200.9884192036	
