T	w(AL)	w(MG)	w(SI)	fs	fw(@FCC_A1)	w(AL@FCC_A1)	w(MG@FCC_A1)	w(SI@FCC_A1)	w(AL@LIQUID)	w(MG@LIQUID)	w(SI@LIQUID)	dwdT_L(AL@LIQUID)	dwdT_L(MG@LIQUID)	dwdT_L(SI@LIQUID)	-T	fw(@FCC_A1)_1	-T//fw(@FCC_A1)	
K	%	%	%	mole/mole	kg/kg	%	%	%	%	%	%	SI	SI	SI				
892.5363309	92	4	4	0	0	98.6222733	1.006496975	0.3712297252	92	4	4	0.002051081411	-0.0009271473632	-0.001123934048	-892.5363309	0	16.0727452939416	
892.5263309	92	4	4	0.0003092211254	0.0003097884313	98.62202323	1.006656353	0.3713204159	91.99794888	4.000927215	4.001123902	0	0	0	-892.5263309	0.0003097884313	48.4874447566711	
892.5063309	92	4	4	0.0009269363529	0.0006190612668	98.62152319	1.006975003	0.3715018045	91.99384659	4.002781513	4.003371901	0	0	0	-892.5063309	0.0006190612668	64.6948860456316	
892.4663309	92	4	4	0.002160424703	0.001236831896	98.62052335	1.007612075	0.3718645752	91.98564131	4.006490241	4.007868446	0	0	0	-892.4663309	0.001236831896	64.8087404172588	
892.3863309	92	4	4	0.004619696368	0.002468966139	98.61852541	1.008884595	0.3725899943	91.96922826	4.013908026	4.016863717	0	0	0	-892.3863309	0.002468966139	65.0520801742243	
892.2263309	92	4	4	0.009507622943	0.004919238974	98.61453591	1.011423672	0.3740404218	91.93639209	4.028744934	4.034862972	0	0	0	-892.2263309	0.004919238974	65.5914478347887	
891.9063309	92	4	4	0.01915210265	0.009755344342	98.60658315	1.016476864	0.3769399883	91.87068089	4.058420201	4.070898905	0	0	0	-891.9063309	0.009755344342	66.6988203675145	
891.2663309	92	4	4	0.03795286162	0.01920405916	98.59078049	1.026486307	0.382733204	91.73909969	4.117786156	4.143114152	0	0	0	-891.2663309	0.01920405916	68.851246227947	
889.9863309	92	4	4	0.07370782528	0.0372364685	98.55958297	1.046121666	0.3942953614	91.47529789	4.236591196	4.288110914	0	0	0	-889.9863309	0.0372364685	73.3555924304011	
887.4263309	92	4	4	0.1385956891	0.07018770666	98.49879038	1.083891131	0.4173184882	90.94512323	4.474575606	4.580301169	0	0	0	-887.4263309	0.07018770666	-787.134887855835	
884.8663309	92	4	4	0.195740422	0.06647605762	98.44003422	1.119792089	0.4401736885	90.41141234	4.713468977	4.875118679	0	0	0	-884.8663309	0.06647605762	-730.904551487496	
882.3063309	92	4	4	0.2464125378	0.0631422727	98.38326839	1.153872151	0.4628594602	89.87412595	4.953378354	5.172495694	0	0	0	-882.3063309	0.0631422727	-811.248383717091	
879.7463309	92	4	4	0.2916230105	0.06013190716	98.32844879	1.186176135	0.4853750779	89.33322622	5.194400464	5.472373312	0	0	0	-879.7463309	0.06013190716	-895.930339832779	
877.1863309	92	4	4	0.3321857662	0.05740050057	98.27553287	1.216746799	0.5077203269	88.78867602	5.436623444	5.774700531	0	0	0	-877.1863309	0.05740050057	-984.956495813847	
874.6263309	92	4	4	0.3687629785	0.05491128518	98.22447951	1.245625028	0.5298954641	88.24043968	5.680127639	6.079432685	0	0	0	-874.6263309	0.05491128518	-1078.32730285475	
872.0663309	92	4	4	0.4018985442	0.05263365902	98.17524868	1.272850213	0.5519011036	87.68848292	5.924986562	6.386530523	0	0	0	-872.0663309	0.05263365902	-1176.04774639445	
869.5063309	92	4	4	0.432043116	0.05054193067	98.12780135	1.298460512	0.5737381353	87.13277303	6.171267611	6.695959354	0	0	0	-869.5063309	0.05054193067	-1278.11473976968	
866.9463309	92	4	4	0.459573073	0.04861437033	98.08209927	1.322493078	0.5954076562	86.57327905	6.419032647	7.007688299	0	0	0	-866.9463309	0.04861437033	-1384.51906569169	
864.3863309	92	4	4	0.4848050703	0.0468324734	98.03810485	1.344984241	0.6169109095	86.0099719	6.66833847	7.321689634	0	0	0	-864.3863309	0.0468324734	-1495.2439081062	
861.8263309	92	4	4	0.5080073174	0.04518038067	97.9957811	1.365969665	0.6382492328	85.44282459	6.919237192	7.637938215	0	0	0	-861.8263309	0.04518038067	-1610.26412389134	
859.2663309	92	4	4	0.5294084099	0.0436444211	97.95509151	1.385484479	0.6594240106	84.8718125	7.171776543	7.956410957	0	0	0	-859.2663309	0.0436444211	-1729.54514777141	
856.7063309	92	4	4	0.5492043098	0.04221274475	97.91599998	1.403563386	0.6804366328	84.29691352	7.426000113	8.277086368	0	0	0	-856.7063309	0.04221274475	-1853.04181979308	
854.1463309	92	4	4	0.5675639088	0.04087502818	97.87847079	1.420240753	0.7012884561	83.71810834	7.681947542	8.599944116	0	0	0	-854.1463309	0.04087502818	-1980.69728663827	
851.5863309	92	4	4	0.5846334981	0.03962223453	97.84246854	1.435550695	0.7219807692	83.13538069	7.939654664	8.924964646	0	0	0	-851.5863309	0.03962223453	-2112.44173687058	
849.0263309	92	4	4	0.6005403876	0.03844641788	97.80795811	1.449527133	0.7425147599	82.54871758	8.199153614	9.252128803	0	0	0	-849.0263309	0.03844641788	-2248.19143711363	
846.4663309	92	4	4	0.6153958544	0.03734056213	97.77490467	1.462203849	0.7628914845	81.95810959	8.460472906	9.581417503	0	0	0	-846.4663309	0.03734056213	-2387.84767327547	
843.9063309	92	4	4	0.6292975632	0.03629844776	97.74327363	1.473614534	0.7831118389	81.36355112	8.723637477	9.912811408	0	0	0	-843.9063309	0.03629844776	-2531.29580762404	
841.3463309	92	4	4	0.6423315625	0.03531454085	97.71303065	1.483792815	0.8031765314	80.76504065	8.988668716	10.24629063	0	0	0	-841.3463309	0.03531454085	-2678.4044202017	
838.7863309	92	4	4	0.6545739436	0.03438390026	97.68414165	1.492772291	0.8230860558	80.16258109	9.25558447	10.58183445	0	0	0	-838.7863309	0.03438390026	-2829.02465530226	
836.2263309	92	4	4	0.666092224	0.03350209956	97.65657279	1.500586546	0.8428406664	79.55617994	9.524399028	10.91942103	0	0	0	-836.2263309	0.03350209956	-2982.98974745519	
833.6663309	92	4	4	0.6769465083	0.03266516109	97.63029048	1.507269168	0.8624403534	78.9458497	9.795123107	11.2590272	0	0	0	-833.6663309	0.03266516109	-3140.11489278324	
831.1063309	92	4	4	0.687190467	0.03186950005	97.60526143	1.512853755	0.8818848193	78.33160802	10.06776381	11.60062818	0	0	0	-831.1063309	0.03186950005	-3300.19715276007	
828.5463309	92	4	4	0.6968721655	0.03111187676	97.58145262	1.51737392	0.901173456	77.71347806	10.34232458	11.94419736	0	0	0	-828.5463309	0.03111187676	-3463.01592433247	
825.9863309	92	4	4	0.7060347687	0.03038935597	97.55883139	1.520863287	0.9203053225	77.09148871	10.61880517	12.28970612	0	0	0	-825.9863309	0.03038935597	-3628.33363647208	
823.4263309	92	4	4	0.7147171431	0.02969927181	97.53736539	1.523355487	0.9392791238	76.46567486	10.89720157	12.63712357	0	0	0	-823.4263309	0.02969927181	-3795.89685768352	
820.8663309	92	4	4	0.7229543733	0.02903919771	97.51702266	1.524884146	0.9580931905	75.83607763	11.17750596	12.98641641	0	0	0	-820.8663309	0.02903919771	-3965.43768743479	
818.3063309	92	4	4	0.7307782059	0.02840692029	97.49777167	1.525482873	0.9767454591	75.20274459	11.45970666	13.33754875	0	0	0	-818.3063309	0.02840692029	-4136.67573289343	
815.7463309	92	4	4	0.738217433	0.02780041686	97.47958131	1.525185238	0.9952334536	74.56572998	11.74378808	13.69048194	0	0	0	-815.7463309	0.02780041686	-4309.32047669212	
813.1863309	92	4	4	0.7452982253	0.02721783577	97.46242098	1.524024755	1.013554268	73.92509492	12.02973065	14.04517443	0	0	0	-813.1863309	0.02721783577	-4483.07373863841	
810.6263309	92	4	4	0.7520444205	0.0266574793	97.44626059	1.522034856	1.031704551	73.28090754	12.31751083	14.40158164	0	0	0	-810.6263309	0.0266574793	-4657.63278497262	
808.0663309	92	4	4	0.7584777756	0.02611778871	97.43107065	1.519248862	1.04968049	72.63324313	12.607101	14.75965587	0	0	0	-808.0663309	0.02611778871	-4832.69372188557	
805.5063309	92	4	4	0.7646181875	0.02559733114	97.41682224	1.515699957	1.0674778	71.98218429	12.89846952	15.11934618	0	0	0	-805.5063309	0.02559733114	-5007.95504732526	
802.9463309	92	4	4	0.7704838865	0.02509478808	97.40348714	1.511421152	1.08509171	71.32782099	13.19158065	15.48059836	0	0	0	-802.9463309	0.02509478808	-5183.12137897677	
800.3863309	92	4	4	0.7760916061	0.02460894521	97.39103779	1.506445252	1.102516958	70.67025061	13.48639456	15.84335482	0	0	0	-800.3863309	0.02460894521	-5357.90747659914	
797.8263309	92	4	4	0.781456733	0.02413868344	97.3794474	1.500804821	1.119747778	70.00957801	13.78286738	16.20755461	0	0	0	-797.8263309	0.02413868344	-5532.04180653434	
795.2663309	92	4	4	0.7865934401	0.02368297089	97.36868996	1.494532142	1.136777901	69.34591547	14.08095118	16.57313335	0	0	0	-795.2663309	0.02368297089	-5705.27057205862	
792.7063309	92	4	4	0.7915148037	0.02324085586	97.35874027	1.48765918	1.153600548	68.67938266	14.38059402	16.94002332	0	0	0	-792.7063309	0.02324085586	-5877.36140851571	
790.1463309	92	4	4	0.7962329078	0.02281146047	97.34957402	1.480217541	1.170208436	68.01010657	14.68174003	17.30815341	0	0	0	-790.1463309	0.02281146047	-6048.10633752944	
787.5863309	92	4	4	0.8007589373	0.02239397498	97.34116779	1.472238432	1.186593775	67.33822134	14.98432946	17.6774492	0	0	0	-787.5863309	0.02239397498	-6217.32507766188	
785.0263309	92	4	4	0.8051032605	0.02198765271	97.3334991	1.463752619	1.202748279	66.66386815	15.28829878	18.04783307	0	0	0	-785.0263309	0.02198765271	-6384.86741259432	
782.4663309	92	4	4	0.8092755031	0.0215918054	97.32654644	1.454790389	1.218663174	65.98719498	15.59358079	18.41922423	0	0	0	-782.4663309	0.0215918054	-6550.61527762002	
779.9063309	92	4	4	0.8132846147	0.02120579905	97.32028928	1.445381506	1.234329211	65.30835637	15.90010475	18.79153888	0	0	0	-779.9063309	0.02120579905	-6714.4877617144	
777.3463309	92	4	4	0.8171389283	0.02082905046	97.31470814	1.435555177	1.249736678	64.62751314	16.20779651	19.16469035	0	0	0	-777.3463309	0.02082905046	-6876.3721953971	
774.7863309	92	4	4	0.8208462121	0.02046101648	97.30978457	1.425339979	1.264875448	63.94483231	16.51657859	19.5385891	0	0	0	-774.7863309	0.02046101648	-7036.47958946928	
772.2263309	92	4	4	0.8244137233	0.02010122711	97.30550115	1.414763953	1.279734894	63.26048573	16.8263708	19.91314347	0	0	0	-772.2263309	0.02010122711	-7194.53759617652	
769.6663309	92	4	4	0.8278482406	0.01974919635	97.30184156	1.403854322	1.294304116	62.57465164	17.13708956	20.28825881	0	0	0	-769.6663309	0.01974919635	-7350.628581984	
767.1063309	92	4	4	0.831156114	0.01940453227	97.29879053	1.392637697	1.308571771	61.88751235	17.44864895	20.6638387	0	0	0	-767.1063309	0.01940453227	-7505.09345848102	
764.5463309	92	4	4	0.8343432945	0.01906685012	97.29633386	1.381139931	1.322526209	61.19925475	17.76096054	21.03978471	0	0	0	-764.5463309	0.01906685012	-7657.82740945841	
761.9863309	92	4	4	0.8374153673	0.01873580365	97.29445841	1.369386106	1.336155482	60.51006967	18.07393366	21.41599667	0	0	0	-761.9863309	0.01873580365	-7809.03046396604	
759.4263309	92	4	4	0.8403775806	0.01841107714	97.2931521	1.357400514	1.349447387	59.82015136	18.38747569	21.79237294	0	0	0	-759.4263309	0.01841107714	-7963.33301471236	
756.8663309	92	4	4	0.8432349392	0.01809273022	97.29240327	1.345206469	1.36239026	59.12968885	18.70149431	22.16881683	0	0	0	-756.8663309	0.01809273022	-8108.33723078354	
754.3063309	92	4	4	0.8459919825	0.01777954398	97.29220312	1.332826602	1.374970274	58.43890012	19.01588707	22.54521282	0	0	0	-754.3063309	0.01777954398	-8251.89289977626	
751.7463309	92	4	4	0.8486531384	0.0174721581	97.29254194	1.320282869	1.387175191	57.74797654	19.33056154	22.92146192	0	0	0	-751.7463309	0.0174721581	-8402.28270514962	
749.1863309	92	4	4	0.8512225466	0.01717009287	97.2934116	1.307596182	1.398992215	57.05712103	19.64541977	23.2974592	0	0	0	-749.1863309	0.01717009287	-8548.76704970821	
746.6263309	92	4	4	0.8537041189	0.0168731536	97.29480491	1.294786573	1.410408521	56.36653743	19.96036307	23.6730995	0	0	0	-746.6263309	0.0168731536	-8695.0042153623	
744.0663309	92	4	4	0.8561015556	0.01658116574	97.29671551	1.281873184	1.421411304	55.67642989	20.27529234	24.04827777	0	0	0	-744.0663309	0.01658116574	-8841.26812494244	
741.5063309	92	4	4	0.8584183604	0.0162939718	97.2991379	1.268874265	1.431987834	54.9870024	20.59010832	24.42288928	0	0	0	-741.5063309	0.0162939718	-8987.82220211181	
738.9463309	92	4	4	0.8606578543	0.01601143008	97.30206732	1.255807174	1.442125504	54.29845831	20.90471181	24.79682988	0	0	0	-738.9463309	0.01601143008	-9134.93573136875	
736.3863309	92	4	4	0.8628231875	0.01573341315	97.30549974	1.242688376	1.451811887	53.61099978	21.21900399	25.16999623	0	0	0	-736.3863309	0.01573341315	-9282.87784601552	
733.8263309	92	4	4	0.8649173513	0.01545980647	97.30943176	1.229533451	1.461034786	52.92482737	21.53288657	25.54228606	0	0	0	-733.8263309	0.01545980647	-9431.91608903052	
731.2663309	92	4	4	0.8669431879	0.01519050707	97.31386061	1.2163571	1.469782286	52.24013955	21.84626209	25.91359836	0	0	0	-731.2663309	0.01519050707	-9582.31434477567	
728.7063309	92	4	4	0.8689034007	0.01492542231	97.31878404	1.203173156	1.478042806	51.55713228	22.1590341	26.28383362	0	0	0	-728.7063309	0.01492542231	-9734.33095371651	
726.1463309	92	4	4	0.8708005623	0.0146644687	97.32420025	1.189994599	1.485805147	50.87599864	22.47110738	26.65289398	0	0	0	-726.1463309	0.0146644687	-9888.21783782598	
723.5863309	92	4	4	0.872637123	0.01440757084	97.33010788	1.17683357	1.493058547	50.19692841	22.78238815	27.02068344	0	0	0	-723.5863309	0.01440757084	-10044.2190870594	
721.0263309	92	4	4	0.8744154181	0.01415466038	97.33650589	1.163701392	1.499792718	49.52010775	23.09278423	27.38710801	0	0	0	-721.0263309	0.01415466038	-10202.5692358808	
718.4663309	92	4	4	0.8761376747	0.01390567507	97.34339352	1.150608585	1.505997899	48.84571889	23.4022052	27.75207591	0	0	0	-718.4663309	0.01390567507	-10363.4939208722	
715.9063309	92	4	4	0.8778060179	0.01366055794	97.35077021	1.137564893	1.511664897	48.17393981	23.71056259	28.1154976	0	0	0	-715.9063309	0.01366055794	-10527.2087714454	
713.3463309	92	4	4	0.8794224767	0.01341925647	97.35863557	1.124579303	1.516785124	47.504944	24.01776997	28.47728602	0	0	0	-713.3463309	0.01341925647	-10693.9183906782	
710.7863309	92	4	4	0.8809889896	0.01318172188	97.36698929	1.111660075	1.521350636	46.83890027	24.32374312	28.83735661	0	0	0	-710.7863309	0.01318172188	-10863.8162179717	
708.2263309	92	4	4	0.882507409	0.01294790845	97.37583107	1.09881476	1.525354169	46.17597249	24.62840009	29.19562742	0	0	0	-708.2263309	0.01294790845	-11037.0855315131	
705.6663309	92	4	4	0.8839795062	0.01271777299	97.38516059	1.086050236	1.528789169	45.51631946	24.93166135	29.55201919	0	0	0	-705.6663309	0.01271777299	-11213.8987014423	
703.1063309	92	4	4	0.885406976	0.01249127426	97.39497745	1.073372727	1.531649821	44.86009476	25.23344981	29.90645542	0	0	0	-703.1063309	0.01249127426	-11394.4165902409	
700.5463309	92	4	4	0.8867914398	0.01226837253	97.40528109	1.060787836	1.533931071	44.20744667	25.53369094	30.25886239	0	0	0	-700.5463309	0.01226837253	-11578.7896396536	
697.9863309	92	4	4	0.8881344501	0.01204902916	97.41607077	1.048300572	1.535628653	43.55851803	25.83231277	30.60916919	0	0	0	-697.9863309	0.01204902916	-11767.1604383195	
695.4263309	92	4	4	0.8894374938	0.01183320635	97.42734552	1.035915377	1.536739102	42.91344623	26.12924599	30.95730778	0	0	0	-695.4263309	0.01183320635	-11959.6560527016	
692.8663309	92	4	4	0.8907019952	0.01162086654	97.43910407	1.023636156	1.537259774	42.27236316	26.42442391	31.30321292	0	0	0	-692.8663309	0.01162086654	-12156.3990320048	
690.3063309	92	4	4	0.8919293192	0.01141197262	97.45134484	1.011466303	1.537188852	41.63539518	26.71778255	31.64682227	0	0	0	-690.3063309	0.01141197262	-12357.5032283722	
687.7463309	92	4	4	0.8931207743	0.01120648729	97.46406591	0.9994087326	1.536525358	41.00266316	27.00926057	31.98807628	0	0	0	-687.7463309	0.01120648729	-12563.0687008272	
685.1863309	92	4	4	0.8942776151	0.01100437312	97.47726494	0.9874659027	1.535269156	40.37428246	27.29879933	32.32691821	0	0	0	-685.1863309	0.01100437312	-12773.191941554	
682.6263309	92	4	4	0.8954010446	0.01080559235	97.4909392	0.9756398449	1.533420957	39.75036303	27.58634284	32.66329413	0	0	0	-682.6263309	0.01080559235	-12987.959720818	
680.0663309	92	4	4	0.8964922173	0.01061010678	97.5050855	0.9639321894	1.530982312	39.13100942	27.87183778	32.9971528	0	0	0	-680.0663309	0.01061010678	-13207.4525842984	
677.5063309	92	4	4	0.8975522406	0.01041787773	97.5197002	0.9523441907	1.527955611	38.51632089	28.15523339	33.32844571	0	0	0	-677.5063309	0.01041787773	-13431.7445494106	
674.9463309	92	4	4	0.8985821775	0.01022886596	97.53477917	0.9408767527	1.524344077	37.90639146	28.43648156	33.65712698	0	0	0	-674.9463309	0.01022886596	-13660.9023685751	
672.3863309	92	4	4	0.8995830482	0.01004303164	97.5503178	0.9295304523	1.520151752	37.30131002	28.71553666	33.98315332	0	0	0	-672.3863309	0.01004303164	-13894.9881580825	
669.8263309	92	4	4	0.9005558326	0.009860334373	97.56631095	0.9183055631	1.515383486	36.70116045	28.99235559	34.30648397	0	0	0	-669.8263309	0.009860334373	-14134.0593468893	
667.2663309	92	4	4	0.9015014713	0.009680733185	97.582753	0.9072020776	1.510044921	36.10602169	29.26689769	34.62708062	0	0	0	-667.2663309	0.009680733185	-14378.1682264662	
664.7063309	92	4	4	0.9024208679	0.009504186551	97.59963779	0.8962197284	1.504142477	35.5159679	29.5391247	34.9449074	0	0	0	-664.7063309	0.009504186551	-14627.3632844327	
662.1463309	92	4	4	0.9033148906	0.009330652434	97.61695867	0.8853580091	1.497683324	34.93106856	29.8090007	35.25993074	0	0	0	-662.1463309	0.009330652434	-14881.689814552	
659.5863309	92	4	4	0.9041843733	0.009160088334	97.63470844	0.8746161936	1.490675368	34.35138861	30.07649203	35.57211936	0	0	0	-659.5863309	0.009160088334	-15141.1898972016	
657.0263309	92	4	4	0.9050301176	0.008992451332	97.65287942	0.8639933551	1.483127223	33.77698856	30.34156728	35.88144416	0	0	0	-657.0263309	0.008992451332	-15405.9034366938	
654.4663309	92	4	4	0.905852894	0.008827698164	97.67146343	0.8534883838	1.475048186	33.20792463	30.60419719	36.18787819	0	0	0	-654.4663309	0.008827698164	-15675.8683608067	
651.9063309	92	4	4	0.906653443	0.00866578527	97.69045179	0.8431000037	1.466448209	32.64424887	30.86435458	36.49139654	0	0	0	-651.9063309	0.00866578527	-15951.1209281974	
649.3463309	92	4	4	0.9074324767	0.00850666887	97.70983534	0.832826789	1.457337874	32.08600934	31.12201435	36.79197631	0	0	0	-649.3463309	0.00850666887	-16231.6964727966	
646.7863309	92	4	4	0.90819068	0.008350305025	97.72960446	0.822667179	1.447728358	31.53325017	31.37715332	37.08959651	0	0	0	-646.7863309	0.008350305025	-16517.6296516879	
644.2263309	92	4	4	0.9089287115	0.00819664971	97.7497491	0.8126194927	1.437631405	30.98601174	31.62975026	37.384238	0	0	0	-644.2263309	0.00819664971	-16808.9551567445	
641.6663309	92	4	4	0.9096472049	0.008045658881	97.77025877	0.8026819422	1.427059293	30.44433079	31.87978576	37.67588345	0	0	0	-641.6663309	0.008045658881	-17105.7076383313	
639.1063309	92	4	4	0.9103467699	0.007897288537	97.79112255	0.7928526458	1.416024802	29.90824055	32.12724222	37.96451723	0	0	0	-639.1063309	0.007897288537	-17407.9225064276	
636.5463309	92	4	4	0.9110279932	0.007751494791	97.81232918	0.7831296399	1.404541182	29.37777086	32.37210374	38.2501254	0	0	0	-636.5463309	0.007751494791	-17715.6361874917	
633.9863309	92	4	4	0.9116914395	0.007608233926	97.83386699	0.7735108904	1.392622115	28.85294829	32.61435611	38.5326956	0	0	0	-633.9863309	0.007608233926	-18028.8863083237	
631.4263309	92	4	4	0.9123376525	0.007467462457	97.85572401	0.7639943034	1.380281684	28.33379628	32.8539867	38.81221702	0	0	0	-631.4263309	0.007467462457	-18347.7122560449	
628.8663309	92	4	4	0.9129671557	0.007329137185	97.87788792	0.7545777353	1.36753434	27.82033521	33.09098445	39.08868034	0	0	0	-628.8663309	0.007329137185	-18672.1552435524	
626.3063309	92	4	4	0.9135804533	0.007193215248	97.90034614	0.7452590023	1.354394861	27.31258255	33.32533978	39.36207767	0	0	0	-626.3063309	0.007193215248	-19002.2586718369	
623.7463309	92	4	4	0.9141780308	0.007059654169	97.92308579	0.7360358891	1.340878325	26.81055296	33.55704455	39.63240249	0	0	0	-623.7463309	0.007059654169	-19338.0686629215	
621.1863309	92	4	4	0.9147603562	0.006928411903	97.94609377	0.7269061573	1.327000072	26.31425838	33.78609203	39.8996496	0	0	0	-621.1863309	0.006928411903	-19679.6339271762	
618.6263309	92	4	4	0.9153278802	0.006799446872	97.96935678	0.717867553	1.312775668	25.82370812	34.01247678	40.1638151	0	0	0	-618.6263309	0.006799446872	-20027.0060759135	
616.0663309	92	4	4	0.9158810375	0.006672718005	97.99286131	0.7089178144	1.298220874	25.33890902	34.23619467	40.42489631	0	0	0	-616.0663309	0.006672718005	-20380.2397513547	
613.5063309	92	4	4	0.916420247	0.006548184765	98.01659371	0.7000546785	1.283351614	24.85986546	34.45724282	40.68289172	0	0	0	-613.5063309	0.006548184765	-20739.3931650043	
610.9463309	92	4	4	0.9169459125	0.006425807185	98.04054018	0.6912758871	1.268183936	24.38657951	34.6756195	40.93780099	0	0	0	-610.9463309	0.006425807185	-21104.5278233588	
608.3863309	92	4	4	0.9174584236	0.006305545883	98.06468682	0.6825791933	1.252733986	23.91905097	34.89132417	41.18962486	0	0	0	-608.3863309	0.006305545883	-21475.708769067	
605.8263309	92	4	4	0.9179581561	0.006187362091	98.08901966	0.6739623667	1.237017974	23.45727752	35.10435736	41.43836513	0	0	0	-605.8263309	0.006187362091	-21853.0047656922	
603.2663309	92	4	4	0.9184454725	0.006071217665	98.11352466	0.6654231987	1.221052144	23.00125471	35.31472066	41.68402463	0	0	0	-603.2663309	0.006071217665	-22236.488169685	
600.7063309	92	4	4	0.9189207227	0.005957075104	98.13818775	0.6569595071	1.204852741	22.55097614	35.52241669	41.92660717	0	0	0	-600.7063309	0.005957075104	-22626.2355397412	
598.1463309	92	4	4	0.9193842444	0.00584489756	98.16299487	0.648569141	1.188435987	22.10643343	35.72744904	42.16611753	0	0	0	-598.1463309	0.00584489756	-23022.3271501229	
595.5863309	92	4	4	0.9198363638	0.005734648845	98.18793197	0.6402499846	1.171818049	21.66761638	35.92982225	42.40256138	0	0	0	-595.5863309	0.005734648845	-23424.8469436796	
593.0263309	92	4	4	0.9202773955	0.005626293435	98.21298502	0.6319999613	1.155015014	21.23451297	36.12954174	42.63594529	0	0	0	-593.0263309	0.005626293435	-23833.8829840711	
590.4663309	92	4	4	0.9207076438	0.005519796476	98.2381401	0.6238170372	1.138042862	20.80710949	36.32661384	42.86627667	0	0	0	-590.4663309	0.005519796476	-24249.5271897926	
587.9063309	92	4	4	0.9211274026	0.005415123781	98.26338333	0.6156992246	1.120917442	20.38539055	36.52104566	43.09356379	0	0	0	-587.9063309	0.005415123781	-24671.8752823097	
585.3463309	92	4	4	0.9215369556	0.005312241831	98.28870097	0.6076445848	1.103654445	19.96933917	36.71284516	43.31781567	0	0	0	-585.3463309	0.005312241831	-25101.0269366656	
582.7863309	92	4	4	0.9219365774	0.00521111777	98.31407938	0.5996512311	1.086269389	19.55893684	36.90202104	43.53904212	0	0	0	-582.7863309	0.00521111777	-25537.0857344471	
580.2263309	92	4	4	0.9223265332	0.005111719402	98.33950508	0.5917173316	1.068777589	19.15416356	37.08858274	43.7572537	0	0	0	-580.2263309	0.005111719402	-25980.1588440083	
577.6663309	92	4	4	0.9227070796	0.005014015181	98.36496475	0.5838411113	1.051194141	18.75499793	37.27254041	43.97246166	0	0	0	-577.6663309	0.005014015181	-26430.3569507845	
575.1063309	92	4	4	0.9230784647	0.004917974205	98.39044524	0.5760208545	1.033533903	18.36141717	37.45390488	44.18467795	0	0	0	-575.1063309	0.004917974205	-26887.7997217747	
572.5463309	92	4	4	0.9234409286	0.004823566242	98.41593362	0.5682549069	1.015811476	17.97339718	37.63268763	44.39391519	0	0	0	-572.5463309	0.004823566242	-27352.5983640929	
569.9863309	92	4	4	0.9237947035	0.004730761603	98.44141713	0.5605416771	0.9980411896	17.5909126	37.80890075	44.60018664	0	0	0	-569.9863309	0.004730761603	-27824.8661962991	
567.4263309	92	4	4	0.9241400142	0.004639531238	98.46688328	0.5528796384	0.9802370818	17.21393689	37.98255694	44.80350617	0	0	0	-567.4263309	0.004639531238	-28304.7400509127	
564.8663309	92	4	4	0.9244770784	0.004549846756	98.49231978	0.5452673304	0.9624128901	16.84244231	38.15366945	45.00388825	0	0	0	-564.8663309	0.004549846756	-28792.3515028839	
562.3063309	92	4	4	0.9248061067	0.004461680322	98.5177146	0.53770336	0.9445820356	16.47640002	38.32225208	45.2013479	0	0	0	-562.3063309	0.004461680322	-29287.8268894811	
559.7463309	92	4	4	0.9251273032	0.004375004678	98.54305599	0.530186403	0.9267576119	16.1157801	38.48831916	45.39590074	0	0	0	-559.7463309	0.004375004678	-29791.3006909494	
557.1863309	92	4	4	0.9254408656	0.004289793131	98.56833242	0.5227152046	0.9089523742	15.76055164	38.6518855	45.58756287	0	0	0	-557.1863309	0.004289793131	-30302.9107563767	
554.6263309	92	4	4	0.9257469853	0.004206019541	98.59353269	0.5152885807	0.8911787297	15.4106827	38.81296638	45.77635092	0	0	0	-554.6263309	0.004206019541	-30822.7973799445	
552.0663309	92	4	4	0.9260458481	0.004123658304	98.61864585	0.5079054183	0.8734487294	15.06614046	38.97157753	45.96228201	0	0	0	-552.0663309	0.004123658304	-31351.1046140486	
549.5063309	92	4	4	0.9263376337	0.004042684347	98.64366126	0.5005646761	0.8557740605	14.72689116	39.12773512	46.14537372	0	0	0	-549.5063309	0.004042684347	-31887.9789543244	
546.9463309	92	4	4	0.9266225167	0.003963073105	98.66856857	0.4932653851	0.83816604	14.39290021	39.2814557	46.32564409	0	0	0	-546.9463309	0.003963073105	-32433.5694220866	
544.3863309	92	4	4	0.926900666	0.003884800516	98.69335774	0.4860066486	0.8206356096	14.06413222	39.43275621	46.50311157	0	0	0	-544.3863309	0.003884800516	-32988.0291236406	
541.8263309	92	4	4	0.9271722459	0.003807843007	98.71801903	0.4787876427	0.8031933315	13.74055101	39.58165396	46.67779503	0	0	0	-541.8263309	0.003807843007	-33551.5127614469	
539.2663309	92	4	4	0.9274374154	0.003732177477	98.742543	0.4716076162	0.7858493844	13.42211967	39.7281666	46.84971374	0	0	0	-539.2663309	0.003732177477	-34124.177979444	
536.7063309	92	4	4	0.9276963288	0.00365778129	98.76692055	0.4644658905	0.7686135621	13.1088006	39.87231208	47.01888732	0	0	0	-536.7063309	0.00365778129	-34706.1863122536	
534.1463309	92	4	4	0.9279491361	0.003584632263	98.79114287	0.4573618593	0.7514952707	12.80055554	40.01410869	47.18533577	0	0	0	-534.1463309	0.003584632263	-35297.70130164	
531.5863309	92	4	4	0.9281959827	0.003512708651	98.81520148	0.4502949885	0.734503529	12.49734561	40.15357498	47.34907942	0	0	0	-531.5863309	0.003512708651	-35898.8898127548	
529.0263309	92	4	4	0.9284370097	0.003441989141	98.83908822	0.4432648159	0.7176469678	12.19913134	40.29072977	47.51013889	0	0	0	-529.0263309	0.003441989141	-36509.9212712988	
526.4663309	92	4	4	0.9286723544	0.003372452835	98.86279522	0.4362709502	0.7009338311	11.90587272	40.42559213	47.66853515	0	0	0	-526.4663309	0.003372452835	-37130.9690468364	
523.9063309	92	4	4	0.9289021498	0.003304079249	98.88631495	0.4293130707	0.6843719774	11.61752922	40.55818137	47.82428942	0	0	0	-523.9063309	0.003304079249	-37762.2096026523	
521.3463309	92	4	4	0.9291265253	0.003236848294	98.90964019	0.4223909267	0.6679688824	11.3340598	40.688517	47.9774232	0	0	0	-521.3463309	0.003236848294	-38403.821814674	
518.7863309	92	4	4	0.9293456065	0.003170740272	98.93276402	0.4155043362	0.6517316411	11.05542301	40.81661874	48.12795825	0	0	0	-518.7863309	0.003170740272	-39055.9897968442	
516.2263309	92	4	4	0.9295595157	0.003105735868	98.95567984	0.4086531855	0.6356669721	10.78157694	40.9425065	48.27591656	0	0	0	-516.2263309	0.003105735868	-39718.9006596658	
513.6663309	92	4	4	0.9297683714	0.003041816138	98.97838135	0.4018374275	0.6197812209	10.51247932	41.06620035	48.42132033	0	0	0	-513.6663309	0.003041816138	-40392.7447335286	
511.1063309	92	4	4	0.9299722891	0.002978962502	99.00086255	0.3950570815	0.6040803648	10.24808749	41.18772051	48.564192	0	0	0	-511.1063309	0.002978962502	-41077.7180255225	
508.5463309	92	4	4	0.9301713809	0.00291715674	99.02311775	0.3883122309	0.5885700181	9.988358477	41.30708735	48.70455418	0	0	0	-508.5463309	0.00291715674	-41774.0209971414	
505.9863309	92	4	4	0.930365756	0.002856380981	99.04514154	0.3816030229	0.573255437	9.733248999	41.42432136	48.84242964	0	0	0	-505.9863309	0.002856380981	-42481.8576489789	
503.4263309	92	4	4	0.9305555203	0.002796617696	99.06692881	0.3749296663	0.5581415259	9.482715493	41.53944315	48.97784136	0	0	0	-503.4263309	0.002796617696	-43201.4382737114	
500.8663309	92	4	4	0.9307407772	0.002737849695	99.08847473	0.3682924306	0.5432328435	9.236714145	41.65247342	49.11081243	0	0	0	-500.8663309	0.002737849695	-43932.9796541056	
498.3063309	92	4	4	0.9309216269	0.00268006012	99.10977475	0.3616916441	0.5285336094	8.995200913	41.76343299	49.2413661	0	0	0	-498.3063309	0.00268006012	-44676.7030437226	
495.7463309	92	4	4	0.9310981673	0.002623232436	99.1308246	0.3551276923	0.5140477106	8.758131556	41.87234271	49.36952573	0	0	0	-495.7463309	0.002623232436	-45432.8366308229	
493.1863309	92	4	4	0.9312704934	0.00256735043	99.15162027	0.3486010166	0.4997787095	8.525461648	41.97922354	49.49531481	0	0	0	-493.1863309	0.00256735043	-46201.6160608333	
490.6263309	92	4	4	0.9314386978	0.002512398203	99.17215804	0.3421121117	0.48572985	8.29714661	42.08409647	49.61875692	0	0	0	-490.6263309	0.002512398203	-46983.2845553674	
488.0663309	92	4	4	0.9316028705	0.002458360168	99.19243441	0.3356615245	0.4719040664	8.073141725	42.18698254	49.73987573	0	0	0	-488.0663309	0.002458360168	-47778.0930684201	
485.5063309	92	4	4	0.9317630995	0.002405221042	99.21244616	0.329249852	0.45830399	7.853402164	42.28790284	49.85869499	0	0	0	-485.5063309	0.002405221042	-48586.3012649266	
482.9463309	92	4	4	0.9319194701	0.002352965845	99.2321903	0.3228777388	0.4449319578	7.637883	42.38687847	49.97523853	0	0	0	-482.9463309	0.002352965845	-49408.1797057478	
480.3863309	92	4	4	0.9320720655	0.002301579896	99.2516641	0.316545876	0.4317900199	7.42653923	42.48393056	50.08953021	0	0	0	-480.3863309	0.002301579896	-50244.0066247316	
477.8263309	92	4	4	0.932220967	0.002251048804	99.27086505	0.310254998	0.4188799481	7.219325793	42.57908025	50.20159396	0	0	0	-477.8263309	0.002251048804	-51094.0724435119	
475.2663309	92	4	4	0.9323662536	0.002201358472	99.28979087	0.3040058814	0.4062032438	7.016197586	42.67234866	50.31145375	0	0	0	-475.2663309	0.002201358472	-51958.6801719718	
472.7063309	92	4	4	0.9325080023	0.002152495088	99.30843951	0.2977993419	0.3937611463	6.817109482	42.76375694	50.41913357	0	0	0	-472.7063309	0.002152495088	-52838.1444702712	
470.1463309	92	4	4	0.9326462881	0.002104445125	99.32680913	0.2916362325	0.381554641	6.622016342	42.85332621	50.52465745	0	0	0	-470.1463309	0.002104445125	-53732.7936493628	
467.5863309	92	4	4	0.9327811844	0.002057195335	99.34489809	0.2855174412	0.3695844678	6.430873032	42.94107756	50.62804941	0	0	0	-467.5863309	0.002057195335	-54642.9695603244	
465.0263309	92	4	4	0.9329127625	0.002010732747	99.36270498	0.2794438883	0.3578511294	6.243634437	43.02703208	50.72933348	0	0	0	-465.0263309	0.002010732747	-55569.0319207924	
462.4663309	92	4	4	0.933041092	0.001965044667	99.38022858	0.2734165245	0.3463548992	6.060255472	43.11121081	50.82853372	0	0	0	-462.4663309	0.001965044667	-56511.355116798	
459.9063309	92	4	4	0.933166241	0.001920118669	99.39746784	0.2674363281	0.33509583	5.880691095	43.19363476	50.92567414	0	0	0	-459.9063309	0.001920118669	-57470.3313119761	
457.3463309	92	4	4	0.9332882756	0.001875942598	99.41442194	0.2615043024	0.3240737617	5.704896317	43.27432491	51.02077877	0	0	0	-457.3463309	0.001875942598	-58446.3745170069	
454.7863309	92	4	4	0.9334072606	0.001832504566	99.4310902	0.2556214738	0.3132883297	5.532826214	43.35330218	51.1138716	0	0	0	-454.7863309	0.001832504566	-59439.9155143997	
452.2263309	92	4	4	0.9335232591	0.001789792945	99.44747214	0.2497888885	0.3027389729	5.364435935	43.43058746	51.20497661	0	0	0	-452.2263309	0.001789792945	-60451.4086057315	
449.6663309	92	4	4	0.9336363328	0.001747796371	99.46356745	0.2440076107	0.2924249413	5.199680714	43.50620155	51.29411773	0	0	0	-449.6663309	0.001747796371	-61481.3328233345	
447.1063309	92	4	4	0.9337465419	0.001706503737	99.47937598	0.2382787194	0.2823453041	5.038515874	43.58016524	51.38131888	0	0	0	-447.1063309	0.001706503737	-62530.1895563242	
444.5463309	92	4	4	0.9338539451	0.001665904191	99.49489774	0.2326033063	0.2724989574	4.880896836	43.65249923	51.46660393	0	0	0	-444.5463309	0.001665904191	-63598.5075787622	
441.9863309	92	4	4	0.9339586	0.001625987134	99.5101329	0.2269824728	0.2628846317	4.726779128	43.72322417	51.5499967	0	0	0	-441.9863309	0.001625987134	-64686.8449845599	
439.4263309	92	4	4	0.9340605626	0.001586742218	99.52508177	0.2214173276	0.2535008995	4.576118388	43.79236065	51.63152096	0	0	0	-439.4263309	0.001586742218	-65795.7895149323	
436.8663309	92	4	4	0.9341598879	0.001548159342	99.53974483	0.215908984	0.2443461823	4.428870371	43.85992917	51.71120046	0	0	0	-436.8663309	0.001548159342	-66925.9606034641	
434.3063309	92	4	4	0.9342566294	0.00151022865	99.55412268	0.2104585576	0.2354187582	4.284990955	43.92595019	51.78905885	0	0	0	-434.3063309	0.00151022865	-68078.0122686645	
431.7463309	92	4	4	0.9343508396	0.001472940528	99.56821607	0.205067163	0.2267167689	4.144436141	43.99044409	51.86511977	0	0	0	-431.7463309	0.001472940528	-69252.6355441713	
429.1863309	92	4	4	0.9344425698	0.001436285602	99.58202586	0.1997359119	0.2182382262	4.007162064	44.05343116	51.93940677	0	0	0	-429.1863309	0.001436285602	-70450.5599607225	
426.6263309	92	4	4	0.9345318702	0.001400254734	99.59555307	0.1944659101	0.2099810193	3.873124988	44.11493165	52.01194336	0	0	0	-426.6263309	0.001400254734	-71672.5572750456	
424.0663309	92	4	4	0.9346187899	0.001364839021	99.60879882	0.1892582548	0.2019429211	3.742281316	44.17496572	52.08275296	0	0	0	-424.0663309	0.001364839021	-72919.4442010191	
421.5063309	92	4	4	0.934703377	0.001330029791	99.62176437	0.1841140326	0.1941215948	3.614587586	44.23355345	52.15185896	0	0	0	-421.5063309	0.001330029791	-74192.0813136403	
418.9463309	92	4	4	0.9347856785	0.001295818598	99.63445108	0.1790343163	0.1865146001	3.49000048	44.29071486	52.21928466	0	0	0	-418.9463309	0.001295818598	-75491.3803596508	
416.3863309	92	4	4	0.9348657405	0.001262197222	99.64686044	0.1740201625	0.1791193994	3.368476817	44.34646987	52.28505331	0	0	0	-416.3863309	0.001262197222	-76818.309876973	
413.8263309	92	4	4	0.9349436083	0.001229157666	99.65899403	0.1690726097	0.1719333637	3.249973561	44.40083837	52.34918807	0	0	0	-413.8263309	0.001229157666	-78173.8910689457	
411.2663309	92	4	4	0.935019326	0.001196692149	99.67085355	0.1641926749	0.1649537787	3.134447818	44.45384013	52.41171205	0	0	0	-411.2663309	0.001196692149	-79559.2076799269	
408.7063309	92	4	4	0.935092937	0.001164793108	99.6824408	0.1593813519	0.1581778502	3.021856837	44.50549487	52.4726483	0	0	0	-408.7063309	0.001164793108	-80975.408417523	
406.1463309	92	4	4	0.9351644838	0.00113345319	99.69375768	0.1546396086	0.1516027096	2.91215801	44.55582223	52.53201976	0	0	0	-406.1463309	0.00113345319	-82423.7069362985	
403.5863309	92	4	4	0.9352340081	0.00110266525	99.7048062	0.1499683846	0.1452254195	2.805308873	44.60484177	52.58984935	0	0	0	-403.5863309	0.00110266525	-83905.3938905288	
401.0263309	92	4	4	0.9353015509	0.001072422349	99.71558843	0.1453685891	0.1390429789	2.701267104	44.652573	52.6461599	0	0	0	-401.0263309	0.001072422349	-85421.8383470614	
398.4663309	92	4	4	0.9353671523	0.001042717749	99.72610657	0.1408410986	0.1330523278	2.599990522	44.69903533	52.70097414	0	0	0	-398.4663309	0.001042717749	-86974.4859888081	
395.9063309	92	4	4	0.9354308516	0.001013544906	99.73636289	0.1363867544	0.1272503528	2.501437087	44.74424812	52.75431479	0	0	0	-395.9063309	0.001013544906	-88564.8779582987	
393.3463309	92	4	4	0.9354926877	0.0009848974738	99.74635975	0.1320063612	0.1216338912	2.405564898	44.78823065	52.80620445	0	0	0	-393.3463309	0.0009848974738	-90194.6491693852	
390.7863309	92	4	4	0.9355526984	0.0009567692921	99.75609958	0.1277006841	0.1161997362	2.312332194	44.83100212	52.85666568	0	0	0	-390.7863309	0.0009567692921	-91865.5304474262	
388.2263309	92	4	4	0.9356109213	0.0009291543866	99.76558491	0.1234704473	0.1109446409	2.22169735	44.87258169	52.90572096	0	0	0	-388.2263309	0.0009291543866	-93579.3641606919	
385.6663309	92	4	4	0.9356673928	0.0009020469632	99.77481835	0.1193163322	0.1058653228	2.133618875	44.91298843	52.9533927	0	0	0	-385.6663309	0.0009020469632	-95338.1060118826	
383.1063309	92	4	4	0.9357221492	0.000875441404	99.78380256	0.1152389748	0.100958468	2.048055414	44.95224134	52.99970325	0	0	0	-383.1063309	0.000875441404	-97143.8351555408	
380.5463309	92	4	4	0.935775226	0.0008493322627	99.7925403	0.111238965	0.09622073538	1.964965744	44.99035937	53.04467488	0	0	0	-380.5463309	0.0008493322627	-98998.7610574485	
377.9863309	92	4	4	0.935826658	0.0008237142594	99.8010344	0.1073168439	0.09164876018	1.884308772	45.02736141	53.08832982	0	0	0	-377.9863309	0.0008237142594	-100905.233739644	
375.4263309	92	4	4	0.9358764796	0.0007985822763	99.80928774	0.103473103	0.0872391581	1.806043535	45.06326626	53.1306902	0	0	0	-375.4263309	0.0007985822763	-102865.753949341	
372.8663309	92	4	4	0.9359247247	0.0007739313524	99.81730329	0.09970818224	0.08298852879	1.7301292	45.09809269	53.17177811	0	0	0	-372.8663309	0.0007739313524	-104883.200644811	
370.3063309	92	4	4	0.9359714265	0.0007497567759	99.82508407	0.09602246943	0.07889345892	1.656525061	45.1318594	53.21161553	0	0	0	-370.3063309	0.0007497567759	-106957.810527282	
367.7463309	92	4	4	0.9360166179	0.0007260527618	99.83263318	0.0924162904	0.07495053231	1.585190592	45.16458492	53.25022449	0	0	0	-367.7463309	0.0007260527618	-109099.157200501	
365.1863309	92	4	4	0.9360603312	0.0007028176245	99.83995375	0.08888993577	0.07115631109	1.516085207	45.19628798	53.28762682	0	0	0	-365.1863309	0.0007028176245	-111306.232729071	
362.6263309	92	4	4	0.9361025982	0.0006800442719	99.84704901	0.08544362015	0.06750737033	1.449168642	45.22698701	53.32384435	0	0	0	-362.6263309	0.0006800442719	-113578.474842567	
360.0663309	92	4	4	0.9361434505	0.0006577293396	99.85392221	0.08207750725	0.06400028044	1.384400685	45.25670048	53.35889884	0	0	0	-360.0663309	0.0006577293396	-115925.652538611	
357.5063309	92	4	4	0.936182919	0.0006358686912	99.86057668	0.0787917024	0.06063161526	1.321741247	45.28544677	53.39281198	0	0	0	-357.5063309	0.0006358686912	-118349.592994925	
354.9463309	92	4	4	0.9362210342	0.0006144583087	99.86701579	0.07558625183	0.05739795504	1.261150363	45.31324423	53.42560541	0	0	0	-354.9463309	0.0006144583087	-120854.469458208	
352.3863309	92	4	4	0.9362578263	0.0005934942853	99.87324297	0.07246114198	0.0542958891	1.20258819	45.34011112	53.45730069	0	0	0	-352.3863309	0.0005934942853	-123444.736681918	
349.8263309	92	4	4	0.9362933251	0.0005729728182	99.87926168	0.06941629891	0.0513220186	1.146015006	45.36606568	53.48791931	0	0	0	-349.8263309	0.0005729728182	-126125.156650313	
347.2663309	92	4	4	0.9363275601	0.0005528902024	99.88507545	0.06645158797	0.04847295905	1.091391215	45.39112607	53.51748272	0	0	0	-347.2663309	0.0005528902024	-128900.823333158	
344.7063309	92	4	4	0.9363605602	0.0005332428234	99.89068784	0.0635668134	0.04574534279	1.038677347	45.41531038	53.54601227	0	0	0	-344.7063309	0.0005332428234	-131777.188998808	
342.1463309	92	4	4	0.9363923541	0.0005140271505	99.89610246	0.0607617182	0.04313582146	0.9878340551	45.43863667	53.57352928	0	0	0	-342.1463309	0.0005140271505	-134760.09463491	
339.5863309	92	4	4	0.9364229703	0.0004952397296	99.90132295	0.05803598405	0.04064106821	0.9388221238	45.46112291	53.60005496	0	0	0	-339.5863309	0.0004952397296	-137855.800355747	
337.0263309	92	4	4	0.9364524366	0.0004768771757	99.90635299	0.0553892314	0.03825778004	0.8916024673	45.48278704	53.62561049	0	0	0	-337.0263309	0.0004768771757	-141071.02038135	
334.4663309	92	4	4	0.9364807808	0.0004589361654	99.9111963	0.05282101966	0.03598267986	0.846136134	45.50364691	53.65021696	0	0	0	-334.4663309	0.0004589361654	-144412.960876819	
331.9063309	92	4	4	0.9365080303	0.000441413429	99.91585663	0.05033084749	0.03381251863	0.8023843093	45.52372032	53.67389537	0	0	0	-331.9063309	0.000441413429	-147889.365137514	
329.3463309	92	4	4	0.9365342121	0.0004243057434	99.92033777	0.04791815328	0.03174407733	0.7603083201	45.54302501	53.69666667	0	0	0	-329.3463309	0.0004243057434	-151508.555842174	
326.7863309	92	4	4	0.9365593531	0.000407609923	99.92464352	0.04558231576	0.0297741689	0.7198696385	45.56157863	53.71855173	0	0	0	-326.7863309	0.000407609923	-155279.486339311	
324.2263309	92	4	4	0.9365834796	0.0003913228123	99.92877771	0.04332265461	0.02789964011	0.6810298875	45.5793988	53.73957131	0	0	0	-324.2263309	0.0003913228123	-159211.708588507	
321.6663309	92	4	4	0.936606618	0.0003754412598	99.9327442	0.04113843172	0.02611737316	0.643750848	45.59650305	53.7597461	0	0	0	-321.6663309	0.0003754412598	-163316.363888199	
319.1063309	92	4	4	0.936628794	0.0003599622824	99.93654686	0.03902884907	0.02442428926	0.6079944494	45.6129088	53.77909675	0	0	0	-319.1063309	0.0003599622824	-167602.947416307	
316.5463309	92	4	4	0.9366500334	0.0003448824461	99.9401896	0.0369930587	0.02281734484	0.573722822	45.62863343	53.79764375	0	0	0	-316.5463309	0.0003448824461	-172084.62088161	
313.9863309	92	4	4	0.9366703616	0.0003301989259	99.94367631	0.0350301523	0.02129354033	0.5408982434	45.64369424	53.81540751	0	0	0	-313.9863309	0.0003301989259	-176775.49533428	
311.4263309	92	4	4	0.9366898036	0.0003159084918	99.94701091	0.03313916969	0.01984991733	0.5094831856	45.65810844	53.83240837	0	0	0	-311.4263309	0.0003159084918	-181914.734868977	
308.8663309	92	4	4	0.9367083843	0.0003020411598	99.95019734	0.0313190982	0.01848356096	0.4794403174	45.67189313	53.84866655	0	0	0	-308.8663309	0.0003020411598	-187064.049610808	
306.3063309	92	4	4	0.9367261282	0.0002885289754	99.95323952	0.02956887576	0.01719160181	0.450732499	45.68506536	53.86420214	0	0	0	-306.3063309	0.0002885289754	-192266.373925229	
303.7463309	92	4	4	0.9367430597	0.0002754003935	99.95614139	0.02788739044	0.01597121653	0.423322816	45.69764205	53.87903513	0	0	0	-303.7463309	0.0002754003935	-197946.645767211	
301.1863309	92	4	4	0.9367592029	0.0002626522365	99.95890689	0.02627348361	0.01481962971	0.397174573	45.70964003	53.8931854	0	0	0	-301.1863309	0.0002626522365	-185260.608248721	
300	92	4	4	0.9367664231	0.0001174982117	99.9601433	0.0255481635	0.01430853929	0.3854747712	45.71500844	53.89951679	0	0	0	-300	0.0001174982117	168914.786606716	
