T	w(AL)	w(MG)	w(SI)	fs	fw(@FCC_A1)	w(AL@FCC_A1)	w(MG@FCC_A1)	w(SI@FCC_A1)	w(AL@LIQUID)	w(MG@LIQUID)	w(SI@LIQUID)	dwdT_L(AL@LIQUID)	dwdT_L(MG@LIQUID)	dwdT_L(SI@LIQUID)	-T	fw(@FCC_A1)_1	-T//fw(@FCC_A1)	
K	%	%	%	mole/mole	kg/kg	%	%	%	%	%	%	SI	SI	SI				
888.9563158	92	2	6	0	0	98.89774258	0.451754032	0.6505033846	92	2	6	0.001778366825	-0.0003991654015	-0.001379201424	-888.9563158	0	19.3230471951172	
888.9463158	92	2	6	0.0002579890295	0.0002578750385	98.89754198	0.4518040846	0.6506539362	91.99822192	2.000399129	6.001378946	0	0	0	-888.9463158	0.0002578750385	58.2338971152637	
888.9263158	92	2	6	0.0007734590628	0.0005153985784	98.89714084	0.4519040911	0.650955069	91.99466492	2.001197515	6.004137566	0	0	0	-888.9263158	0.0005153985784	77.7001591842405	
888.8863158	92	2	6	0.001802865885	0.001029704224	98.8963387	0.4521039674	0.6515573335	91.98755164	2.002794125	6.00965424	0	0	0	-888.8863158	0.001029704224	77.8387103073567	
888.8063158	92	2	6	0.003855961024	0.002055788708	98.89473498	0.4525030975	0.6527619249	91.97332556	2.005987195	6.020687241	0	0	0	-888.8063158	0.002055788708	78.1041431386233	
888.6463158	92	2	6	0.007939413593	0.004097167439	98.89153015	0.4532985882	0.6551712659	91.94487542	2.012372738	6.042751847	0	0	0	-888.6463158	0.004097167439	78.6563160375596	
888.3263158	92	2	6	0.01601645364	0.008137248231	98.88513059	0.4548787555	0.659990655	91.8879831	2.025141506	6.086875397	0	0	0	-888.3263158	0.008137248231	79.8602707065612	
887.6863158	92	2	6	0.03179128236	0.01602513986	98.87237244	0.4579947698	0.6696327944	91.7742337	2.050664407	6.175101889	0	0	0	-887.6863158	0.01602513986	82.3440986767035	
886.4063158	92	2	6	0.06195826437	0.03114482304	98.84701551	0.4640550507	0.6889294436	91.54686664	2.101668648	6.351464714	0	0	0	-886.4063158	0.03114482304	87.2683172155467	
883.8463158	92	2	6	0.1172788298	0.0589500635	98.79691985	0.4755082695	0.7275718823	91.09266449	2.203543723	6.703791783	0	0	0	-883.8463158	0.0589500635	-961.685294892083	
881.2863158	92	2	6	0.1666696911	0.05592821767	98.74761462	0.4861044096	0.7662809705	90.63917398	2.305287357	7.055538661	0	0	0	-881.2863158	0.05592821767	-892.913219253358	
878.7263158	92	2	6	0.2110138232	0.05318846634	98.6990626	0.495876561	0.8050608435	90.18639853	2.406933526	7.406667942	0	0	0	-878.7263158	0.05318846634	-983.123151871282	
876.1663158	92	2	6	0.2510323216	0.0506968404	98.6512285	0.5048559879	0.8439155131	89.73434057	2.508512567	7.757146867	0	0	0	-876.1663158	0.0506968404	-1078.53109301663	
873.6063158	92	2	6	0.2873168705	0.04842165424	98.60407846	0.5130722979	0.8828492438	89.28299852	2.610051769	8.106949713	0	0	0	-873.6063158	0.04842165424	-1178.64244370307	
871.0463158	92	2	6	0.3203572804	0.04633635325	98.55757994	0.5205536162	0.9218664445	88.8323677	2.711575733	8.456056567	0	0	0	-871.0463158	0.04633635325	-1283.50145743066	
868.4863158	92	2	6	0.3505623574	0.04441857057	98.51170161	0.5273267499	0.9609716381	88.38244044	2.813106807	8.804452752	0	0	0	-868.4863158	0.04441857057	-1393.17011568763	
865.9263158	92	2	6	0.3782758667	0.04264933182	98.46641324	0.5334173256	1.000169437	87.93320624	2.91466544	9.152128323	0	0	0	-865.9263158	0.04264933182	-1507.71483454424	
863.3663158	92	2	6	0.4037888814	0.0410124345	98.42168557	0.5388499053	1.039464522	87.48465189	3.016270483	9.499077627	0	0	0	-863.3663158	0.0410124345	-1627.2064883394	
860.8063158	92	2	6	0.4273494324	0.03949395877	98.37749028	0.5436480856	1.078861631	87.03676165	3.117939434	9.845298919	0	0	0	-860.8063158	0.03949395877	-1751.72050933694	
858.2463158	92	2	6	0.4491701233	0.03808187848	98.33379988	0.5478345815	1.118365542	86.58951733	3.219688652	10.19079402	0	0	0	-858.2463158	0.03808187848	-1881.33697805276	
855.6863158	92	2	6	0.4694341906	0.03676574908	98.29058763	0.5514312996	1.157981066	86.14289846	3.321533531	10.53556801	0	0	0	-855.6863158	0.03676574908	-2016.14074292942	
853.1263158	92	2	6	0.488300367	0.03553645541	98.24782756	0.5544594011	1.197713039	85.69688237	3.423488658	10.87962897	0	0	0	-853.1263158	0.03553645541	-2156.22151127891	
850.5663158	92	2	6	0.5059068139	0.03438600621	98.20549433	0.5569393564	1.237566316	85.25144434	3.525567936	11.22298772	0	0	0	-850.5663158	0.03438600621	-2301.67406999624	
848.0063158	92	2	6	0.5223743237	0.03330736579	98.16356324	0.5588909937	1.277545767	84.80655768	3.627784699	11.56565762	0	0	0	-848.0063158	0.03330736579	-2452.59846516164	
845.4463158	92	2	6	0.5378089449	0.032294315	98.12201018	0.5603335412	1.317656275	84.36219385	3.730151806	11.90765434	0	0	0	-845.4463158	0.032294315	-2609.10017899602	
842.8863158	92	2	6	0.5523041472	0.03134133589	98.08081161	0.5612856647	1.35790273	83.91832254	3.832681727	12.24899574	0	0	0	-842.8863158	0.03134133589	-2771.29043378489	
840.3263158	92	2	6	0.565942618	0.03044351541	98.03994447	0.5617655006	1.398290032	83.47491175	3.935386612	12.58970164	0	0	0	-840.3263158	0.03044351541	-2939.2865234342	
837.7663158	92	2	6	0.5787977613	0.02959646462	97.99938623	0.5617906865	1.438823088	83.03192791	4.038278354	12.92979374	0	0	0	-837.7663158	0.02959646462	-3113.21209283553	
835.2063158	92	2	6	0.5909349543	0.02879625049	97.9591148	0.5613783873	1.479506812	82.58933591	4.141368649	13.26929544	0	0	0	-835.2063158	0.02879625049	-3293.19753166858	
832.6463158	92	2	6	0.6024126063	0.02803933816	97.91910855	0.5605453194	1.520346127	82.14709922	4.244669039	13.60823175	0	0	0	-832.6463158	0.02803933816	-3479.38057194508	
830.0863158	92	2	6	0.6132830555	0.02732254181	97.87934627	0.5593077724	1.561345962	81.70517989	4.348190957	13.94662916	0	0	0	-830.0863158	0.02732254181	-3671.90656250312	
827.5263158	92	2	6	0.6235933312	0.02664298255	97.83980712	0.5576816287	1.602511256	81.26353866	4.451945767	14.28451557	0	0	0	-827.5263158	0.02664298255	-3870.92915598094	
824.9663158	92	2	6	0.6333858047	0.02599805242	97.80047066	0.5556823816	1.643846958	80.82213501	4.555944798	14.6219202	0	0	0	-824.9663158	0.02599805242	-4076.61106516104	
822.4063158	92	2	6	0.6426987472	0.02538538329	97.76131682	0.5533251511	1.68535803	80.38092716	4.660199374	14.95887347	0	0	0	-822.4063158	0.02538538329	-4289.12461090512	
819.8463158	92	2	6	0.6515668103	0.02480281998	97.72232586	0.5506246994	1.727049445	79.93987217	4.764720841	15.29540699	0	0	0	-819.8463158	0.02480281998	-4508.65251955188	
817.2863158	92	2	6	0.6600214398	0.02424839693	97.68347836	0.5475954435	1.768926194	79.49892593	4.869520597	15.63155348	0	0	0	-817.2863158	0.02424839693	-4735.38892385616	
814.7263158	92	2	6	0.6680912356	0.02372031792	97.64475525	0.5442514686	1.810993283	79.05804321	4.974610111	15.96734668	0	0	0	-814.7263158	0.02372031792	-4969.54036750505	
812.1663158	92	2	6	0.6758022636	0.02321693833	97.60613772	0.5406065388	1.853255736	78.6171777	5.080000951	16.30282135	0	0	0	-812.1663158	0.02321693833	-5211.32697791628	
809.6063158	92	2	6	0.6831783281	0.02273674963	97.56760729	0.5366741079	1.895718602	78.176282	5.185704797	16.63801321	0	0	0	-809.6063158	0.02273674963	-5460.98349513141	
807.0463158	92	2	6	0.6902412096	0.02227836569	97.52914572	0.5324673289	1.938386947	77.73530764	5.291733468	16.97295889	0	0	0	-807.0463158	0.02227836569	-5718.76087172657	
804.4863158	92	2	6	0.6970108741	0.02184051081	97.49073507	0.5279990629	1.981265869	77.29420511	5.398098936	17.30769595	0	0	0	-804.4863158	0.02184051081	-5984.92783766561	
801.9263158	92	2	6	0.7035056566	0.02142200907	97.45235763	0.5232818875	2.024360487	76.85292386	5.504813348	17.64226279	0	0	0	-801.9263158	0.02142200907	-6259.77255040606	
799.3663158	92	2	6	0.709742423	0.02102177495	97.41399594	0.518328104	2.067675955	76.41141228	5.611889039	17.97669869	0	0	0	-799.3663158	0.02102177495	-6543.60496959833	
796.8063158	92	2	6	0.7157367131	0.02063880501	97.3756328	0.5131497443	2.111217455	75.96961771	5.719338555	18.31104374	0	0	0	-796.8063158	0.02063880501	-6836.75834916292	
794.2463158	92	2	6	0.7215028679	0.0202721704	97.33725122	0.507758578	2.154990207	75.52748644	5.827174663	18.64533889	0	0	0	-794.2463158	0.0202721704	-7141.36853066387	
791.6863158	92	2	6	0.7270542003	0.01992117433	97.29883328	0.5021661362	2.199000587	75.08495642	5.935411985	18.97963159	0	0	0	-791.6863158	0.01992117433	-7450.0379688075	
789.1263158	92	2	6	0.7324028238	0.01958434247	97.26036471	0.4963836175	2.243251673	74.64198668	6.044060293	19.31395303	0	0	0	-789.1263158	0.01958434247	-7772.05491963471	
786.5663158	92	2	6	0.7375602074	0.01926178607	97.22182802	0.4904220794	2.287749898	74.19851263	6.15313499	19.64835238	0	0	0	-786.5663158	0.01926178607	-8110.08632110286	
784.0063158	92	2	6	0.7425369065	0.01895247479	97.18320706	0.4842922955	2.332500644	73.75447614	6.262649923	19.98287393	0	0	0	-784.0063158	0.01895247479	-8455.86833580545	
781.4463158	92	2	6	0.7473427313	0.01865576553	97.14448586	0.4780048022	2.377509336	73.30981794	6.372619246	20.31756282	0	0	0	-781.4463158	0.01865576553	-8813.62244430901	
778.8863158	92	2	6	0.7519868116	0.0183710604	97.10564865	0.4715699025	2.422781449	72.86447751	6.483057446	20.65246504	0	0	0	-778.8863158	0.0183710604	-9183.95143764322	
776.3263158	92	2	6	0.7564776539	0.01809780184	97.06667982	0.4649976704	2.468322508	72.41839312	6.593979363	20.98762752	0	0	0	-776.3263158	0.01809780184	-9567.49832787817	
773.7663158	92	2	6	0.7608231943	0.01783546966	97.02756395	0.4582979534	2.514138092	71.97150171	6.705400206	21.32309808	0	0	0	-773.7663158	0.01783546966	-9964.97125465728	
771.2063158	92	2	6	0.765030845	0.01758357826	96.98828578	0.4514803764	2.560233839	71.52373892	6.817335578	21.6589255	0	0	0	-771.2063158	0.01758357826	-10377.1481511777	
768.6463158	92	2	6	0.7691075368	0.01734167402	96.94883021	0.4445543446	2.606615443	71.07503895	6.929801498	21.99515956	0	0	0	-768.6463158	0.01734167402	-10804.8864787375	
766.0863158	92	2	6	0.7730597577	0.01710933305	96.90918229	0.4375290456	2.653288662	70.62533454	7.042814421	22.33185104	0	0	0	-766.0863158	0.01710933305	-11249.1326248338	
763.5263158	92	2	6	0.7768935877	0.01688615901	96.86932723	0.4304134529	2.700259318	70.17455692	7.156391265	22.66905181	0	0	0	-763.5263158	0.01688615901	-11710.9348956724	
760.9663158	92	2	6	0.7806147306	0.01667178129	96.82925037	0.4232163275	2.747533299	69.72263571	7.270549433	23.00681486	0	0	0	-760.9663158	0.01667178129	-12191.4566361659	
758.4063158	92	2	6	0.7842285425	0.01646585319	96.78893721	0.4159462202	2.795116565	69.26949883	7.385306845	23.34519433	0	0	0	-758.4063158	0.01646585319	-12691.9931323533	
755.8463158	92	2	6	0.7877400585	0.01626805043	96.74837338	0.4086114741	2.843015149	68.81507244	7.500681962	23.6842456	0	0	0	-755.8463158	0.01626805043	-13213.9898174568	
753.2863158	92	2	6	0.791154016	0.01607806963	96.70754462	0.4012202258	2.891235159	68.35928085	7.616693818	24.02402533	0	0	0	-753.2863158	0.01607806963	-13759.0653461848	
750.7263158	92	2	6	0.7944748774	0.01589562709	96.66643681	0.3937804077	2.939782783	67.9020464	7.733362052	24.36459154	0	0	0	-750.7263158	0.01589562709	-14329.0384204231	
748.1663158	92	2	6	0.7977068493	0.01572045755	96.62503596	0.3862997496	2.988664292	67.44328937	7.850706939	24.70600369	0	0	0	-748.1663158	0.01572045755	-14925.9563286095	
745.6063158	92	2	6	0.8008539014	0.01555231311	96.58332818	0.3787857799	3.037886041	66.98292786	7.968749429	25.04832271	0	0	0	-745.6063158	0.01555231311	-15552.1362426557	
743.0463158	92	2	6	0.8039197829	0.0153909623	96.5412997	0.3712458275	3.087454475	66.52087765	8.087511184	25.39161117	0	0	0	-743.0463158	0.0153909623	-16210.2077077538	
740.4863158	92	2	6	0.8069080382	0.01523618914	96.49893685	0.3636870227	3.137376132	66.0570521	8.207014617	25.73593328	0	0	0	-740.4863158	0.01523618914	-16903.1658407678	
737.9263158	92	2	6	0.8098220212	0.01508779236	96.45622606	0.356116299	3.187657645	65.59136199	8.327282937	26.08135507	0	0	0	-737.9263158	0.01508779236	-17634.4380488956	
735.3663158	92	2	6	0.812664908	0.01494558466	96.41315386	0.3485403941	3.238305746	65.12371538	8.448340193	26.42794443	0	0	0	-735.3663158	0.01494558466	-18407.9644861344	
732.8063158	92	2	6	0.8154397092	0.01480939208	96.36970688	0.3409658512	3.289327274	64.65401741	8.570211327	26.77577126	0	0	0	-732.8063158	0.01480939208	-19228.2946208183	
730.2463158	92	2	6	0.818149281	0.01467905338	96.32587181	0.33339902	3.34072917	64.18217019	8.692922219	27.12490759	0	0	0	-730.2463158	0.01467905338	-20100.7073865872	
727.6863158	92	2	6	0.8207963354	0.01455441952	96.28163545	0.3258460579	3.392518491	63.70807255	8.816499752	27.4754277	0	0	0	-727.6863158	0.01455441952	-21031.3657452639	
725.1263158	92	2	6	0.8233834497	0.01443535321	96.23698466	0.3183129314	3.444702408	63.23161988	8.940971864	27.82740826	0	0	0	-725.1263158	0.01443535321	-22027.5052203124	
722.5663158	92	2	6	0.8259130757	0.01432172848	96.19190637	0.3108054166	3.497288212	62.75270388	9.066367617	28.1809285	0	0	0	-722.5663158	0.01432172848	-23112.4299952117	
720.0063158	92	2	6	0.8283875448	0.01421355918	96.14638916	0.3033291783	3.550281664	62.27121712	9.192717464	28.53606541	0	0	0	-720.0063158	0.01421355918	-24292.6879008015	
717.4463158	92	2	6	0.8308091195	0.01411069855	96.10041721	0.2958895311	3.603693255	61.78703128	9.320054739	28.89291398	0	0	0	-717.4463158	0.01411069855	-25528.7861104661	
714.8863158	92	2	6	0.8331798841	0.0140127601	96.05397897	0.2884916953	3.657529337	61.30003256	9.448410484	29.25155695	0	0	0	-714.8863158	0.0140127601	-26867.4300427352	
712.3263158	92	2	6	0.8355018633	0.01391986668	96.00706158	0.2811406977	3.711797725	60.81009549	9.577819007	29.6120855	0	0	0	-712.3263158	0.01391986668	-28359.0088596873	
709.7663158	92	2	6	0.8377769914	0.01383194466	95.95965224	0.2738413805	3.766506377	60.31708953	9.70831614	29.97459433	0	0	0	-709.7663158	0.01383194466	-30002.0921985036	
707.2063158	92	2	6	0.8400071183	0.01374893034	95.9117382	0.2665984025	3.821663396	59.82087882	9.839939338	30.33918184	0	0	0	-707.2063158	0.01374893034	-31824.4301858097	
704.6463158	92	2	6	0.8421940145	0.01367076988	95.86330672	0.2594162402	3.877277042	59.32132175	9.972727786	30.70595047	0	0	0	-704.6463158	0.01367076988	-33861.0970693405	
702.0863158	92	2	6	0.8443393765	0.01359741929	95.81434508	0.2522991888	3.933355732	58.81827061	10.10672251	31.07500688	0	0	0	-702.0863158	0.01359741929	-36157.0831659645	
699.5263158	92	2	6	0.8464448315	0.01352884449	95.76484059	0.245251364	3.989908044	58.31157115	10.24196652	31.44646234	0	0	0	-699.5263158	0.01352884449	-38771.0350390609	
696.9663158	92	2	6	0.8485119416	0.01346502132	95.71478057	0.2382767027	4.046942728	57.80106211	10.37850491	31.82043298	0	0	0	-696.9663158	0.01346502132	-41780.8969174972	
694.4063158	92	2	6	0.8505422082	0.01340593576	95.66415233	0.2313789649	4.104468702	57.28657477	10.51638504	32.19704019	0	0	0	-694.4063158	0.01340593576	-45292.5459031188	
691.8463158	92	2	6	0.8525370755	0.01335158403	95.6129432	0.2245617345	4.162495066	56.76793233	10.65565668	32.57641099	0	0	0	-691.8463158	0.01335158403	-49453.5729021978	
689.2863158	92	2	6	0.854497935	0.01330197288	95.56114048	0.2178284215	4.221031098	56.24494941	10.79637218	32.9586784	0	0	0	-689.2863158	0.01330197288	-54476.1684044538	
686.7263158	92	2	6	0.8564261284	0.01325711986	95.50873148	0.2111822628	4.280086261	55.71743136	10.93858667	33.34398197	0	0	0	-686.7263158	0.01325711986	-60676.9800272892	
684.1663158	92	2	6	0.8583229511	0.01321705367	95.45570347	0.2046263246	4.339670208	55.18517359	11.08235824	33.73246817	0	0	0	-684.1663158	0.01321705367	-68550.9599024531	
681.6063158	92	2	6	0.8601896555	0.01318181459	95.40204372	0.1981635035	4.399792778	54.64796081	11.22774818	34.12429101	0	0	0	-681.6063158	0.01318181459	-78918.7905466965	
679.0463158	92	2	6	0.8620274539	0.01315145495	95.34773947	0.1917965286	4.460464002	54.1055662	11.37482123	34.51961257	0	0	0	-679.0463158	0.01315145495	-93251.7967732474	
676.4863158	92	2	6	0.8638375215	0.01312603969	95.29277794	0.1855279634	4.521694097	53.55775056	11.52364581	34.91860363	0	0	0	-676.4863158	0.01312603969	-114490.999613969	
673.9263158	92	2	6	0.8656209994	0.01310564698	95.23714632	0.1793602077	4.583493468	53.00426125	11.67429436	35.32144439	0	0	0	-673.9263158	0.01310564698	-149560.639378685	
671.3663158	92	2	6	0.8673789969	0.01309036891	95.18083181	0.1732954999	4.645872695	52.44483122	11.8268436	35.72832518	0	0	0	-671.3663158	0.01309036891	-220024.506269928	
668.8063158	92	2	6	0.8691125942	0.01308031228	95.12382155	0.1673359192	4.70884253	51.87917775	11.98137492	36.13944732	0	0	0	-668.8063158	0.01308031228	-451075.910928742	
666.2463158	92	2	6	0.8708228453	0.01307559924	95.06610273	0.1614833877	4.772413883	51.30700125	12.13797473	36.55502402	0	0	0	-666.2463158	0.01307559924	4081947.70371105	
663.6863158	92	2	6	0.8725107797	0.01307636875	95.00766254	0.1557396735	4.836597783	50.72798385	12.29673487	36.97528128	0	0	0	-663.6863158	0.01307636875	3012989.98941759	
661.1263158	92	2	6	0.8741774055	0.01308277773	94.94848821	0.1501063928	4.901405393	50.14178777	12.45775308	37.40045915	0	0	0	-661.1263158	0.01308277773	334086.485602425	
658.5663158	92	2	6	0.8758237114	0.01309499986	94.88856705	0.1445850132	4.966847936	49.5480538	12.6211335	37.83081271	0	0	0	-658.5663158	0.01309499986	181750.795691797	
656.0063158	92	2	6	0.8774506686	0.01311323007	94.82788648	0.1391768564	5.032936662	48.94639935	12.78698717	38.26661348	0	0	0	-656.0063158	0.01311323007	125162.28644269	
653.4463158	92	2	6	0.8790592337	0.01313768382	94.7664341	0.1338831019	5.099682794	48.33641652	12.95543266	38.70815082	0	0	0	-653.4463158	0.01313768382	95024.2355676656	
650.8863158	92	2	6	0.88065035	0.01316859877	94.70419777	0.1287047901	5.167097441	47.71766985	13.12659672	39.15573343	0	0	0	-650.8863158	0.01316859877	76137.95829778	
648.3263158	92	2	6	0.8822249502	0.013206236	94.64116567	0.1236428266	5.235191503	47.08969396	13.30061496	39.60969107	0	0	0	-648.3263158	0.013206236	63134.0798542404	
645.7663158	92	2	6	0.8837839579	0.01325088113	94.57732647	0.1186979859	5.303975545	46.45199093	13.47763267	40.0703764	0	0	0	-645.7663158	0.01325088113	53608.8629174251	
643.2063158	92	2	6	0.8853282896	0.01330284521	94.51266945	0.113870916	5.373459629	45.80402747	13.6578056	40.53816693	0	0	0	-643.2063158	0.01330284521	46318.6489478451	
640.6463158	92	2	6	0.8868588563	0.01336246547	94.44718474	0.1091621438	5.443653117	45.14523189	13.8413009	41.01346721	0	0	0	-640.6463158	0.01336246547	40553.3365849869	
638.0863158	92	2	6	0.8883765648	0.01343010548	94.38086352	0.1045720797	5.514564401	44.47499081	14.02829809	41.4967111	0	0	0	-638.0863158	0.01343010548	35877.3748552753	
635.5263158	92	2	6	0.8898823191	0.01350615471	94.3136984	0.1001010244	5.586200574	43.7926457	14.21899008	41.98836422	0	0	0	-635.5263158	0.01350615471	32008.6450966273	
632.9663158	92	2	6	0.891377021	0.01359102684	94.24568382	0.09574917504	5.658567007	43.09748924	14.41358427	42.48892649	0	0	0	-632.9663158	0.01359102684	28756.4533860368	
630.4063158	92	2	6	0.8928615701	0.01368515675	94.17681656	0.09151663308	5.731666807	42.38876161	14.61230364	42.99893476	0	0	0	-630.4063158	0.01368515675	25987.4346100956	
627.8463158	92	2	6	0.8943368634	0.01378899505	94.10709645	0.08740341271	5.805500138	41.66564672	14.81538788	43.51896541	0	0	0	-627.8463158	0.01378899505	23605.794350287	
625.2863158	92	2	6	0.8958037935	0.01390299943	94.03652721	0.08340945057	5.880063338	40.9272687	15.02309447	44.04963683	0	0	0	-625.2863158	0.01390299943	21541.2642230376	
622.7263158	92	2	6	0.8972632456	0.01402762139	93.96511757	0.0795346169	5.955347813	40.17268883	15.23569959	44.59161158	0	0	0	-622.7263158	0.01402762139	19741.5297172411	
620.1663158	92	2	6	0.8987160923	0.01416328654	93.89288267	0.07577872841	6.031338604	39.40090323	15.45349885	45.14559792	0	0	0	-620.1663158	0.01416328654	18167.3525488553	
617.6063158	92	2	6	0.9001631858	0.01431036564	93.81984587	0.07214156309	6.108012568	38.61084209	15.67680754	45.71235037	0	0	0	-617.6063158	0.01431036564	16789.3783591618	
615.0463158	92	2	6	0.9016053465	0.01446913336	93.74604109	0.06862287769	6.185336037	37.80137105	15.90596033	46.29266862	0	0	0	-615.0463158	0.01446913336	15586.1824080059	
612.4863158	92	2	6	0.9030433462	0.01463970707	93.67151593	0.06522243284	6.263261637	36.97129625	16.14130981	46.88739393	0	0	0	-612.4863158	0.01463970707	14542.8285166498	
609.9263158	92	2	6	0.9044778854	0.01482197067	93.59633482	0.06193999773	6.341725184	36.1193742	16.38322369	47.49740211	0	0	0	-609.9263158	0.01482197067	13650.7027846468	
607.3663158	92	2	6	0.9059095604	0.01501544808	93.52058477	0.05877540345	6.420639828	35.24432984	16.63207959	48.12359057	0	0	0	-607.3663158	0.01501544808	12907.9427502518	
604.8063158	92	2	6	0.9073388197	0.01521915193	93.44438095	0.05572855732	6.499890494	34.34488532	16.88825672	48.76685795	0	0	0	-604.8063158	0.01521915193	12320.4838130126	
602.2463158	92	2	6	0.9087659035	0.01543136414	93.36787454	0.05279948109	6.579325984	33.41980447	17.15212294	49.42807258	0	0	0	-602.2463158	0.01543136414	11905.8058350899	
599.6863158	92	2	6	0.9101907646	0.01564934912	93.29126229	0.04998834762	6.658749358	32.467959	17.42401548	50.10802552	0	0	0	-599.6863158	0.01564934912	11700.0094628574	
597.1263158	92	2	6	0.9116129635	0.01586898305	93.21479821	0.04729551744	6.737906273	31.48842385	17.70421311	50.80736304	0	0	0	-597.1263158	0.01586898305	11773.8804479979	
594.5663158	92	2	6	0.9130315362	0.01608429585	93.13880716	0.04472157016	6.81647127	30.48061056	17.99289712	51.52649232	0	0	0	-594.5663158	0.01608429585	12272.4959212293	
592.0063158	92	2	6	0.9144448304	0.01628694302	93.06370017	0.04226732226	6.894032511	29.44444719	18.29009867	52.26545414	0	0	0	-592.0063158	0.01628694302	13541.7270294325	
589.4463158	92	2	6	0.9158503253	0.01646543576	92.98998815	0.03993379878	6.970078048	28.38061503	18.5956264	53.02375857	0	0	0	-589.4463158	0.01646543576	16542.3806669224	
586.8863158	92	2	6	0.9172443742	0.01660555987	92.9183064	0.03772229341	7.043971306	27.2908019	18.9090104	53.8001877	0	0	0	-586.8863158	0.01660555987	25992.6681032226	
584.3263158	92	2	6	0.9186221132	0.01668921116	92.84940402	0.03563406099	7.114961921	26.17805156	19.2293722	54.59257624	0	0	0	-584.3263158	0.01668921116	347610.832807689	
581.7663158	92	2	6	0.9199773974	0.01669606378	92.78413219	0.03367002028	7.182197791	25.04711021	19.55530649	55.39758329	0	0	0	-581.7663158	0.01669606378	405525.373575354	
579.2063158	92	2	6	0.9213026028	0.01660316389	92.72345904	0.03183083416	7.244710123	23.90449744	19.88493091	56.21057165	0	0	0	-579.2063158	0.01660316389	-22839.6540485285	
576.6463158	92	2	6	0.9225891356	0.0163911821	92.66837995	0.03011610929	7.30150394	22.75859325	20.21579819	57.02560856	0	0	0	-576.6463158	0.0163911821	-10302.4555508423	
574.0863158	92	2	6	0.923827889	0.01604579298	92.6198561	0.02852404418	7.351619855	21.61933355	20.54500136	57.83566509	0	0	0	-574.0863158	0.01604579298	-6531.2507300998	
571.5263158	92	2	6	0.9250100492	0.01556273144	92.57872082	0.02705103976	7.394228143	20.49755378	20.86936469	58.63308154	0	0	0	-571.5263158	0.01556273144	-4805.95290621612	
568.9663158	92	2	6	0.9261279996	0.014950322	92.54559069	0.02569152287	7.428717786	19.40406455	21.18571382	59.41022163	0	0	0	-568.9663158	0.014950322	-3891.09667833074	
566.4063158	92	2	6	0.9271761168	0.01422934326	92.52080305	0.02443807063	7.454758876	18.34864365	21.4911713	60.16018505	0	0	0	-566.4063158	0.01422934326	-3385.24871371992	
563.8463158	92	2	6	0.9281512548	0.01342977572	92.50439659	0.02328183319	7.472321581	17.33919208	21.78340482	60.8774031	0	0	0	-563.8463158	0.01342977572	-3119.3239284995	
561.2863158	92	2	6	0.9290528153	0.01258553568	92.49613736	0.02221315105	7.481649489	16.38124572	22.06077183	61.55798245	0	0	0	-561.2863158	0.01258553568	-3010.8682970447	
558.7263158	92	2	6	0.929882449	0.01172909453	92.49557804	0.02122221114	7.483199748	15.47789842	22.32234372	62.19975786	0	0	0	-558.7263158	0.01172909453	-3015.86293147112	
556.1663158	92	2	6	0.9306435283	0.01088758326	92.502131	0.02029960469	7.4775694	14.63006013	22.56783178	62.8021081	0	0	0	-556.1663158	0.01088758326	-3109.40274531546	
553.6063158	92	2	6	0.9313405547	0.01008099656	92.51513796	0.01943671265	7.465425331	13.83690549	22.79745684	63.36563767	0	0	0	-553.6063158	0.01008099656	-3276.8629931534	
551.0463158	92	2	6	0.9319786219	0.009322198229	92.53392583	0.01862591057	7.447448264	13.0963732	23.01180372	63.89182307	0	0	0	-551.0463158	0.009322198229	-3509.46225903839	
548.4863158	92	2	6	0.9325629964	0.008618012008	92.55784538	0.01786062623	7.424293994	12.40562066	23.21168834	64.382691	0	0	0	-548.4863158	0.008618012008	-3797.8441140159	
545.9263158	92	2	6	0.9330988079	0.0079694913	92.58629386	0.01713529187	7.396570844	11.76139075	23.39804889	64.84056036	0	0	0	-545.9263158	0.0079694913	-4148.29756098631	
543.3663158	92	2	6	0.9335909324	0.00737845123	92.61872715	0.01644526668	7.364827581	11.16027119	23.57187358	65.26785523	0	0	0	-543.3663158	0.00737845123	-4556.0036563308	
540.8063158	92	2	6	0.9340438263	0.006840682547	92.65466288	0.01578669493	7.329550421	10.59888268	23.73414209	65.66697523	0	0	0	-540.8063158	0.006840682547	-5013.20327312217	
538.2463158	92	2	6	0.9344615189	0.006352388145	92.69367769	0.01515639441	7.291165917	10.07398922	23.8857936	66.04021718	0	0	0	-538.2463158	0.006352388145	-5523.46659694819	
535.6863158	92	2	6	0.934847615	0.005909342099	92.73540269	0.0145517392	7.250045574	9.582557772	24.02770922	66.38973301	0	0	0	-535.6863158	0.005909342099	-6086.59765378276	
533.1263158	92	2	6	0.9352053164	0.005507238206	92.77951787	0.01397056054	7.206511566	9.121788864	24.1607028	66.71750834	0	0	0	-533.1263158	0.005507238206	-6702.54376864634	
530.5663158	92	2	6	0.9355374553	0.00514193215	92.82574612	0.01341106189	7.160842814	8.689124064	24.28551855	67.02535739	0	0	0	-530.5663158	0.00514193215	-7371.45610372683	
528.0063158	92	2	6	0.9358465316	0.004809564008	92.87384747	0.01287174842	7.113280777	8.282240265	24.40283255	67.31492718	0	0	0	-528.0063158	0.004809564008	-8093.5796738066	
525.4463158	92	2	6	0.9361347505	0.0045066135	92.9236139	0.01235136909	7.064034729	7.899036491	24.51325651	67.587707	0	0	0	-525.4463158	0.0045066135	-8869.22138375367	
522.8863158	92	2	6	0.936404058	0.004229913915	92.97486473	0.01184886958	7.013286403	7.537616974	24.61734257	67.84504045	0	0	0	-522.8863158	0.004229913915	-9698.7291857218	
520.3263158	92	2	6	0.9366561732	0.003976642052	93.02744261	0.0113633543	6.961194037	7.196272845	24.71558861	68.08813855	0	0	0	-520.3263158	0.003976642052	-10582.478957406	
517.7663158	92	2	6	0.9368926179	0.003744295353	93.08121012	0.01089405566	6.907895825	6.873463879	24.80844348	68.31809264	0	0	0	-517.7663158	0.003744295353	-11520.866216882	
515.2063158	92	2	6	0.9371147411	0.00353066316	93.13604683	0.01044030939	6.853512856	6.567801083	24.89631207	68.53588684	0	0	0	-515.2063158	0.00353066316	-12514.3015672351	
512.6463158	92	2	6	0.9373237421	0.003333796295	93.19184686	0.0100015346	6.79815161	6.278030563	24.97955997	68.74240946	0	0	0	-512.6463158	0.003333796295	-13563.2084571221	
510.0863158	92	2	6	0.9375206895	0.003151977323	93.24851672	0.009577217796	6.74190606	6.003018833	25.05851773	68.93846344	0	0	0	-510.0863158	0.003151977323	-14668.0223988121	
507.5263158	92	2	6	0.9377065379	0.002983692776	93.30597365	0.009166899922	6.684859448	5.741739608	25.13348468	69.12477572	0	0	0	-507.5263158	0.002983692776	-15829.1916967316	
504.9663158	92	2	6	0.9378821419	0.002827607918	93.36414405	0.008770165907	6.627085788	5.493262017	25.20473236	69.30200562	0	0	0	-504.9663158	0.002827607918	-17047.1786235511	
502.4063158	92	2	6	0.9380482694	0.002682544216	93.42296222	0.008386636235	6.56865114	5.256740149	25.27250759	69.47075226	0	0	0	-502.4063158	0.002682544216	-18322.4615333421	
499.8463158	92	2	6	0.9382056112	0.002547459476	93.48236936	0.008015960101	6.509614682	5.031403796	25.3370351	69.6315611	0	0	0	-499.8463158	0.002547459476	-19655.537088303	
497.2863158	92	2	6	0.9383547911	0.002421430451	93.54231257	0.007657809877	6.450029623	4.816550295	25.39851995	69.78492975	0	0	0	-497.2863158	0.002421430451	-21046.9232776247	
494.7263158	92	2	6	0.9384963734	0.002303637708	93.60274413	0.007311876625	6.38994399	4.611537323	25.45714961	69.93131307	0	0	0	-494.7263158	0.002303637708	-22497.1623692569	
492.1663158	92	2	6	0.93863087	0.002193352486	93.66362085	0.006977866461	6.329401283	4.415776553	25.51309579	70.07112765	0	0	0	-492.1663158	0.002193352486	-24006.8241592592	
489.6063158	92	2	6	0.9387587462	0.002089925318	93.72490345	0.006655497609	6.268441048	4.22872805	25.56651612	70.20475583	0	0	0	-489.6063158	0.002089925318	-25576.5097034245	
487.0463158	92	2	6	0.938880426	0.00199277618	93.78655614	0.006344498026	6.207099367	4.049895336	25.61755551	70.33254915	0	0	0	-487.0463158	0.00199277618	-27206.8546520311	
484.4863158	92	2	6	0.9389962968	0.001901385965	93.84854612	0.006044603479	6.145409274	3.878821021	25.66634752	70.45483146	0	0	0	-484.4863158	0.001901385965	-28898.5335507434	
481.9263158	92	2	6	0.939106713	0.001815289104	93.91084332	0.005755556009	6.08340112	3.71508294	25.71301537	70.57190169	0	0	0	-481.9263158	0.001815289104	-30652.2642953398	
479.3663158	92	2	6	0.9392119999	0.00173406717	93.97342001	0.005477102698	6.02110289	3.558290733	25.75767306	70.68403621	0	0	0	-479.3663158	0.00173406717	-32468.8111827511	
476.8063158	92	2	6	0.9393124562	0.001657343323	94.03625054	0.005208994692	5.95854047	3.408082807	25.80042614	70.79149105	0	0	0	-476.8063158	0.001657343323	-34348.9906793972	
474.2463158	92	2	6	0.9394083571	0.001584777494	94.09931112	0.004950986439	5.895737891	3.264123638	25.84137259	70.89450377	0	0	0	-474.2463158	0.001584777494	-36293.6760852285	
471.6863158	92	2	6	0.9394999566	0.001516062184	94.16257963	0.004702835093	5.832717531	3.126101368	25.88060346	70.99329517	0	0	0	-471.6863158	0.001516062184	-38303.8016457121	
469.1263158	92	2	6	0.9395874894	0.001450918806	94.2260354	0.004464300065	5.769500301	2.99372566	25.91820352	71.08807082	0	0	0	-469.1263158	0.001450918806	-40380.3691272125	
466.5663158	92	2	6	0.9396711729	0.001389094491	94.28965905	0.004235142695	5.706105804	2.866725784	25.9542518	71.17902241	0	0	0	-466.5663158	0.001389094491	-42524.4519859493	
464.0063158	92	2	6	0.9397512085	0.001330359288	94.3534324	0.00401512601	5.642552472	2.744848901	25.98882213	71.26632897	0	0	0	-464.0063158	0.001330359288	-44737.2021116359	
461.4463158	92	2	6	0.9398277837	0.001274503716	94.41733829	0.003804014578	5.578857695	2.627858526	26.02198354	71.35015793	0	0	0	-461.4463158	0.001274503716	-47019.8551863972	
458.8863158	92	2	6	0.9399010728	0.001221336606	94.4813605	0.003601574414	5.515037928	2.515533146	26.0538007	71.43066616	0	0	0	-458.8863158	0.001221336606	-49373.7376528608	
456.3263158	92	2	6	0.9399712382	0.001170683209	94.54548364	0.003407572948	5.451108792	2.40766498	26.08433425	71.50800077	0	0	0	-456.3263158	0.001170683209	-51800.2757019117	
453.7663158	92	2	6	0.9400384317	0.001122383525	94.60969307	0.003221779035	5.387085154	2.304058854	26.11364116	71.58229999	0	0	0	-453.7663158	0.001122383525	-54300.9973728351	
451.2063158	92	2	6	0.9401027951	0.001076290819	94.67397483	0.003043962996	5.322981211	2.204531191	26.141775	71.65369381	0	0	0	-451.2063158	0.001076290819	-56877.5436561387	
448.6463158	92	2	6	0.9401644611	0.00103227032	94.73831555	0.002873896701	5.258810557	2.108909096	26.16878622	71.72230468	0	0	0	-448.6463158	0.00103227032	-59531.6788800587	
446.0863158	92	2	6	0.9402235542	0.000990198059	94.8027024	0.002711353658	5.194586245	2.017029526	26.1947224	71.78824808	0	0	0	-446.0863158	0.000990198059	-62265.2945926676	
443.5263158	92	2	6	0.9402801912	0.000949959836	94.86712305	0.00255610913	5.130320842	1.92873854	26.21962842	71.85163304	0	0	0	-443.5263158	0.000949959836	-65080.4207739447	
440.9663158	92	2	6	0.940334482	0.0009114503037	94.93156558	0.002407940266	5.066026478	1.84389061	26.24354675	71.91256264	0	0	0	-440.9663158	0.0009114503037	-67979.2368778297	
438.4063158	92	2	6	0.94038653	0.0008745721486	94.99601848	0.002266626236	5.001714897	1.762348005	26.26651754	71.97113446	0	0	0	-438.4063158	0.0008745721486	-70964.080562359	
435.8463158	92	2	6	0.9404364326	0.0008392353586	95.06047056	0.002131948378	4.93739749	1.683980218	26.28857883	72.02744095	0	0	0	-435.8463158	0.0008392353586	-74037.459605166	
433.2863158	92	2	6	0.9404842818	0.0008053565688	95.12491097	0.002003690348	4.873085339	1.608663452	26.30976671	72.08156983	0	0	0	-433.2863158	0.0008053565688	-77202.063996818	
430.7263158	92	2	6	0.9405301643	0.0007728584738	95.18932912	0.001881638269	4.808789244	1.536280145	26.33011544	72.13360441	0	0	0	-430.7263158	0.0007728584738	-80460.7783276574	
428.1663158	92	2	6	0.9405741622	0.0007416693004	95.25371466	0.001765580889	4.744519761	1.466718535	26.34965758	72.18362389	0	0	0	-428.1663158	0.0007416693004	-83816.695414965	
425.6063158	92	2	6	0.9406163534	0.0007117223327	95.31805747	0.001655309724	4.680287225	1.399872268	26.36842408	72.23170365	0	0	0	-425.6063158	0.0007117223327	-87273.1311525753	
423.0463158	92	2	6	0.9406568115	0.0006829554847	95.38234761	0.001550619211	4.616101774	1.335640028	26.38644446	72.27791551	0	0	0	-423.0463158	0.0006829554847	-82538.1132953019	
421.7663158	92	2	6	0.940676416	0.0003312441339	95.41447089	0.001500303923	4.58402881	1.304474014	26.39518524	72.30034074	0	0	0	-421.7663158	0.0003312441339	-183168.672718161	
420.4863158	92	2	6	0.940695613	0.0003243870704	95.44657713	0.001451308098	4.551971565	1.273925475	26.40374985	72.32232468	0	0	0	-420.4863158	0.0003243870704	-179361.289960259	
419.8463158	92	2	6	0.9407050621	0.0001597297718	95.46262376	0.001427297471	4.535948945	1.258879167	26.40796753	72.3331533	0	0	0	-419.8463158	0.0001597297718	-3947.18477597417	
419.5263158	92	2	6	0.9407097497	7.926034567E-05	95.4706454	0.001415412553	4.527939183	1.251412449	26.41006039	72.33852716	0	0	0	-419.5263158	7.926034567E-05	-745996.081585151	
419.2063158	92	2	6	0.9407144127	7.883363963E-05	95.47866585	0.001403607381	4.51993054	1.243983107	26.41214257	72.34387432	0	0	0	-419.2063158	7.883363963E-05	-741971.572256237	
419.0463158	92	2	6	0.9407167351	3.927224064E-05	95.48267565	0.001397734596	4.51592662	1.240282394	26.41317972	72.34653789	0	0	0	-419.0463158	3.927224064E-05	-4058.96064200515	
418.9663158	92	2	6	0.9407178941	1.959798948E-05	95.48468043	0.001394805632	4.513924764	1.238435518	26.4136973	72.34786718	0	0	0	-418.9663158	1.959798948E-05	-2913568.18978667	
418.8863158	92	2	6	0.9407190514	1.95705699E-05	95.48668514	0.00139188161	4.51192298	1.236590958	26.41421422	72.34919482	0	0	0	-418.8863158	1.95705699E-05	-2909589.89630378	
418.8463158	92	2	6	0.9407196292	9.653089263E-06	95.48768738	0.001390421389	4.510922197	1.23566954	26.41447229	72.34985817	0	0	0	-418.8463158	9.653089263E-06	-4107.66140848714	
418.8263158	92	2	6	0.9407199179	4.826669682E-06	95.48818862	0.00138969181	4.510421685	1.235209048	26.41460127	72.35018968	0	0	0	-418.8263158	4.826669682E-06	348369.833522124	
418.8063158	92	2	6	0.9407202067	4.884788105E-06	95.48868978	0.001388962502	4.509921262	1.234748703	26.41473027	72.35052102	0	0	0	-418.8063158	4.884788105E-06	352502.920111099	
418.7963158	92	2	6	0.940720351	2.41140681E-06	95.48894027	0.001388597915	4.509671136	1.234518583	26.41479473	72.35068669	0	0	0	-418.7963158	2.41140681E-06	-8814.30108636304	
418.7563158	92	2	6	0.9407209281	9.790669468E-06	95.48994259	0.001387140538	4.508670271	1.23359848	26.4150526	72.35134892	0	0	0	-418.7563158	9.790669468E-06	-23548.5608671409	
418.7363158	92	2	6	0.9407212159	4.816361303E-06	95.49044376	0.001386412303	4.508169823	1.233138645	26.41518139	72.35167996	0	0	0	-418.7363158	4.816361303E-06	-2823552.2933186	
418.6963158	92	2	6	0.9407217928	9.811889336E-06	95.49144589	0.001384956744	4.507169149	1.232219389	26.41543907	72.35234155	0	0	0	-418.6963158	9.811889336E-06	8063.16832671322	
418.6163158	92	2	6	0.9407229455	1.960032429E-05	95.49345042	0.001382049417	4.50516753	1.230382635	26.4159539	72.35366346	0	0	0	-418.6163158	1.960032429E-05	8213.36868373447	
418.4563158	92	2	6	0.9407252455	3.889344184E-05	95.49745908	0.001376249388	4.501164671	1.226716025	26.41698132	72.35630265	0	0	0	-418.4563158	3.889344184E-05	8292.91848503781	
418.1363158	92	2	6	0.9407298272	7.748238951E-05	95.50547544	0.001364708122	4.493159856	1.219410377	26.41902826	72.36156136	0	0	0	-418.1363158	7.748238951E-05	8325.65384901201	
417.4963158	92	2	6	0.9407389183	0.0001537534636	95.52150424	0.001341859435	4.477153899	1.204908781	26.42309072	72.3720005	0	0	0	-417.4963158	0.0001537534636	8459.44166533706	
416.2163158	92	2	6	0.9407568143	0.0003027141708	95.55354571	0.001297086856	4.445157202	1.176339735	26.43109132	72.39256894	0	0	0	-416.2163158	0.0003027141708	8738.19219006419	
413.6563158	92	2	6	0.9407914881	0.000586678394	95.61756009	0.00121115701	4.381228753	1.120901062	26.44660614	72.4324928	0	0	0	-413.6563158	0.000586678394	-117373.01042256	
411.0963158	92	2	6	0.9408247268	0.0005626844689	95.68147727	0.001129890985	4.317392834	1.067661088	26.46149557	72.47084334	0	0	0	-411.0963158	0.0005626844689	-108885.499711029	
408.5363158	92	2	6	0.940856586	0.0005396198342	95.74528809	0.001053102329	4.253658808	1.016541385	26.47578244	72.50767617	0	0	0	-408.5363158	0.0005396198342	-113181.359805429	
405.9763158	92	2	6	0.9408871184	0.0005174147115	95.80898333	0.0009806083691	4.190036057	0.9674668457	26.48948855	72.5430446	0	0	0	-405.9763158	0.0005174147115	-117547.675501009	
403.4163158	92	2	6	0.9409163747	0.0004960320148	95.87255388	0.0009122302935	4.126533886	0.9203654226	26.50263481	72.57699977	0	0	0	-403.4163158	0.0004960320148	-122055.243107012	
400.8563158	92	2	6	0.9409444031	0.0004754369469	95.93599065	0.000847793251	4.063161552	0.8751679409	26.51524128	72.60959078	0	0	0	-400.8563158	0.0004754369469	-126710.616218761	
398.2963158	92	2	6	0.9409712497	0.0004555968032	95.99928459	0.0007871264344	3.999928284	0.8318079296	26.52732722	72.64086485	0	0	0	-398.2963158	0.0004555968032	-131520.753472049	
395.7363158	92	2	6	0.9409969589	0.0004364808161	96.06242665	0.0007300631558	3.936843285	0.7902214656	26.53891115	72.67086739	0	0	0	-395.7363158	0.0004364808161	-136493.117026158	
393.1763158	92	2	6	0.941021573	0.0004180600133	96.12540781	0.0006764409115	3.873915752	0.7503470295	26.55001088	72.69964209	0	0	0	-393.1763158	0.0004180600133	-141635.713387436	
390.6163158	92	2	6	0.9410451325	0.0004003070876	96.18821902	0.0006261014403	3.811154876	0.7121253709	26.56064354	72.72723109	0	0	0	-390.6163158	0.0004003070876	-146957.133885432	
388.0563158	92	2	6	0.9410676766	0.000383196277	96.25085125	0.000578890771	3.748569858	0.675499384	26.57082566	72.75367496	0	0	0	-388.0563158	0.000383196277	-152466.599667439	
385.4963158	92	2	6	0.9410892427	0.0003667032545	96.31329543	0.000534659263	3.686169913	0.6404139913	26.58057313	72.77901288	0	0	0	-385.4963158	0.0003667032545	-158174.013851806	
382.9363158	92	2	6	0.9411098668	0.000350805027	96.37554246	0.0004932616369	3.623964279	0.6068160355	26.5899013	72.80328266	0	0	0	-382.9363158	0.000350805027	-164090.012898682	
380.3763158	92	2	6	0.9411295834	0.0003354798411	96.43758322	0.0004545569972	3.561962223	0.5746541795	26.59882499	72.82652083	0	0	0	-380.3763158	0.0003354798411	-170226.026420373	
377.8163158	92	2	6	0.941148426	0.0003207070971	96.49940854	0.0004184088469	3.500173049	0.5438788124	26.60735848	72.8487627	0	0	0	-377.8163158	0.0003207070971	-176594.342789964	
375.2563158	92	2	6	0.9411664267	0.0003064672688	96.56100921	0.0003846850928	3.438606105	0.5144419625	26.61551561	72.87004243	0	0	0	-375.2563158	0.0003064672688	-183410.585591499	
372.6963158	92	2	6	0.9411836164	0.0002927704835	96.62237599	0.0003532580456	3.377270752	0.4862972197	26.62330974	72.89039304	0	0	0	-372.6963158	0.0002927704835	-190275.403699038	
370.1363158	92	2	6	0.941200025	0.0002795425782	96.68349951	0.0003240044066	3.31617649	0.4593996455	26.63075377	72.90984659	0	0	0	-370.1363158	0.0002795425782	-197242.068602928	
367.5763158	92	2	6	0.9412156811	0.00026679479	96.74437039	0.0002968052486	3.255332809	0.4337057235	26.63786019	72.92843409	0	0	0	-367.5763158	0.00026679479	-204684.535537753	
365.0163158	92	2	6	0.9412306128	0.0002545112601	96.80497918	0.0002715459962	3.194749277	0.4091732801	26.64464112	72.9461856	0	0	0	-365.0163158	0.0002545112601	-212437.217388735	
362.4563158	92	2	6	0.9412448467	0.000242676832	96.86531635	0.000248116391	3.134435532	0.3857614262	26.65110826	72.96313031	0	0	0	-362.4563158	0.000242676832	-220519.027514787	
359.8963158	92	2	6	0.9412584089	0.0002312770525	96.92537231	0.0002264104523	3.074401281	0.3634305007	26.65727299	72.97929651	0	0	0	-359.8963158	0.0002312770525	-228950.78950084	
357.3363158	92	2	6	0.9412713245	0.0002202981244	96.98513737	0.0002063264316	3.014656306	0.3421420165	26.6631463	72.99471168	0	0	0	-357.3363158	0.0002202981244	-237755.004363695	
354.7763158	92	2	6	0.9412836177	0.0002097268616	97.04460177	0.0001877667603	2.955210466	0.3218586119	26.66873889	73.0094025	0	0	0	-354.7763158	0.0002097268616	-246951.484096969	
352.2163158	92	2	6	0.9412953121	0.0001995502955	97.10375565	0.000170637989	2.896073715	0.3025440377	26.6740611	73.02339486	0	0	0	-352.2163158	0.0001995502955	-256581.590354194	
349.6563158	92	2	6	0.9413064304	0.0001897574538	97.16258911	0.0001548507344	2.837256039	0.2841629728	26.67912301	73.03671402	0	0	0	-349.6563158	0.0001897574538	-266661.25896189	
347.0963158	92	2	6	0.9413169948	0.0001803355868	97.22109212	0.0001403195938	2.77876756	0.2666812048	26.68393436	73.04938443	0	0	0	-347.0963158	0.0001803355868	-277214.702556556	
344.5363158	92	2	6	0.9413270265	0.0001712739769	97.27925457	0.0001269630819	2.720618469	0.2500654399	26.68850464	73.06142992	0	0	0	-344.5363158	0.0001712739769	-288289.762896933	
341.9763158	92	2	6	0.9413365462	0.0001625619327	97.33706625	0.0001147035496	2.662819042	0.2342833083	26.69284303	73.07287366	0	0	0	-341.9763158	0.0001625619327	-299917.824929391	
339.4163158	92	2	6	0.9413455741	0.0001541891645	97.39451689	0.0001034671001	2.605379643	0.2193033319	26.69695849	73.08373818	0	0	0	-339.4163158	0.0001541891645	-312138.702449942	
336.8563158	92	2	6	0.9413541297	0.0001461457576	97.45159609	9.318350202E-05	2.548310725	0.2050948944	26.7008597	73.09404541	0	0	0	-336.8563158	0.0001461457576	-324995.801230805	
334.2963158	92	2	6	0.9413622317	0.0001384221475	97.50829339	8.378609853E-05	2.491622828	0.1916282135	26.70455509	73.1038167	0	0	0	-334.2963158	0.0001384221475	-338536.503385556	
331.7363158	92	2	6	0.9413698986	0.0001310090965	97.56459821	7.521171319E-05	2.435326581	0.1788743157	26.70805287	73.11307281	0	0	0	-331.7363158	0.0001310090965	-352812.583734646	
329.1763158	92	2	6	0.9413771481	0.0001238976713	97.6204999	6.740055286E-05	2.379432699	0.1668050122	26.711361	73.12183398	0	0	0	-329.1763158	0.0001238976713	-367880.717298172	
326.6163158	92	2	6	0.9413839975	0.0001170792233	97.67598772	6.029610811E-05	2.323951983	0.1553928769	26.71448724	73.13011989	0	0	0	-326.6163158	0.0001170792233	-383803.062600637	
324.0563158	92	2	6	0.9413904634	0.00011054537	97.73105084	5.384505128E-05	2.268895319	0.1446112262	26.71743909	73.13794968	0	0	0	-324.0563158	0.00011054537	-400647.907306928	
321.4963158	92	2	6	0.9413965623	0.0001042879779	97.78567833	4.799713285E-05	2.214273675	0.1344341004	26.72022389	73.14534201	0	0	0	-321.4963158	0.0001042879779	-418490.415804354	
318.9363158	92	2	6	0.9414023098	9.829914669E-05	97.8398592	4.270507613E-05	2.160098098	0.1248362461	26.72284872	73.15231503	0	0	0	-318.9363158	9.829914669E-05	-437413.539990927	
316.3763158	92	2	6	0.9414077213	9.257119601E-05	97.89358237	3.792447087E-05	2.10637971	0.1157931003	26.7253205	73.1588864	0	0	0	-316.3763158	9.257119601E-05	-457509.047378866	
313.8163158	92	2	6	0.9414128115	8.709665258E-05	97.94683668	3.361366598E-05	2.05312971	0.107280776	26.72764594	73.16507329	0	0	0	-313.8163158	8.709665258E-05	-478878.741760547	
311.2563158	92	2	6	0.9414175949	8.186823984E-05	97.9996109	2.973366178E-05	2.000359362	0.09927604832	26.72983153	73.17089242	0	0	0	-311.2563158	8.186823984E-05	-501635.955911716	
308.6963158	92	2	6	0.9414220855	7.687886917E-05	98.05189376	2.624800202E-05	1.948079995	0.09175634223	26.7318836	73.17636005	0	0	0	-308.6963158	7.687886917E-05	-525907.332293212	
306.1363158	92	2	6	0.9414262968	7.212163316E-05	98.10367388	2.312266603E-05	1.896302997	0.084699721	26.7338083	73.18149198	0	0	0	-306.1363158	7.212163316E-05	-551835.023344633	
303.5763158	92	2	6	0.941430242	6.758980123E-05	98.15493987	2.032596129E-05	1.845039808	0.07808487568	26.73561157	73.18630356	0	0	0	-303.5763158	6.758980123E-05	-579579.447702909	
301.0163158	92	2	6	0.9414339337	6.327681811E-05	98.20568026	1.782841678E-05	1.794301914	0.07189111532	26.73729918	73.19080971	0	0	0	-301.0163158	6.327681811E-05	-537485.984901014	
300	92	2	6	0.9414353319	2.39194624E-05	98.22567588	1.691372577E-05	1.774307209	0.06954450055	26.73793841	73.19251709	0	0	0	-300	2.39194624E-05	485840.452234207	
