T	w(AL)	w(MG)	w(SI)	fs	fw(@FCC_A1)	w(AL@FCC_A1)	w(MG@FCC_A1)	w(SI@FCC_A1)	w(AL@LIQUID)	w(MG@LIQUID)	w(SI@LIQUID)	dwdT_L(AL@LIQUID)	dwdT_L(MG@LIQUID)	dwdT_L(SI@LIQUID)	-T	fw(@FCC_A1)_1	-T//fw(@FCC_A1)	
K	%	%	%	mole/mole	kg/kg	%	%	%	%	%	%	SI	SI	SI				
854.2778837	85	5	10	0	0	98.16150548	0.8497310374	0.9887634788	85	5	10	0.001949518004	-0.0006147526154	-0.001334765389	-854.2778837	0	33.5409167651045	
854.2678837	85	5	10	0.0001480930964	0.0001482240052	98.16135577	0.8497545578	0.9888896722	84.9980511	5.000614599	10.0013343	0	0	0	-854.2678837	0.0001482240052	101.389993872451	
854.2478837	85	5	10	0.0004438551641	0.0002961118716	98.16105638	0.8498015497	0.989142066	84.99415272	5.001843908	10.00400337	0	0	0	-854.2478837	0.0002961118716	135.198803543018	
854.2078837	85	5	10	0.001035125984	0.0005921425179	98.16045777	0.8498953463	0.9896468797	84.98635298	5.00430353	10.00934349	0	0	0	-854.2078837	0.0005921425179	135.22940987541	
854.1278837	85	5	10	0.002215589295	0.001182786334	98.15926105	0.8500824324	0.9906565186	84.97075545	5.009222422	10.02002213	0	0	0	-854.1278837	0.001182786334	135.567470120426	
853.9678837	85	5	10	0.004569106694	0.002360894904	98.15687016	0.8504540411	0.9926757943	84.93955738	5.01906215	10.04138047	0	0	0	-853.9678837	0.002360894904	136.081241662505	
853.6478837	85	5	10	0.009246705381	0.004703180351	98.1520982	0.8511873563	0.9967144405	84.87714911	5.038749403	10.08410148	0	0	0	-853.6478837	0.004703180351	137.24423162103	
853.0078837	85	5	10	0.01847570646	0.009324836859	98.14259361	0.8526139508	1.004792438	84.75228638	5.078151944	10.16956167	0	0	0	-853.0078837	0.009324836859	139.625869449039	
851.7278837	85	5	10	0.03646518592	0.01834744569	98.12373922	0.8553100353	1.020950741	84.50236684	5.157079064	10.3405541	0	0	0	-851.7278837	0.01834744569	144.280365114678	
849.1678837	85	5	10	0.07067431273	0.03554228913	98.0866359	0.8600866324	1.053277464	84.00174186	5.315437121	10.68282102	0	0	0	-849.1678837	0.03554228913	-2570.30349957979	
846.6078837	85	5	10	0.1026779559	0.0344763969	98.05032126	0.8640462739	1.085632465	83.50010277	5.474384983	11.02551225	0	0	0	-846.6078837	0.0344763969	-2479.04328847076	
844.0478837	85	5	10	0.1326787974	0.03347318245	98.01476433	0.8672155938	1.118020072	82.99742463	5.633942499	11.36863287	0	0	0	-844.0478837	0.03347318245	-2633.09349052519	
841.4878837	85	5	10	0.1608567104	0.03252841222	97.9799348	0.8696207072	1.150444489	82.49368142	5.794128929	11.71218965	0	0	0	-841.4878837	0.03252841222	-2793.75736772821	
838.9278837	85	5	10	0.1873709982	0.03163738154	97.94580287	0.8712872281	1.182909904	81.98884507	5.95496312	12.05619181	0	0	0	-838.9278837	0.03163738154	-2960.02327685992	
836.3678837	85	5	10	0.2123632167	0.03079586795	97.91233925	0.8722402883	1.215420461	81.4828858	6.116463523	12.40065067	0	0	0	-836.3678837	0.03079586795	-3131.98312865841	
833.8078837	85	5	10	0.235959556	0.03000008228	97.87951518	0.8725045591	1.247980258	80.97577213	6.278648277	12.74557959	0	0	0	-833.8078837	0.03000008228	-3309.75244633265	
831.2478837	85	5	10	0.2582728521	0.02924661437	97.84730239	0.8721042706	1.280593337	80.46747091	6.441535275	13.09099381	0	0	0	-831.2478837	0.02924661437	-3493.45252158929	
828.6878837	85	5	10	0.279404291	0.02853238668	97.81567309	0.8710632275	1.313263678	79.95794739	6.605142233	13.43691038	0	0	0	-828.6878837	0.02853238668	-3683.21068881889	
826.1278837	85	5	10	0.2994448612	0.02785461464	97.78459998	0.8694048238	1.345995198	79.44716522	6.769486739	13.78334804	0	0	0	-826.1278837	0.02785461464	-3879.1607022623	
823.5678837	85	5	10	0.3184765942	0.02721077252	97.75405621	0.8671520547	1.378791739	78.93508653	6.93458631	14.13032716	0	0	0	-823.5678837	0.02721077252	-4081.44285335465	
821.0078837	85	5	10	0.3365736301	0.02659856394	97.7240154	0.8643275273	1.41165707	78.42167192	7.100458435	14.47786964	0	0	0	-821.0078837	0.02659856394	-4290.20440409326	
818.4478837	85	5	10	0.3538031351	0.02601589639	97.69445166	0.8609534696	1.444594875	77.90688053	7.267120614	14.82599885	0	0	0	-818.4478837	0.02601589639	-4505.59997795953	
815.8878837	85	5	10	0.3702260949	0.02546085904	97.66533951	0.8570517389	1.477608752	77.39067004	7.434590397	15.17473956	0	0	0	-815.8878837	0.02546085904	-4727.79196885383	
813.3278837	85	5	10	0.3858980024	0.02493170343	97.63665397	0.8526438279	1.510702206	76.8729967	7.602885417	15.52411788	0	0	0	-813.3278837	0.02493170343	-4956.95082589732	
810.7678837	85	5	10	0.4008694567	0.02442682652	97.60837048	0.8477508714	1.543878644	76.35381538	7.77202342	15.8741612	0	0	0	-810.7678837	0.02442682652	-5193.25558407083	
808.2078837	85	5	10	0.4151866856	0.02394475589	97.58046498	0.8423936506	1.577141367	75.83307955	7.942022294	16.22489815	0	0	0	-808.2078837	0.02394475589	-5436.89439887781	
805.6478837	85	5	10	0.4288920026	0.02348413667	97.55291384	0.836592598	1.610493565	75.31074134	8.112900092	16.57635857	0	0	0	-805.6478837	0.02348413667	-5688.06521222466	
803.0878837	85	5	10	0.4420242088	0.02304372007	97.52569389	0.8303678004	1.643938313	74.78675153	8.284675061	16.92857341	0	0	0	-803.0878837	0.02304372007	-5946.9758829386	
800.5278837	85	5	10	0.4546189462	0.02262235312	97.49878244	0.8237390027	1.677478559	74.26105956	8.457365658	17.28157478	0	0	0	-800.5278837	0.02262235312	-6213.84503474747	
797.9678837	85	5	10	0.4667090092	0.02221896971	97.47215727	0.8167256101	1.711117119	73.73361359	8.630990573	17.63539584	0	0	0	-797.9678837	0.02221896971	-6488.90278637184	
795.4078837	85	5	10	0.4783246207	0.02183258252	97.44579664	0.80934669	1.74485667	73.20436044	8.80556875	17.99007081	0	0	0	-795.4078837	0.02183258252	-6772.39138295934	
792.8478837	85	5	10	0.4894936765	0.02146227591	97.41967928	0.8016209744	1.778699742	72.67324566	8.981119401	18.34563494	0	0	0	-792.8478837	0.02146227591	-7064.56557951764	
790.2878837	85	5	10	0.5002419629	0.02110719947	97.39378443	0.7935668609	1.812648705	72.14021351	9.157662025	18.70212446	0	0	0	-790.2878837	0.02110719947	-7365.69362612883	
787.7278837	85	5	10	0.5105933499	0.02076656236	97.36809182	0.7852024139	1.846705763	71.60520696	9.335216424	19.05957661	0	0	0	-787.7278837	0.02076656236	-7676.05770886362	
785.1678837	85	5	10	0.5205699643	0.02043962811	97.34258169	0.7765453654	1.880872944	71.06816772	9.513802714	19.41802957	0	0	0	-785.1678837	0.02043962811	-7995.95520072327	
782.6078837	85	5	10	0.530192344	0.02012571009	97.3172348	0.7676131161	1.915152083	70.52903621	9.693441344	19.77752245	0	0	0	-782.6078837	0.02012571009	-8325.69871543857	
780.0478837	85	5	10	0.5394795768	0.01982416725	97.29203244	0.7584227351	1.94954482	69.98775159	9.874153107	20.1380953	0	0	0	-780.0478837	0.01982416725	-8665.61728632691	
777.4878837	85	5	10	0.5484494241	0.01953440046	97.26695646	0.748990961	1.984052578	69.44425174	10.05595915	20.49978911	0	0	0	-777.4878837	0.01953440046	-9016.05679091125	
774.9278837	85	5	10	0.5571184334	0.01925584902	97.24198924	0.7393342017	2.018676555	68.89847328	10.23888099	20.86264573	0	0	0	-774.9278837	0.01925584902	-9377.38062588152	
772.3678837	85	5	10	0.5655020386	0.01898798765	97.21711376	0.7294685345	2.053417705	68.35035157	10.42294051	21.22670792	0	0	0	-772.3678837	0.01898798765	-9749.97062483751	
769.8078837	85	5	10	0.5736146508	0.01873032364	97.19231357	0.719409706	2.088276729	67.79982067	10.60816001	21.59201932	0	0	0	-769.8078837	0.01873032364	-10134.2262840786	
767.2478837	85	5	10	0.581469741	0.01848239429	97.16757282	0.7091731325	2.123254049	67.24681341	10.79456214	21.95862445	0	0	0	-767.2478837	0.01848239429	-10530.566378517	
764.6878837	85	5	10	0.5890799141	0.01824376461	97.1428763	0.6987738993	2.158349798	66.69126132	10.98217	22.32656868	0	0	0	-764.6878837	0.01824376461	-10939.4286425747	
762.1278837	85	5	10	0.5964569763	0.01801402516	97.11820944	0.6882267609	2.193563796	66.13309469	11.17100707	22.69589824	0	0	0	-762.1278837	0.01801402516	-11361.2686611163	
759.5678837	85	5	10	0.6036119968	0.01779279008	97.09355833	0.6775461408	2.228895533	65.57224255	11.36109725	23.0666602	0	0	0	-759.5678837	0.01779279008	-11796.5597506353	
757.0078837	85	5	10	0.610555363	0.01757969529	97.06890973	0.6667461313	2.264344144	65.00863265	11.55246487	23.43890248	0	0	0	-757.0078837	0.01757969529	-12245.7922536969	
754.4478837	85	5	10	0.6172968314	0.01737439683	97.04425112	0.6558404938	2.299908383	64.44219154	11.74513467	23.81267379	0	0	0	-754.4478837	0.01737439683	-12709.4719044446	
751.8878837	85	5	10	0.6238455739	0.01717656932	97.01957074	0.644842658	2.335586606	63.87284451	11.93913181	24.18802368	0	0	0	-751.8878837	0.01717656932	-13188.1163526833	
749.3278837	85	5	10	0.6302102199	0.0169859045	96.99485754	0.6337657226	2.371376735	63.30051564	12.13448188	24.56500248	0	0	0	-749.3278837	0.0169859045	-13682.2522233641	
746.7678837	85	5	10	0.636398895	0.01680210991	96.97010131	0.6226224551	2.407276233	62.72512784	12.33121087	24.94366129	0	0	0	-746.7678837	0.01680210991	-14192.4101951556	
744.2078837	85	5	10	0.642419256	0.01662490761	96.94529264	0.6114252916	2.443282072	62.14660285	12.52934519	25.32405196	0	0	0	-744.2078837	0.01662490761	-14719.1223227913	
741.6478837	85	5	10	0.6482785234	0.01645403309	96.92042296	0.6001863378	2.479390703	61.56486128	12.72891164	25.70622709	0	0	0	-741.6478837	0.01645403309	-15262.9073466771	
739.0878837	85	5	10	0.653983511	0.01628923398	96.89548462	0.5889173685	2.515598014	60.97982266	12.9299374	26.09023993	0	0	0	-739.0878837	0.01628923398	-15824.2657229278	
736.5278837	85	5	10	0.6595406527	0.01613026917	96.87047088	0.5776298287	2.551899296	60.39140553	13.13245004	26.47614444	0	0	0	-736.5278837	0.01613026917	-16403.6692097223	
733.9678837	85	5	10	0.6649560282	0.0159769077	96.84537596	0.5663348339	2.588289204	59.79952743	13.33647743	26.86399514	0	0	0	-733.9678837	0.0159769077	-17001.5385656023	
731.4078837	85	5	10	0.6702353848	0.0158289278	96.82019512	0.5550431704	2.624761709	59.20410507	13.54204779	27.25384714	0	0	0	-731.4078837	0.0158289278	-17616.5185591566	
728.8478837	85	5	10	0.6753841507	0.01568608963	96.79492464	0.5437652948	2.66131006	58.60505536	13.74918926	27.64575538	0	0	0	-728.8478837	0.01568608963	-18255.2975026327	
726.2878837	85	5	10	0.6804074936	0.01554828105	96.76956198	0.5325113631	2.697926653	58.00229094	13.95793147	28.03977759	0	0	0	-726.2878837	0.01554828105	-18911.4218889903	
723.7278837	85	5	10	0.6853102701	0.01541518955	96.74410559	0.5212911213	2.734603293	57.39572825	14.16830274	28.435969	0	0	0	-723.7278837	0.01541518955	-19582.068646717	
721.1678837	85	5	10	0.6900970923	0.01528665842	96.71855533	0.5101141052	2.771330569	56.78528195	14.38033203	28.83438602	0	0	0	-721.1678837	0.01528665842	-20275.6126657784	
718.6078837	85	5	10	0.694772336	0.01516251696	96.69291221	0.498989455	2.808098331	56.17086574	14.59404862	29.23508565	0	0	0	-718.6078837	0.01516251696	-20988.2236227883	
716.0478837	85	5	10	0.6993401449	0.01504256811	96.66717863	0.4879260065	2.844895365	55.55239379	14.8094816	29.63812461	0	0	0	-716.0478837	0.01504256811	-21717.7578755155	
713.4878837	85	5	10	0.7038044472	0.01492662891	96.64135835	0.4769322757	2.881709379	54.92978055	15.02665999	30.04355945	0	0	0	-713.4878837	0.01492662891	-22463.9022466774	
710.9278837	85	5	10	0.7081689668	0.01481451837	96.61545661	0.4660164602	2.918526927	54.30294102	15.2456126	30.45144638	0	0	0	-710.9278837	0.01481451837	-23230.2067628065	
708.3678837	85	5	10	0.7124372935	0.01470610246	96.58947859	0.455186207	2.9553352	53.67178921	15.46636478	30.86184601	0	0	0	-708.3678837	0.01470610246	-23981.8083471328	
705.8078837	85	5	10	0.7166126612	0.01460092503	96.56343529	0.4444493231	2.99211539	53.03625254	15.6889446	31.27480285	0	0	0	-705.8078837	0.01460092503	-24763.2094427103	
703.2478837	85	5	10	0.7206982995	0.01449922711	96.53733582	0.433813066	3.028851111	52.39624159	15.91338234	31.69037607	0	0	0	-703.2478837	0.01449922711	-25575.1149653816	
700.6878837	85	5	10	0.7246972153	0.01440063418	96.51119213	0.4232843825	3.065523486	51.75167731	16.13970457	32.10861812	0	0	0	-700.6878837	0.01440063418	-26367.3921151879	
698.1278837	85	5	10	0.7286122568	0.01430496018	96.48501803	0.4128699125	3.102112058	51.10248341	16.36793685	32.52957974	0	0	0	-698.1278837	0.01430496018	-27155.9716875652	
695.5678837	85	5	10	0.7324461204	0.01421201477	96.45882932	0.4025759916	3.138594684	50.44858691	16.59810352	32.95330957	0	0	0	-695.5678837	0.01421201477	-27934.153227689	
693.0078837	85	5	10	0.7362013569	0.01412160205	96.43264392	0.3924086537	3.174947427	49.78991895	16.83022737	33.37985369	0	0	0	-693.0078837	0.01412160205	-28694.0203725517	
690.4478837	85	5	10	0.7398803769	0.01403351955	96.40648191	0.3823736338	3.211144455	49.12641552	17.06432937	33.80925511	0	0	0	-690.4478837	0.01403351955	-29426.3320235104	
687.8878837	85	5	10	0.7434854558	0.01394755661	96.38036571	0.3724763706	3.24715792	48.45801843	17.30042837	34.2415532	0	0	0	-687.8878837	0.01394755661	-30120.5011715892	
685.3278837	85	5	10	0.7470187383	0.01386349322	96.35432014	0.3627220094	3.282957846	47.78467627	17.53854064	34.67678309	0	0	0	-685.3278837	0.01386349322	-30764.6815217858	
682.7678837	85	5	10	0.7504822423	0.01378109855	96.32837259	0.3531154045	3.318512007	47.10634563	17.77867952	35.11497485	0	0	0	-682.7678837	0.01378109855	-31345.8620915337	
680.2078837	85	5	10	0.7538778622	0.0137001294	96.30255307	0.343661122	3.353785808	46.4229923	18.02085489	35.55615281	0	0	0	-680.2078837	0.0137001294	-31850.1440917172	
677.6478837	85	5	10	0.7572073721	0.01362032876	96.27689439	0.3343634422	3.388742164	45.73459274	18.26507268	36.00033458	0	0	0	-677.6478837	0.01362032876	-32263.127650154	
675.0878837	85	5	10	0.7604724281	0.01354142419	96.25143226	0.3252263619	3.423341377	45.04113567	18.51133426	36.44753008	0	0	0	-675.0878837	0.01354142419	-32570.4455696463	
672.5278837	85	5	10	0.7636745706	0.01346312635	96.22620538	0.3162535959	3.457541025	44.34262373	18.75963581	36.89774046	0	0	0	-672.5278837	0.01346312635	-32758.4278443796	
669.9678837	85	5	10	0.766815226	0.01338512739	96.20125557	0.3074485795	3.49129585	43.63907549	19.00996759	37.35095691	0	0	0	-669.9678837	0.01338512739	-32814.873438524	
667.4078837	85	5	10	0.7698957083	0.01330709953	96.17662788	0.2988144689	3.524557654	42.93052747	19.26231322	37.80715931	0	0	0	-667.4078837	0.01330709953	-32729.9130811664	
664.8478837	85	5	10	0.7729172201	0.01322869374	96.15237064	0.2903541428	3.557275215	42.21703643	19.51664876	38.26631481	0	0	0	-664.8478837	0.01322869374	-32496.8132409173	
662.2878837	85	5	10	0.775880854	0.01314953849	96.12853559	0.2820702018	3.589394213	41.49868183	19.77294185	38.72837632	0	0	0	-662.2878837	0.01314953849	-32112.7045919658	
659.7278837	85	5	10	0.7787875932	0.01306923886	96.10517785	0.2739649687	3.62085718	40.77556842	20.03115076	39.19328082	0	0	0	-659.7278837	0.01306923886	-31579.1268694735	
657.1678837	85	5	10	0.7816383123	0.01298737594	96.08235603	0.2660404869	3.651603481	40.04782907	20.29122331	39.66094762	0	0	0	-657.1678837	0.01298737594	-30902.2703420732	
654.6078837	85	5	10	0.7844337784	0.01290350667	96.06013216	0.2582985184	3.681569322	39.31562769	20.55309581	40.13127649	0	0	0	-654.6078837	0.01290350667	-30092.8820074474	
652.0478837	85	5	10	0.7871746522	0.01281716418	96.03857165	0.2507405415	3.710687808	38.57916225	20.81669195	40.6041458	0	0	0	-652.0478837	0.01281716418	-29165.8546759768	
649.4878837	85	5	10	0.7898614889	0.01272785901	96.01774321	0.2433677465	3.738889043	37.83866789	21.08192164	41.07941047	0	0	0	-649.4878837	0.01272785901	-28139.5350118782	
646.9278837	85	5	10	0.7924947406	0.01263508137	95.99771867	0.2361810301	3.766100304	37.09442006	21.34867983	41.55690012	0	0	0	-646.9278837	0.01263508137	-27034.3698380553	
644.3678837	85	5	10	0.7950747575	0.01253830154	95.97857278	0.2291809918	3.792246232	36.34673764	21.61684542	42.03641693	0	0	0	-644.3678837	0.01253830154	-25872.4124320477	
641.8078837	85	5	10	0.7976017915	0.01243697895	95.96038291	0.2223679255	3.817249164	35.59598581	21.88628019	42.517734	0	0	0	-641.8078837	0.01243697895	-24675.9668177112	
639.2478837	85	5	10	0.800076	0.01233056255	95.94322869	0.2157418134	3.841029498	34.84257864	22.15682784	43.00059352	0	0	0	-639.2478837	0.01233056255	-23466.1099250204	
636.6878837	85	5	10	0.8024974509	0.01221850036	95.92719151	0.2093023168	3.863506171	34.08698153	22.42831309	43.48470538	0	0	0	-636.6878837	0.01221850036	-22262.483884498	
634.1278837	85	5	10	0.8048661284	0.01210024657	95.91235401	0.2030487676	3.884597225	33.32971296	22.70054109	43.96974595	0	0	0	-634.1278837	0.01210024657	-21082.3103873497	
631.5678837	85	5	10	0.8071819409	0.01197527155	95.89879937	0.1969801599	3.904220471	32.57134561	22.97329699	44.45535741	0	0	0	-631.5678837	0.01197527155	-19941.0401242003	
629.0078837	85	5	10	0.8094447322	0.01184308557	95.88661049	0.1910951303	3.922294378	31.81250578	23.24634617	44.94114805	0	0	0	-629.0078837	0.01184308557	-18848.0268087115	
626.4478837	85	5	10	0.8116542829	0.01170318833	95.8758696	0.1853919936	3.938738403	31.05387637	23.51943317	45.42669047	0	0	0	-626.4478837	0.01170318833	-17813.401210534	
623.8878837	85	5	10	0.8138103366	0.01155520795	95.86665661	0.1798686713	3.953474717	30.29618989	23.79228427	45.91152584	0	0	0	-623.8878837	0.01155520795	-16845.9495279848	
621.3278837	85	5	10	0.8159126044	0.01139879034	95.85904858	0.1745227307	3.966428689	29.54022884	24.06460741	46.39516375	0	0	0	-621.3278837	0.01139879034	-15947.0658791729	
618.7678837	85	5	10	0.817960783	0.0112336756	95.85311856	0.1693513726	3.97753007	28.78682049	24.33609413	46.87708538	0	0	0	-618.7678837	0.0112336756	-15119.8238987188	
616.2078837	85	5	10	0.8199545707	0.0110596992	95.84893449	0.164351433	3.986714077	28.03683119	24.60642167	47.35674714	0	0	0	-616.2078837	0.0110596992	-14364.8546251352	
613.6478837	85	5	10	0.8218936852	0.01087680469	95.84655815	0.1595193892	3.993922464	27.2911592	24.87525566	47.83358514	0	0	0	-613.6478837	0.01087680469	-13681.5492376075	
611.0878837	85	5	10	0.8237778818	0.01068505412	95.84604408	0.154851371	3.999104553	26.55072629	25.14225325	48.30702046	0	0	0	-611.0878837	0.01068505412	-13068.3599844895	
608.5278837	85	5	10	0.8256069708	0.01048463576	95.84743864	0.1503431768	4.002218183	25.81646807	25.40706668	48.77646526	0	0	0	-608.5278837	0.01048463576	-12523.0745742279	
605.9678837	85	5	10	0.8273808356	0.01027586826	95.85077916	0.1459902954	4.003230548	25.08932342	25.66934718	49.2413294	0	0	0	-605.9678837	0.01027586826	-12043.0435864557	
603.4078837	85	5	10	0.8290994485	0.01005920077	95.85609319	0.1417879339	4.002118877	24.37022328	25.92874916	49.70102756	0	0	0	-603.4078837	0.01005920077	-11625.3682017193	
600.8478837	85	5	10	0.8307628855	0.009835208671	95.86339802	0.1377310502	3.998870932	23.66008035	26.1849337	50.15498595	0	0	0	-600.8478837	0.009835208671	-11267.1265710431	
598.2878837	85	5	10	0.8323713387	0.009604588204	95.87270028	0.1338143898	3.993485333	22.95977231	26.43757585	50.60265185	0	0	0	-598.2878837	0.009604588204	-10965.1683836076	
595.7278837	85	5	10	0.8339251244	0.009368129658	95.88399594	0.1300325332	3.985971531	22.27013876	26.68636415	51.04349709	0	0	0	-595.7278837	0.009368129658	-10716.5439463778	
593.1678837	85	5	10	0.8354246906	0.009126719636	95.89727033	0.1263799368	3.976349735	21.59196559	26.93100748	51.47702694	0	0	0	-593.1678837	0.009126719636	-10518.7632900374	
590.6078837	85	5	10	0.8368706202	0.008881314865	95.91249847	0.122850979	3.964650548	20.92597731	27.17123746	51.90278522	0	0	0	-590.6078837	0.008881314865	-10369.1822274122	
588.0478837	85	5	10	0.83826363	0.008632912384	95.92964565	0.119440012	3.950914339	20.27282943	27.40681144	52.32035914	0	0	0	-588.0478837	0.008632912384	-10265.36766906	
585.4878837	85	5	10	0.839604567	0.008382534818	95.94866809	0.1161414074	3.935190503	19.6331025	27.63751453	52.72938298	0	0	0	-585.4878837	0.008382534818	-10205.2426228773	
582.9278837	85	5	10	0.8408944023	0.008131205858	95.96951384	0.112949602	3.917536556	19.00729802	27.86316118	53.1295408	0	0	0	-582.9278837	0.008131205858	-10186.9096328169	
580.3678837	85	5	10	0.8421342213	0.007879928994	95.99212374	0.1098591402	3.898017124	18.39583614	28.08359596	53.5205679	0	0	0	-580.3678837	0.007879928994	-10208.6915125	
577.8078837	85	5	10	0.8433252128	0.007629668317	96.01643243	0.1068647119	3.876702862	17.79905505	28.29869375	53.9022512	0	0	0	-577.8078837	0.007629668317	-10269.1217534584	
575.2478837	85	5	10	0.8444686563	0.007381332067	96.04236947	0.1039611863	3.853669345	17.21721216	28.50835932	54.27442852	0	0	0	-575.2478837	0.007381332067	-10366.9322770538	
572.6878837	85	5	10	0.8455659074	0.007135759371	96.0698604	0.1011436397	3.828995958	16.65048659	28.71252634	54.63698707	0	0	0	-572.6878837	0.007135759371	-10501.0392071577	
570.1278837	85	5	10	0.8466183839	0.006893710352	96.09882779	0.09840737803	3.802764829	16.098983	28.91115599	54.98986101	0	0	0	-570.1278837	0.006893710352	-10670.5277145416	
567.5678837	85	5	10	0.8476275515	0.006655859606	96.12919223	0.0957479541	3.775059819	15.56273635	29.10423516	55.33302849	0	0	0	-567.5678837	0.006655859606	-10874.6367151845	
565.0078837	85	5	10	0.848594909	0.006422792837	96.16087322	0.09316117896	3.745965598	15.04171736	29.29177442	55.66650822	0	0	0	-565.0078837	0.006422792837	-11112.7439257057	
562.4478837	85	5	10	0.8495219756	0.00619500633	96.19379006	0.09064312872	3.715566811	14.53583855	29.4738058	55.99035565	0	0	0	-562.4478837	0.00619500633	-11384.3513319885	
559.8878837	85	5	10	0.850410278	0.005972908819	96.2278625	0.08819014665	3.683947352	14.04496045	29.65038046	56.30465909	0	0	0	-559.8878837	0.005972908819	-11689.071695395	
557.3278837	85	5	10	0.8512613398	0.005756825314	96.26301142	0.08579884146	3.651189741	13.56889793	29.82156639	56.60953568	0	0	0	-557.3278837	0.005756825314	-12026.6159862621	
554.7678837	85	5	10	0.8520766709	0.00554700239	96.29915931	0.0834660821	3.617374604	13.10742638	29.98744607	56.90512755	0	0	0	-554.7678837	0.00554700239	-12396.7817545087	
552.2078837	85	5	10	0.8528577593	0.005343614516	96.33623075	0.08118898991	3.582580256	12.66028774	30.14811429	57.19159797	0	0	0	-552.2078837	0.005343614516	-12799.4428088667	
549.6478837	85	5	10	0.8536060638	0.005146771014	96.3741527	0.07896492853	3.546882371	12.22719611	30.30367606	57.46912783	0	0	0	-549.6478837	0.005146771014	-13234.5396786008	
547.0878837	85	5	10	0.8543230075	0.004956523308	96.41285476	0.0767914921	3.510353743	11.80784302	30.45424467	57.73791231	0	0	0	-547.0878837	0.004956523308	-13702.0712275872	
544.5278837	85	5	10	0.8550099737	0.004772872188	96.45226939	0.07466649244	3.473064117	11.40190225	30.5999399	57.99815785	0	0	0	-544.5278837	0.004772872188	-14202.087390875	
541.9678837	85	5	10	0.8556683015	0.004595774872	96.49233197	0.07258794529	3.435080081	11.00903415	30.74088646	58.25007939	0	0	0	-541.9678837	0.004595774872	-14734.6826247526	
539.4078837	85	5	10	0.8562992834	0.0044251517	96.53298092	0.0705540563	3.396465021	10.62888954	30.87721252	58.49389795	0	0	0	-539.4078837	0.0044251517	-15299.9900371375	
536.8478837	85	5	10	0.8569041631	0.004260892353	96.57415768	0.06856320683	3.357279117	10.2611131	31.00904848	58.72983842	0	0	0	-536.8478837	0.004260892353	-15898.1766705043	
534.2878837	85	5	10	0.8574841349	0.004102861537	96.61580668	0.06661393998	3.317579377	9.905346369	31.13652587	58.95812776	0	0	0	-534.2878837	0.004102861537	-16529.4393723077	
531.7278837	85	5	10	0.8580403427	0.00395090409	96.65787535	0.06470494686	3.277419703	9.561230286	31.25977642	59.17899329	0	0	0	-531.7278837	0.00395090409	-17194.0010321167	
529.1678837	85	5	10	0.8585738801	0.00380484951	96.70031397	0.06283505345	3.236850976	9.228407378	31.37893123	59.39266139	0	0	0	-529.1678837	0.00380484951	-17892.107790613	
526.6078837	85	5	10	0.8590857913	0.003664515923	96.74307563	0.06100320794	3.195921165	8.906523592	31.49412014	59.59935627	0	0	0	-526.6078837	0.003664515923	-18624.0263818126	
524.0478837	85	5	10	0.8595770715	0.003529713509	96.78611609	0.05920846886	3.154675442	8.595229809	31.60547112	59.79929907	0	0	0	-524.0478837	0.003529713509	-19390.0422507517	
521.4878837	85	5	10	0.8600486684	0.003400247438	96.8293937	0.05744999375	3.113156311	8.294183087	31.71310987	59.99270704	0	0	0	-521.4878837	0.003400247438	-20190.4581668698	
518.9278837	85	5	10	0.8605014836	0.003275920347	96.87286924	0.05572702874	3.071403736	8.00304765	31.81715944	60.17979291	0	0	0	-518.9278837	0.003275920347	-21025.5925948598	
516.3678837	85	5	10	0.8609363736	0.003156534406	96.91650582	0.05403889874	3.029455279	7.721495668	31.91773993	60.36076441	0	0	0	-516.3678837	0.003156534406	-21895.779255045	
513.8078837	85	5	10	0.8613541522	0.003041893027	96.96026877	0.0523849984	2.987346231	7.449207849	32.01496827	60.53582388	0	0	0	-513.8078837	0.003041893027	-22801.3665944936	
511.2478837	85	5	10	0.8617555919	0.002931802247	97.00412547	0.05076478378	2.945109745	7.185873862	32.1089581	60.70516804	0	0	0	-511.2478837	0.002931802247	-23742.7171001162	
508.6878837	85	5	10	0.8621414256	0.002826071834	97.04804527	0.04917776466	2.902776962	6.93119264	32.19981964	60.86898772	0	0	0	-508.6878837	0.002826071834	-24720.2080563878	
506.1278837	85	5	10	0.8625123486	0.002724516159	97.09199936	0.04762349761	2.860377138	6.684872546	32.28765963	61.02746783	0	0	0	-506.1278837	0.002724516159	-25734.231284631	
503.5678837	85	5	10	0.8628690203	0.002626954853	97.13596066	0.04610157951	2.817937765	6.446631464	32.37258128	61.18078725	0	0	0	-503.5678837	0.002626954853	-26785.1935893075	
501.0078837	85	5	10	0.863212066	0.002533213299	97.17990368	0.0446116418	2.775484681	6.216196786	32.45468433	61.32911888	0	0	0	-501.0078837	0.002533213299	-27873.5180992401	
498.4478837	85	5	10	0.8635420787	0.002443122975	97.22380447	0.04315334518	2.733042182	5.993305353	32.53406502	61.47262963	0	0	0	-498.4478837	0.002443122975	-28999.6443105581	
495.8878837	85	5	10	0.8638596204	0.002356521672	97.2676405	0.04172637483	2.690633124	5.777703326	32.61081615	61.61148053	0	0	0	-495.8878837	0.002356521672	-30164.0300532221	
493.3278837	85	5	10	0.8641652246	0.00227325362	97.31139055	0.04033043614	2.648279016	5.569146025	32.68502716	61.74582682	0	0	0	-493.3278837	0.00227325362	-31367.1521994306	
490.7678837	85	5	10	0.8644593969	0.002193169521	97.35503463	0.0389652508	2.606000119	5.367397724	32.75678418	61.87581809	0	0	0	-490.7678837	0.002193169521	-32609.5080776318	
488.2078837	85	5	10	0.8647426171	0.002116126525	97.39855392	0.03763055335	2.563815524	5.172231427	32.82617015	62.00159842	0	0	0	-488.2078837	0.002116126525	-33891.6180152613	
485.6478837	85	5	10	0.8650153405	0.002041988149	97.44193068	0.03632608807	2.521743234	4.983428619	32.89326488	62.1233065	0	0	0	-485.6478837	0.002041988149	-35214.0256979122	
483.0878837	85	5	10	0.8652779992	0.001970624151	97.48514815	0.0350516062	2.47980024	4.800779004	32.95814514	62.24107585	0	0	0	-483.0878837	0.001970624151	-36577.3013252536	
480.5278837	85	5	10	0.8655310036	0.00190191038	97.52819055	0.03380686349	2.438002589	4.624080235	33.0208848	62.35503496	0	0	0	-480.5278837	0.00190191038	-37982.0434082839	
477.9678837	85	5	10	0.8657747432	0.001835728593	97.57104293	0.03259161798	2.396365449	4.453137634	33.0815549	62.46530747	0	0	0	-477.9678837	0.001835728593	-39428.8807907417	
475.4078837	85	5	10	0.8660095884	0.001771966261	97.6136912	0.03140562814	2.354903169	4.287763917	33.14022375	62.57201234	0	0	0	-475.4078837	0.001771966261	-40918.4760136148	
472.8478837	85	5	10	0.8662358911	0.00171051636	97.65612201	0.03024865112	2.313629336	4.127778906	33.19695706	62.67526403	0	0	0	-472.8478837	0.00171051636	-42451.5271494969	
470.2878837	85	5	10	0.866453986	0.001651277154	97.69832274	0.02912044134	2.272556822	3.973009258	33.25181804	62.7751727	0	0	0	-470.2878837	0.001651277154	-44028.7699912971	
467.7278837	85	5	10	0.8666641915	0.001594151973	97.74028141	0.02802074914	2.231697841	3.823288187	33.30486746	62.87184435	0	0	0	-467.7278837	0.001594151973	-45650.9834275106	
465.1678837	85	5	10	0.8668668106	0.001539048997	97.7819867	0.02694931976	2.191063982	3.678455196	33.3561638	62.965381	0	0	0	-465.1678837	0.001539048997	-47318.9912663249	
462.6078837	85	5	10	0.8670621319	0.001485881031	97.82342785	0.02590589237	2.15066626	3.538355813	33.40576333	63.05588086	0	0	0	-462.6078837	0.001485881031	-49033.6645803347	
460.0478837	85	5	10	0.8672504302	0.00143456529	97.86459465	0.02489019926	2.11051515	3.402841339	33.45372017	63.14343849	0	0	0	-460.0478837	0.00143456529	-50795.9283271021	
457.4878837	85	5	10	0.8674319676	0.001385023189	97.90547741	0.02390196527	2.070620621	3.271768595	33.50008645	63.22814496	0	0	0	-457.4878837	0.001385023189	-52606.7628402176	
454.9278837	85	5	10	0.8676069939	0.001337180133	97.94606692	0.02294090718	2.03099217	3.144999685	33.54491233	63.31008798	0	0	0	-454.9278837	0.001337180133	-54467.2080227536	
452.3678837	85	5	10	0.8677757476	0.001290965319	97.98635441	0.02200673336	1.991638853	3.022401763	33.58824613	63.38935211	0	0	0	-452.3678837	0.001290965319	-56378.3706409739	
449.8078837	85	5	10	0.8679384563	0.001246311545	98.02633155	0.02109914342	1.952569311	2.903846812	33.63013439	63.4660188	0	0	0	-449.8078837	0.001246311545	-58341.4244914602	
447.2478837	85	5	10	0.8680953373	0.001203155019	98.06599038	0.02021782805	1.913791795	2.789211426	33.67062195	63.54016662	0	0	0	-447.2478837	0.001203155019	-60357.6204362919	
444.6878837	85	5	10	0.8682465983	0.00116143519	98.10532334	0.0193624688	1.875314193	2.67837661	33.70975205	63.61187134	0	0	0	-444.6878837	0.00116143519	-62428.2884077456	
442.1278837	85	5	10	0.8683924381	0.001121094569	98.14432321	0.01853273813	1.83714405	2.571227575	33.74756637	63.68120606	0	0	0	-442.1278837	0.001121094569	-64554.8442407334	
439.5678837	85	5	10	0.8685330466	0.001082078575	98.18298312	0.01772829932	1.799288586	2.467653556	33.7841051	63.74824134	0	0	0	-439.5678837	0.001082078575	-66738.7952367055	
437.0078837	85	5	10	0.8686686057	0.001044335373	98.22129648	0.01694880665	1.761754716	2.367547627	33.81940705	63.81304532	0	0	0	-437.0078837	0.001044335373	-68981.7482547044	
434.4478837	85	5	10	0.8687992897	0.001007815735	98.25925702	0.01619390544	1.724549071	2.270806528	33.85350967	63.8756838	0	0	0	-434.4478837	0.001007815735	-71285.4138741394	
431.8878837	85	5	10	0.8689252654	0.0009724728918	98.29685876	0.01546323233	1.687678006	2.177330503	33.8864491	63.93622039	0	0	0	-431.8878837	0.0009724728918	-73651.615795538	
429.3278837	85	5	10	0.8690466929	0.0009382624087	98.33409597	0.01475641543	1.651147619	2.087023142	33.91826029	63.99471657	0	0	0	-429.3278837	0.0009382624087	-76082.3006582211	
426.7678837	85	5	10	0.8691637258	0.0009051420548	98.37096316	0.01407307466	1.614963767	1.999791227	33.948977	64.05123178	0	0	0	-426.7678837	0.0009051420548	-78579.5413194687	
424.2078837	85	5	10	0.8692765114	0.0008730716859	98.40745511	0.01341282201	1.57913207	1.915544592	33.97863185	64.10582356	0	0	0	-424.2078837	0.0008730716859	-81145.5500900326	
421.6478837	85	5	10	0.8693851914	0.0008420131314	98.44356681	0.01277526195	1.543657931	1.834195986	34.00725642	64.1585476	0	0	0	-421.6478837	0.0008420131314	-83782.6870456942	
419.0878837	85	5	10	0.8694899017	0.000811930088	98.47929347	0.01215999173	1.508546538	1.755660944	34.03488124	64.20945781	0	0	0	-419.0878837	0.000811930088	-86493.4704095343	
416.5278837	85	5	10	0.869590773	0.0007827880185	98.51463052	0.01156660185	1.47380288	1.67985766	34.0615359	64.25860644	0	0	0	-416.5278837	0.0007827880185	-89280.5875985863	
413.9678837	85	5	10	0.8696879313	0.0007545540566	98.54957357	0.01099467647	1.439431752	1.606706873	34.08724901	64.30604412	0	0	0	-413.9678837	0.0007545540566	-92146.9071012155	
411.4078837	85	5	10	0.8697814976	0.0007271969164	98.58411844	0.01044379383	1.405437763	1.53613175	34.11204832	64.35181993	0	0	0	-411.4078837	0.0007271969164	-95095.4919327194	
408.8478837	85	5	10	0.8698715886	0.0007006868076	98.61826113	0.009913526744	1.371825343	1.468057786	34.13596071	64.39598151	0	0	0	-408.8478837	0.0007006868076	-98129.6126897132	
406.2878837	85	5	10	0.8699583166	0.0006749953542	98.65199781	0.00940344308	1.338598749	1.402412696	34.15901224	64.43857507	0	0	0	-406.2878837	0.0006749953542	-101252.762302061	
403.7278837	85	5	10	0.87004179	0.0006500955186	98.68532482	0.008913106236	1.305762071	1.339126321	34.18122821	64.47964547	0	0	0	-403.7278837	0.0006500955186	-104468.672706214	
401.1678837	85	5	10	0.8701221134	0.0006259615293	98.71823868	0.008442075657	1.27331924	1.278130539	34.20263314	64.51923632	0	0	0	-401.1678837	0.0006259615293	-107781.331049195	
398.6078837	85	5	10	0.8701993876	0.0006025688125	98.75073607	0.007989907343	1.241274024	1.219359173	34.22325087	64.55738996	0	0	0	-398.6078837	0.0006025688125	-111194.999915019	
396.0478837	85	5	10	0.8702737101	0.0005798939281	98.7828138	0.007556154368	1.209630043	1.162747912	34.24310453	64.59414756	0	0	0	-396.0478837	0.0005798939281	-114714.23522458	
393.4878837	85	5	10	0.8703451751	0.0005579145076	98.81446887	0.007140367403	1.178390762	1.10823423	34.2622166	64.62954917	0	0	0	-393.4878837	0.0005579145076	-118343.909476557	
390.9278837	85	5	10	0.8704138735	0.0005366091973	98.8456984	0.006742095241	1.147559502	1.055757312	34.28060893	64.66363376	0	0	0	-390.9278837	0.0005366091973	-122089.235199885	
388.3678837	85	5	10	0.8704798934	0.0005159576027	98.87649968	0.006360885327	1.117139438	1.005257985	34.29830276	64.69643925	0	0	0	-388.3678837	0.0005159576027	-125955.789778236	
385.8078837	85	5	10	0.87054332	0.0004959402372	98.90687011	0.005996284276	1.087133604	0.9566786476	34.31531878	64.72800257	0	0	0	-385.8078837	0.0004959402372	-129949.543811684	
383.2478837	85	5	10	0.8706042358	0.0004765384725	98.93680727	0.005647838406	1.057544891	0.9099632069	34.33167709	64.7583597	0	0	0	-383.2478837	0.0004765384725	-134076.888869685	
380.6878837	85	5	10	0.8706627207	0.0004577344918	98.96630885	0.005315094252	1.028376052	0.8650570197	34.34739728	64.78754571	0	0	0	-380.6878837	0.0004577344918	-138344.666428619	
378.1278837	85	5	10	0.8707188522	0.0004395112444	98.9953727	0.004997599084	0.999629702	0.8219068343	34.36249841	64.81559476	0	0	0	-378.1278837	0.0004395112444	-142760.204474946	
375.5678837	85	5	10	0.8707727054	0.0004218524041	99.02399678	0.004694901416	0.9713083176	0.7804607356	34.37699906	64.8425402	0	0	0	-375.5678837	0.0004218524041	-147331.380489685	
373.0078837	85	5	10	0.8708243532	0.000404742334	99.05217921	0.004406551508	0.9434142386	0.7406680943	34.39091735	64.86841456	0	0	0	-373.0078837	0.000404742334	-152066.652718784	
370.4478837	85	5	10	0.8708738663	0.0003881660458	99.07991823	0.004132101857	0.9159496675	0.7024795175	34.40427092	64.89324956	0	0	0	-370.4478837	0.0003881660458	-156975.072541731	
367.8878837	85	5	10	0.8709213134	0.0003721091605	99.10721222	0.003871107684	0.8889166698	0.6658468033	34.41707699	64.91707621	0	0	0	-367.8878837	0.0003721091605	-162066.34789348	
365.3278837	85	5	10	0.8709667612	0.0003565578753	99.1340597	0.003623127406	0.8623171729	0.630722897	34.42935235	64.93992475	0	0	0	-365.3278837	0.0003565578753	-167350.919552686	
362.7678837	85	5	10	0.8710102745	0.0003414989325	99.16045931	0.003387723093	0.8361529664	0.5970618503	34.44111339	64.96182476	0	0	0	-362.7678837	0.0003414989325	-172840.654034798	
360.2078837	85	5	10	0.8710519164	0.0003269196908	99.18640984	0.003164460939	0.8104256974	0.5648187831	34.45237611	64.98280511	0	0	0	-360.2078837	0.0003269196908	-178540.722436562	
357.6478837	85	5	10	0.8710917481	0.0003128068428	99.21191019	0.002952911495	0.7851369023	0.5339499086	34.46315607	65.00289402	0	0	0	-357.6478837	0.0003128068428	-184685.228413907	
355.0878837	85	5	10	0.8711298295	0.0002991798328	99.23695946	0.002752650712	0.7602878932	0.5044122446	34.47346862	65.02211913	0	0	0	-355.0878837	0.0002991798328	-190863.158412622	
352.5278837	85	5	10	0.8711662186	0.0002859684698	99.26155681	0.002563259531	0.7358799344	0.4761639635	34.48332861	65.04050743	0	0	0	-352.5278837	0.0002859684698	-197112.073329107	
349.9678837	85	5	10	0.8712009718	0.0002731903238	99.28570158	0.002384324717	0.7119140981	0.449164116	34.49275058	65.05808531	0	0	0	-349.9678837	0.0002731903238	-203826.794222473	
347.4078837	85	5	10	0.8712341442	0.0002608348883	99.30939324	0.002215439195	0.6883913174	0.4233726532	34.50174875	65.07487859	0	0	0	-347.4078837	0.0002608348883	-210835.062465369	
344.8478837	85	5	10	0.8712657896	0.0002488919375	99.33263142	0.002056202369	0.6653123762	0.398750405	34.51033703	65.09091256	0	0	0	-344.8478837	0.0002488919375	-218155.395407919	
342.2878837	85	5	10	0.8712959601	0.0002373515795	99.35541587	0.001906220469	0.6426779074	0.3752590556	34.518529	65.10621194	0	0	0	-342.2878837	0.0002373515795	-225808.407042725	
339.7278837	85	5	10	0.8713247067	0.000226204236	99.3777465	0.001765106862	0.6204883906	0.35286112	34.52633794	65.12080094	0	0	0	-339.7278837	0.000226204236	-233819.146837055	
337.1678837	85	5	10	0.8713520792	0.0002154408604	99.39962339	0.001632482464	0.5987441252	0.3315198991	34.53377685	65.13470325	0	0	0	-337.1678837	0.0002154408604	-242202.935771665	
334.6078837	85	5	10	0.8713781259	0.0002050517015	99.4210467	0.00150797559	0.5774453241	0.3111995561	34.54085841	65.14794204	0	0	0	-334.6078837	0.0002050517015	-250993.285343002	
332.0478837	85	5	10	0.8714028941	0.000195028771	99.44201681	0.001391222865	0.5565919682	0.2918649486	34.54759504	65.16054002	0	0	0	-332.0478837	0.000195028771	-260222.891659688	
329.4878837	85	5	10	0.87142643	0.0001853632864	99.46253423	0.001281869029	0.5361838979	0.2734817143	34.55399888	65.17251941	0	0	0	-329.4878837	0.0001853632864	-269914.361996527	
326.9278837	85	5	10	0.8714487785	0.0001760469514	99.48259965	0.001179567271	0.5162207871	0.2560162286	34.56008181	65.18390196	0	0	0	-326.9278837	0.0001760469514	-280104.460028083	
324.3678837	85	5	10	0.8714699834	0.0001670716772	99.50221388	0.00108397943	0.49670214	0.2394355898	34.56585544	65.19470897	0	0	0	-324.3678837	0.0001670716772	-259882.652856429	
323.0878837	85	5	10	0.8714801709	8.026399818E-05	99.51185213	0.001038600016	0.4871092725	0.231467003	34.56862996	65.19990304	0	0	0	-323.0878837	8.026399818E-05	-591992.601221669	
321.8078837	85	5	10	0.8714900885	7.815191718E-05	99.52137796	0.000994776269	0.4776272596	0.2237076106	34.57133138	65.20496101	0	0	0	-321.8078837	7.815191718E-05	-576349.879853294	
321.1678837	85	5	10	0.8714949478	3.829044134E-05	99.52609877	0.0009734352922	0.4729277983	0.2199051403	34.57265514	65.20743972	0	0	0	-321.1678837	3.829044134E-05	-1232599.44448767	
320.5278837	85	5	10	0.8714997416	3.777772241E-05	99.53079154	0.0009524684109	0.4682559949	0.2161535012	34.57396115	65.20988535	0	0	0	-320.5278837	3.777772241E-05	-1215932.46893783	
320.2078837	85	5	10	0.8715021141	1.875213368E-05	99.53312743	0.0009421237833	0.4659304446	0.2142965924	34.57460756	65.21109585	0	0	0	-320.2078837	1.875213368E-05	-16922.5006075798	
320.0478837	85	5	10	0.8715032943	9.32570617E-06	99.53429273	0.0009369858239	0.4647702799	0.2133728395	34.57492913	65.21169803	0	0	0	-320.0478837	9.32570617E-06	-2614288.68765479	
319.8878837	85	5	10	0.8715044705	9.264893823E-06	99.5354563	0.000931870742	0.4636118342	0.2124522117	34.5752496	65.21229819	0	0	0	-319.8878837	9.264893823E-06	-2597162.56716771	
319.8078837	85	5	10	0.8715050571	4.634454906E-06	99.53603742	0.0009293217514	0.463033257	0.2119930668	34.57540943	65.21259751	0	0	0	-319.8078837	4.634454906E-06	-3776438.02380232	
319.7278837	85	5	10	0.8715056427	4.613366526E-06	99.53661811	0.0009267784372	0.4624551137	0.2115347005	34.57556898	65.21289632	0	0	0	-319.7278837	4.613366526E-06	-3759296.59294659	
319.6878837	85	5	10	0.8715059351	2.310179563E-06	99.5369083	0.000925508943	0.4621661944	0.2113058087	34.57564866	65.21304553	0	0	0	-319.6878837	2.310179563E-06	-17367.2396738121	
319.6478837	85	5	10	0.8715062273	2.301923037E-06	99.53719837	0.0009242408314	0.4618773926	0.2110771114	34.57572827	65.21319462	0	0	0	-319.6478837	2.301923037E-06	-17359.3214231584	
319.6278837	85	5	10	0.8715063732	1.065323625E-06	99.53734336	0.0009236072891	0.4617330371	0.2109628352	34.57576803	65.21326913	0	0	0	-319.6278837	1.065323625E-06	-18151.9887666305	
319.6178837	85	5	10	0.8715064461	5.388516242E-07	99.53741584	0.0009232906504	0.4616608695	0.2109057153	34.57578791	65.21330638	0	0	0	-319.6178837	5.388516242E-07	280015.844002112	
319.6078837	85	5	10	0.8715065191	5.776109452E-07	99.53748832	0.0009229741093	0.4615887061	0.2108486077	34.57580779	65.21334361	0	0	0	-319.6078837	5.776109452E-07	258002.455718739	
319.5978837	85	5	10	0.871506592	5.746191836E-07	99.53756079	0.0009226576566	0.4615165495	0.2107915122	34.57582766	65.21338083	0	0	0	-319.5978837	5.746191836E-07	-7907.48709602221	
319.5878837	85	5	10	0.8715066649	5.74708151E-07	99.53763326	0.0009223412923	0.4614443997	0.2107344288	34.57584753	65.21341804	0	0	0	-319.5878837	5.74708151E-07	0	
319.5778837	85	5	10	0.8715067378	5.745697365E-07	99.53770572	0.0009220250164	0.4613722566	0.2106773576	34.5758674	65.21345524	0	0	0	-319.5778837	5.745697365E-07	0	
319.5678837	85	5	10	0.8715068107	5.744481306E-07	99.53777817	0.0009217088288	0.4613001202	0.2106202985	34.57588726	65.21349244	0	0	0	-319.5678837	5.744481306E-07	0	
319.5578837	85	5	10	0.8715068836	5.743253035E-07	99.53785062	0.0009213927296	0.4612279906	0.2105632514	34.57590712	65.21352963	0	0	0	-319.5578837	5.743253035E-07	0	
319.5478837	85	5	10	0.8715069565	5.742025867E-07	99.53792306	0.0009210767188	0.4611558677	0.2105062166	34.57592697	65.21356681	0	0	0	-319.5478837	5.742025867E-07	0	
319.5378837	85	5	10	0.8715070293	5.740798819E-07	99.53799549	0.0009207607962	0.4610837516	0.2104491938	34.57594682	65.21360399	0	0	0	-319.5378837	5.740798819E-07	0	
319.5278837	85	5	10	0.8715071022	5.739571963E-07	99.53806791	0.000920444962	0.4610116422	0.2103921831	34.57596666	65.21364115	0	0	0	-319.5278837	5.739571963E-07	0	
319.5178837	85	5	10	0.871507175	5.738345295E-07	99.53814033	0.0009201292161	0.4609395396	0.2103351845	34.57598651	65.21367831	0	0	0	-319.5178837	5.738345295E-07	-6.47003265369781	
319.4978837	85	5	10	0.8715073206	1.189675441E-06	99.53828515	0.0009194979984	0.4607953519	0.2102212239	34.57602618	65.2137526	0	0	0	-319.4978837	1.189675441E-06	32914.3748344378	
319.4578837	85	5	10	0.8715076116	2.374580401E-06	99.53857471	0.0009182366201	0.4605070579	0.2099934478	34.57610548	65.21390107	0	0	0	-319.4578837	2.374580401E-06	34666.3048537262	
319.3778837	85	5	10	0.8715081928	4.575208364E-06	99.53915347	0.0009157180248	0.459930813	0.2095384758	34.57626385	65.21419768	0	0	0	-319.3778837	4.575208364E-06	35961.8720230053	
319.2178837	85	5	10	0.8715093523	9.126823796E-06	99.5403097	0.0009106977846	0.458779601	0.2086308506	34.57657978	65.21478937	0	0	0	-319.2178837	9.126823796E-06	35242.3171550254	
318.8978837	85	5	10	0.8715116592	1.816104364E-05	99.54261693	0.0009007246375	0.4564823439	0.2068248499	34.5772084	65.21596675	0	0	0	-318.8978837	1.816104364E-05	35605.9017817029	
318.2578837	85	5	10	0.8715162256	3.595350172E-05	99.54721038	0.0008810452962	0.4519085733	0.2032496389	34.57845278	65.21829759	0	0	0	-318.2578837	3.595350172E-05	36337.7183082514	
316.9778837	85	5	10	0.8715251708	7.050036114E-05	99.55631351	0.0008427384952	0.4428437507	0.1962447223	34.58089068	65.2228646	0	0	0	-316.9778837	7.050036114E-05	37919.9796052634	
314.4178837	85	5	10	0.8715423282	0.0001352318607	99.57418515	0.0007702008843	0.425044653	0.1828038484	34.58556764	65.23162851	0	0	0	-314.4178837	0.0001352318607	-397070.65059536	
311.8578837	85	5	10	0.8715585415	0.0001278619927	99.59161209	0.0007028543797	0.4076850585	0.1700970386	34.58998842	65.23991454	0	0	0	-311.8578837	0.0001278619927	-353513.218761379	
309.2978837	85	5	10	0.8715738488	0.0001207401788	99.60859617	0.0006404146939	0.3907634157	0.1580954153	34.59416315	65.24774143	0	0	0	-309.2978837	0.0001207401788	-367233.173335529	
306.7378837	85	5	10	0.871588287	0.0001139078881	99.62513941	0.0005826070168	0.3742779811	0.146770754	34.59810176	65.25512749	0	0	0	-306.7378837	0.0001139078881	-382956.627749124	
304.1778837	85	5	10	0.8716018921	0.0001073585573	99.64124402	0.0005291660462	0.3582268183	0.1360954776	34.60181392	65.2620906	0	0	0	-304.1778837	0.0001073585573	-399668.67532513	
301.6178837	85	5	10	0.8716146993	0.000101085387	99.65691237	0.0004798360053	0.3426077954	0.1260426501	34.60530909	65.26864826	0	0	0	-301.6178837	0.000101085387	-358589.298998339	
300	85	5	10	0.8716223975	6.071865212E-05	99.66659074	0.0004506683111	0.3329585964	0.1199984755	34.60741032	65.2725912	0	0	0	-300	6.071865212E-05	278430.043868612	
