T	w(AL)	w(MG)	w(SI)	fs	fw(@FCC_A1)	w(AL@FCC_A1)	w(MG@FCC_A1)	w(SI@FCC_A1)	w(AL@LIQUID)	w(MG@LIQUID)	w(SI@LIQUID)	dwdT_L(AL@LIQUID)	dwdT_L(MG@LIQUID)	dwdT_L(SI@LIQUID)	-T	fw(@FCC_A1)_1	-T//fw(@FCC_A1)	
K	%	%	%	mole/mole	kg/kg	%	%	%	%	%	%	SI	SI	SI				
863.4765631	87	4	9	0	0	98.34522484	0.7324625375	0.9223126274	87	4	9	0.001879746911	-0.0005413885511	-0.00133835836	-863.4765631	0	30.0018162476915	
863.4665631	87	4	9	0.0001657304256	0.0001657819347	98.34505974	0.7324932601	0.9224469984	86.99812076	4.000541281	9.001337958	0	0	0	-863.4665631	0.0001657819347	90.6385902970501	
863.4465631	87	4	9	0.000496750659	0.0003312167954	98.3447296	0.732554651	0.922715751	86.99436182	4.001623909	9.004014276	0	0	0	-863.4465631	0.0003312167954	120.879827043883	
863.4065631	87	4	9	0.00115839863	0.0006621988768	98.34406948	0.7326772249	0.9232532953	86.98684153	4.003789915	9.009368551	0	0	0	-863.4065631	0.0006621988768	120.941162110253	
863.3265631	87	4	9	0.00247914591	0.00132271084	98.34274973	0.7329218737	0.9243283978	86.9718029	4.008121574	9.020075524	0	0	0	-863.3265631	0.00132271084	121.248665057189	
863.1665631	87	4	9	0.005111277481	0.002639487714	98.34011274	0.7334086072	0.9264786529	86.94172433	4.016786085	9.041489582	0	0	0	-863.1665631	0.002639487714	121.783419735809	
862.8465631	87	4	9	0.01033837536	0.005255385398	98.3348484	0.7343721417	0.9307794605	86.88156197	4.034119911	9.08431812	0	0	0	-862.8465631	0.005255385398	122.966388059082	
862.2065631	87	4	9	0.02063380204	0.01040745807	98.32435841	0.7362589633	0.939382624	86.76121873	4.068803321	9.16997795	0	0	0	-862.2065631	0.01040745807	125.392404400857	
860.9265631	87	4	9	0.04063669256	0.0204332841	98.30353048	0.7398749484	0.956594571	86.52044916	4.138243841	9.341306997	0	0	0	-860.9265631	0.0204332841	130.146109185653	
858.3665631	87	4	9	0.07843705408	0.03941949938	98.26246849	0.7464897185	0.9910417866	86.03857122	4.277436926	9.683991858	0	0	0	-858.3665631	0.03941949938	-2064.88144341467	
855.8065631	87	4	9	0.1135123332	0.03807887546	98.22217851	0.7522886201	1.025532873	85.5562676	4.416984415	10.02674799	0	0	0	-855.8065631	0.03807887546	-1978.15988142089	
853.2465631	87	4	9	0.1461410743	0.03682538812	98.18262907	0.7572984618	1.060072465	85.07351957	4.556906448	10.36957398	0	0	0	-853.2465631	0.03682538812	-2114.58521168241	
850.6865631	87	4	9	0.1765668335	0.03565227793	98.14378954	0.7615453666	1.094665089	84.59030707	4.697222291	10.71247064	0	0	0	-850.6865631	0.03565227793	-2257.19493369073	
848.1265631	87	4	9	0.205002373	0.03455237528	98.10562989	0.7650547998	1.129315309	84.10660761	4.837950508	11.05544188	0	0	0	-848.1265631	0.03455237528	-2405.15169340621	
845.5665631	87	4	9	0.2316343244	0.03351932724	98.06812071	0.7678516058	1.164027686	83.62239668	4.97910902	11.3984943	0	0	0	-845.5665631	0.03351932724	-2558.54112443497	
843.0065631	87	4	9	0.2566270472	0.03254749955	98.03123318	0.7699600454	1.198806776	83.13764773	5.120715219	11.74163705	0	0	0	-843.0065631	0.03254749955	-2717.47037681439	
840.4465631	87	4	9	0.2801258269	0.03163187757	97.99493905	0.7714038298	1.233657125	82.65233228	5.26278607	12.08488165	0	0	0	-840.4465631	0.03163187757	-2882.05273464164	
837.8865631	87	4	9	0.30225954	0.03076798325	97.95921059	0.7722061491	1.268583262	82.16641998	5.405338196	12.42824183	0	0	0	-837.8865631	0.03076798325	-3052.40787455122	
835.3265631	87	4	9	0.3231428873	0.02995180506	97.92402061	0.772389698	1.303589696	81.67987861	5.548387963	12.77173342	0	0	0	-835.3265631	0.02995180506	-3228.66234475447	
832.7665631	87	4	9	0.3428782739	0.02917973876	97.88934239	0.7719766983	1.338680911	81.19267421	5.691951542	13.11537425	0	0	0	-832.7665631	0.02917973876	-3410.94980211397	
830.2065631	87	4	9	0.3615573988	0.02844853683	97.85514971	0.7709889186	1.373861367	80.70477104	5.836044973	13.45918399	0	0	0	-830.2065631	0.02844853683	-3599.4115909321	
827.6465631	87	4	9	0.3792626068	0.02775526546	97.82141682	0.769447692	1.409135492	80.21613169	5.980684225	13.80318409	0	0	0	-827.6465631	0.02775526546	-3794.19717110405	
825.0865631	87	4	9	0.3960680401	0.02709726746	97.78811839	0.7673739314	1.444507681	79.72671707	6.125885238	14.14739769	0	0	0	-825.0865631	0.02709726746	-3995.46452236773	
822.5265631	87	4	9	0.4120406264	0.02647213043	97.75522956	0.7647881438	1.479982298	79.2364865	6.271663971	14.49184953	0	0	0	-822.5265631	0.02647213043	-4203.38105532606	
819.9665631	87	4	9	0.4272409273	0.02587765925	97.72272589	0.7617104421	1.515563665	78.74539767	6.418036447	14.83656588	0	0	0	-819.9665631	0.02587765925	-4418.12412182939	
817.4065631	87	4	9	0.4417238707	0.02531185216	97.69058337	0.7581605567	1.551256071	78.25340674	6.565018782	15.18157448	0	0	0	-817.4065631	0.02531185216	-4639.88161743287	
814.8465631	87	4	9	0.4555393853	0.02477287996	97.6587784	0.7541578449	1.587063758	77.7604683	6.712627228	15.52690447	0	0	0	-814.8465631	0.02477287996	-4868.85307348824	
812.2865631	87	4	9	0.4687329514	0.0242590679	97.62728777	0.7497213	1.622990929	77.26653544	6.860878197	15.87258637	0	0	0	-812.2865631	0.0242590679	-5105.25056263634	
809.7265631	87	4	9	0.4813460807	0.02376887977	97.5960887	0.7448695592	1.659041739	76.77155972	7.009788296	16.21865199	0	0	0	-809.7265631	0.02376887977	-5349.29950800814	
807.1665631	87	4	9	0.4934167365	0.02330090393	97.56515879	0.7396209106	1.695220295	76.27549122	7.159374353	16.56513442	0	0	0	-807.1665631	0.02330090393	-5601.24006769738	
804.6065631	87	4	9	0.5049797011	0.02285384105	97.53447605	0.7339932999	1.731530654	75.77827855	7.309653444	16.912068	0	0	0	-804.6065631	0.02285384105	-5861.3282991386	
802.0465631	87	4	9	0.5160668992	0.02242649323	97.50401884	0.7280043357	1.76797682	75.27986881	7.460642917	17.25948828	0	0	0	-802.0465631	0.02242649323	-6129.83729006445	
799.4865631	87	4	9	0.5267076828	0.02201775438	97.47376596	0.7216712952	1.80456274	74.78020762	7.612360417	17.60743196	0	0	0	-799.4865631	0.02201775438	-6407.05929090488	
796.9265631	87	4	9	0.5369290828	0.02162660175	97.44369657	0.7150111285	1.841292301	74.27923913	7.764823909	17.95593696	0	0	0	-796.9265631	0.02162660175	-6693.30708428892	
794.3665631	87	4	9	0.5467560322	0.02125208829	97.41379021	0.7080404632	1.878169328	73.77690599	7.918051704	18.30504231	0	0	0	-794.3665631	0.02125208829	-6988.91559939208	
791.8065631	87	4	9	0.5562115637	0.0208933359	97.38402681	0.7007756076	1.915197578	73.27314933	8.072062476	18.65478819	0	0	0	-791.8065631	0.0208933359	-7294.24474550163	
789.2465631	87	4	9	0.565316986	0.02054952942	97.35438671	0.6932325547	1.952380738	72.76790879	8.226875288	19.00521593	0	0	0	-789.2465631	0.02054952942	-7609.68128656503	
786.6865631	87	4	9	0.5740920406	0.02021991118	97.3248506	0.685426985	1.989722419	72.26112244	8.382509614	19.35636795	0	0	0	-786.6865631	0.02021991118	-7935.64092121739	
784.1265631	87	4	9	0.5825550421	0.01990377613	97.29539958	0.6773742695	2.027226151	71.7527268	8.538985361	19.70828784	0	0	0	-784.1265631	0.01990377613	-8272.57251770704	
781.5665631	87	4	9	0.5907230037	0.01960046755	97.26601515	0.6690894719	2.064895379	71.24265682	8.696322888	20.06102029	0	0	0	-781.5665631	0.01960046755	-8620.96049542088	
779.0065631	87	4	9	0.5986117502	0.01930937304	97.23667919	0.6605873512	2.102733456	70.7308458	8.854543034	20.41461117	0	0	0	-779.0065631	0.01930937304	-8981.32796766569	
776.4465631	87	4	9	0.6062360187	0.019029921	97.207374	0.6518823635	2.140743637	70.21722541	9.013667137	20.76910745	0	0	0	-776.4465631	0.019029921	-9354.24162373624	
773.8865631	87	4	9	0.6136095501	0.01876157742	97.17808227	0.6429886643	2.178929069	69.70172562	9.173717058	21.12455732	0	0	0	-773.8865631	0.01876157742	-9740.3160217062	
771.3265631	87	4	9	0.6207451711	0.01850384298	97.1487871	0.6339201095	2.21729279	69.18427468	9.334715204	21.48101011	0	0	0	-771.3265631	0.01850384298	-10140.2183895128	
768.7665631	87	4	9	0.6276548686	0.0182562504	97.11947203	0.6246902577	2.255837714	68.66479906	9.496684553	21.83851639	0	0	0	-768.7665631	0.0182562504	-10554.6740552044	
766.2065631	87	4	9	0.6343498565	0.01801836204	97.090121	0.6153123711	2.294566625	68.14322338	9.659648678	22.19712794	0	0	0	-766.2065631	0.01801836204	-10984.4727443769	
763.6465631	87	4	9	0.6408406373	0.01778976771	97.06071842	0.6057994173	2.333482168	67.61947043	9.823631774	22.5568978	0	0	0	-763.6465631	0.01778976771	-11430.4759710033	
761.0865631	87	4	9	0.6471370565	0.01757008269	97.0312491	0.5961640698	2.372586835	67.09346102	9.988658681	22.9178803	0	0	0	-761.0865631	0.01757008269	-11893.6251777573	
758.5265631	87	4	9	0.6532483534	0.01735894591	97.00169833	0.5864187102	2.411882957	66.56511401	10.15475491	23.28013108	0	0	0	-758.5265631	0.01735894591	-12374.9494234492	
755.9665631	87	4	9	0.6591832067	0.01715601825	96.97205188	0.5765754282	2.451372689	66.03434617	10.32194668	23.64370715	0	0	0	-755.9665631	0.01715601825	-12875.5762519227	
753.4065631	87	4	9	0.6649497759	0.01696098104	96.94229598	0.5666460233	2.491057996	65.50107218	10.49026092	24.0086669	0	0	0	-753.4065631	0.01696098104	-13396.7434485048	
750.8465631	87	4	9	0.6705557397	0.01677353464	96.91241736	0.556642006	2.530940639	64.9652045	10.65972534	24.37507016	0	0	0	-750.8465631	0.01677353464	-13939.8097145346	
748.2865631	87	4	9	0.6760083305	0.01659339711	96.88240324	0.5465745979	2.571022159	64.42665337	10.83036842	24.74297822	0	0	0	-748.2865631	0.01659339711	-14506.2712945186	
745.7265631	87	4	9	0.6813143661	0.01642030306	96.85224141	0.5364547337	2.611303858	63.88532664	11.00221944	25.11245391	0	0	0	-745.7265631	0.01642030306	-15097.7782655278	
743.1665631	87	4	9	0.6864802792	0.01625400251	96.82192016	0.5262930617	2.651786781	63.3411298	11.17530857	25.48356163	0	0	0	-743.1665631	0.01625400251	-15716.1494425184	
740.6065631	87	4	9	0.6915121436	0.01609425982	96.79142836	0.5160999447	2.692471692	62.79396581	11.34966681	25.85636738	0	0	0	-740.6065631	0.01609425982	-16363.3974014099	
738.0465631	87	4	9	0.6964156991	0.01594085279	96.76075548	0.5058854614	2.733359057	62.24373508	11.52532609	26.23093883	0	0	0	-738.0465631	0.01594085279	-17041.7495383337	
735.4865631	87	4	9	0.7011963738	0.01579357168	96.72989158	0.4956594072	2.774449012	61.69033535	11.70231928	26.60734538	0	0	0	-735.4865631	0.01579357168	-17753.6756016476	
732.9265631	87	4	9	0.7058593047	0.01565221842	96.69882736	0.4854312956	2.81574134	61.13366161	11.8806802	26.98565818	0	0	0	-732.9265631	0.01565221842	-18501.9173814788	
730.3665631	87	4	9	0.7104093571	0.01551660574	96.6675542	0.4752103594	2.857235443	60.57360606	12.0604437	27.36595024	0	0	0	-730.3665631	0.01551660574	-19289.525565255	
727.8065631	87	4	9	0.7148511417	0.01538655648	96.63606414	0.4650055514	2.898930305	60.01005795	12.24164564	27.7482964	0	0	0	-727.8065631	0.01538655648	-20119.8899321063	
725.2465631	87	4	9	0.7191890311	0.0152619027	96.60434999	0.4548255468	2.940824461	59.44290358	12.42432295	28.13277346	0	0	0	-725.2465631	0.0152619027	-20996.7941264585	
722.6865631	87	4	9	0.7234271744	0.01514248516	96.5724053	0.4446787436	2.982915955	58.87202616	12.60851364	28.5194602	0	0	0	-722.6865631	0.01514248516	-21924.4605945883	
720.1265631	87	4	9	0.7275695113	0.01502815246	96.54022443	0.4345732648	3.025202302	58.29730576	12.79425685	28.90843739	0	0	0	-720.1265631	0.01502815246	-22907.6000244434	
717.5665631	87	4	9	0.7316197844	0.01491876044	96.5078026	0.4245169601	3.067680441	57.71861923	12.98159287	29.2997879	0	0	0	-717.5665631	0.01491876044	-23951.4746079599	
715.0065631	87	4	9	0.7355815512	0.01481417141	96.47513591	0.4145174069	3.110346683	57.13584017	13.17056312	29.69359671	0	0	0	-715.0065631	0.01481417141	-25055.7240413647	
712.4465631	87	4	9	0.7394581824	0.01471420692	96.44222144	0.4045819182	3.153196639	56.54884072	13.36120962	30.08994966	0	0	0	-712.4465631	0.01471420692	-26248.3885525515	
709.8865631	87	4	9	0.7432529238	0.01461889066	96.40905728	0.394717536	3.196225188	55.9574836	13.55357756	30.48893884	0	0	0	-709.8865631	0.01461889066	-27517.4773031155	
707.3265631	87	4	9	0.7469688231	0.01452793893	96.37564253	0.3849310284	3.239426439	55.3616346	13.74771122	30.89065417	0	0	0	-707.3265631	0.01452793893	-28865.8172187029	
704.7665631	87	4	9	0.7506088008	0.01444130809	96.34197735	0.3752288662	3.282793782	54.76115312	13.94365708	31.2951898	0	0	0	-704.7665631	0.01444130809	-30311.2429993391	
702.2065631	87	4	9	0.7541756229	0.0143588217	96.30806346	0.3656173675	3.326319168	54.15589769	14.14146199	31.70264032	0	0	0	-702.2065631	0.0143588217	-31867.8544970284	
699.6465631	87	4	9	0.7576719409	0.01428043573	96.27390357	0.3561024963	3.369993929	53.54572063	14.34117493	32.11310445	0	0	0	-699.6465631	0.01428043573	-33550.5405986571	
697.0865631	87	4	9	0.7611002739	0.01420601089	96.23950187	0.3466899891	3.413808139	52.93047209	14.54284568	32.52668224	0	0	0	-697.0865631	0.01420601089	-35359.8261874677	
694.5265631	87	4	9	0.764463021	0.0141354345	96.20486403	0.3373853298	3.457750635	52.3099991	14.74652514	32.94347575	0	0	0	-694.5265631	0.0141354345	-37313.6575573168	
691.9665631	87	4	9	0.7677624671	0.01406859286	96.16999735	0.328193753	3.501808902	51.68414577	14.95226526	33.36358896	0	0	0	-691.9665631	0.01406859286	-39426.0913657573	
689.4065631	87	4	9	0.7710007872	0.01400537004	96.1349108	0.3191202469	3.545968951	51.05275348	15.16011896	33.78712756	0	0	0	-689.4065631	0.01400537004	-41711.716983404	
686.8465631	87	4	9	0.7741800509	0.01394564654	96.09961526	0.3101695571	3.590215182	50.41566121	15.37014	34.2141988	0	0	0	-686.8465631	0.01394564654	-44185.1087524163	
684.2865631	87	4	9	0.7773022258	0.01388929782	96.06412357	0.3013461902	3.63453024	49.77270592	15.58238288	34.6449112	0	0	0	-684.2865631	0.01388929782	-46859.8897121104	
681.7265631	87	4	9	0.7803691813	0.01383619259	96.02845074	0.2926544169	3.678894847	49.12372307	15.79690267	35.07937426	0	0	0	-681.7265631	0.01383619259	-49747.3077202079	
679.1665631	87	4	9	0.7833826906	0.013786191	95.99261409	0.284098277	3.723287632	48.46854721	16.01375474	35.51769806	0	0	0	-679.1665631	0.013786191	-52846.4184774637	
676.6065631	87	4	9	0.7863444733	0.01373913005	95.95663113	0.2756813812	3.767687485	47.80701468	16.23298867	35.95999665	0	0	0	-676.6065631	0.01373913005	-56065.5203146845	
674.0465631	87	4	9	0.7892560424	0.0136947162	95.92052789	0.2674075351	3.812064574	47.13896679	16.4546628	36.40637041	0	0	0	-674.0465631	0.0136947162	-59622.5422056903	
671.4865631	87	4	9	0.7921189304	0.01365307766	95.88432872	0.2592801015	3.856391177	46.46423253	16.67883439	36.85693308	0	0	0	-671.4865631	0.01365307766	-63428.4262312221	
668.9265631	87	4	9	0.7949345432	0.01361385149	95.84806235	0.2513022357	3.900635417	45.78265201	16.90555699	37.311791	0	0	0	-668.9265631	0.01361385149	-67249.9210920326	
666.3665631	87	4	9	0.7977041963	0.01357681778	95.81176095	0.2434768827	3.944762169	45.09407005	17.13488252	37.77104742	0	0	0	-666.3665631	0.01357681778	-71094.9792800127	
663.8065631	87	4	9	0.8004291139	0.0135417302	95.77546044	0.2358067804	3.988732776	44.39833815	17.3668606	38.23480124	0	0	0	-663.8065631	0.0135417302	-74828.7402484785	
661.2465631	87	4	9	0.803110428	0.01350831342	95.73920081	0.2282944662	4.032504724	43.69531655	17.60153784	38.70314561	0	0	0	-661.2465631	0.01350831342	-78266.807661145	
658.6865631	87	4	9	0.8057491764	0.01347625648	95.7030264	0.2209422787	4.076031324	42.98487694	17.83895687	39.17616619	0	0	0	-658.6865631	0.01347625648	-81149.7553600589	
656.1265631	87	4	9	0.8083462664	0.01344518917	95.66698833	0.2137524984	4.119259171	42.26690266	18.07916071	39.65393663	0	0	0	-656.1265631	0.01344518917	-83441.3829435839	
653.5665631	87	4	9	0.8109026265	0.01341487744	95.63113586	0.2067267999	4.162137343	41.541298	18.32217174	40.13653026	0	0	0	-653.5665631	0.01341487744	-84377.8299207213	
651.0065631	87	4	9	0.8134189207	0.01338450962	95.59553238	0.1998671048	4.204600519	40.80799749	18.56801533	40.62398718	0	0	0	-651.0065631	0.01338450962	-83975.4543673462	
648.4465631	87	4	9	0.8158957972	0.01335390541	95.5602423	0.1931749675	4.246582732	40.06694892	18.81670757	41.11634351	0	0	0	-648.4465631	0.01335390541	-82468.5491068335	
645.8865631	87	4	9	0.8183337721	0.01332239915	95.5253374	0.1866517908	4.288010811	39.31813751	19.06825162	41.61361087	0	0	0	-645.8865631	0.01332239915	-79404.6914461928	
643.3265631	87	4	9	0.8207332422	0.01328935208	95.49089593	0.1802987825	4.328805288	38.56158683	19.32263732	42.11577585	0	0	0	-643.3265631	0.01328935208	-75073.1590168541	
640.7665631	87	4	9	0.8230944794	0.01325405043	95.45700309	0.1741169634	4.368879948	37.79736554	19.57983882	42.62279564	0	0	0	-640.7665631	0.01325405043	-69753.5112668974	
638.2065631	87	4	9	0.8254176243	0.01321569855	95.42375131	0.1681071644	4.408141523	37.0255949	19.83981199	43.13459311	0	0	0	-638.2065631	0.01321569855	-63798.0134788858	
635.6465631	87	4	9	0.8277026799	0.01317341457	95.39124051	0.1622700202	4.446489472	36.24645712	20.1024915	43.65105137	0	0	0	-635.6465631	0.01317341457	-57570.0359595228	
633.0865631	87	4	9	0.829949506	0.01312622765	95.35957819	0.1566059619	4.483815845	35.46020432	20.36778773	44.17200795	0	0	0	-633.0865631	0.01312622765	-51389.8790285843	
630.5265631	87	4	9	0.8321578131	0.01307307781	95.32887952	0.1511152063	4.520005273	34.66716794	20.63558347	44.6972486	0	0	0	-630.5265631	0.01307307781	-45502.7034636381	
627.9665631	87	4	9	0.8343271589	0.01301281914	95.29926712	0.1457977418	4.554935135	33.86776857	20.90573052	45.22650091	0	0	0	-627.9665631	0.01301281914	-40064.8189743477	
625.4065631	87	4	9	0.8364569423	0.0129442063	95.27087038	0.1406532888	4.588476331	33.0625276	21.17804486	45.75942755	0	0	0	-625.4065631	0.0129442063	-35174.3871967957	
622.8465631	87	4	9	0.8385464172	0.01286601374	95.24382637	0.1356813731	4.620492259	32.25206988	21.45230879	46.29562132	0	0	0	-622.8465631	0.01286601374	-30856.9181075412	
620.2865631	87	4	9	0.8405946755	0.01277684582	95.21827659	0.130881157	4.650842255	31.43714179	21.7282602	46.834598	0	0	0	-620.2865631	0.01277684582	-27081.4041272653	
617.7265631	87	4	9	0.8426006683	0.01267537203	95.19436734	0.126251512	4.67938115	30.61860968	22.00559647	47.37579386	0	0	0	-617.7265631	0.01267537203	-23828.0537453973	
615.1665631	87	4	9	0.8445632153	0.01256026297	95.17224767	0.1217909629	4.70596137	29.79747542	22.28396666	47.91855791	0	0	0	-615.1665631	0.01256026297	-21041.9993237296	
612.6065631	87	4	9	0.8464810216	0.01243024144	95.15206756	0.1174976662	4.73043477	28.9748652	22.56297789	48.46215691	0	0	0	-612.6065631	0.01243024144	-18669.5307438248	
610.0465631	87	4	9	0.8483527036	0.01228415657	95.13397542	0.1133693714	4.752655212	28.15203534	22.84219172	49.00577294	0	0	0	-610.0465631	0.01228415657	-16658.8696163774	
607.4865631	87	4	9	0.8501768195	0.01212102351	95.1181154	0.1094033981	4.772481206	27.33036367	23.12112756	49.54850877	0	0	0	-607.4865631	0.01212102351	-14960.6915777903	
604.9265631	87	4	9	0.8519519059	0.01194008936	95.10462448	0.1055966143	4.789778906	26.51133756	23.3992669	50.08939554	0	0	0	-604.9265631	0.01194008936	-13531.3263416379	
602.3665631	87	4	9	0.8536765201	0.01174089129	95.09362934	0.1019454226	4.804425242	25.69653646	23.67605931	50.62740423	0	0	0	-602.3665631	0.01174089129	-12332.5458866067	
599.8065631	87	4	9	0.8553492867	0.01152330901	95.08524317	0.09844575562	4.816311079	24.887609	23.95093045	51.16146055	0	0	0	-599.8065631	0.01152330901	-11331.4683615891	
597.2465631	87	4	9	0.8569689456	0.01128760569	95.0795627	0.09509308549	4.825344215	24.08624513	24.22329174	51.69046313	0	0	0	-597.2465631	0.01128760569	-10500.135934226	
594.6865631	87	4	9	0.8585343998	0.01103445204	95.07666551	0.09188244604	4.831452044	23.29414441	24.49255139	52.2133042	0	0	0	-594.6865631	0.01103445204	-9814.97555628609	
592.1265631	87	4	9	0.8600447602	0.01076492961	95.07660783	0.08880847082	4.834583701	22.51298172	24.75812628	52.72889199	0	0	0	-592.1265631	0.01076492961	-9256.23569363009	
589.5665631	87	4	9	0.8614993841	0.01048051082	95.07942301	0.08586544548	4.834711541	21.74437236	25.0194541	53.23617354	0	0	0	-589.5665631	0.01048051082	-8807.44689686491	
587.0065631	87	4	9	0.8628979055	0.01018301601	95.08512078	0.08304737318	4.831831851	20.98983833	25.27600499	53.73415668	0	0	0	-587.0065631	0.01018301601	-8454.93192553646	
584.4465631	87	4	9	0.8642402552	0.009874549953	95.09368722	0.08034805044	4.825964725	20.25077785	25.52729217	54.22192998	0	0	0	-584.4465631	0.009874549953	-8187.37147281486	
581.8865631	87	4	9	0.8655266694	0.009557422915	95.10508571	0.07776114962	4.817153142	19.52843976	25.77288076	54.69867948	0	0	0	-581.8865631	0.009557422915	-7995.43436601522	
579.3265631	87	4	9	0.8667576867	0.009234063203	95.11925839	0.07528030392	4.805461308	18.82390398	26.01239453	55.16370149	0	0	0	-579.3265631	0.009234063203	-7871.01080384866	
576.7665631	87	4	9	0.86793413	0.008906889961	95.13612868	0.07289919846	4.790972125	18.1380699	26.24552025	55.61640984	0	0	0	-576.7665631	0.008906889961	-7809.09950500358	
574.2065631	87	4	9	0.8690571032	0.008578412637	95.15560281	0.07061161799	4.773785572	17.4716463	26.47200995	56.05634376	0	0	0	-574.2065631	0.008578412637	-7803.70025097656	
571.6465631	87	4	9	0.8701279313	0.008250788732	95.17757433	0.06841156234	4.754014106	16.82515912	26.69167995	56.48316093	0	0	0	-571.6465631	0.008250788732	-7849.77589379792	
569.0865631	87	4	9	0.8711481463	0.00792613762	95.20192599	0.06629327317	4.731780734	16.19895339	26.90440905	56.89663756	0	0	0	-569.0865631	0.00792613762	-7945.28802341087	
566.5265631	87	4	9	0.8721194439	0.007606309453	95.22853296	0.0642512883	4.707215748	15.59320582	27.11013442	57.29665976	0	0	0	-566.5265631	0.007606309453	-8087.07503800616	
563.9665631	87	4	9	0.8730436463	0.007292898566	95.25726559	0.06228047534	4.68045394	15.00793966	27.30884644	57.68321389	0	0	0	-563.9665631	0.007292898566	-8272.9804376481	
561.4065631	87	4	9	0.8739226652	0.006987233494	95.28799185	0.06037605333	4.651632098	14.44304181	27.50058276	58.05637543	0	0	0	-561.4065631	0.006987233494	-8501.30068829317	
558.8465631	87	4	9	0.8747584677	0.006690380102	95.32057956	0.05853360341	4.620886837	13.898281	27.68542199	58.41629701	0	0	0	-558.8465631	0.006690380102	-8770.70745453544	
556.2865631	87	4	9	0.8755530463	0.006403154809	95.35489814	0.05674906999	4.58835279	13.37332625	27.86347731	58.76319644	0	0	0	-556.2865631	0.006403154809	-9080.18180229058	
553.7265631	87	4	9	0.8763083923	0.006126144961	95.3908201	0.05501875421	4.55416115	12.86776458	28.03489033	59.09734509	0	0	0	-553.7265631	0.006126144961	-9428.95973395598	
551.1665631	87	4	9	0.8770264734	0.005859733615	95.42822214	0.05333930115	4.518438557	12.38111778	28.19982526	59.41905696	0	0	0	-551.1665631	0.005859733615	-9816.48684853222	
548.6065631	87	4	9	0.8777092163	0.005604126406	95.46698603	0.05170768254	4.481306283	11.91285754	28.35846371	59.72867875	0	0	0	-548.6065631	0.005604126406	-10242.3812465385	
546.0465631	87	4	9	0.878358492	0.005359378701	95.50699914	0.05012117644	4.442879684	11.46241899	28.51099996	60.02658105	0	0	0	-546.0465631	0.005359378701	-10706.4026317304	
543.4865631	87	4	9	0.8789761054	0.005125421662	95.54815478	0.04857734495	4.403267878	11.02921246	28.6576369	60.31315064	0	0	0	-543.4865631	0.005125421662	-11208.4269710209	
540.9265631	87	4	9	0.8795637879	0.004902086376	95.59035239	0.04707401107	4.362573596	10.61263352	28.79858256	60.58878392	0	0	0	-540.9265631	0.004902086376	-11748.4257886456	
538.3665631	87	4	9	0.8801231925	0.0046891255	95.63349757	0.04560923546	4.32089319	10.21207137	28.93404721	60.85388142	0	0	0	-538.3665631	0.0046891255	-12326.4489316652	
535.8065631	87	4	9	0.8806558908	0.00448623221	95.67750196	0.04418129371	4.278316748	9.826915794	29.06424094	61.10884327	0	0	0	-535.8065631	0.00448623221	-12942.6109333703	
533.2465631	87	4	9	0.8811633723	0.004293056436	95.72228306	0.04278865452	4.234928285	9.456562696	29.18937174	61.35406556	0	0	0	-533.2465631	0.004293056436	-13597.0796332325	
530.6865631	87	4	9	0.8816470446	0.004109218491	95.76776404	0.04142995909	4.190806003	9.100418549	29.30964399	61.58993746	0	0	0	-530.6865631	0.004109218491	-14290.0669345504	
528.1265631	87	4	9	0.8821082352	0.003934320317	95.81387341	0.0401040019	4.146022584	8.757903777	29.42525724	61.81683898	0	0	0	-528.1265631	0.003934320317	-15021.8216143777	
525.5665631	87	4	9	0.8825481933	0.0037679546	95.86054478	0.03880971294	4.100645505	8.428455298	29.53640539	62.03513931	0	0	0	-525.5665631	0.0037679546	-15792.6235507355	
523.0065631	87	4	9	0.8829680934	0.003609712026	95.90771649	0.03754614151	4.054737367	8.111528357	29.64327599	62.24519565	0	0	0	-523.0065631	0.003609712026	-16602.7790855593	
520.4465631	87	4	9	0.8833690378	0.003459186944	95.95533134	0.03631244141	4.008356223	7.806597755	29.74604987	62.44735237	0	0	0	-520.4465631	0.003459186944	-17452.6176701177	
517.8865631	87	4	9	0.8837520606	0.003315981694	96.00333624	0.03510785762	3.961555903	7.513158609	29.84490086	62.64194053	0	0	0	-517.8865631	0.003315981694	-18342.4889875997	
515.3265631	87	4	9	0.8841181312	0.003179709816	96.05168196	0.03393171429	3.914386324	7.230726709	29.93999564	62.82927765	0	0	0	-515.3265631	0.003179709816	-19272.7614864367	
512.7665631	87	4	9	0.8844681581	0.003049998362	96.1003228	0.03278340399	3.866893793	6.958838576	30.03149375	63.00966768	0	0	0	-512.7665631	0.003049998362	-20243.8209022615	
510.2065631	87	4	9	0.8848029921	0.002926489458	96.14921634	0.03166237815	3.819121286	6.697051276	30.11954764	63.18340108	0	0	0	-510.2065631	0.002926489458	-21256.0694445033	
507.6465631	87	4	9	0.8851234305	0.00280884129	96.19832314	0.03056813852	3.771108719	6.444942047	30.20430281	63.35075514	0	0	0	-507.6465631	0.00280884129	-22309.926183404	
505.0865631	87	4	9	0.8854302201	0.002696728625	96.24760658	0.02950022964	3.722893192	6.20210779	30.28589798	63.51199423	0	0	0	-505.0865631	0.002696728625	-23405.8263133345	
502.5265631	87	4	9	0.8857240606	0.002589842965	96.29703254	0.02845823214	3.674509225	5.968164453	30.36446527	63.66737027	0	0	0	-502.5265631	0.002589842965	-24544.2228366335	
499.9665631	87	4	9	0.8860056079	0.002487892444	96.34656928	0.02744175689	3.625988965	5.742746352	30.44013051	63.81712314	0	0	0	-499.9665631	0.002487892444	-25725.586480261	
497.4065631	87	4	9	0.8862754769	0.002390601496	96.39618717	0.02645043981	3.57736239	5.525505436	30.51301341	63.96148116	0	0	0	-497.4065631	0.002390601496	-26950.4072115211	
494.8465631	87	4	9	0.8865342441	0.002297710396	96.44585858	0.02548393733	3.528657487	5.316110533	30.58322787	64.10066159	0	0	0	-494.8465631	0.002297710396	-28219.1961456595	
492.2865631	87	4	9	0.8867824508	0.002208974679	96.49555766	0.02454192242	3.479900419	5.114246582	30.65088225	64.23487117	0	0	0	-492.2865631	0.002208974679	-29532.486003485	
489.7265631	87	4	9	0.887020605	0.002124164494	96.54526024	0.02362408114	3.431115676	4.919613865	30.71607958	64.36430655	0	0	0	-489.7265631	0.002124164494	-30890.834461604	
487.1665631	87	4	9	0.8872491841	0.002043063919	96.59494367	0.02273010963	3.38232622	4.731927243	30.7789179	64.48915486	0	0	0	-487.1665631	0.002043063919	-32294.825230239	
484.6065631	87	4	9	0.8874686366	0.001965470244	96.64458668	0.02185971148	3.333553607	4.550915423	30.83949045	64.60959413	0	0	0	-484.6065631	0.001965470244	-33745.0703306521	
482.0465631	87	4	9	0.8876793846	0.001891193257	96.6941693	0.02101259549	3.284818106	4.376320228	30.89788595	64.72579383	0	0	0	-482.0465631	0.001891193257	-35242.2137885258	
479.4865631	87	4	9	0.8878818253	0.001820054534	96.74367272	0.02018847376	3.236138808	4.207895907	30.95418884	64.83791526	0	0	0	-479.4865631	0.001820054534	-36786.933225939	
476.9265631	87	4	9	0.8880763327	0.001751886741	96.79307922	0.01938706	3.187533719	4.045408466	31.0084795	64.94611203	0	0	0	-476.9265631	0.001751886741	-38379.9424025999	
474.3665631	87	4	9	0.8882632594	0.00168653296	96.84237208	0.01860806815	3.139019853	3.888635024	31.06083448	65.0505305	0	0	0	-474.3665631	0.00168653296	-40021.9955714336	
471.8065631	87	4	9	0.8884429379	0.001623846044	96.89153548	0.01785121121	3.090613308	3.737363209	31.1113267	65.15131009	0	0	0	-471.8065631	0.001623846044	-41713.8911297816	
469.2465631	87	4	9	0.8886156821	0.001563687999	96.94055445	0.01711620021	3.042329347	3.591390575	31.16002567	65.24858376	0	0	0	-469.2465631	0.001563687999	-43456.4736342552	
466.6865631	87	4	9	0.8887817885	0.001505929394	96.9894148	0.01640274347	2.99418246	3.450524051	31.20699763	65.34247831	0	0	0	-466.6865631	0.001505929394	-45250.6375900564	
464.1265631	87	4	9	0.8889415372	0.001450448806	97.03810303	0.01571054591	2.946186428	3.314579421	31.25230582	65.43311476	0	0	0	-464.1265631	0.001450448806	-47097.3335392168	
461.5665631	87	4	9	0.8890951934	0.001397132299	97.08660631	0.01503930851	2.898354377	3.183380831	31.29601055	65.52060862	0	0	0	-461.5665631	0.001397132299	-48997.5707013755	
459.0065631	87	4	9	0.889243008	0.001345872928	97.13491244	0.01438872797	2.850698834	3.056760325	31.33816942	65.60507025	0	0	0	-459.0065631	0.001345872928	-50952.4213884998	
456.4465631	87	4	9	0.8893852186	0.001296570279	97.18300974	0.01375849641	2.803231768	2.934557402	31.37883746	65.68660513	0	0	0	-456.4465631	0.001296570279	-52963.0275402847	
453.8865631	87	4	9	0.8895220508	0.001249130037	97.23088706	0.01314830114	2.755964639	2.816618606	31.41806728	65.76531411	0	0	0	-453.8865631	0.001249130037	-55030.6035521471	
451.3265631	87	4	9	0.8896537183	0.001203463579	97.27853374	0.01255782459	2.708908432	2.702797132	31.45590917	65.84129369	0	0	0	-451.3265631	0.001203463579	-57156.4429208893	
448.7665631	87	4	9	0.889780424	0.001159487599	97.32593956	0.01198674428	2.662073695	2.592952464	31.49241128	65.91463626	0	0	0	-448.7665631	0.001159487599	-59341.9248820749	
446.2065631	87	4	9	0.8899023611	0.001117123755	97.37309469	0.01143473284	2.615470574	2.486950025	31.52761967	65.9854303	0	0	0	-446.2065631	0.001117123755	-61588.5194786861	
443.6465631	87	4	9	0.8900197127	0.001076298341	97.4199897	0.01090145811	2.569108838	2.384660852	31.56157851	66.05376064	0	0	0	-443.6465631	0.001076298341	-63897.7943715801	
441.0865631	87	4	9	0.8901326536	0.001036941981	97.46661551	0.01038658326	2.522997911	2.285961295	31.5943301	66.11970861	0	0	0	-441.0865631	0.001036941981	-66271.4215494063	
438.5265631	87	4	9	0.8902413499	0.0009989893442	97.51296334	0.009889767017	2.477146894	2.190732722	31.62591503	66.18335225	0	0	0	-438.5265631	0.0009989893442	-68711.185364287	
435.9665631	87	4	9	0.8903459599	0.0009623788805	97.55902475	0.009410663857	2.431564589	2.098861255	31.65637223	66.24476652	0	0	0	-435.9665631	0.0009623788805	-71218.9905294757	
433.4065631	87	4	9	0.8904466349	0.0009270525738	97.60479156	0.008948924272	2.386259521	2.010237511	31.6857391	66.30402339	0	0	0	-433.4065631	0.0009270525738	-73796.8700020655	
430.8465631	87	4	9	0.8905435188	0.0008929557123	97.65025585	0.008504195064	2.341239954	1.924756366	31.71405155	66.36119209	0	0	0	-430.8465631	0.0008929557123	-76446.9944815872	
428.2865631	87	4	9	0.8906367494	0.0008600366753	97.69540997	0.008076119651	2.296513912	1.842316727	31.7413441	66.41633917	0	0	0	-428.2865631	0.0008600366753	-79171.6821308685	
425.7265631	87	4	9	0.8907264582	0.0008282467343	97.74024647	0.007664338401	2.252089194	1.762821322	31.76764998	66.4695287	0	0	0	-425.7265631	0.0008282467343	-81973.4084502514	
423.1665631	87	4	9	0.890812771	0.0007975398679	97.78475813	0.007268488985	2.207973386	1.686176502	31.79300112	66.52082238	0	0	0	-423.1665631	0.0007975398679	-84854.8179793922	
420.6065631	87	4	9	0.8908958083	0.0007678725899	97.82893792	0.006888206741	2.164173877	1.612292051	31.8174283	66.57027965	0	0	0	-420.6065631	0.0007678725899	-87818.7360629493	
418.0465631	87	4	9	0.8909756853	0.0007392037887	97.872779	0.006523125049	2.120697871	1.54108101	31.84096116	66.61795783	0	0	0	-418.0465631	0.0007392037887	-90868.1812596767	
415.4865631	87	4	9	0.8910525127	0.0007114945779	97.91627473	0.006172875721	2.077552396	1.472459513	31.86362828	66.66391221	0	0	0	-415.4865631	0.0007114945779	-94006.3794002031	
412.9265631	87	4	9	0.8911263963	0.0006847081571	97.95941859	0.005837089388	2.034744316	1.406346629	31.88545722	66.70819615	0	0	0	-412.9265631	0.0006847081571	-97236.7781999286	
410.3665631	87	4	9	0.8911974378	0.000658809682	98.00220427	0.005515395905	1.992280338	1.342664217	31.90647457	66.75086122	0	0	0	-410.3665631	0.000658809682	-100563.062424473	
407.8065631	87	4	9	0.891265735	0.000633766143	98.04462555	0.005207424742	1.950167022	1.281336784	31.92670601	66.79195721	0	0	0	-407.8065631	0.000633766143	-103989.172357346	
405.2465631	87	4	9	0.8913313816	0.0006095462528	98.08667641	0.00491280539	1.908410788	1.222291357	31.94617635	66.83153229	0	0	0	-405.2465631	0.0006095462528	-107519.321566199	
402.6865631	87	4	9	0.8913944678	0.0005861203403	98.12835091	0.004631167763	1.867017921	1.165457361	31.96490958	66.86963306	0	0	0	-402.6865631	0.0005861203403	-111158.015318252	
400.1265631	87	4	9	0.8914550806	0.0005634602519	98.16964328	0.004362142589	1.825994578	1.110766499	31.98292887	66.90630463	0	0	0	-400.1265631	0.0005634602519	-114910.074264851	
397.5665631	87	4	9	0.8915133034	0.0005415392598	98.21054785	0.004105361809	1.785346792	1.05815265	32.00025668	66.94159067	0	0	0	-397.5665631	0.0005415392598	-118780.656679006	
395.0065631	87	4	9	0.8915692167	0.0005203319753	98.25105906	0.003860458963	1.74508048	1.007551758	32.01691472	66.97553352	0	0	0	-395.0065631	0.0005203319753	-122775.282132025	
392.4465631	87	4	9	0.8916228982	0.000499814268	98.29117149	0.003627069574	1.705201442	0.9589017418	32.03292404	67.00817422	0	0	0	-392.4465631	0.000499814268	-126899.861287955	
389.8865631	87	4	9	0.8916744227	0.0004799631907	98.3308798	0.003404831523	1.665715368	0.9121424001	32.04830502	67.03955258	0	0	0	-389.8865631	0.0004799631907	-131160.72289332	
387.3265631	87	4	9	0.8917238625	0.0004607569077	98.37017878	0.003193385417	1.626627838	0.8672153268	32.06307743	67.06970724	0	0	0	-387.3265631	0.0004607569077	-135564.647361541	
384.7665631	87	4	9	0.8917712873	0.0004421746292	98.4090633	0.002992374944	1.587944326	0.82406383	32.07726045	67.09867572	0	0	0	-384.7665631	0.0004421746292	-140118.90134964	
382.2065631	87	4	9	0.8918167645	0.0004241965482	98.44752835	0.002801447223	1.549670205	0.782632855	32.09087269	67.12649446	0	0	0	-382.2065631	0.0004241965482	-144831.273163476	
379.6465631	87	4	9	0.8918603592	0.000406803782	98.48556901	0.00262025314	1.51181074	0.7428689132	32.1039322	67.15319888	0	0	0	-379.6465631	0.000406803782	-149710.117365919	
377.0865631	87	4	9	0.8919021345	0.0003899783174	98.52318046	0.002448447673	1.474371097	0.7047200138	32.11645654	67.17882345	0	0	0	-377.0865631	0.0003899783174	-154764.393162796	
374.5265631	87	4	9	0.8919421514	0.0003737029576	98.56035797	0.002285690204	1.43735634	0.6681356	32.12846275	67.20340165	0	0	0	-374.5265631	0.0003737029576	-160003.71207928	
371.9665631	87	4	9	0.8919804689	0.0003579612736	98.59709692	0.002131644823	1.400771433	0.6330664896	32.13996741	67.2269661	0	0	0	-371.9665631	0.0003579612736	-165438.41259646	
369.4065631	87	4	9	0.8920171443	0.0003427375612	98.63339278	0.00198598061	1.364621235	0.5994648177	32.15098663	67.24954855	0	0	0	-369.4065631	0.0003427375612	-171079.613255813	
366.8465631	87	4	9	0.8920522329	0.0003280167964	98.66924112	0.001848371908	1.328910507	0.5672839836	32.1615361	67.27117992	0	0	0	-366.8465631	0.0003280167964	-176939.250015677	
364.2865631	87	4	9	0.8920857886	0.0003137845924	98.7046376	0.001718498587	1.293643904	0.5364786011	32.17163106	67.29189034	0	0	0	-364.2865631	0.0003137845924	-183229.303794796	
361.7265631	87	4	9	0.8921178636	0.0003000555639	98.73957799	0.001596046282	1.25882596	0.5070044571	32.1812864	67.31170914	0	0	0	-361.7265631	0.0003000555639	-189554.323766708	
359.1665631	87	4	9	0.8921485084	0.0002867599664	98.77405811	0.001480706571	1.22446118	0.4788185024	32.19051655	67.33066495	0	0	0	-359.1665631	0.0002867599664	-195976.546714685	
356.6065631	87	4	9	0.8921777722	0.000273914492	98.80807399	0.001372177413	1.19055383	0.4518786064	32.19933562	67.34878578	0	0	0	-356.6065631	0.000273914492	-202854.308479573	
354.0465631	87	4	9	0.8922057028	0.0002615051203	98.84162167	0.001270162987	1.157108167	0.4261438637	32.20775732	67.36609881	0	0	0	-354.0465631	0.0002615051203	-210017.741700406	
351.4865631	87	4	9	0.8922323466	0.0002495207916	98.87469732	0.001174374128	1.124128307	0.40157431	32.21579504	67.38263065	0	0	0	-351.4865631	0.0002495207916	-196311.113767554	
350.2065631	87	4	9	0.8922452011	0.0001204054199	98.89105705	0.001128725914	1.107814227	0.3897142365	32.21967432	67.39061144	0	0	0	-350.2065631	0.0001204054199	-10274.6189386838	
349.5665631	87	4	9	0.8922515139	5.913749812E-05	98.89919218	0.001106448119	1.099701367	0.3838882901	32.22157976	67.39453195	0	0	0	-349.5665631	5.913749812E-05	-862685.900634538	
348.9265631	87	4	9	0.8922577511	5.84042971E-05	98.9072974	0.001084528756	1.091618068	0.3781309411	32.2234626	67.39840646	0	0	0	-348.9265631	5.84042971E-05	-851921.873398583	
348.6065631	87	4	9	0.8922608417	2.898783845E-05	98.9113388	0.001073702185	1.087587501	0.3752778047	32.22439564	67.40032655	0	0	0	-348.6065631	2.898783845E-05	-10951.6911648981	
348.4465631	87	4	9	0.89226238	1.442654919E-05	98.91335668	0.001068321942	1.085574995	0.3738575889	32.22486008	67.40128233	0	0	0	-348.4465631	1.442654919E-05	-2671874.29645423	
348.2865631	87	4	9	0.8922639137	1.43669094E-05	98.91537269	0.001062963627	1.083564348	0.3724415965	32.22532312	67.40223529	0	0	0	-348.2865631	1.43669094E-05	-2660800.3437656	
348.2065631	87	4	9	0.8922646788	7.174861868E-06	98.91637999	0.001060292681	1.082559716	0.3717351807	32.22555412	67.4027107	0	0	0	-348.2065631	7.174861868E-06	-11132.5356256924	
348.1665631	87	4	9	0.8922650609	3.583262397E-06	98.91688347	0.001058959256	1.082057574	0.3713823674	32.22566949	67.40294814	0	0	0	-348.1665631	3.583262397E-06	-11150.052426415	
348.1465631	87	4	9	0.8922652518	1.790588328E-06	98.91713518	0.001058293087	1.081806529	0.3712060594	32.22572715	67.40306679	0	0	0	-348.1465631	1.790588328E-06	-10860.7825089164	
348.1365631	87	4	9	0.8922653472	8.565939554E-07	98.917261	0.001057960094	1.081681037	0.3711179297	32.22575595	67.40312612	0	0	0	-348.1365631	8.565939554E-07	267351.129583436	
348.1265631	87	4	9	0.8922654427	8.957009624E-07	98.91738683	0.001057627206	1.081555542	0.3710298168	32.22578476	67.40318542	0	0	0	-348.1265631	8.957009624E-07	255708.650881692	
348.1165631	87	4	9	0.8922655381	8.938845118E-07	98.91751265	0.001057294403	1.081430054	0.3709417204	32.22581357	67.40324471	0	0	0	-348.1165631	8.938845118E-07	13269.5791196626	
348.1065631	87	4	9	0.8922656335	8.937850908E-07	98.91763847	0.001056961686	1.081304573	0.3708536403	32.22584237	67.40330399	0	0	0	-348.1065631	8.937850908E-07	0	
348.0965631	87	4	9	0.8922657288	8.936136327E-07	98.91776427	0.001056629053	1.081179099	0.3707655767	32.22587117	67.40336325	0	0	0	-348.0965631	8.936136327E-07	0	
348.0865631	87	4	9	0.8922658242	8.934452206E-07	98.91789007	0.001056296506	1.081053633	0.3706775295	32.22589996	67.40342251	0	0	0	-348.0865631	8.934452206E-07	0	
348.0765631	87	4	9	0.8922659195	8.932767058E-07	98.91801586	0.001055964043	1.080928174	0.3705894987	32.22592875	67.40348175	0	0	0	-348.0765631	8.932767058E-07	0	
348.0665631	87	4	9	0.8922660149	8.931082198E-07	98.91814165	0.001055631666	1.080802722	0.3705014843	32.22595753	67.40354099	0	0	0	-348.0665631	8.931082198E-07	0	
348.0565631	87	4	9	0.8922661102	8.92939757E-07	98.91826742	0.001055299374	1.080677277	0.3704134864	32.2259863	67.40360021	0	0	0	-348.0565631	8.92939757E-07	0	
348.0465631	87	4	9	0.8922662054	8.927713177E-07	98.91839319	0.001054967167	1.08055184	0.3703255048	32.22601507	67.40365942	0	0	0	-348.0465631	8.927713177E-07	0	
348.0365631	87	4	9	0.8922663007	8.92602902E-07	98.91851895	0.001054635045	1.08042641	0.3702375397	32.22604384	67.40371862	0	0	0	-348.0365631	8.92602902E-07	0	
348.0265631	87	4	9	0.892266396	8.924345097E-07	98.91864471	0.001054303008	1.080300987	0.3701495909	32.2260726	67.40377781	0	0	0	-348.0265631	8.924345097E-07	0	
348.0165631	87	4	9	0.8922664912	8.922661409E-07	98.91877046	0.001053971056	1.080175572	0.3700616586	32.22610135	67.40383699	0	0	0	-348.0165631	8.922661409E-07	0	
348.0065631	87	4	9	0.8922665864	8.920977957E-07	98.9188962	0.001053639189	1.080050163	0.3699737426	32.2261301	67.40389616	0	0	0	-348.0065631	8.920977957E-07	0	
347.9965631	87	4	9	0.8922666816	8.919294738E-07	98.91902193	0.001053307407	1.079924762	0.3698858431	32.22615884	67.40395532	0	0	0	-347.9965631	8.919294738E-07	-3.90252856351377	
347.9765631	87	4	9	0.892266872	1.820792377E-06	98.91927339	0.001052644118	1.079673971	0.3697100935	32.22621632	67.40407358	0	0	0	-347.9765631	1.820792377E-06	22026.7188744358	
347.9365631	87	4	9	0.8922672524	3.563305483E-06	98.91977617	0.001051318486	1.079172515	0.3693587905	32.2263312	67.40431001	0	0	0	-347.9365631	3.563305483E-06	22806.2944688506	
347.8565631	87	4	9	0.8922680125	7.11851695E-06	98.92078141	0.001048671359	1.078169917	0.3686569705	32.22656068	67.40478235	0	0	0	-347.8565631	7.11851695E-06	22527.6437826868	
347.6965631	87	4	9	0.8922695291	1.420493454E-05	98.92279049	0.001043393367	1.076166113	0.3672564713	32.22701862	67.40572491	0	0	0	-347.6965631	1.420493454E-05	22629.9600539201	
347.3765631	87	4	9	0.8922725484	2.828177518E-05	98.92680302	0.001032902202	1.072164081	0.3644680038	32.22793036	67.40760163	0	0	0	-347.3765631	2.828177518E-05	22837.509932394	
346.7365631	87	4	9	0.8922785323	5.605360955E-05	98.93480548	0.001012177323	1.064182343	0.3589409398	32.22973739	67.41132167	0	0	0	-346.7365631	5.605360955E-05	23263.6126957792	
345.4565631	87	4	9	0.8922902823	0.0001100869361	98.95071989	0.0009717428098	1.048308372	0.348084282	32.23328633	67.41862939	0	0	0	-345.4565631	0.0001100869361	24162.7342875824	
342.8965631	87	4	9	0.8923129306	0.0002122487988	98.98218513	0.0008948198099	1.016920054	0.3271449163	32.24012905	67.43272603	0	0	0	-342.8965631	0.0002122487988	-280675.189818464	
340.3365631	87	4	9	0.8923344796	0.000202010226	99.01316304	0.0008229436432	0.9860140147	0.3072075768	32.2466423	67.44615012	0	0	0	-340.3365631	0.000202010226	-254508.346480726	
337.7765631	87	4	9	0.8923549693	0.0001921195579	99.04365034	0.0007558627296	0.9555937959	0.2882372282	32.25283775	67.45892502	0	0	0	-337.7765631	0.0001921195579	-263807.086232424	
335.2165631	87	4	9	0.8923744386	0.0001825887717	99.07364398	0.000693333054	0.9256626821	0.2701995706	32.25872682	67.47107361	0	0	0	-335.2165631	0.0001825887717	-273828.35958422	
332.6565631	87	4	9	0.8923929254	0.0001734085799	99.10314103	0.000635117983	0.8962238523	0.2530611315	32.26432064	67.48261822	0	0	0	-332.6565631	0.0001734085799	-284355.160960202	
330.0965631	87	4	9	0.8924104667	0.0001645701594	99.13213867	0.0005809883683	0.8672803405	0.2367892219	32.2696301	67.49358068	0	0	0	-330.0965631	0.0001645701594	-295427.018552264	
327.5365631	87	4	9	0.8924270983	0.0001560649367	99.16063425	0.0005307225807	0.8388350306	0.2213519174	32.27466578	67.50398231	0	0	0	-327.5365631	0.0001560649367	-307084.329284572	
324.9765631	87	4	9	0.8924428552	0.0001478845702	99.18862524	0.0004841065272	0.8108906512	0.2067180412	32.27943803	67.51384392	0	0	0	-324.9765631	0.0001478845702	-319371.144513814	
322.4165631	87	4	9	0.8924577716	0.0001400209317	99.2161093	0.0004409336543	0.7834497702	0.1928571483	32.28395697	67.52318588	0	0	0	-322.4165631	0.0001400209317	-332335.795795989	
319.8565631	87	4	9	0.8924718806	0.0001324661008	99.24308421	0.000401004936	0.7565147889	0.179739511	32.28823243	67.53202806	0	0	0	-319.8565631	0.0001324661008	-346031.119744961	
317.2965631	87	4	9	0.8924852145	0.0001252123379	99.26954793	0.0003641288476	0.7300879366	0.167336106	32.29227402	67.54038987	0	0	0	-317.2965631	0.0001252123379	-360515.014749227	
314.7365631	87	4	9	0.8924978048	0.0001182520798	99.29549861	0.0003301213256	0.7041712639	0.1556186016	32.29609112	67.54829028	0	0	0	-314.7365631	0.0001182520798	-375851.2785859	
312.1765631	87	4	9	0.8925096822	0.0001115779265	99.32093456	0.0002988057139	0.6787666372	0.1445593476	32.29969287	67.55574778	0	0	0	-312.1765631	0.0001115779265	-392110.138834355	
309.6165631	87	4	9	0.8925208765	0.0001051826298	99.34585426	0.0002700126967	0.6538757318	0.1341313645	32.30308819	67.56278045	0	0	0	-309.6165631	0.0001051826298	-409369.150107882	
307.0565631	87	4	9	0.8925314168	9.905908503E-05	99.37025639	0.0002435802192	0.6295000256	0.1243083348	32.30628575	67.56940592	0	0	0	-307.0565631	9.905908503E-05	-427714.175347721	
304.4965631	87	4	9	0.8925413312	9.320032236E-05	99.39413985	0.0002193533959	0.6056407925	0.115064595	32.30929402	67.57564139	0	0	0	-304.4965631	9.320032236E-05	-447240.528657008	
301.9365631	87	4	9	0.8925506475	8.759950047E-05	99.41750372	0.0001971844074	0.5822990955	0.1063751277	32.31212125	67.58150362	0	0	0	-301.9365631	8.759950047E-05	-387565.013664316	
300	87	4	9	0.8925573139	6.261753117E-05	99.43483216	0.0001816951329	0.564986149	0.1001551386	32.31414464	67.58570023	0	0	0	-300	6.261753117E-05	232528.148736298	
