T	w(AL)	w(MG)	w(SI)	fs	fw(@FCC_A1)	w(AL@FCC_A1)	w(MG@FCC_A1)	w(SI@FCC_A1)	w(AL@LIQUID)	w(MG@LIQUID)	w(SI@LIQUID)	dwdT_L(AL@LIQUID)	dwdT_L(MG@LIQUID)	dwdT_L(SI@LIQUID)	-T	fw(@FCC_A1)_1	-T//fw(@FCC_A1)	
K	%	%	%	mole/mole	kg/kg	%	%	%	%	%	%	SI	SI	SI				
893.5052994	92	7	1	0	0	97.82918283	2.099195753	0.07162141576	92	7	1	0.002055814096	-0.001728374761	-0.0003274393353	-893.5052994	0	14.1233539857625	
893.4952994	92	7	1	0.0003509314293	0.000352685657	97.82869089	2.099672579	0.07163653478	91.99794418	7.001728409	1.000327412	0	0	0	-893.4952994	0.000352685657	42.5843674739219	
893.4752994	92	7	1	0.001052061172	0.0007048392222	97.82770665	2.100626573	0.07166677643	91.99383248	7.005185144	1.00098238	0	0	0	-893.4752994	0.0007048392222	56.8158756251156	
893.4352994	92	7	1	0.002451982859	0.001408312008	97.82573873	2.102534044	0.0717272268	91.98560871	7.012098584	1.002292707	0	0	0	-893.4352994	0.001408312008	56.9162429230443	
893.3552994	92	7	1	0.005242493845	0.002811159283	97.82180394	2.106348043	0.07184801366	91.96915982	7.025925275	1.004914909	0	0	0	-893.3552994	0.002811159283	57.138238324575	
893.1952994	92	7	1	0.01078644416	0.005600575738	97.8139386	2.113972272	0.07208913131	91.93625659	7.053577906	1.010165507	0	0	0	-893.1952994	0.005600575738	57.6205828071276	
892.8752994	92	7	1	0.02171649572	0.01110496246	97.79822588	2.129204353	0.07256977088	91.87042847	7.108877106	1.020694426	0	0	0	-892.8752994	0.01110496246	58.6102939228042	
892.2352994	92	7	1	0.04298856666	0.02185446923	97.76686982	2.15960599	0.0735241856	91.73868459	7.219458357	1.041857048	0	0	0	-892.2352994	0.02185446923	60.5393983863522	
890.9552994	92	7	1	0.08331268325	0.04235101695	97.70443365	2.220161084	0.07540526573	91.47484756	7.440553407	1.084599031	0	0	0	-890.9552994	0.04235101695	64.5803103341485	
888.3952994	92	7	1	0.1560315767	0.07974113303	97.58064976	2.340295813	0.0790544308	90.94577505	7.882494694	1.171730252	0	0	0	-888.3952994	0.07974113303	-672.19223620437	
885.8352994	92	7	1	0.2192912245	0.07536951035	97.45812607	2.459360904	0.0825130216	90.41493332	8.324550997	1.260515682	0	0	0	-885.8352994	0.07536951035	-620.630821963695	
883.2752994	92	7	1	0.2747434459	0.0714436951	97.33681962	2.577400893	0.08577949166	89.88235934	8.7667401	1.350900564	0	0	0	-883.2752994	0.0714436951	-688.862217628134	
880.7152994	92	7	1	0.323684985	0.06789831998	97.21668833	2.694458463	0.08885320933	89.34809525	9.209071235	1.442833518	0	0	0	-880.7152994	0.06789831998	-760.540794412394	
878.1552994	92	7	1	0.3671467417	0.06468007345	97.09769096	2.810574681	0.09173435679	88.81218847	9.651545637	1.536265895	0	0	0	-878.1552994	0.06468007345	-835.617722989758	
875.5952994	92	7	1	0.4059576565	0.06174509125	96.97978701	2.925789155	0.09442383765	88.27469167	10.09415708	1.631151246	0	0	0	-875.5952994	0.06174509125	-914.042721067664	
873.0352994	92	7	1	0.4407911818	0.05905695425	96.86293663	3.040140173	0.09692319607	87.73566276	10.53689237	1.72744487	0	0	0	-873.0352994	0.05905695425	-995.759215982995	
870.4752994	92	7	1	0.472199603	0.05658517401	96.74710065	3.153664805	0.09923454621	87.19516489	10.97973166	1.825103446	0	0	0	-870.4752994	0.05658517401	-1080.7045549688	
867.9152994	92	7	1	0.5006397361	0.05430403533	96.6322405	3.266398986	0.1013605094	86.65326639	11.4226489	1.924084711	0	0	0	-867.9152994	0.05430403533	-1168.80977213021	
865.3552994	92	7	1	0.5264924132	0.05219169756	96.51831857	3.378377278	0.1033041532	86.11004076	11.86561204	2.024347197	0	0	0	-865.3552994	0.05219169756	-1260.00205070192	
862.7952994	92	7	1	0.5500774297	0.05022950002	96.40529687	3.489634168	0.1050689597	85.56556657	12.30858342	2.125850009	0	0	0	-862.7952994	0.05022950002	-1354.20206403569	
860.2352994	92	7	1	0.5716651268	0.04840139708	96.29313904	3.600202207	0.1066587501	85.01992742	12.75151995	2.228552628	0	0	0	-860.2352994	0.04840139708	-1451.32551244456	
857.6752994	92	7	1	0.5914854618	0.04669352385	96.181809	3.710113333	0.1080776625	84.4732118	13.19437345	2.332414757	0	0	0	-857.6752994	0.04669352385	-1551.28587085084	
855.1152994	92	7	1	0.6097351709	0.0450938393	96.07127133	3.819398563	0.1093301071	83.92551295	13.63709086	2.437396189	0	0	0	-855.1152994	0.0450938393	-1653.99335076067	
852.5552994	92	7	1	0.6265834754	0.04359183863	95.96149125	3.928088016	0.1104207305	83.37692876	14.07961454	2.543456694	0	0	0	-852.5552994	0.04359183863	-1759.35642373589	
849.9952994	92	7	1	0.6421766625	0.04217831872	95.8524347	4.036210918	0.1113543819	82.82756154	14.52188252	2.650555941	0	0	0	-849.9952994	0.04217831872	-1867.28295922936	
847.4352994	92	7	1	0.6566417899	0.04084518542	95.7440683	4.14379562	0.1121360816	82.27751781	14.96382877	2.758653428	0	0	0	-847.4352994	0.04084518542	-1977.68144531582	
844.8752994	92	7	1	0.6700897018	0.0395852943	95.63635941	4.250869594	0.1127709916	81.7269081	15.40538346	2.867708434	0	0	0	-844.8752994	0.0395852943	-2090.46220512199	
842.3152994	92	7	1	0.6826175009	0.0383923181	95.52927617	4.357459443	0.1132643883	81.17584669	15.84647332	2.977679985	0	0	0	-842.3152994	0.0383923181	-2205.5387467631	
839.7552994	92	7	1	0.6943105856	0.037260636	95.42278746	4.4635909	0.1136216359	80.62445129	16.28702187	3.088526841	0	0	0	-839.7552994	0.037260636	-2322.82905852369	
837.1952994	92	7	1	0.7052443395	0.03618524036	95.316863	4.569288833	0.1138481629	80.07284277	16.72694974	3.200207493	0	0	0	-837.1952994	0.03618524036	-2442.25690579562	
834.6352994	92	7	1	0.7154855394	0.03516165799	95.21147332	4.674577241	0.1139494388	79.52114482	17.16617501	3.312680166	0	0	0	-834.6352994	0.03516165799	-2563.75309247024	
832.0752994	92	7	1	0.7250935348	0.03418588318	95.10658979	4.779479258	0.1139309529	78.96948361	17.60461355	3.425902848	0	0	0	-832.0752994	0.03418588318	-2687.25659797122	
829.5152994	92	7	1	0.73412124	0.03325432057	95.00218465	4.884017157	0.1137981941	78.41798741	18.04217928	3.539833316	0	0	0	-829.5152994	0.03325432057	-2812.71566952375	
826.9552994	92	7	1	0.7426159743	0.03236373614	94.89823102	4.988212351	0.1135566325	77.86678623	18.47878459	3.654429179	0	0	0	-826.9552994	0.03236373614	-2940.08877479847	
824.3952994	92	7	1	0.7506201738	0.03151121501	94.7947029	5.092085397	0.1132117019	77.31601144	18.91434063	3.769647925	0	0	0	-824.3952994	0.03151121501	-3069.34546286577	
821.8352994	92	7	1	0.7581719993	0.03069412495	94.69157521	5.195656008	0.1127687841	76.76579532	19.3487577	3.885446979	0	0	0	-821.8352994	0.03069412495	-3200.46690971885	
819.2752994	92	7	1	0.7653058562	0.02991008462	94.58882375	5.298943055	0.1122331933	76.21627072	19.78194552	4.001783764	0	0	0	-819.2752994	0.02991008462	-3333.44646747732	
816.7152994	92	7	1	0.7720528409	0.02915693597	94.48642526	5.401964581	0.1116101635	75.66757058	20.21381365	4.118615769	0	0	0	-816.7152994	0.02915693597	-3468.290035203	
814.1552994	92	7	1	0.7784411257	0.02843272003	94.38435735	5.504737814	0.1109048356	75.11982761	20.64427177	4.235900618	0	0	0	-814.1552994	0.02843272003	-3605.01609148703	
811.5952994	92	7	1	0.7844962919	0.02773565565	94.28259857	5.607279184	0.1101222465	74.5731738	21.07323005	4.353596147	0	0	0	-811.5952994	0.02773565565	-3743.65581213536	
809.0352994	92	7	1	0.7902416182	0.02706412082	94.18112835	5.709604335	0.1092673192	74.02774007	21.50059944	4.471660482	0	0	0	-809.0352994	0.02706412082	-3884.25279860331	
806.4752994	92	7	1	0.7956983325	0.02641663608	94.07992699	5.811728152	0.1083448536	73.48365588	21.92629201	4.59005211	0	0	0	-806.4752994	0.02641663608	-4026.86283106346	
803.9152994	92	7	1	0.8008858306	0.02579184991	93.9789757	5.913664776	0.1073595197	72.94104884	22.3502212	4.708729965	0	0	0	-803.9152994	0.02579184991	-4171.55344029985	
801.3552994	92	7	1	0.8058218687	0.02518852567	93.87825652	6.015427634	0.1063158503	72.40004435	22.77230216	4.827653499	0	0	0	-801.3552994	0.02518852567	-4318.40337703636	
798.7952994	92	7	1	0.8105227315	0.02460553004	93.7777523	6.117029461	0.1052182359	71.86076527	23.19245197	4.94678276	0	0	0	-798.7952994	0.02460553004	-4467.50201440583	
796.2352994	92	7	1	0.8150033806	0.02404182265	93.67744675	6.21848233	0.1040709198	71.3233316	23.61058993	5.066078464	0	0	0	-796.2352994	0.02404182265	-4618.9485816039	
793.6752994	92	7	1	0.8192775849	0.02349644684	93.57732432	6.319797681	0.1028779954	70.78786017	24.02663776	5.18550207	0	0	0	-793.6752994	0.02349644684	-4772.85064108053	
791.1152994	92	7	1	0.8233580364	0.0229685212	93.47737025	6.420986351	0.1016434027	70.25446437	24.44051979	5.30501584	0	0	0	-791.1152994	0.0229685212	-4929.32276845467	
788.5552994	92	7	1	0.8272564525	0.02245723208	93.37757046	6.522058609	0.100370927	69.7232539	24.8521632	5.424582903	0	0	0	-788.5552994	0.02245723208	-5088.48769760735	
785.9952994	92	7	1	0.830983667	0.0219618272	93.27791161	6.623024188	0.09906419811	69.19433455	25.26149814	5.544167316	0	0	0	-785.9952994	0.0219618272	-5250.47768946575	
783.4352994	92	7	1	0.8345497107	0.02148160997	93.17838099	6.723892318	0.09772669005	68.66780798	25.6684579	5.663734116	0	0	0	-783.4352994	0.02148160997	-5415.43078916776	
780.8752994	92	7	1	0.8379638843	0.02101593375	93.07896652	6.824671761	0.09636172171	68.14377158	26.07297905	5.78324937	0	0	0	-780.8752994	0.02101593375	-5583.48737947571	
778.3152994	92	7	1	0.8412348225	0.02056419685	92.9796567	6.925370843	0.09497245804	67.62231829	26.4750015	5.902680215	0	0	0	-778.3152994	0.02056419685	-5754.79119239951	
775.7552994	92	7	1	0.8443705516	0.02012583824	92.88044059	7.025997496	0.09356191179	67.10353649	26.87446861	6.021994898	0	0	0	-775.7552994	0.02012583824	-5929.4899878493	
773.1952994	92	7	1	0.8473785419	0.01970033373	92.78130777	7.126559287	0.09213294586	66.58750993	27.27132726	6.141162805	0	0	0	-773.1952994	0.01970033373	-6107.73494774909	
770.6352994	92	7	1	0.8502657538	0.0192871925	92.68224827	7.227063458	0.09068827605	66.07431766	27.66552786	6.260154487	0	0	0	-770.6352994	0.0192871925	-6289.6792096246	
768.0752994	92	7	1	0.8530386801	0.0188859539	92.58325257	7.327516955	0.08923047426	65.56403394	28.05702437	6.378941683	0	0	0	-768.0752994	0.0188859539	-6475.47765359604	
765.5152994	92	7	1	0.8557033839	0.0184961847	92.48431156	7.427926466	0.08776197208	65.0567283	28.44577437	6.497497331	0	0	0	-765.5152994	0.0184961847	-6667.785211231	
762.9552994	92	7	1	0.8582655771	0.01811774843	92.38541398	7.528300966	0.0862850495	64.55246094	28.83174314	6.615795921	0	0	0	-762.9552994	0.01811774843	-6859.64707774486	
760.3952994	92	7	1	0.8607304885	0.017749512	92.28655598	7.628642143	0.08480188154	64.05130204	29.21488683	6.73381113	0	0	0	-760.3952994	0.017749512	-7055.67864839781	
757.8352994	92	7	1	0.863103114	0.01739178744	92.1877273	7.728958198	0.08331450598	63.55330127	29.59517787	6.851520866	0	0	0	-757.8352994	0.01739178744	-7260.31129944218	
755.2752994	92	7	1	0.8653881096	0.01704402669	92.08892005	7.829255113	0.08182483375	63.05850924	29.97258783	6.968902931	0	0	0	-755.2752994	0.01704402669	-7467.72259480877	
752.7152994	92	7	1	0.8675898439	0.01670589955	91.99012658	7.929538761	0.08033465673	62.56697203	30.34709164	7.085936323	0	0	0	-752.7152994	0.01670589955	-7679.9162959519	
750.1552994	92	7	1	0.8697124189	0.01637709233	91.8913394	8.029814945	0.07884565233	62.07873124	30.71866752	7.202601236	0	0	0	-750.1552994	0.01637709233	-7897.05302281573	
747.5952994	92	7	1	0.8717596899	0.01605730557	91.79255119	8.13008942	0.07735938827	61.59382408	31.08729688	7.318879037	0	0	0	-747.5952994	0.01605730557	-8119.28343057159	
745.0352994	92	7	1	0.8737352828	0.015746253	91.69375475	8.230367923	0.07587732721	61.1122835	31.45296425	7.434752249	0	0	0	-745.0352994	0.015746253	-8346.75837411405	
742.4752994	92	7	1	0.8756426106	0.01544366055	91.59494298	8.330656193	0.07440083148	60.63413832	31.81565715	7.55020453	0	0	0	-742.4752994	0.01544366055	-8579.62734528602	
739.9152994	92	7	1	0.877484888	0.01514926541	91.49610883	8.430960003	0.07293116773	60.15941336	32.17536599	7.665220647	0	0	0	-739.9152994	0.01514926541	-8818.03802669616	
737.3552994	92	7	1	0.879265145	0.01486281522	91.39724532	8.531285171	0.0714695115	59.68812956	32.53208399	7.779786449	0	0	0	-737.3552994	0.01486281522	-9062.13681577208	
734.7952994	92	7	1	0.8809862398	0.01458406736	91.29834546	8.631637593	0.0700169517	59.22030414	32.88580702	7.893888841	0	0	0	-734.7952994	0.01458406736	-9312.06802240387	
732.2352994	92	7	1	0.8826508699	0.01431278826	91.19940225	8.732023253	0.06857449507	58.75595075	33.2365335	8.007515749	0	0	0	-732.2352994	0.01431278826	-9567.97481293912	
729.6752994	92	7	1	0.8842615831	0.01404875289	91.10040868	8.832448251	0.06714307039	58.29507962	33.58426429	8.120656094	0	0	0	-729.6752994	0.01404875289	-9829.99871254609	
727.1152994	92	7	1	0.8858207869	0.01379174418	91.00135765	8.932918814	0.06572353271	57.8376977	33.92900255	8.233299755	0	0	0	-727.1152994	0.01379174418	-10098.2795635587	
724.5552994	92	7	1	0.8873307579	0.01354155261	90.90224201	9.033441318	0.06431666735	57.38380882	34.27075364	8.345437537	0	0	0	-724.5552994	0.01354155261	-10372.9565469897	
721.9952994	92	7	1	0.8887936502	0.01329797579	90.80305451	9.1340223	0.06292319375	56.93341387	34.60952499	8.45706114	0	0	0	-721.9952994	0.01329797579	-10654.1662743856	
719.4352994	92	7	1	0.8902115028	0.01306081804	90.70378775	9.234668478	0.06154376929	56.48651091	34.94532597	8.568163119	0	0	0	-719.4352994	0.01306081804	-10942.0448679774	
716.8752994	92	7	1	0.8915862471	0.01282989014	90.60443425	9.335386761	0.06017899282	56.04309535	35.27816779	8.678736853	0	0	0	-716.8752994	0.01282989014	-11236.7279577016	
714.3152994	92	7	1	0.8929197136	0.01260500898	90.50498633	9.436184266	0.05882940812	55.6031601	35.60806339	8.788776512	0	0	0	-714.3152994	0.01260500898	-11538.3491251871	
711.7552994	92	7	1	0.8942136377	0.01238599729	90.40543616	9.53706833	0.05749550716	55.16669569	35.93502729	8.898277018	0	0	0	-711.7552994	0.01238599729	-11847.0415097224	
709.1952994	92	7	1	0.895469666	0.01217268341	90.30577575	9.638046521	0.05617773331	54.73369045	36.25907553	9.007234018	0	0	0	-709.1952994	0.01217268341	-12162.937838056	
706.6352994	92	7	1	0.896689361	0.01196490106	90.20599686	9.739126652	0.05487648421	54.30413061	36.58022554	9.115643843	0	0	0	-706.6352994	0.01196490106	-12486.1707163042	
704.0752994	92	7	1	0.8978742069	0.01176248915	90.10609109	9.840316793	0.0535921147	53.87800049	36.89849603	9.223503481	0	0	0	-704.0752994	0.01176248915	-12816.8713057828	
701.5152994	92	7	1	0.8990256134	0.01156529154	90.00604978	9.941625279	0.05232493946	53.45528256	37.2139069	9.330810544	0	0	0	-701.5152994	0.01156529154	-13155.1708313197	
698.9552994	92	7	1	0.9001449205	0.01137315692	89.90586404	10.04306072	0.05107523559	53.03595763	37.52647914	9.437563232	0	0	0	-698.9552994	0.01137315692	-13501.2028336051	
696.3952994	92	7	1	0.9012334028	0.01118593866	89.80552473	10.14463203	0.04984324496	52.62000494	37.83623475	9.54376031	0	0	0	-696.3952994	0.01118593866	-13855.0969324836	
693.8352994	92	7	1	0.9022922724	0.01100349453	89.70502243	10.24634839	0.04862917655	52.20740229	38.14319664	9.649401072	0	0	0	-693.8352994	0.01100349453	-14216.9867596692	
691.2752994	92	7	1	0.9033226833	0.01082568677	89.60434747	10.34821933	0.04743320856	51.79812614	38.44738855	9.754485315	0	0	0	-691.2752994	0.01082568677	-14587.0063405434	
688.7152994	92	7	1	0.9043257342	0.01065238175	89.50348986	10.45025465	0.04625549043	51.39215173	38.74883496	9.859013311	0	0	0	-688.7152994	0.01065238175	-14965.2877209997	
686.1552994	92	7	1	0.9053024718	0.01048344996	89.40243933	10.55246452	0.04509614475	50.98945317	39.04756104	9.962985783	0	0	0	-686.1552994	0.01048344996	-15351.9674515414	
683.5952994	92	7	1	0.9062538936	0.01031876586	89.30118529	10.65485944	0.04395526906	50.59000357	39.34359256	10.06640387	0	0	0	-683.5952994	0.01031876586	-15747.1817984838	
681.0352994	92	7	1	0.9071809506	0.01015820775	89.19971683	10.75745023	0.04283293749	50.19377508	39.6369558	10.16926912	0	0	0	-681.0352994	0.01015820775	-16151.0685817116	
678.4752994	92	7	1	0.9080845499	0.01000165767	89.0980227	10.8602481	0.04172920238	49.80073903	39.92767753	10.27158344	0	0	0	-678.4752994	0.01000165767	-16563.7681920039	
675.9152994	92	7	1	0.908965557	0.009849001295	88.9960913	10.96326461	0.04064409575	49.41086598	40.21578491	10.37334911	0	0	0	-675.9152994	0.009849001295	-16985.4235711343	
673.3552994	92	7	1	0.9098247982	0.009700127834	88.89391066	11.06651171	0.03957763065	49.0241258	40.50130548	10.47456871	0	0	0	-673.3552994	0.009700127834	-17416.1793308801	
670.7952994	92	7	1	0.9106630624	0.009554929912	88.79146847	11.17000173	0.03852980249	48.64048779	40.78426705	10.57524516	0	0	0	-670.7952994	0.009554929912	-17856.1830395342	
668.2352994	92	7	1	0.9114811034	0.009413303492	88.688752	11.27374741	0.03750059025	48.25992068	41.06469766	10.67538166	0	0	0	-668.2352994	0.009413303492	-18305.5859034946	
665.6752994	92	7	1	0.9122796415	0.009275147771	88.58574815	11.3777619	0.0364899576	47.88239275	41.34262559	10.77498166	0	0	0	-665.6752994	0.009275147771	-18764.5423923088	
663.1152994	92	7	1	0.9130593654	0.009140365093	88.48244339	11.48205875	0.03549785398	47.50787187	41.61807923	10.8740489	0	0	0	-663.1152994	0.009140365093	-19233.2109535259	
660.5552994	92	7	1	0.9138209337	0.009008860857	88.37882379	11.58665199	0.03452421557	47.13632556	41.8910871	10.97258733	0	0	0	-660.5552994	0.009008860857	-19711.7544165577	
657.9952994	92	7	1	0.9145649766	0.008880543434	88.27487497	11.69155606	0.03356896622	46.76772106	42.16167781	11.07060113	0	0	0	-657.9952994	0.008880543434	-20200.3404132434	
655.4352994	92	7	1	0.9152920973	0.00875532408	88.1705821	11.79678588	0.03263201833	46.40202535	42.42987996	11.16809469	0	0	0	-655.4352994	0.00875532408	-20699.1415946242	
652.8752994	92	7	1	0.9160028733	0.008633116854	88.06592988	11.90235684	0.03171327364	46.03920523	42.69572219	11.26507258	0	0	0	-652.8752994	0.008633116854	-21208.3364787158	
650.3152994	92	7	1	0.9166978578	0.00851383854	87.96090255	12.00828483	0.030812624	45.67922734	42.95923309	11.36153957	0	0	0	-650.3152994	0.00851383854	-21728.1096945598	
647.7552994	92	7	1	0.9173775808	0.008397408566	87.85548383	12.11458622	0.02992995206	45.32205821	43.22044122	11.45750057	0	0	0	-647.7552994	0.008397408566	-22258.6527572196	
645.1952994	92	7	1	0.9180425504	0.008283748932	87.74965694	12.22127793	0.02906513191	44.96766432	43.47937502	11.55296066	0	0	0	-645.1952994	0.008283748932	-22800.1645226758	
642.6352994	92	7	1	0.9186932537	0.008172784132	87.64340457	12.3283774	0.02821802975	44.61601208	43.73606285	11.64792507	0	0	0	-642.6352994	0.008172784132	-23352.8515786244	
640.0752994	92	7	1	0.9193301579	0.008064441083	87.53670886	12.43590263	0.02738850437	44.26706793	43.99053293	11.74239914	0	0	0	-640.0752994	0.008064441083	-23916.9295313364	
637.5152994	92	7	1	0.9199537114	0.007958649057	87.42955139	12.5438722	0.02657640778	43.92079832	44.24281331	11.83638837	0	0	0	-637.5152994	0.007958649057	-24492.6234763057	
634.9552994	92	7	1	0.9205643446	0.007855339611	87.32191316	12.65230526	0.02578158565	43.57716975	44.49293191	11.92989835	0	0	0	-634.9552994	0.007855339611	-25080.1683697325	
632.3952994	92	7	1	0.9211624707	0.007754446519	87.21377453	12.76122159	0.02500387778	43.23614882	44.74091642	12.02293477	0	0	0	-632.3952994	0.007754446519	-25679.810237261	
629.8352994	92	7	1	0.9217484866	0.007655905709	87.10511527	12.87064161	0.02424311856	42.89770222	44.98679435	12.11550344	0	0	0	-629.8352994	0.007655905709	-26291.8072499188	
627.2752994	92	7	1	0.9223227737	0.0075596552	86.99591448	12.98058638	0.02349913734	42.56179676	45.23059299	12.20761025	0	0	0	-627.2752994	0.0075596552	-26916.4309895189	
624.7152994	92	7	1	0.9228856987	0.007465635044	86.8861506	13.09107764	0.02277175886	42.22839941	45.4723394	12.29926119	0	0	0	-624.7152994	0.007465635044	-27553.9665592739	
622.1552994	92	7	1	0.9234376139	0.00737378726	86.77580135	13.20213784	0.02206080354	41.89747728	45.71206041	12.39046231	0	0	0	-622.1552994	0.00737378726	-28204.7139869147	
619.5952994	92	7	1	0.9239788584	0.007284055781	86.66484375	13.31379016	0.02136608787	41.56899768	45.94978256	12.48121976	0	0	0	-619.5952994	0.007284055781	-28868.9908619922	
617.0352994	92	7	1	0.9245097585	0.007196386401	86.55325405	13.42605853	0.02068742471	41.2429281	46.18553217	12.57153973	0	0	0	-617.0352994	0.007196386401	-29547.131948103	
614.4752994	92	7	1	0.925030628	0.007110726714	86.44100772	13.53896765	0.02002462356	40.91923623	46.41933528	12.66142849	0	0	0	-614.4752994	0.007110726714	-30239.4913166409	
611.9152994	92	7	1	0.9255417693	0.007027026068	86.32807944	13.65254307	0.01937749085	40.59788997	46.65121764	12.75089239	0	0	0	-611.9152994	0.007027026068	-30946.4448179049	
609.3552994	92	7	1	0.9260434735	0.006945235513	86.21444302	13.76681115	0.0187458302	40.27885746	46.88120473	12.83993781	0	0	0	-609.3552994	0.006945235513	-31668.3908677821	
606.7952994	92	7	1	0.9265360212	0.006865307752	86.10007141	13.88179915	0.01812944268	39.96210706	47.10932174	12.9285712	0	0	0	-606.7952994	0.006865307752	-32405.7519985973	
604.2352994	92	7	1	0.9270196827	0.006787197091	85.98493665	13.99753522	0.017528127	39.64760737	47.33559357	13.01679907	0	0	0	-604.2352994	0.006787197091	-33158.9790472797	
601.6752994	92	7	1	0.9274947186	0.006710859403	85.86900983	14.11404849	0.01694167975	39.33532724	47.56004482	13.10462795	0	0	0	-601.6752994	0.006710859403	-33928.5513761436	
599.1152994	92	7	1	0.9279613804	0.006636252072	85.75226106	14.23136904	0.01636989563	39.02523577	47.78269979	13.19206444	0	0	0	-599.1152994	0.006636252072	-34714.980127388	
596.5552994	92	7	1	0.9284199105	0.006563333962	85.63465942	14.34952801	0.01581256757	38.71730231	48.00358248	13.27911521	0	0	0	-596.5552994	0.006563333962	-35518.8122286548	
593.9952994	92	7	1	0.9288705431	0.006492065371	85.51617293	14.46855759	0.01526948701	38.41149647	48.2227166	13.36578693	0	0	0	-593.9952994	0.006492065371	-36340.6313831446	
591.4352994	92	7	1	0.9293135041	0.006422407993	85.39676849	14.58849107	0.014740444	38.10778812	48.44012553	13.45208635	0	0	0	-591.4352994	0.006422407993	-37181.0638319289	
588.8752994	92	7	1	0.9297490118	0.006354324885	85.27641185	14.70936293	0.01422522738	37.80614739	48.65583236	13.53802025	0	0	0	-588.8752994	0.006354324885	-38040.780518462	
586.3152994	92	7	1	0.9301772769	0.006287780426	85.15506755	14.83120883	0.01372362498	37.50654467	48.86985987	13.62359545	0	0	0	-586.3152994	0.006287780426	-38920.5010609259	
583.7552994	92	7	1	0.9305985033	0.006222740286	85.03269888	14.9540657	0.01323542372	37.20895062	49.08223054	13.70881884	0	0	0	-583.7552994	0.006222740286	-39821.0008641486	
581.1952994	92	7	1	0.9310128879	0.006159171397	84.90926781	15.07797178	0.01276040977	36.91333614	49.29296652	13.79369734	0	0	0	-581.1952994	0.006159171397	-40743.1139317415	
578.6352994	92	7	1	0.9314206213	0.006097041917	84.78473494	15.20296669	0.0122983687	36.6196724	49.5020897	13.8782379	0	0	0	-578.6352994	0.006097041917	-41687.7390132475	
576.0752994	92	7	1	0.9318218876	0.006036321205	84.65905947	15.32909145	0.01184908561	36.32793084	49.70962161	13.96244755	0	0	0	-576.0752994	0.006036321205	-42655.8470726481	
573.5152994	92	7	1	0.9322168654	0.005976979792	84.53219907	15.45638858	0.01141234524	36.03808312	49.91558352	14.04633336	0	0	0	-573.5152994	0.005976979792	-43648.4872063022	
570.9552994	92	7	1	0.9326057273	0.005918989355	84.40410989	15.58490218	0.01098793212	35.75010117	50.11999639	14.12990244	0	0	0	-570.9552994	0.005918989355	-44666.7960425101	
568.3952994	92	7	1	0.9329886406	0.005862322695	84.27474644	15.71467793	0.01057563064	35.46395716	50.32288086	14.21316197	0	0	0	-568.3952994	0.005862322695	-45712.0059157572	
565.8352994	92	7	1	0.9333657674	0.005806953712	84.14406155	15.84576322	0.01017522523	35.17962351	50.5242573	14.29611918	0	0	0	-565.8352994	0.005806953712	-46785.4550537855	
563.2752994	92	7	1	0.9337372646	0.005752857386	84.01200627	15.97820723	0.009786500415	34.89707286	50.72414577	14.37878136	0	0	0	-563.2752994	0.005752857386	-47888.5982097002	
560.7152994	92	7	1	0.9341032847	0.005700009754	83.8785298	16.11206096	0.009409240955	34.61627809	50.92256604	14.46115587	0	0	0	-560.7152994	0.005700009754	-49023.0214188253	
558.1552994	92	7	1	0.9344639754	0.005648387898	83.74357943	16.24737734	0.009043231929	34.33721229	51.11953759	14.54325013	0	0	0	-558.1552994	0.005648387898	-50190.4552197938	
555.5952994	92	7	1	0.93481948	0.005597969923	83.6071004	16.38421134	0.008688258847	34.05984877	51.3150796	14.62507163	0	0	0	-555.5952994	0.005597969923	-51392.789852704	
553.0352994	92	7	1	0.9351699379	0.005548734945	83.46903588	16.52262001	0.00834410774	33.78416106	51.509211	14.70662794	0	0	0	-553.0352994	0.005548734945	-52632.0964028932	
550.4752994	92	7	1	0.9355154842	0.005500663078	83.3293268	16.66266263	0.008010565263	33.51012288	51.7019504	14.78792673	0	0	0	-550.4752994	0.005500663078	-53910.6465218738	
547.9152994	92	7	1	0.9358562503	0.005453735422	83.18791183	16.80440075	0.007687418782	33.23770814	51.89331615	14.86897571	0	0	0	-547.9152994	0.005453735422	-55230.936406731	
545.3552994	92	7	1	0.9361923639	0.005407934053	83.04472719	16.94789835	0.007374456467	32.96689095	52.08332632	14.94978272	0	0	0	-545.3552994	0.005407934053	-56595.7154497689	
542.7952994	92	7	1	0.9365239493	0.005363242016	82.89970662	17.09322191	0.007071467381	32.69764558	52.27199872	15.0303557	0	0	0	-542.7952994	0.005363242016	-58008.0178181276	
540.2352994	92	7	1	0.9368511274	0.005319643318	82.75278121	17.24044055	0.006778241564	32.42994646	52.45935088	15.11070266	0	0	0	-540.2352994	0.005319643318	-59471.1974862187	
537.6752994	92	7	1	0.9371740158	0.005277122922	82.60387931	17.38962612	0.006494570119	32.1637682	52.64540005	15.19083175	0	0	0	-537.6752994	0.005277122922	-60988.9744526656	
535.1152994	92	7	1	0.9374927293	0.005235666749	82.45292641	17.54085334	0.006220245296	31.89908552	52.83016324	15.27075123	0	0	0	-535.1152994	0.005235666749	-62565.4803515349	
532.5552994	92	7	1	0.9378073795	0.005195261671	82.29984498	17.69419996	0.005955060571	31.63587331	53.0136572	15.35046949	0	0	0	-532.5552994	0.005195261671	-64205.3147665604	
529.9952994	92	7	1	0.9381180755	0.005155895515	82.14455437	17.84974682	0.005698810723	31.37410655	53.1958984	15.42999505	0	0	0	-529.9952994	0.005155895515	-65913.6162839265	
527.4352994	92	7	1	0.9384249235	0.005117557066	81.98697065	18.00757806	0.005451291917	31.11376034	53.37690309	15.50933657	0	0	0	-527.4352994	0.005117557066	-67696.1400450558	
524.8752994	92	7	1	0.9387280273	0.005080236073	81.82700647	18.16778123	0.005212301774	30.85480989	53.55668724	15.58850288	0	0	0	-524.8752994	0.005080236073	-69559.3464315392	
522.3152994	92	7	1	0.9390274884	0.005043923252	81.66457092	18.33044744	0.004981639449	30.59723047	53.73526659	15.66750295	0	0	0	-522.3152994	0.005043923252	-71510.5133179438	
519.7552994	92	7	1	0.9393234058	0.005008610299	81.49956934	18.49567155	0.004759105702	30.34099743	53.91265663	15.74634595	0	0	0	-519.7552994	0.005008610299	-73557.8696394936	
517.1952994	92	7	1	0.9396158766	0.004974289901	81.33190322	18.66355227	0.004544502968	30.08608618	54.08887261	15.82504121	0	0	0	-517.1952994	0.004974289901	-75710.7415473234	
514.6352994	92	7	1	0.9399049956	0.004940955744	81.16146997	18.8341924	0.004337635428	29.83247216	54.26392955	15.90359829	0	0	0	-514.6352994	0.004940955744	-77979.7515908662	
512.0752994	92	7	1	0.9401908558	0.004908602539	80.98816278	19.00769892	0.004138309075	29.58013085	54.43784222	15.98202694	0	0	0	-512.0752994	0.004908602539	-80377.0398186768	
509.5152994	92	7	1	0.9404735484	0.004877226031	80.81187044	19.18418323	0.003946331781	29.3290377	54.61062517	16.06033713	0	0	0	-509.5152994	0.004877226031	-82916.5341463583	
506.9552994	92	7	1	0.9407531628	0.004846823024	80.63247717	19.36376132	0.003761513364	29.0791682	54.78229271	16.13853909	0	0	0	-506.9552994	0.004846823024	-85614.2976419053	
504.3952994	92	7	1	0.9410297868	0.004817391404	80.44986242	19.54655392	0.003583665644	28.83049776	54.95285893	16.2166433	0	0	0	-504.3952994	0.004817391404	-88488.940807094	
501.8352994	92	7	1	0.9413035067	0.004788930165	80.2639007	19.73268669	0.003412602511	28.58300179	55.1223377	16.29466051	0	0	0	-501.8352994	0.004788930165	-91562.1371523635	
499.2752994	92	7	1	0.9415744074	0.004761439436	80.0744614	19.92229046	0.00324813998	28.33665559	55.29074265	16.37260177	0	0	0	-499.2752994	0.004761439436	-94859.2786640581	
496.7152994	92	7	1	0.9418425725	0.004734920516	79.88140855	20.11550135	0.003090096252	28.09143439	55.45808719	16.45047842	0	0	0	-496.7152994	0.004734920516	-98410.2959367433	
494.1552994	92	7	1	0.9421080843	0.004709375906	79.68460072	20.31246099	0.002938291767	27.84731333	55.62438452	16.52830215	0	0	0	-494.1552994	0.004709375906	-102250.705801341	
491.5952994	92	7	1	0.9423710241	0.004684809348	79.48389074	20.51331671	0.00279254926	27.60426739	55.78964762	16.60608499	0	0	0	-491.5952994	0.004684809348	-106422.964317477	
489.0352994	92	7	1	0.9426314721	0.004661225863	79.27912562	20.71822169	0.002652693812	27.3622714	55.95388925	16.68383935	0	0	0	-489.0352994	0.004661225863	-110978.23549578	
486.4752994	92	7	1	0.9428895076	0.004638631796	79.07014627	20.92733517	0.002518552901	27.12130001	56.11712193	16.76157805	0	0	0	-486.4752994	0.004638631796	-115978.743535172	
483.9152994	92	7	1	0.9431452092	0.004617034866	78.85678743	21.14082261	0.002389956451	26.88132768	56.279358	16.83931432	0	0	0	-483.9152994	0.004617034866	-121500.883004394	
481.3552994	92	7	1	0.9433986546	0.004596444208	78.63887744	21.35885583	0.002266736879	26.64232862	56.44060955	16.91706183	0	0	0	-481.3552994	0.004596444208	-127639.501373148	
478.7952994	92	7	1	0.9436499209	0.004576870434	78.41623814	21.58161313	0.002148729136	26.40427677	56.60088847	16.99483476	0	0	0	-478.7952994	0.004576870434	-134513.808749635	
476.2352994	92	7	1	0.9438990848	0.004558325684	78.18868476	21.80927947	0.002035770757	26.16714581	56.76020641	17.07264778	0	0	0	-476.2352994	0.004558325684	-142275.691872703	
473.6752994	92	7	1	0.9441462225	0.004540823685	77.95602577	22.04204653	0.001927701891	25.93090908	56.91857481	17.15051611	0	0	0	-473.6752994	0.004540823685	-151121.752818418	
471.1152994	92	7	1	0.9443914098	0.004524379815	77.71806285	22.28011278	0.00182436535	25.69553956	57.07600488	17.22845556	0	0	0	-471.1152994	0.004524379815	-161311.056403452	
468.5552994	92	7	1	0.9446347225	0.004509011166	77.47459084	22.52368355	0.001725606637	25.46100988	57.23250759	17.30648252	0	0	0	-468.5552994	0.004509011166	-173192.072602602	
465.9952994	92	7	1	0.9448762359	0.004494736608	77.22539774	22.77297098	0.001631273986	25.22729223	57.38809369	17.38461408	0	0	0	-465.9952994	0.004494736608	-187245.022373303	
463.4352994	92	7	1	0.9451160256	0.004481576862	76.97026474	23.02819404	0.001541218389	24.99435833	57.54277368	17.46286799	0	0	0	-463.4352994	0.004481576862	-204150.851891033	
460.8752994	92	7	1	0.9453541672	0.004469554568	76.70896631	23.2895784	0.001455293631	24.76217945	57.69655779	17.54126275	0	0	0	-460.8752994	0.004469554568	-224908.82852111	
458.3152994	92	7	1	0.9455907363	0.004458694354	76.44127039	23.55735626	0.001373356311	24.53072632	57.84945603	17.61981765	0	0	0	-458.3152994	0.004458694354	-251048.585852716	
455.7552994	92	7	1	0.945825809	0.004449022911	76.16693856	23.83176618	0.001295265873	24.29996909	58.0014781	17.6985528	0	0	0	-455.7552994	0.004449022911	-285039.295696027	
453.1952994	92	7	1	0.9460594617	0.004440569065	75.88572637	24.11305275	0.001220884625	24.06987734	58.15263346	17.7774892	0	0	0	-453.1952994	0.004440569065	-331151.464054122	
450.6352994	92	7	1	0.9462917713	0.004433363841	75.5973837	24.40146622	0.001150077761	23.84042	58.30293123	17.85664877	0	0	0	-450.6352994	0.004433363841	-397498.711396892	
448.0752994	92	7	1	0.9465228153	0.00442744054	75.30165525	24.69726203	0.001082713378	23.6115653	58.45238025	17.93605445	0	0	0	-448.0752994	0.00442744054	-501747.360536859	
445.5152994	92	7	1	0.9467526718	0.004422834825	74.9982811	25.00070024	0.001018662492	23.38328077	58.60098902	18.0157302	0	0	0	-445.5152994	0.004422834825	-691744.613621247	
442.9552994	92	7	1	0.9469814199	0.004419584674	74.68699739	25.31204481	0.0009577990522	23.1555332	58.74876568	18.09570112	0	0	0	-442.9552994	0.004419584674	-1165083.05536281	
440.3952994	92	7	1	0.9472091394	0.004417730189	74.36754021	25.63155979	0.0008999999437	22.92828856	58.895718	18.17599344	0	0	0	-440.3952994	0.004417730189	-5291692.88890562	
437.8352994	92	7	1	0.9474359112	0.004417315088	74.03963473	25.95952013	0.0008451450156	22.70151199	59.04185333	18.25663469	0	0	0	-437.8352994	0.004417315088	-11598097.5700155	
435.2752994	92	7	1	0.9476618174	0.004418384527	73.70301332	26.29619356	0.0007931170647	22.47516776	59.18717858	18.33765366	0	0	0	-435.2752994	0.004418384527	1983088.48114619	
432.7152994	92	7	1	0.9478869412	0.004420986561	73.35740583	26.64185037	0.0007438018488	22.24921924	59.3317002	18.41908056	0	0	0	-432.7152994	0.004420986561	841166.053360815	
430.1552994	92	7	1	0.9481113671	0.004425171805	73.00254355	26.99675937	0.0006970880856	22.02362887	59.4754241	18.50094702	0	0	0	-430.1552994	0.004425171805	539764.205643007	
427.5952994	92	7	1	0.948335181	0.004430993423	72.63816074	27.36118639	0.0006528674501	21.79835813	59.61835563	18.58328623	0	0	0	-427.5952994	0.004430993423	396508.807285386	
425.0352994	92	7	1	0.9485584703	0.004438507099	72.26399633	27.73539264	0.0006110345699	21.57336751	59.76049952	18.66613297	0	0	0	-425.0352994	0.004438507099	311412.258203241	
422.4752994	92	7	1	0.9487813254	0.004447811856	71.87978812	28.11964039	0.0005714871321	21.34861435	59.90186086	18.74952479	0	0	0	-422.4752994	0.004447811856	255379.488303825	
419.9152994	92	7	1	0.9490038335	0.004458848472	71.48530633	28.51415955	0.0005341254414	21.12406119	60.04244068	18.83349812	0	0	0	-419.9152994	0.004458848472	216200.368141124	
417.3552994	92	7	1	0.9492260889	0.004471796245	71.08030627	28.91919488	0.0004988530062	20.89966358	60.18224266	18.91809375	0	0	0	-417.3552994	0.004471796245	185740.916339974	
414.7952994	92	7	1	0.9494481854	0.004486682439	70.6645648	29.33496962	0.0004655761579	20.67537798	60.32126835	19.00335368	0	0	0	-414.7952994	0.004486682439	162407.803326167	
412.2352994	92	7	1	0.9496702189	0.004503573896	70.23787379	29.76169201	0.000434204113	20.45115983	60.45951828	19.08932189	0	0	0	-412.2352994	0.004503573896	143749.041827714	
409.6752994	92	7	1	0.9498922869	0.004522539146	69.8000424	30.19955295	0.0004046489508	20.22696364	60.59699188	19.17604448	0	0	0	-409.6752994	0.004522539146	128496.231903777	
407.1152994	92	7	1	0.9501144888	0.00454364812	69.35089962	30.64872356	0.0003768255875	20.00274298	60.73368737	19.26356965	0	0	0	-407.1152994	0.00454364812	115804.560725055	
404.5552994	92	7	1	0.9503369256	0.0045669718	68.89029672	31.10935263	0.0003506517487	19.77845057	60.86960159	19.35194784	0	0	0	-404.5552994	0.0045669718	105089.220405549	
401.9952994	92	7	1	0.9505597001	0.004592581809	68.41810973	31.58156422	0.0003260479375	19.55403832	61.00472989	19.44123179	0	0	0	-401.9952994	0.004592581809	95932.3425143978	
399.4352994	92	7	1	0.9507829169	0.004620549917	67.93424199	32.06545507	0.0003029374006	19.32945749	61.13906596	19.53147656	0	0	0	-399.4352994	0.004620549917	88027.3177154632	
396.8752994	92	7	1	0.951006682	0.004650947471	67.43862654	32.56109221	0.0002812460906	19.10465874	61.27260168	19.62273958	0	0	0	-396.8752994	0.004650947471	81144.0367010334	
394.3152994	92	7	1	0.9512311027	0.004683844725	66.93122859	33.06851051	0.0002609026263	18.87959234	61.40532693	19.71508074	0	0	0	-394.3152994	0.004683844725	75106.4346640762	
391.7552994	92	7	1	0.9514562878	0.004719310068	66.41204781	33.58771035	0.0002418382494	18.65420828	61.53722937	19.80856234	0	0	0	-391.7552994	0.004719310068	69777.5263476508	
389.1952994	92	7	1	0.9516823469	0.004757409126	65.88112065	34.11865537	0.0002239867797	18.42845655	61.66829428	19.90324918	0	0	0	-389.1952994	0.004757409126	65049.1772527286	
386.6352994	92	7	1	0.9519093905	0.004798203731	65.33852246	34.66127026	0.000207284567	18.20228729	61.79850426	19.99920846	0	0	0	-386.6352994	0.004798203731	60834.9409237501	
384.0752994	92	7	1	0.9521375294	0.004841750738	64.78436962	35.21543871	0.0001916704409	17.97565114	61.92783904	20.09650982	0	0	0	-384.0752994	0.004841750738	57064.9518989772	
381.5152994	92	7	1	0.9523668746	0.00488810067	64.21882155	35.78100136	0.0001770856594	17.74849953	62.05627523	20.19522525	0	0	0	-381.5152994	0.00488810067	53682.2137697346	
378.9552994	92	7	1	0.9525975365	0.004937296181	63.64208266	36.35775386	0.000163473855	17.52078502	62.183786	20.29542899	0	0	0	-378.9552994	0.004937296181	50639.8627081412	
376.3952994	92	7	1	0.9528296247	0.004989370308	63.05440425	36.94544497	0.00015078098	17.29246174	62.31034086	20.3971974	0	0	0	-376.3952994	0.004989370308	47899.1233825636	
373.8352994	92	7	1	0.9530632473	0.005044344508	62.45608635	37.5437747	0.0001389552501	17.06348582	62.43590534	20.50060884	0	0	0	-373.8352994	0.005044344508	45427.763452127	
371.2752994	92	7	1	0.95329851	0.005102226452	61.84747962	38.15239244	0.0001279470881	16.83381592	62.56044073	20.60574335	0	0	0	-371.2752994	0.005102226452	43198.913481382	
368.7152994	92	7	1	0.9535355154	0.00516300759	61.22898717	38.77089512	0.0001177090661	16.60341374	62.68390378	20.71268248	0	0	0	-368.7152994	0.00516300759	41190.160204025	
366.1552994	92	7	1	0.9537743623	0.005226660463	60.60106642	39.39882538	0.0001081958485	16.37224471	62.80624642	20.82150887	0	0	0	-366.1552994	0.005226660463	39382.8525940822	
363.5952994	92	7	1	0.9540151446	0.005293135788	59.96423095	40.03566968	9.936413393E-05	16.14027858	62.92741554	20.93230588	0	0	0	-363.5952994	0.005293135788	37761.5626960624	
361.0352994	92	7	1	0.9542579498	0.005362359343	59.31905232	40.68085651	9.117259838E-05	15.90749018	63.04735273	21.04515709	0	0	0	-361.0352994	0.005362359343	36313.6773319289	
358.4752994	92	7	1	0.9545028582	0.005434228689	58.66616183	41.33375459	8.358183828E-05	15.67386018	63.16599411	21.16014571	0	0	0	-358.4752994	0.005434228689	35029.0967989326	
355.9152994	92	7	1	0.9547499413	0.005508609796	58.00625213	41.99367131	7.655431436E-05	15.43937587	63.28327021	21.27735392	0	0	0	-355.9152994	0.005508609796	33900.0180729733	
353.3552994	92	7	1	0.9549992605	0.005585333686	57.34007864	42.65985131	7.005429619E-05	15.20403198	63.39910587	21.39686215	0	0	0	-353.3552994	0.005585333686	32920.7978891064	
350.7952994	92	7	1	0.9552508652	0.005664193199	56.66846054	43.33147541	6.404780767E-05	14.96783156	63.51342031	21.51874813	0	0	0	-350.7952994	0.005664193199	32087.8914814414	
348.2352994	92	7	1	0.9555047917	0.005744940062	55.99228136	44.00766014	5.850257334E-05	14.73078675	63.62612722	21.64308603	0	0	0	-348.2352994	0.005744940062	31399.8661102039	
345.6752994	92	7	1	0.9557610609	0.005827282434	55.31248879	44.68745782	5.338796568E-05	14.49291959	63.73713508	21.76994533	0	0	0	-345.6752994	0.005827282434	30857.4941264139	
343.1152994	92	7	1	0.956019677	0.005910883183	54.6300937	45.36985763	4.867495331E-05	14.25426277	63.84634745	21.89938978	0	0	0	-343.1152994	0.005910883183	30463.9394146384	
340.5552994	92	7	1	0.9562806257	0.005995359109	53.94616798	46.05378769	4.433605011E-05	14.01486023	63.95366364	22.03147613	0	0	0	-340.5552994	0.005995359109	30225.0600358094	
337.9952994	92	7	1	0.9565438728	0.006080281394	53.26184115	46.73811851	4.034526512E-05	13.77476771	64.05897935	22.16625294	0	0	0	-337.9952994	0.006080281394	30149.8526091534	
335.4352994	92	7	1	0.9568093624	0.006165177526	52.57829545	47.42166787	3.667805323E-05	13.53405303	64.16218763	22.30375935	0	0	0	-335.4352994	0.006165177526	30251.094761309	
332.8752994	92	7	1	0.9570770163	0.006249534897	51.89675923	48.10320745	3.331126639E-05	13.29279621	64.26317994	22.44402385	0	0	0	-332.8752994	0.006249534897	30546.2534205775	
330.3152994	92	7	1	0.9573467328	0.006332806261	51.2184986	48.78147118	3.022310535E-05	13.0510894	64.36184745	22.58706315	0	0	0	-330.3152994	0.006332806261	31058.7720484762	
327.7552994	92	7	1	0.9576183861	0.006414417098	50.54480719	49.45516541	2.739307164E-05	12.80903642	64.45808242	22.73288115	0	0	0	-327.7552994	0.006414417098	31819.9143884132	
325.1952994	92	7	1	0.9578918269	0.006493774846	49.87699428	50.12298092	2.48019197E-05	12.56675211	64.55177979	22.8814681	0	0	0	-325.1952994	0.006493774846	32871.4395964414	
322.6352994	92	7	1	0.9581668821	0.006570279807	49.21637109	50.78360647	2.243160896E-05	12.32436128	64.64283883	23.03279989	0	0	0	-322.6352994	0.006570279807	34269.5623885744	
320.0752994	92	7	1	0.9584433564	0.0066433374	48.56423598	51.43574375	2.02652557E-05	12.08199746	64.7311648	23.18683774	0	0	0	-320.0752994	0.0066433374	36090.9663276737	
317.5152994	92	7	1	0.9587210337	0.006712371266	47.92185843	52.07812329	1.828708458E-05	11.83980129	64.81667066	23.34352804	0	0	0	-317.5152994	0.006712371266	38442.2150240253	
314.9552994	92	7	1	0.9589996792	0.006776836628	47.29046269	52.70952083	1.648237977E-05	11.59791875	64.89927866	23.50280258	0	0	0	-314.9552994	0.006776836628	41475.0226023404	
312.3952994	92	7	1	0.9592790419	0.006836233221	46.6712114	53.32877377	1.483743557E-05	11.35649914	64.9789218	23.66457906	0	0	0	-312.3952994	0.006836233221	45412.1435477463	
309.8352994	92	7	1	0.9595588581	0.006890117082	46.06518982	53.93479684	1.333950668E-05	11.11569302	65.05554505	23.82876193	0	0	0	-309.8352994	0.006890117082	50593.677576963	
307.2752994	92	7	1	0.9598388542	0.006938110521	45.47339128	54.52659675	1.197675807E-05	10.87565006	65.12910644	23.9952435	0	0	0	-307.2752994	0.006938110521	57565.5447726408	
304.7152994	92	7	1	0.9601187503	0.006979909729	44.89670434	55.10328493	1.07382148E-05	10.63651705	65.19957765	24.1639053	0	0	0	-304.7152994	0.006979909729	67263.4849234524	
302.1552994	92	7	1	0.9603982643	0.007015289601	44.3359021	55.66408828	9.613711892E-06	10.39843589	65.26694447	24.33461964	0	0	0	-302.1552994	0.007015289601	74856.1585105416	
300	92	7	1	0.9606328847	0.005927299167	43.87360449	56.12638676	8.748201897E-06	10.19883422	65.32144748	24.4797183	0	0	0	-300	0.005927299167	-78818.1407718672	
