T	w(AL)	w(MG)	w(SI)	fs	fw(@FCC_A1)	w(AL@FCC_A1)	w(MG@FCC_A1)	w(SI@FCC_A1)	w(AL@LIQUID)	w(MG@LIQUID)	w(SI@LIQUID)	dwdT_L(AL@LIQUID)	dwdT_L(MG@LIQUID)	dwdT_L(SI@LIQUID)	-T	fw(@FCC_A1)_1	-T//fw(@FCC_A1)	
K	%	%	%	mole/mole	kg/kg	%	%	%	%	%	%	SI	SI	SI				
917.0430406	97	1	2	0	0	99.49561125	0.2887802726	0.2156084752	97	1	2	0.001827433479	-0.0005207589204	-0.001306674559	-917.0430406	0	6.78736159435715	
917.0330406	97	1	2	0.0007318773581	0.0007319335383	99.49534541	0.288907944	0.2157466416	96.99817255	1.000520779	2.001306668	0	0	0	-917.0330406	0.0007319335383	20.5375237312069	
917.0130406	97	1	2	0.002192802351	0.001461993582	99.49481384	0.2891631769	0.2160229853	96.99451768	1.001562172	2.003920148	0	0	0	-917.0130406	0.001461993582	27.4261979455558	
916.9730406	97	1	2	0.005103574286	0.002917154544	99.49375103	0.2896732476	0.2165757196	96.98720787	1.003644421	2.009147707	0	0	0	-916.9730406	0.002917154544	27.553188025256	
916.8930406	97	1	2	0.01088113751	0.005807127321	99.49162706	0.2906916165	0.2176813219	96.97258808	1.007806759	2.019605162	0	0	0	-916.8930406	0.005807127321	27.8356155909846	
916.7330406	97	1	2	0.02224854802	0.01149338367	99.48738584	0.2927209175	0.219893247	96.94334839	1.016121098	2.040530516	0	0	0	-916.7330406	0.01149338367	28.4164941299305	
916.4130406	97	1	2	0.04428923725	0.0225439942	99.47892924	0.2967511277	0.2243196307	96.88486718	1.032712779	2.082420043	0	0	0	-916.4130406	0.0225439942	29.5495508296521	
915.7730406	97	1	2	0.0857764766	0.04341312229	99.46211785	0.3047001094	0.2331820411	96.76789782	1.065753649	2.16634853	0	0	0	-915.7730406	0.04341312229	31.939659007354	
914.4930406	97	1	2	0.1596571255	0.08081797394	99.42888923	0.3201688479	0.2509419177	96.53393332	1.131308304	2.334758373	0	0	0	-914.4930406	0.08081797394	37.1378613647167	
911.9330406	97	1	2	0.2789043525	0.1419109886	99.36391664	0.349504488	0.2865788734	96.06590941	1.260603404	2.673487185	0	0	0	-911.9330406	0.1419109886	-235.927078160553	
909.3730406	97	1	2	0.3700868396	0.1264561136	99.30067212	0.3770499493	0.3222779276	95.59764596	1.388506627	3.013847409	0	0	0	-909.3730406	0.1264561136	-187.586494097679	
906.8130406	97	1	2	0.4418851638	0.1139860469	99.23904464	0.4029327275	0.3580226361	95.12918306	1.515300016	3.355516925	0	0	0	-906.8130406	0.1139860469	-229.395461475743	
904.2530406	97	1	2	0.4997681581	0.1037151695	99.1789399	0.4272583091	0.3938017946	94.66056107	1.64120401	3.69823492	0	0	0	-904.2530406	0.1037151695	-275.498231604464	
901.6930406	97	1	2	0.5473438575	0.09510987373	99.12027587	0.4501160388	0.4296080941	94.19181759	1.766394725	4.04178768	0	0	0	-901.6930406	0.09510987373	-325.892963352904	
899.1330406	97	1	2	0.5870845593	0.08779624731	99.06297984	0.4715831252	0.4654370301	93.72298734	1.891015287	4.38599737	0	0	0	-899.1330406	0.08779624731	-380.593638591617	
896.5730406	97	1	2	0.6207385673	0.08150454806	99.00698639	0.4917274236	0.5012861881	93.25410181	2.015183727	4.73071446	0	0	0	-896.5730406	0.08150454806	-439.617491741783	
894.0130406	97	1	2	0.6495755679	0.0760352919	98.95223583	0.510609436	0.5371547321	92.78518914	2.13899865	5.075812215	0	0	0	-894.0130406	0.0760352919	-502.984720704633	
891.4530406	97	1	2	0.6745389243	0.07123778317	98.89867318	0.5282837774	0.5730430378	92.31627399	2.262543366	5.421182647	0	0	0	-891.4530406	0.07123778317	-570.718782712896	
888.8930406	97	1	2	0.6963435257	0.06699606	98.84624731	0.5448002742	0.6089524206	91.84737757	2.385888987	5.76673344	0	0	0	-888.8930406	0.06699606	-642.846566066473	
886.3330406	97	1	2	0.7155405628	0.06321943361	98.79491027	0.5602048033	0.6448849308	91.37851765	2.509096781	6.112385571	0	0	0	-886.3330406	0.06321943361	-719.398632083952	
883.7730406	97	1	2	0.7325615386	0.0598359593	98.74461686	0.5745399422	0.680843198	90.90970856	2.632220001	6.458071439	0	0	0	-883.7730406	0.0598359593	-800.409368888896	
881.2130406	97	1	2	0.7477488653	0.05678783148	98.69532421	0.5878454805	0.71683031	90.44096132	2.755305313	6.803733365	0	0	0	-881.2130406	0.05678783148	-885.917133697141	
878.6530406	97	1	2	0.7613775726	0.05402807242	98.64699146	0.600158826	0.752849719	89.97228369	2.878393939	7.149322374	0	0	0	-878.6530406	0.05402807242	-975.964375803852	
876.0930406	97	1	2	0.7736709902	0.05151810967	98.5995795	0.6115153324	0.7889051666	89.50368024	3.001522574	7.49479719	0	0	0	-876.0930406	0.05151810967	-1070.59773813433	
873.5330406	97	1	2	0.7848122659	0.04922597589	98.55305081	0.6219485648	0.8250006254	89.03515247	3.124724126	7.840123402	0	0	0	-873.5330406	0.04922597589	-1169.86815714491	
870.9730406	97	1	2	0.7949529491	0.04712495226	98.50736923	0.6314905177	0.8611402516	88.56669891	3.248028332	8.185272753	0	0	0	-870.9730406	0.04712495226	-1273.83095632038	
868.4130406	97	1	2	0.8042194742	0.04519253299	98.46249986	0.6401717952	0.8973283465	88.09831521	3.371462255	8.530222539	0	0	0	-868.4130406	0.04519253299	-1382.5459274781	
865.8530406	97	1	2	0.8127181182	0.04340962564	98.41840891	0.6480217611	0.9335693266	87.6299942	3.495050706	8.874955091	0	0	0	-865.8530406	0.04340962564	-1496.07744822595	
863.2930406	97	1	2	0.8205388341	0.04175992699	98.37506364	0.6550686645	0.9698676985	87.16172608	3.618816595	9.219457325	0	0	0	-863.2930406	0.04175992699	-1614.49455142627	
860.7330406	97	1	2	0.8277582455	0.04022943093	98.33243222	0.6613397464	1.006228038	86.69349843	3.742781226	9.563720348	0	0	0	-860.7330406	0.04022943093	-1737.87102930155	
858.1730406	97	1	2	0.8344420086	0.03880603709	98.29048369	0.6668613297	1.042654976	86.22529634	3.866964544	9.907739112	0	0	0	-858.1730406	0.03880603709	-1866.28560594865	
855.6130406	97	1	2	0.8406466916	0.03747923689	98.24918792	0.6716588967	1.079153181	85.75710254	3.991385353	10.25151211	0	0	0	-855.6130406	0.03747923689	-1999.8220281721	
853.0530406	97	1	2	0.846421282	0.03623985963	98.20851549	0.6757571554	1.115727354	85.28889741	4.116061495	10.59504109	0	0	0	-853.0530406	0.03623985963	-2138.56924919272	
850.4930406	97	1	2	0.8518084056	0.0350798658	98.16843769	0.6791800966	1.152382213	84.82065915	4.241010007	10.93833084	0	0	0	-850.4930406	0.0350798658	-2282.62159366037	
847.9330406	97	1	2	0.8568453184	0.03399217751	98.12892646	0.681951044	1.189122494	84.3523638	4.366247254	11.28138894	0	0	0	-847.9330406	0.03399217751	-2432.07901194815	
845.3730406	97	1	2	0.8615647193	0.03297053867	98.08995437	0.6840926974	1.225952937	83.88398537	4.491789051	11.62422558	0	0	0	-845.3730406	0.03297053867	-2587.04728336771	
842.8130406	97	1	2	0.8659954207	0.0320093988	98.05149454	0.6856271708	1.262878288	83.41549586	4.617650759	11.96685338	0	0	0	-842.8130406	0.0320093988	-2747.63830779061	
840.2530406	97	1	2	0.8701629045	0.03110381614	98.01352068	0.6865760261	1.299903291	82.9468654	4.743847379	12.30928722	0	0	0	-840.2530406	0.03110381614	-2913.97043352718	
837.6930406	97	1	2	0.8740897856	0.03024937626	97.97600701	0.6869603026	1.337032688	82.47806225	4.870393626	12.65154413	0	0	0	-837.6930406	0.03024937626	-3086.16881292179	
835.1330406	97	1	2	0.877796201	0.02944212347	97.93892824	0.686800543	1.374271216	82.0090529	4.997303999	12.9936431	0	0	0	-835.1330406	0.02944212347	-3264.36585345045	
832.5730406	97	1	2	0.8813001371	0.02867850267	97.90225958	0.6861168176	1.411623605	81.53980213	5.124592844	13.33560503	0	0	0	-832.5730406	0.02867850267	-3448.70155763494	
830.0130406	97	1	2	0.8846177068	0.02795530982	97.86597668	0.6849287444	1.449094576	81.07027304	5.252274405	13.67745256	0	0	0	-830.0130406	0.02795530982	-3639.3241845565	
827.4530406	97	1	2	0.8877633851	0.02726964969	97.83005565	0.6832555081	1.486688843	80.60042711	5.380362876	14.01921001	0	0	0	-827.4530406	0.02726964969	-3836.3908347486	
824.8930406	97	1	2	0.8907502107	0.02661889952	97.79447301	0.6811158771	1.524411108	80.13022426	5.508872442	14.3609033	0	0	0	-824.8930406	0.02661889952	-4040.06799943939	
822.3330406	97	1	2	0.8935899576	0.02600067774	97.75920572	0.6785282188	1.562266066	79.65962284	5.637817318	14.70255984	0	0	0	-822.3330406	0.02600067774	-4250.53230511815	
819.7730406	97	1	2	0.8962932842	0.02541281691	97.72423109	0.6755105129	1.600258399	79.18857973	5.76721179	15.04420848	0	0	0	-819.7730406	0.02541281691	-4467.97148008792	
817.2130406	97	1	2	0.8988698605	0.02485334029	97.68952686	0.6720803642	1.638392781	78.71705032	5.89707024	15.38587944	0	0	0	-817.2130406	0.02485334029	-4692.58515231031	
814.6530406	97	1	2	0.9013284797	0.02432044137	97.65507111	0.6682550137	1.676673873	78.24498856	6.027407185	15.72760426	0	0	0	-814.6530406	0.02432044137	-4924.58589106895	
812.0930406	97	1	2	0.9036771541	0.02381246606	97.62084232	0.664051349	1.715106327	77.77234694	6.158237301	16.06941576	0	0	0	-812.0930406	0.02381246606	-5164.20036955295	
809.5330406	97	1	2	0.9059231995	0.02332789704	97.5868193	0.6594859136	1.753694787	77.29907657	6.289575449	16.41134798	0	0	0	-809.5330406	0.02332789704	-5411.67074476552	
806.9730406	97	1	2	0.9080733083	0.02286534007	97.5529812	0.6545749153	1.792443882	76.82512715	6.421436704	16.75343615	0	0	0	-806.9730406	0.02286534007	-5667.25582181838	
804.4130406	97	1	2	0.9101336139	0.02242351184	97.51930753	0.6493342343	1.831358234	76.35044696	6.553836377	17.09571667	0	0	0	-804.4130406	0.02242351184	-5931.23299839508	
801.8530406	97	1	2	0.9121097479	0.02200122937	97.48577812	0.64377943	1.870442453	75.8749829	6.686790039	17.43822706	0	0	0	-801.8530406	0.02200122937	-6203.89981935309	
799.2930406	97	1	2	0.9140068895	0.02159740048	97.45237311	0.6379257475	1.909701139	75.39868047	6.820313543	17.78100599	0	0	0	-799.2930406	0.02159740048	-6485.57601826604	
796.7330406	97	1	2	0.9158298096	0.02121101546	97.419073	0.6317881241	1.949138881	74.92148376	6.95442305	18.12409319	0	0	0	-796.7330406	0.02121101546	-6776.60572551642	
794.1730406	97	1	2	0.9175829104	0.02084113955	97.38585855	0.6253811939	1.988760255	74.44333544	7.089135045	18.46752951	0	0	0	-794.1730406	0.02084113955	-7077.36020460419	
791.6130406	97	1	2	0.9192702596	0.02048690635	97.35271088	0.6187192937	2.028569827	73.96417674	7.224466366	18.81135689	0	0	0	-791.6130406	0.02048690635	-7388.24054868963	
789.0530406	97	1	2	0.9208956217	0.02014751182	97.31961138	0.611816467	2.06857215	73.48394742	7.360434221	19.15561836	0	0	0	-789.0530406	0.02014751182	-7709.68057856741	
786.4930406	97	1	2	0.9224624853	0.01982220898	97.28654177	0.6046864685	2.108771763	73.00258578	7.497056214	19.50035801	0	0	0	-786.4930406	0.01982220898	-8042.15080935537	
783.9330406	97	1	2	0.9239740878	0.01951030313	97.25348404	0.5973427678	2.149173191	72.52002857	7.634350365	19.84562107	0	0	0	-783.9330406	0.01951030313	-8386.16230399476	
781.3730406	97	1	2	0.9254334376	0.01921114756	97.2204205	0.5897985533	2.189780942	72.03621101	7.772335135	20.19145386	0	0	0	-781.3730406	0.01921114756	-8742.27166516147	
778.8130406	97	1	2	0.9268433335	0.01892413971	97.18733376	0.582066735	2.230599509	71.55106671	7.911029448	20.53790384	0	0	0	-778.8130406	0.01892413971	-9111.08549087632	
776.2530406	97	1	2	0.9282063833	0.01864871764	97.15420669	0.574159948	2.271633364	71.06452766	8.050452721	20.88501962	0	0	0	-776.2530406	0.01864871764	-9493.26635570266	
773.6930406	97	1	2	0.9295250188	0.01838435691	97.12102249	0.5660905551	2.312886959	70.57652414	8.190624881	21.23285098	0	0	0	-773.6930406	0.01838435691	-9889.54068629672	
771.1330406	97	1	2	0.930801511	0.01813056776	97.08776463	0.5578706492	2.354364724	70.08698467	8.331566398	21.58144893	0	0	0	-771.1330406	0.01813056776	-10300.7050843045	
768.5730406	97	1	2	0.932037983	0.01788689248	97.05441688	0.5495120559	2.39607106	69.59583599	8.47329831	21.9308657	0	0	0	-768.5730406	0.01788689248	-10727.6349815695	
766.0130406	97	1	2	0.9332364216	0.01765290309	97.02096332	0.5410263356	2.438010342	69.10300295	8.615842252	22.2811548	0	0	0	-766.0130406	0.01765290309	-11171.2959387742	
763.4530406	97	1	2	0.9343986885	0.01742819923	96.9873883	0.5324247857	2.480186912	68.60840844	8.759220486	22.63237108	0	0	0	-763.4530406	0.01742819923	-11632.7545334018	
760.8930406	97	1	2	0.9355265292	0.01721240621	96.95367648	0.5237184423	2.522605077	68.11197333	8.903455931	22.98457074	0	0	0	-760.8930406	0.01721240621	-12113.192026685	
758.3330406	97	1	2	0.936621583	0.01700517327	96.91981281	0.514918082	2.565269104	67.61361639	9.048572198	23.33781141	0	0	0	-758.3330406	0.01700517327	-12613.9191727574	
755.7730406	97	1	2	0.9376853899	0.01680617194	96.88578256	0.5060342237	2.608183214	67.11325417	9.194593621	23.69215221	0	0	0	-755.7730406	0.01680617194	-13136.3945016273	
753.2130406	97	1	2	0.938719399	0.0166150946	96.85157129	0.49707713	2.65135158	66.61080091	9.341545296	24.04765379	0	0	0	-753.2130406	0.0166150946	-13682.2470476929	
750.6530406	97	1	2	0.9397249742	0.01643165316	96.81716487	0.4880568088	2.694778319	66.10616847	9.489453117	24.40437841	0	0	0	-750.6530406	0.01643165316	-14253.298231689	
748.0930406	97	1	2	0.9407034013	0.01625557778	96.7825495	0.4789830148	2.738467485	65.59926619	9.638343819	24.76238999	0	0	0	-748.0930406	0.01625557778	-14851.5927239294	
745.5330406	97	1	2	0.9416558929	0.01608661581	96.74771168	0.4698652506	2.782423066	65.09000077	9.788245014	25.12175422	0	0	0	-745.5330406	0.01608661581	-15479.4327362094	
742.9730406	97	1	2	0.9425835939	0.01592453072	96.71263826	0.4607127682	2.826648969	64.57827614	9.93918524	25.48253862	0	0	0	-742.9730406	0.01592453072	-16139.4187750184	
740.4130406	97	1	2	0.9434875862	0.0157691012	96.67731641	0.4515345704	2.87114902	64.06399335	10.091194	25.84481264	0	0	0	-740.4130406	0.0157691012	-16834.4981033906	
737.8530406	97	1	2	0.944368893	0.01562012026	96.64173364	0.4423394118	2.915926946	63.54705043	10.24430184	26.20864774	0	0	0	-737.8530406	0.01562012026	-17568.0221133471	
735.2930406	97	1	2	0.9452284828	0.01547739445	96.60587783	0.4331358001	2.960986371	63.02734219	10.39854033	26.57411748	0	0	0	-735.2930406	0.01547739445	-18343.820484859	
732.7330406	97	1	2	0.9460672729	0.01534074316	96.5697372	0.4239319975	3.006330798	62.50476013	10.55394222	26.94129765	0	0	0	-732.7330406	0.01534074316	-19166.2814206994	
730.1730406	97	1	2	0.9468861333	0.01520999788	96.53330038	0.414736022	3.051963602	61.97919223	10.7105414	27.31026637	0	0	0	-730.1730406	0.01520999788	-20040.4594858295	
727.6130406	97	1	2	0.9476858892	0.01508500165	96.49655634	0.4055556483	3.09788801	61.45052276	10.86837301	27.68110422	0	0	0	-727.6130406	0.01508500165	-20972.2043372067	
725.0530406	97	1	2	0.9484673243	0.01496560844	96.4594945	0.3963984096	3.14410709	60.91863214	11.02747352	28.05389434	0	0	0	-725.0530406	0.01496560844	-21968.3203082534	
722.4930406	97	1	2	0.9492311834	0.01485168267	96.42210467	0.3872715986	3.190623729	60.38339669	11.18788074	28.42872256	0	0	0	-722.4930406	0.01485168267	-23036.7593458888	
719.9330406	97	1	2	0.9499781749	0.01474309863	96.38437712	0.378182269	3.237440612	59.84468847	11.34963394	28.8056776	0	0	0	-719.9330406	0.01474309863	-24186.8791204034	
717.3730406	97	1	2	0.950708973	0.01463974013	96.34630256	0.369137237	3.284560207	59.302375	11.51277388	29.18485112	0	0	0	-717.3730406	0.01463974013	-25429.7523992872	
714.8130406	97	1	2	0.9514242196	0.01454149994	96.30787219	0.3601430828	3.331984731	58.7563191	11.67734295	29.56633795	0	0	0	-714.8130406	0.01454149994	-26778.5843891346	
712.2530406	97	1	2	0.952124527	0.01444827953	96.26907772	0.351206152	3.37971613	58.20637859	11.84338516	29.95023624	0	0	0	-712.2530406	0.01444827953	-28249.2181063426	
709.6930406	97	1	2	0.9528104788	0.01435998845	96.2299114	0.3423325578	3.427756046	57.65240607	12.01094632	30.33664761	0	0	0	-709.6930406	0.01435998845	-29860.8573558356	
707.1330406	97	1	2	0.9534826322	0.01427654424	96.19036604	0.3335281819	3.47610578	57.09424863	12.18007406	30.72567731	0	0	0	-707.1330406	0.01427654424	-31636.9705617093	
704.5730406	97	1	2	0.9541415196	0.01419787181	96.15043507	0.3247986773	3.524766258	56.53174759	12.35081794	31.11743446	0	0	0	-704.5730406	0.01419787181	-33606.5110273146	
702.0130406	97	1	2	0.9547876496	0.01412390318	96.11011254	0.3161494696	3.573737987	55.96473822	12.52322956	31.51203221	0	0	0	-702.0130406	0.01412390318	-35805.6392955952	
699.4530406	97	1	2	0.9554215088	0.01405457707	96.06939323	0.3075857595	3.623021006	55.39304942	12.69736264	31.90958794	0	0	0	-699.4530406	0.01405457707	-38280.0694012928	
696.8930406	97	1	2	0.9560435627	0.01398983852	96.02827264	0.2991125247	3.672614837	54.81650343	12.87327312	32.31022345	0	0	0	-696.8930406	0.01398983852	-41088.4092501543	
694.3330406	97	1	2	0.9566542573	0.01392963843	95.98674706	0.2907345225	3.722518418	54.23491553	13.05101928	32.7140652	0	0	0	-694.3330406	0.01392963843	-44307.0370636047	
691.7730406	97	1	2	0.9572540195	0.01387393316	95.94481367	0.2824562922	3.772730042	53.64809367	13.23066182	33.12124451	0	0	0	-691.7730406	0.01387393316	-48037.1218184627	
689.2130406	97	1	2	0.957843259	0.01382268359	95.90247056	0.2742821575	3.823247284	53.05583822	13.41226399	33.53189779	0	0	0	-689.2130406	0.01382268359	-52360.5224787356	
686.6530406	97	1	2	0.9584223645	0.01377576768	95.85971702	0.2662162547	3.874066724	52.45794551	13.5958905	33.94616399	0	0	0	-686.6530406	0.01377576768	-57661.1243557325	
684.0930406	97	1	2	0.9589917203	0.01373342213	95.81655305	0.2582624446	3.925184506	51.85419185	13.78161239	34.36419576	0	0	0	-684.0930406	0.01373342213	-64110.8111959495	
681.5330406	97	1	2	0.9595516875	0.01369543452	95.77297995	0.2504244012	3.976595651	51.24435297	13.96950112	34.78614592	0	0	0	-681.5330406	0.01369543452	-71780.0779741039	
678.9730406	97	1	2	0.9601026059	0.01366161168	95.72900096	0.2427056867	4.028293357	50.62820339	14.15962873	35.21216789	0	0	0	-678.9730406	0.01366161168	-81742.6466334282	
676.4130406	97	1	2	0.9606448119	0.01363218947	95.68462015	0.2351095639	4.080270286	50.00549693	14.35207387	35.6424292	0	0	0	-676.4130406	0.01363218947	-95015.303633676	
673.8530406	97	1	2	0.961178625	0.0136070556	95.63984343	0.2276391309	4.132517442	49.375982	14.54691709	36.0771009	0	0	0	-673.8530406	0.0136070556	-113216.834609543	
671.2930406	97	1	2	0.9617043517	0.01358618361	95.59467848	0.2202972946	4.185024224	48.73939756	14.74424209	36.51636036	0	0	0	-671.2930406	0.01358618361	-140008.652527145	
668.7330406	97	1	2	0.9622222858	0.01356954357	95.54913501	0.2130867748	4.237778215	48.09547302	14.94413572	36.96039126	0	0	0	-668.7330406	0.01356954357	-183530.355274014	
666.1730406	97	1	2	0.9627327086	0.0135571	95.50322493	0.2060101093	4.290764963	47.44392833	15.146688	37.40938367	0	0	0	-666.1730406	0.0135571	-267573.263572891	
663.6130406	97	1	2	0.9632358892	0.01354880926	95.45696263	0.1990696578	4.343967712	46.78447407	15.35199207	37.86353386	0	0	0	-663.6130406	0.01354880926	-509212.039742428	
661.0530406	97	1	2	0.9637320845	0.01354461649	95.41036528	0.1922676084	4.397367111	46.11681179	15.56014409	38.32304413	0	0	0	-661.0530406	0.01354461649	-14987467.4317615	
658.4930406	97	1	2	0.9642215393	0.01354445188	95.36345314	0.1856059819	4.450940874	45.44063457	15.77124302	38.78812241	0	0	0	-658.4930406	0.01354445188	-16292041.3272283	
655.9330406	97	1	2	0.9647044855	0.01354822619	95.31624996	0.1790866383	4.504663398	44.75562782	15.98539042	39.25898176	0	0	0	-655.9330406	0.01354822619	564978.569270685	
653.3730406	97	1	2	0.9651811423	0.01355582535	95.26878339	0.1727112827	4.558505328	44.06147041	16.20269004	39.73583955	0	0	0	-653.3730406	0.01355582535	292638.842813061	
650.8130406	97	1	2	0.9656517157	0.01356710402	95.22108546	0.1664814718	4.612433064	43.3578363	16.4232473	40.2189164	0	0	0	-650.8130406	0.01356710402	203730.579784345	
648.2530406	97	1	2	0.9661163973	0.01358187777	95.17319318	0.1603986205	4.666408197	42.64439659	16.64716862	40.70843479	0	0	0	-648.2530406	0.01358187777	159167.171736439	
645.6930406	97	1	2	0.9665753635	0.01359991387	95.12514911	0.1544640085	4.720386881	41.92082231	16.87456051	41.20461717	0	0	0	-645.6930406	0.01359991387	132666.158747114	
643.1330406	97	1	2	0.9670287746	0.01362092022	95.0770021	0.1486787882	4.774319115	41.18678799	17.10552844	41.70768358	0	0	0	-643.1330406	0.01362092022	115533.255118735	
640.5730406	97	1	2	0.9674767729	0.01364453376	95.0288082	0.143043999	4.828147805	40.44197609	17.3401753	42.2178486	0	0	0	-640.5730406	0.01364453376	104085.506081225	
638.0130406	97	1	2	0.9679194808	0.01367029745	94.98063108	0.1375605441	4.881808378	39.68608315	17.57859952	42.73531733	0	0	0	-638.0130406	0.01367029745	96614.1816112529	
635.4530406	97	1	2	0.968357006	0.01369761946	94.93254021	0.1322291049	4.935230683	38.91883401	17.82088321	43.26028277	0	0	0	-635.4530406	0.01369761946	92333.0138368625	
632.8930406	97	1	2	0.9687894131	0.01372577388	94.88462335	0.1270505509	4.988326103	38.13997507	18.06711625	43.79290868	0	0	0	-632.8930406	0.01372577388	90575.8225869354	
630.3330406	97	1	2	0.9692167547	0.0137541484	94.83697329	0.1220254912	5.041001224	37.34928597	18.31737011	44.33334392	0	0	0	-630.3330406	0.0137541484	91775.6836090455	
627.7730406	97	1	2	0.9696390478	0.01378159305	94.78969669	0.1171544513	5.09314886	36.54660804	18.57169635	44.88169561	0	0	0	-627.7730406	0.01378159305	97387.160886111	
625.2130406	97	1	2	0.9700562742	0.01380689574	94.74291401	0.1124378673	5.144648121	35.7318523	18.83012385	45.43802385	0	0	0	-625.2130406	0.01380689574	110170.314789775	
622.6530406	97	1	2	0.9704683759	0.01382861086	94.69676086	0.1078760842	5.19536306	34.90501825	19.09265267	46.00232908	0	0	0	-622.6530406	0.01382861086	139538.074064668	
620.0930406	97	1	2	0.9708752503	0.01384503088	94.65138925	0.1034693515	5.245141403	34.06621582	19.35924687	46.57453731	0	0	0	-620.0930406	0.01384503088	235921.289434374	
617.5330406	97	1	2	0.9712767453	0.0138541604	94.60696879	0.0992178126	5.2938134	33.21569043	19.62982631	47.15448326	0	0	0	-617.5330406	0.0138541604	-5832294.38413704	
614.9730406	97	1	2	0.9716726543	0.01385369679	94.56368756	0.09512148824	5.341190956	32.35385105	19.90425749	47.74189146	0	0	0	-614.9730406	0.01385369679	-5334151.91475595	
612.4130406	97	1	2	0.9720627113	0.01384102266	94.52175258	0.09118025153	5.387067172	31.48130072	20.18234354	48.33635574	0	0	0	-612.4130406	0.01384102266	-167569.998619087	
609.8530406	97	1	2	0.9724465869	0.0138132118	94.4813897	0.08739379423	5.43121651	30.5988683	20.46381386	48.93731784	0	0	0	-609.8530406	0.0138132118	-78303.1713798438	
607.2930406	97	1	2	0.9728238869	0.01376708926	94.44284256	0.08376158043	5.473395863	29.70764006	20.74831367	49.54404626	0	0	0	-607.2930406	0.01376708926	-48314.1270651341	
604.7330406	97	1	2	0.9731941506	0.01369925547	94.4063706	0.08028279325	5.513346607	28.80899166	21.03539352	50.15561482	0	0	0	-604.7330406	0.01369925547	-33436.1987340296	
602.1730406	97	1	2	0.9735568561	0.01360629745	94.37224552	0.07695626431	5.550798212	27.90459193	21.32450855	50.77089951	0	0	0	-602.1730406	0.01360629745	-24726.9334424686	
599.6130406	97	1	2	0.9739114212	0.0134846651	94.34074675	0.07378041039	5.585472844	26.99645133	21.61500177	51.3885469	0	0	0	-599.6130406	0.0134846651	-19124.9055392738	
597.0530406	97	1	2	0.9742572233	0.01333139795	94.31215436	0.07075313863	5.617092504	26.08688357	21.90611701	52.00699942	0	0	0	-597.0530406	0.01333139795	-15329.8405898811	
594.4930406	97	1	2	0.9745936101	0.01314384808	94.28674148	0.06787178083	5.64538674	25.17850187	22.1970001	52.62449802	0	0	0	-594.4930406	0.01314384808	-12644.7455206816	
591.9330406	97	1	2	0.9749199225	0.01292019578	94.26476499	0.06513302474	5.670101985	24.27417263	22.48671392	53.23911344	0	0	0	-591.9330406	0.01292019578	-10697.545850428	
589.3730406	97	1	2	0.97523552	0.01265964139	94.24645574	0.06253286822	5.691011391	23.37694996	22.77425974	53.8487903	0	0	0	-589.3730406	0.01265964139	-9261.24017605308	
586.8130406	97	1	2	0.9755398086	0.01236259902	94.23200894	0.06006660313	5.707924458	22.48998958	23.05860528	54.45140513	0	0	0	-586.8130406	0.01236259902	-8191.88701453042	
584.2530406	97	1	2	0.9758322682	0.01203080306	94.22157565	0.05772883634	5.720695513	21.61644732	23.33871793	55.04483476	0	0	0	-584.2530406	0.01203080306	-7394.42477877428	
581.6930406	97	1	2	0.9761124786	0.01166729956	94.2152563	0.05551355182	5.729230145	20.75937025	23.61360017	55.62702958	0	0	0	-581.6930406	0.01166729956	-6804.06237970185	
579.1330406	97	1	2	0.9763801393	0.0112763117	94.21309694	0.05341421208	5.733488847	19.92159057	23.88232434	56.19608508	0	0	0	-579.1330406	0.0112763117	-6375.54081661207	
576.5730406	97	1	2	0.9766350824	0.0108629912	94.21508861	0.0514238923	5.733487494	19.10563211	24.1440631	56.75030479	0	0	0	-576.5730406	0.0108629912	-6076.63572626927	
574.0130406	97	1	2	0.9768772776	0.01043308826	94.2211699	0.04953543572	5.729294668	18.31363798	24.3981131	57.28824892	0	0	0	-574.0130406	0.01043308826	-5884.06460262096	
571.4530406	97	1	2	0.9771068285	0.009992586305	94.23123212	0.04774161649	5.721026263	17.54732469	24.64390999	57.80876533	0	0	0	-571.4530406	0.009992586305	-5780.82055505304	
568.8930406	97	1	2	0.9773239616	0.009547350243	94.24512662	0.04603529614	5.708838082	16.80796398	24.88103441	58.31100161	0	0	0	-568.8930406	0.009547350243	-5754.3840333919	
566.3330406	97	1	2	0.9775290106	0.009102828761	94.26267315	0.04440956229	5.692917292	16.09639069	25.10920947	58.79439984	0	0	0	-566.3330406	0.009102828761	-5795.49535851273	
563.7730406	97	1	2	0.9777223965	0.008663836286	94.28366856	0.04285784151	5.673473594	15.41303153	25.3282914	59.25867707	0	0	0	-563.7730406	0.008663836286	-5897.18178006254	
561.2130406	97	1	2	0.9779046068	0.008234406847	94.30789533	0.0413739843	5.650730685	14.75795019	25.5382549	59.70379491	0	0	0	-561.2130406	0.008234406847	-6054.67842120941	
558.6530406	97	1	2	0.9780761764	0.007817819433	94.33512848	0.03995231244	5.624919203	14.13089542	25.73917747	60.12992711	0	0	0	-558.6530406	0.007817819433	-6263.94319690283	
556.0930406	97	1	2	0.9782376675	0.007416463283	94.36514259	0.03858765602	5.596269756	13.53136424	25.93121888	60.53741689	0	0	0	-556.0930406	0.007416463283	-6522.05743075588	
553.5330406	97	1	2	0.9783896548	0.007032059908	94.39771621	0.03727535061	5.565008442	12.95865146	26.114605	60.92674355	0	0	0	-553.5330406	0.007032059908	-6827.33413102492	
550.9730406	97	1	2	0.9785327119	0.006665672483	94.43263575	0.03601122614	5.531353022	12.41190165	26.28961089	61.29848746	0	0	0	-550.9730406	0.006665672483	-7178.209427005	
548.4130406	97	1	2	0.9786674018	0.006317827937	94.46969805	0.03479158143	5.495510365	11.89015368	26.4565463	61.65330002	0	0	0	-548.4130406	0.006317827937	-7573.68016221628	
545.8530406	97	1	2	0.9787942685	0.005988621705	94.50871199	0.03361315056	5.45767486	11.3923785	26.61574333	61.99187817	0	0	0	-545.8530406	0.005988621705	-8013.07526726093	
543.2930406	97	1	2	0.9789138323	0.00567781518	94.54949934	0.03247306485	5.418027595	10.91751022	26.7675463	62.31494347	0	0	0	-543.2930406	0.00567781518	-8495.97787374565	
540.7330406	97	1	2	0.9790265862	0.005384921522	94.59189506	0.03136881321	5.376736129	10.46447083	26.91230373	62.62322544	0	0	0	-540.7330406	0.005384921522	-9022.16568635475	
538.1730406	97	1	2	0.979132994	0.005109278107	94.63574711	0.03029820282	5.333954689	10.03218928	27.05036203	62.91744869	0	0	0	-538.1730406	0.005109278107	-9591.56577312866	
535.6130406	97	1	2	0.9792334896	0.004850105644	94.68091601	0.02925932153	5.289824672	9.619615805	27.18206089	63.1983233	0	0	0	-535.6130406	0.004850105644	-10204.2199219966	
533.0530406	97	1	2	0.9793284774	0.00460655497	94.72727417	0.02825050286	5.244475332	9.225732241	27.30772987	63.46653788	0	0	0	-533.0530406	0.00460655497	-10860.2584137942	
530.4930406	97	1	2	0.9794183327	0.004377743106	94.77470512	0.02727029395	5.198024584	8.849559088	27.42768611	63.7227548	0	0	0	-530.4930406	0.004377743106	-11559.8799764096	
527.9330406	97	1	2	0.9795034032	0.004162780257	94.82310271	0.02631742671	5.150579859	8.490160069	27.5422328	63.96760713	0	0	0	-527.9330406	0.004162780257	-12303.336716144	
525.3730406	97	1	2	0.9795840102	0.003960789456	94.87237024	0.02539079215	5.102238966	8.146644687	27.65165835	64.20169696	0	0	0	-525.3730406	0.003960789456	-13090.9226736429	
522.8130406	97	1	2	0.9796604505	0.003770920332	94.92241965	0.02448941766	5.053090935	7.818169289	27.75623605	64.42559466	0	0	0	-522.8130406	0.003770920332	-13922.9651529585	
520.2530406	97	1	2	0.9797329979	0.003592358322	94.97317072	0.02361244713	5.003216828	7.503937015	27.85622404	64.63983895	0	0	0	-520.2530406	0.003592358322	-14799.8189512596	
517.6930406	97	1	2	0.9798019048	0.003424330408	95.02455038	0.02275912358	4.952690492	7.203196943	27.95186561	64.84493744	0	0	0	-517.6930406	0.003424330408	-15721.8615233978	
515.1330406	97	1	2	0.9798674039	0.003266108232	95.07649196	0.02192877414	4.901579261	6.915242668	28.04338964	65.04136769	0	0	0	-515.1330406	0.003266108232	-16689.4900185473	
512.5730406	97	1	2	0.97992971	0.003117009316	95.1289346	0.02112079699	4.849944599	6.639410497	28.13101118	65.22957833	0	0	0	-512.5730406	0.003117009316	-17703.119442444	
510.0130406	97	1	2	0.9799890211	0.002976396903	95.18182266	0.02033465011	4.797842687	6.375077424	28.21493208	65.4099905	0	0	0	-510.0130406	0.002976396903	-18763.1817092767	
507.4530406	97	1	2	0.9800455199	0.002843678855	95.2351052	0.01956984166	4.745324955	6.121658953	28.29534174	65.5829993	0	0	0	-507.4530406	0.002843678855	-19870.1251169146	
504.8930406	97	1	2	0.9800993752	0.002718305904	95.28873552	0.01882592161	4.692438561	5.878606889	28.3724178	65.74897531	0	0	0	-504.8930406	0.002718305904	-21024.4147152897	
502.3330406	97	1	2	0.980150743	0.002599769512	95.3426707	0.0181024747	4.639226823	5.645407122	28.44632684	65.90826604	0	0	0	-502.3330406	0.002599769512	-22226.5335509503	
499.7730406	97	1	2	0.9801997677	0.0024875995	95.39687128	0.01739911429	4.585729609	5.421577467	28.51722508	66.06119745	0	0	0	-499.7730406	0.0024875995	-23476.9829555351	
497.2130406	97	1	2	0.9802465829	0.002381361568	95.45130084	0.01671547722	4.531983678	5.206665567	28.5852591	66.20807533	0	0	0	-497.2130406	0.002381361568	-24776.284735602	
494.6530406	97	1	2	0.9802913124	0.002280654815	95.50592578	0.01605121933	4.478023001	5.000246898	28.65056644	66.34918666	0	0	0	-494.6530406	0.002280654815	-26124.9833748278	
492.0930406	97	1	2	0.9803340712	0.002185109299	95.56071496	0.01540601176	4.423879029	4.801922875	28.71327623	66.4848009	0	0	0	-492.0930406	0.002185109299	-27523.647292763	
489.5330406	97	1	2	0.9803749658	0.002094383687	95.61563951	0.01477953771	4.369580952	4.611319058	28.77350977	66.61517117	0	0	0	-489.5330406	0.002094383687	-28972.8714990791	
486.9730406	97	1	2	0.9804140957	0.002008163024	95.6706726	0.01417148977	4.315155913	4.428083481	28.83138107	66.74053545	0	0	0	-486.9730406	0.002008163024	-30473.28121069	
484.4130406	97	1	2	0.9804515529	0.001926156636	95.72578922	0.01358156767	4.260629217	4.25188508	28.88699736	66.86111756	0	0	0	-484.4130406	0.001926156636	-32025.5332196701	
481.8530406	97	1	2	0.9804874237	0.00184809616	95.78096602	0.01300947633	4.206024499	4.082412235	28.94045958	66.97712818	0	0	0	-481.8530406	0.00184809616	-33630.3197872483	
479.2930406	97	1	2	0.9805217882	0.001773733728	95.83618118	0.01245492435	4.151363894	3.919371405	28.99186278	67.08876582	0	0	0	-479.2930406	0.001773733728	-35288.372365006	
476.7330406	97	1	2	0.9805547214	0.001702840278	95.8914142	0.01191762261	4.096668174	3.762485873	29.04129656	67.19621756	0	0	0	-476.7330406	0.001702840278	-37000.4644925411	
474.1730406	97	1	2	0.9805862933	0.001635204003	95.94664584	0.01139728329	4.04195688	3.611494569	29.08884546	67.29965998	0	0	0	-474.1730406	0.001635204003	-38767.4153017152	
471.6130406	97	1	2	0.9806165694	0.001570628921	96.00185794	0.01089361894	3.987248436	3.466150993	29.13458926	67.39925975	0	0	0	-471.6130406	0.001570628921	-40590.094143179	
469.0530406	97	1	2	0.9806456112	0.00150893357	96.0570334	0.0104063418	3.932560254	3.326222204	29.17860336	67.49517444	0	0	0	-469.0530406	0.00150893357	-42469.4249054894	
466.4930406	97	1	2	0.9806734762	0.001449949808	96.11215601	0.009935163277	3.877908826	3.191487898	29.22095907	67.58755303	0	0	0	-466.4930406	0.001449949808	-44406.3897763611	
463.9330406	97	1	2	0.9807002186	0.001393521718	96.16721039	0.009479793531	3.823309812	3.061739544	29.26172385	67.6765366	0	0	0	-463.9330406	0.001393521718	-46402.0340348264	
461.3730406	97	1	2	0.980725889	0.001339504606	96.22218195	0.009039941162	3.76877811	2.936779594	29.30096162	67.76225878	0	0	0	-461.3730406	0.001339504606	-48457.4728424912	
458.8130406	97	1	2	0.9807505353	0.001287764091	96.27705676	0.008615313026	3.714327929	2.816420746	29.33873297	67.84484629	0	0	0	-458.8130406	0.001287764091	-50573.8932767341	
456.2530406	97	1	2	0.9807742025	0.001238175263	96.33182153	0.008205614119	3.659972853	2.700485263	29.37509536	67.92441938	0	0	0	-456.2530406	0.001238175263	-52752.5634687378	
453.6930406	97	1	2	0.9807969331	0.001190621931	96.38646356	0.007810547533	3.605725889	2.588804345	29.41010337	68.00109228	0	0	0	-453.6930406	0.001190621931	-54994.8362551869	
451.1330406	97	1	2	0.980818767	0.001144995918	96.44097066	0.007429814474	3.551599525	2.481217549	29.44380888	68.07497357	0	0	0	-451.1330406	0.001144995918	-57302.155943495	
448.5730406	97	1	2	0.9808397421	0.001101196434	96.49533111	0.007063114338	3.497605776	2.377572244	29.4762612	68.14616656	0	0	0	-448.5730406	0.001101196434	-59676.0662441017	
446.0130406	97	1	2	0.9808598942	0.001059129491	96.54953364	0.006710144825	3.44375622	2.277723117	29.50750728	68.21476961	0	0	0	-446.0130406	0.001059129491	-62118.2152598505	
443.4530406	97	1	2	0.980879257	0.001018707376	96.60356736	0.006370602096	3.39006204	2.181531708	29.53759184	68.28087646	0	0	0	-443.4530406	0.001018707376	-64630.3665747804	
440.8930406	97	1	2	0.9808978626	0.0009798481674	96.65742176	0.006044180962	3.33653406	2.08886598	29.56655751	68.34457651	0	0	0	-440.8930406	0.0009798481674	-67214.4036551114	
438.3330406	97	1	2	0.9809157414	0.0009424752897	96.71108665	0.005730575095	3.283182773	1.999599919	29.59444499	68.40595509	0	0	0	-438.3330406	0.0009424752897	-69872.3397869651	
435.7730406	97	1	2	0.9809329223	0.0009065171104	96.76455215	0.005429477267	3.23001837	1.913613169	29.62129309	68.46509374	0	0	0	-435.7730406	0.0009065171104	-72606.3287190806	
433.2130406	97	1	2	0.9809494325	0.0008719065685	96.81780865	0.005140579606	3.177050766	1.830790682	29.64713894	68.52207038	0	0	0	-433.2130406	0.0008719065685	-75418.6730220233	
430.6530406	97	1	2	0.9809652982	0.0008385808346	96.8708468	0.00486357386	3.124289629	1.751022404	29.67201803	68.57695957	0	0	0	-430.6530406	0.0008385808346	-78311.8347358552	
428.0930406	97	1	2	0.9809805441	0.000806480999	96.92365746	0.004598151683	3.071744391	1.674202974	29.69596431	68.62983272	0	0	0	-428.0930406	0.000806480999	-81288.4468456586	
425.5330406	97	1	2	0.9809951938	0.0007755517859	96.97623172	0.004344004917	3.019424277	1.600231452	29.71901031	68.68075824	0	0	0	-425.5330406	0.0007755517859	-84351.3261062162	
422.9730406	97	1	2	0.9810092697	0.0007457412911	97.02856085	0.004100825892	2.967338321	1.529011054	29.74118721	68.72980174	0	0	0	-422.9730406	0.0007457412911	-87503.4842883776	
420.4130406	97	1	2	0.9810227933	0.0007170007396	97.08063631	0.003868307722	2.915495378	1.460448922	29.76252489	68.77702618	0	0	0	-420.4130406	0.0007170007396	-90748.1431767126	
417.8530406	97	1	2	0.9810357852	0.0006892842646	97.13244971	0.003646144601	2.863904143	1.394455892	29.78305206	68.82249204	0	0	0	-417.8530406	0.0006892842646	-94088.7498198374	
415.2930406	97	1	2	0.9810482647	0.0006625487025	97.1839928	0.003434032105	2.812573166	1.330946291	29.80279627	68.86625744	0	0	0	-415.2930406	0.0006625487025	-97528.9912119358	
412.7330406	97	1	2	0.9810602507	0.0006367534046	97.23525747	0.00323166749	2.761510859	1.269837739	29.821784	68.90837826	0	0	0	-412.7330406	0.0006367534046	-101072.812048678	
410.1730406	97	1	2	0.981071761	0.0006118600633	97.28623574	0.003038749981	2.710725513	1.211050969	29.84004072	68.94890831	0	0	0	-410.1730406	0.0006118600633	-104724.434119469	
407.6130406	97	1	2	0.9810828127	0.0005878325522	97.33691972	0.002854981065	2.660225303	1.154509657	29.85759095	68.9878994	0	0	0	-407.6130406	0.0005878325522	-108488.374953533	
405.0530406	97	1	2	0.9810934223	0.0005646367773	97.38730163	0.002680064774	2.610018303	1.100140263	29.87445828	69.02540146	0	0	0	-405.0530406	0.0005646367773	-112369.469598336	
402.4930406	97	1	2	0.9811036056	0.0005422405405	97.4373738	0.002513707957	2.56011249	1.047871883	29.89066546	69.06146266	0	0	0	-402.4930406	0.0005422405405	-116372.895158499	
399.9330406	97	1	2	0.9811133776	0.0005206134128	97.48712863	0.002355620554	2.510515754	0.9976361097	29.90623443	69.09612946	0	0	0	-399.9330406	0.0005206134128	-120504.193670867	
397.3730406	97	1	2	0.9811227528	0.0004997266164	97.53655858	0.002205515855	2.461235902	0.9493669037	29.92118633	69.12944677	0	0	0	-397.3730406	0.0004997266164	-124769.301336405	
394.8130406	97	1	2	0.9811317453	0.0004795529165	97.58565622	0.002063110749	2.412280669	0.9030004707	29.9355416	69.16145793	0	0	0	-394.8130406	0.0004795529165	-129174.577846467	
392.2530406	97	1	2	0.9811403684	0.0004600665198	97.63441415	0.001928125966	2.36365772	0.8584751486	29.94931997	69.19220488	0	0	0	-392.2530406	0.0004600665198	-133726.83643505	
389.6930406	97	1	2	0.981148635	0.0004412429806	97.68282506	0.001800286308	2.315374654	0.8157313001	29.9625405	69.2217282	0	0	0	-389.6930406	0.0004412429806	-138433.380361802	
387.1330406	97	1	2	0.9811565576	0.0004230591137	97.73088167	0.001679320868	2.267439011	0.7747112134	29.97522164	69.25006715	0	0	0	-387.1330406	0.0004230591137	-143302.040515425	
384.5730406	97	1	2	0.9811641482	0.0004054929131	97.77857676	0.001564963241	2.219858276	0.735359008	29.98738123	69.27725977	0	0	0	-384.5730406	0.0004054929131	-148341.216643259	
382.0130406	97	1	2	0.9811714183	0.0003885234765	97.82590317	0.001456951717	2.172639877	0.6976205476	29.99903653	69.30334292	0	0	0	-382.0130406	0.0003885234765	-153559.920676065	
379.4530406	97	1	2	0.9811783792	0.0003721309344	97.87285377	0.001355029466	2.125791196	0.661443357	30.01020428	69.32835236	0	0	0	-379.4530406	0.0003721309344	-144404.982690344	
378.1730406	97	1	2	0.9811817474	0.0001801960821	97.89618618	0.001306273207	2.102507548	0.6439243217	30.0156111	69.34046458	0	0	0	-378.1730406	0.0001801960821	-318024.635640816	
376.8930406	97	1	2	0.9811850422	0.0001762506391	97.91942195	0.001258945234	2.079319108	0.6267766116	30.02090203	69.35232136	0	0	0	-376.8930406	0.0001762506391	-311028.216131363	
376.2530406	97	1	2	0.9811866627	8.675625388E-05	97.9310034	0.001235807344	2.067760796	0.6183400889	30.02350485	69.35815506	0	0	0	-376.2530406	8.675625388E-05	-611561.347502849	
375.6130406	97	1	2	0.9811882653	8.572157461E-05	97.94256034	0.001213015024	2.056226648	0.6099941251	30.02607937	69.36392651	0	0	0	-375.6130406	8.572157461E-05	-604247.091291858	
375.2930406	97	1	2	0.9811890599	4.254366366E-05	97.94832962	0.001201747308	2.050468635	0.6058548637	30.02735617	69.36678896	0	0	0	-375.2930406	4.254366366E-05	-7464.06702627316	
375.1330406	97	1	2	0.9811894556	2.118248441E-05	97.95121195	0.001196145352	2.047591904	0.6037936225	30.02799197	69.36821441	0	0	0	-375.1330406	2.118248441E-05	-7521.85941264657	
375.0530406	97	1	2	0.9811896531	1.056899578E-05	97.95265254	0.001193352325	2.046154108	0.6027650941	30.02830922	69.36892569	0	0	0	-375.0530406	1.056899578E-05	-7553.45533017061	
375.0130406	97	1	2	0.9811897517	5.278948395E-06	97.95337269	0.001191957795	2.045435353	0.6022513524	30.02846768	69.36928097	0	0	0	-375.0130406	5.278948395E-06	-7561.36894224883	
374.9730406	97	1	2	0.9811898502	5.273422364E-06	97.95409274	0.001190564585	2.044716693	0.6017379588	30.02862603	69.36963601	0	0	0	-374.9730406	5.273422364E-06	-7561.41612564678	
374.9530406	97	1	2	0.9811898995	2.636268324E-06	97.95445278	0.001189868524	2.044357353	0.6014813924	30.02870516	69.36981344	0	0	0	-374.9530406	2.636268324E-06	-7456.67150028894	
374.9430406	97	1	2	0.9811899241	1.283341552E-06	97.95463274	0.001189520562	2.044177744	0.6013531412	30.0287447	69.36990216	0	0	0	-374.9430406	1.283341552E-06	296192.606190858	
374.9330406	97	1	2	0.9811899487	1.318014124E-06	97.95481272	0.001189172713	2.043998112	0.6012249124	30.02878425	69.36999084	0	0	0	-374.9330406	1.318014124E-06	288412.408516765	
374.9230406	97	1	2	0.9811899733	1.316889727E-06	97.95499269	0.001188824947	2.043818486	0.6010967053	30.0288238	69.3700795	0	0	0	-374.9230406	1.316889727E-06	44341.2344110538	
374.9130406	97	1	2	0.9811899979	1.316685454E-06	97.95517266	0.001188477264	2.043638865	0.6009685199	30.02886333	69.37016815	0	0	0	-374.9130406	1.316685454E-06	0	
374.9030406	97	1	2	0.9811900225	1.316457553E-06	97.95535262	0.001188129663	2.043459251	0.6008403563	30.02890286	69.37025678	0	0	0	-374.9030406	1.316457553E-06	0	
374.8930406	97	1	2	0.9811900471	1.316230293E-06	97.95553258	0.001187782144	2.043279643	0.6007122144	30.02894239	69.3703454	0	0	0	-374.8930406	1.316230293E-06	0	
374.8830406	97	1	2	0.9811900717	1.316003048E-06	97.95571252	0.001187434708	2.04310004	0.6005840942	30.0289819	69.370434	0	0	0	-374.8830406	1.316003048E-06	0	
374.8730406	97	1	2	0.9811900963	1.315775834E-06	97.95589247	0.001187087354	2.042920444	0.6004559957	30.02902141	69.37052259	0	0	0	-374.8730406	1.315775834E-06	0	
374.8630406	97	1	2	0.9811901209	1.315548651E-06	97.95607241	0.001186740082	2.042740853	0.6003279189	30.02906092	69.37061116	0	0	0	-374.8630406	1.315548651E-06	0	
374.8530406	97	1	2	0.9811901454	1.315321499E-06	97.95625234	0.001186392893	2.042561269	0.6001998638	30.02910041	69.37069972	0	0	0	-374.8530406	1.315321499E-06	0	
374.8430406	97	1	2	0.98119017	1.315094378E-06	97.95643226	0.001186045786	2.04238169	0.6000718305	30.0291399	69.37078827	0	0	0	-374.8430406	1.315094378E-06	0	
374.8330406	97	1	2	0.9811901946	1.314867287E-06	97.95661218	0.001185698762	2.042202118	0.5999438188	30.02917939	69.37087679	0	0	0	-374.8330406	1.314867287E-06	0	
374.8230406	97	1	2	0.9811902191	1.314640228E-06	97.9567921	0.00118535182	2.042022551	0.5998158289	30.02921886	69.37096531	0	0	0	-374.8230406	1.314640228E-06	0	
374.8130406	97	1	2	0.9811902437	1.3144132E-06	97.956972	0.00118500496	2.04184299	0.5996878606	30.02925833	69.37105381	0	0	0	-374.8130406	1.3144132E-06	-2.50118738591014	
374.7930406	97	1	2	0.9811902928	2.661880342E-06	97.95733183	0.001184311518	2.041483858	0.5994319899	30.02933727	69.37123074	0	0	0	-374.7930406	2.661880342E-06	15046.5647905995	
374.7530406	97	1	2	0.981190391	5.252784271E-06	97.95805131	0.001182925513	2.040765769	0.5989205074	30.02949503	69.37158447	0	0	0	-374.7530406	5.252784271E-06	15380.1154154972	
374.6730406	97	1	2	0.9811905871	1.049465212E-05	97.95949006	0.00118015754	2.039329786	0.5978985827	30.02981021	69.37229121	0	0	0	-374.6730406	1.049465212E-05	15277.6459604932	
374.5130406	97	1	2	0.9811909786	2.094576929E-05	97.9623664	0.001174637351	2.036458965	0.5958588895	30.03043928	69.37370183	0	0	0	-374.5130406	2.094576929E-05	15341.486726994	
374.1930406	97	1	2	0.9811917582	4.171780911E-05	97.96811443	0.001163659789	2.030721915	0.5917960881	30.03169223	69.37651168	0	0	0	-374.1930406	4.171780911E-05	15470.690572539	
373.5530406	97	1	2	0.9811933044	8.274399108E-05	97.97959182	0.001141954306	2.019266227	0.5837365024	30.03417749	69.38208601	0	0	0	-373.5530406	8.274399108E-05	15735.2022798075	
372.2730406	97	1	2	0.9811963451	0.0001627477082	98.00247158	0.001099528953	1.996428891	0.5678788423	30.03906622	69.39305494	0	0	0	-372.2730406	0.0001627477082	16290.0429328725	
369.7130406	97	1	2	0.9812022245	0.0003147441604	98.04792799	0.001018518235	1.951053489	0.5371892893	30.04852308	69.41428763	0	0	0	-369.7130406	0.0003147441604	-204760.347719984	
367.1530406	97	1	2	0.9812078432	0.0003008714254	98.09297495	0.0009424359398	1.906082615	0.507829764	30.05756594	69.4346043	0	0	0	-367.1530406	0.0003008714254	-187923.925753871	
364.5930406	97	1	2	0.9812132102	0.0002874819646	98.13760556	0.0008710565818	1.861523381	0.4797560428	30.06620883	69.45403512	0	0	0	-364.5930406	0.0002874819646	-194691.786704678	
362.0330406	97	1	2	0.9812183345	0.0002745570521	98.18181298	0.0008041604681	1.817382856	0.4529251392	30.07446539	69.47260947	0	0	0	-362.0330406	0.0002745570521	-201705.03108529	
359.4730406	97	1	2	0.9812232248	0.0002620824048	98.22559037	0.0007415337655	1.773668097	0.427295291	30.08234884	69.49035587	0	0	0	-359.4730406	0.0002620824048	-209023.341700668	
356.9130406	97	1	2	0.9812278892	0.0002500464795	98.26893101	0.0006829686836	1.730386017	0.4028257039	30.08987208	69.50730221	0	0	0	-356.9130406	0.0002500464795	-216653.213459182	
354.3530406	97	1	2	0.981232336	0.0002384349407	98.31182816	0.0006282633649	1.687543579	0.3794768343	30.09704763	69.52347553	0	0	0	-354.3530406	0.0002384349407	-224607.864959445	
351.7930406	97	1	2	0.9812365729	0.0002272362558	98.35427511	0.0005772220464	1.645147663	0.3572101235	30.10388766	69.53890222	0	0	0	-351.7930406	0.0002272362558	-232922.805797092	
349.2330406	97	1	2	0.9812406077	0.0002164387781	98.39626525	0.0005296550643	1.603205096	0.3359880184	30.11040402	69.55360797	0	0	0	-349.2330406	0.0002164387781	-241616.445280722	
346.6730406	97	1	2	0.9812444475	0.0002060313041	98.43779197	0.0004853788763	1.561722651	0.315773936	30.11660824	69.56761783	0	0	0	-346.6730406	0.0002060313041	-250714.159944066	
344.1130406	97	1	2	0.9812480998	0.0001960030464	98.47884874	0.0004442160719	1.520707042	0.2965322306	30.12251155	69.58095622	0	0	0	-344.1130406	0.0001960030464	-260243.4779162	
341.5530406	97	1	2	0.9812515713	0.0001863436065	98.51942908	0.0004059953702	1.480164923	0.278228163	30.12812489	69.59364695	0	0	0	-341.5530406	0.0001863436065	-270234.239864159	
338.9930406	97	1	2	0.981254869	0.0001770429471	98.55952657	0.0003705516067	1.440102879	0.260827872	30.13345889	69.60571324	0	0	0	-338.9930406	0.0001770429471	-280718.965872424	
336.4330406	97	1	2	0.9812579993	0.0001680913765	98.59913484	0.0003377257089	1.400527429	0.2442983478	30.13852393	69.61717772	0	0	0	-336.4330406	0.0001680913765	-291732.949311554	
333.8730406	97	1	2	0.9812609687	0.0001594795136	98.63824762	0.000307364661	1.361445017	0.2286074075	30.14333011	69.62806249	0	0	0	-333.8730406	0.0001594795136	-303314.566687656	
331.3130406	97	1	2	0.9812637835	0.0001511982746	98.67685867	0.0002793214578	1.322862007	0.2137236721	30.14788725	69.63838908	0	0	0	-331.3130406	0.0001511982746	-315507.618088147	
328.7530406	97	1	2	0.9812664496	0.0001432389403	98.71496191	0.0002534550659	1.284784635	0.1996165371	30.15220494	69.64817852	0	0	0	-328.7530406	0.0001432389403	-328351.829920593	
326.1930406	97	1	2	0.9812689729	0.0001355926873	98.75255119	0.000229630289	1.247219175	0.1862561875	30.15629252	69.65745129	0	0	0	-326.1930406	0.0001355926873	-341902.196864173	
323.6330406	97	1	2	0.9812713592	0.0001282514849	98.7896206	0.0002077177969	1.210171679	0.1736135261	30.16015907	69.6662274	0	0	0	-323.6330406	0.0001282514849	-356216.306164023	
321.0730406	97	1	2	0.981273614	0.0001212071506	98.82616427	0.0001875939718	1.173648137	0.1616601939	30.16381345	69.67452635	0	0	0	-321.0730406	0.0001212071506	-371348.686977281	
318.5130406	97	1	2	0.9812757427	0.0001144518056	98.86217643	0.000169140833	1.137654429	0.1503685453	30.16726429	69.68236717	0	0	0	-318.5130406	0.0001144518056	-387367.357592087	
315.9530406	97	1	2	0.9812777507	0.0001079777653	98.89765144	0.0001522459372	1.102196318	0.1397116343	30.17051998	69.68976839	0	0	0	-315.9530406	0.0001079777653	-404345.310973319	
313.3930406	97	1	2	0.9812796429	0.0001017775361	98.93258375	0.0001368022702	1.067279444	0.129663201	30.1735887	69.6967481	0	0	0	-313.3930406	0.0001017775361	-422362.927090327	
310.8330406	97	1	2	0.9812814245	9.584379002E-05	98.96696798	0.0001227081323	1.032909312	0.1201976608	30.1764784	69.70332394	0	0	0	-310.8330406	9.584379002E-05	-441509.053356582	
308.2730406	97	1	2	0.9812831001	9.016936451E-05	99.00079885	0.0001098670169	0.9990912877	0.1112900925	30.17919684	69.70951307	0	0	0	-308.2730406	9.016936451E-05	-461882.53877058	
305.7130406	97	1	2	0.9812846746	8.474725233E-05	99.03407123	9.818748358E-05	0.9658305852	0.1029162294	30.18175155	69.71533222	0	0	0	-305.7130406	8.474725233E-05	-483593.415193751	
303.1530406	97	1	2	0.9812861525	7.957059533E-05	99.06678016	8.758302517E-05	0.9331322609	0.09505245012	30.18414985	69.7207977	0	0	0	-303.1530406	7.957059533E-05	-506764.705339822	
300.5930406	97	1	2	0.9812875382	7.463268002E-05	99.09892083	7.797193042E-05	0.9010012023	0.08767577002	30.18639887	69.72592536	0	0	0	-300.5930406	7.463268002E-05	-478597.279529673	
300	97	1	2	0.9812878465	1.657991778E-05	99.10628486	7.587890119E-05	0.8936392627	0.08603402026	30.18689936	69.72706662	0	0	0	-300	1.657991778E-05	458166.189703206	
