T	w(AL)	w(MG)	w(SI)	fs	fw(@FCC_A1)	w(AL@FCC_A1)	w(MG@FCC_A1)	w(SI@FCC_A1)	w(AL@LIQUID)	w(MG@LIQUID)	w(SI@LIQUID)	dwdT_L(AL@LIQUID)	dwdT_L(MG@LIQUID)	dwdT_L(SI@LIQUID)	-T	fw(@FCC_A1)_1	-T//fw(@FCC_A1)	
K	%	%	%	mole/mole	kg/kg	%	%	%	%	%	%	SI	SI	SI				
866.2711173	86	8	6	0	0	97.79617014	1.753909102	0.4499207585	86	8	6	0.002324457627	-0.001230796621	-0.001093661007	-866.2711173	0	25.2346227666848	
866.2611173	86	8	6	0.0001962715573	0.0001971732356	97.79596807	1.754053672	0.4499782626	85.99767548	8.001230917	6.001093607	0	0	0	-866.2611173	0.0001971732356	76.1990223176575	
866.2411173	86	8	6	0.0005883164885	0.0003939624408	97.79556402	1.754342703	0.4500932795	85.99302635	8.003692584	6.003281061	0	0	0	-866.2411173	0.0003939624408	101.644064268691	
866.2011173	86	8	6	0.00137164565	0.0007873960272	97.79475607	1.754920647	0.4503232858	85.98372704	8.008616417	6.007656544	0	0	0	-866.2011173	0.0007873960272	101.724842156325	
866.1211173	86	8	6	0.002935279294	0.001572970219	97.79314185	1.756075063	0.4507830889	85.96512448	8.018465769	6.016409754	0	0	0	-866.1211173	0.001572970219	101.954624403899	
865.9611173	86	8	6	0.006050496328	0.003138675406	97.78991931	1.758378752	0.4517019378	85.92790364	8.038171214	6.033925143	0	0	0	-865.9611173	0.003138675406	102.428225065502	
865.6411173	86	8	6	0.01223311788	0.00624847136	97.7834978	1.762965595	0.4535366046	85.85339911	8.077609137	6.068991752	0	0	0	-865.6411173	0.00624847136	103.459583021559	
865.0011173	86	8	6	0.02439364351	0.01236937485	97.77075123	1.772053953	0.4571948154	85.70414214	8.156582028	6.139275834	0	0	0	-865.0011173	0.01236937485	105.578454375964	
863.7211173	86	8	6	0.04795891187	0.02426980995	97.74563667	1.789898762	0.4644645655	85.40462401	8.314945647	6.280430344	0	0	0	-863.7211173	0.02426980995	109.722299944586	
861.1611173	86	8	6	0.09226392134	0.04676323163	97.69690513	1.824278915	0.4788159526	84.80156648	8.633375353	6.565058164	0	0	0	-861.1611173	0.04676323163	-1785.07917081186	
858.6011173	86	8	6	0.1331010789	0.04521589252	97.65010788	1.856992708	0.4928994115	84.19309572	8.954285771	6.852618512	0	0	0	-858.6011173	0.04521589252	-1713.40674754287	
856.0411173	86	8	6	0.1708446147	0.0437683846	97.60521244	1.888073031	0.5067145265	83.57919985	9.2777186	7.143081551	0	0	0	-856.0411173	0.0437683846	-1830.24490942956	
853.4811173	86	8	6	0.2058190355	0.04241247354	97.56218627	1.91755305	0.5202606808	82.95987996	9.603707401	7.43641264	0	0	0	-853.4811173	0.04241247354	-1951.11856371366	
850.9211173	86	8	6	0.2383053915	0.04113907513	97.52099668	1.945466073	0.5335372489	82.33514824	9.932277417	7.732574348	0	0	0	-850.9211173	0.04113907513	-2074.6785981584	
848.3611173	86	8	6	0.2685481956	0.03994014001	97.48161087	1.971845578	0.5465435473	81.7050294	10.26344505	8.031525558	0	0	0	-848.3611173	0.03994014001	-2200.592357793	
845.8011173	86	8	6	0.2967611008	0.03880854102	97.44399591	1.996725278	0.559278807	81.06956152	10.59721759	8.33322089	0	0	0	-845.8011173	0.03880854102	-2328.52283133693	
843.2411173	86	8	6	0.3231315597	0.03773794412	97.40811868	2.020139172	0.5717421499	80.42879685	10.933593	8.637610149	0	0	0	-843.2411173	0.03773794412	-2458.10661970722	
840.6811173	86	8	6	0.347824673	0.03672270117	97.37394585	2.042121584	0.5839325668	79.78280258	11.27255961	8.944637813	0	0	0	-840.6811173	0.03672270117	-2588.95809337963	
838.1211173	86	8	6	0.3709863853	0.03575776058	97.34144391	2.062707194	0.5958488992	79.13166157	11.61409587	9.254242566	0	0	0	-838.1211173	0.03575776058	-2720.67489835222	
835.5611173	86	8	6	0.3927461552	0.03483859249	97.31057912	2.081931059	0.6074898233	78.475473	11.95817013	9.56635687	0	0	0	-835.5611173	0.03483859249	-2852.84468526576	
833.0011173	86	8	6	0.4132191951	0.03396112589	97.28131755	2.099828618	0.618853837	77.81435299	12.30474041	9.880906596	0	0	0	-833.0011173	0.03396112589	-2985.05301531853	
830.4411173	86	8	6	0.4325083614	0.03312169558	97.25362505	2.116435696	0.6299392498	77.14843503	12.65375426	10.19781071	0	0	0	-830.4411173	0.03312169558	-3116.89230531966	
827.8811173	86	8	6	0.4507057555	0.0323169973	97.22746734	2.131788489	0.6407441758	76.47787038	13.00514861	10.51698102	0	0	0	-827.8811173	0.0323169973	-3247.97146451976	
825.3211173	86	8	6	0.4678940867	0.03154404959	97.20280992	2.145923549	0.6512665294	75.80282832	13.3588497	10.83832199	0	0	0	-825.3211173	0.03154404959	-3377.92585508444	
822.7611173	86	8	6	0.4841478364	0.03080016125	97.17961823	2.158877748	0.6615040248	75.12349622	13.71477313	11.16173065	0	0	0	-822.7611173	0.03080016125	-3506.42717631816	
820.2011173	86	8	6	0.4995342571	0.03008290342	97.15785757	2.170688247	0.6714541781	74.44007951	14.07282392	11.48709656	0	0	0	-820.2011173	0.03008290342	-3633.19292527188	
817.6411173	86	8	6	0.5141142322	0.02939008553	97.13749324	2.181392442	0.6811143133	73.75280144	14.43289668	11.81430189	0	0	0	-817.6411173	0.02939008553	-3757.99493369427	
815.0811173	86	8	6	0.5279430189	0.0287197344	97.11849051	2.191027915	0.6904815716	73.06190264	14.79487584	12.14322153	0	0	0	-815.0811173	0.0287197344	-3880.66635738665	
812.5211173	86	8	6	0.541070892	0.02807007589	97.10081471	2.199632366	0.6995529239	72.36764057	15.15863605	12.47372338	0	0	0	-812.5211173	0.02807007589	-4001.10729113824	
809.9611173	86	8	6	0.5535437038	0.02743951876	97.08443126	2.207243548	0.7083251869	71.67028875	15.5240426	12.80566865	0	0	0	-809.9611173	0.02743951876	-4119.28816180962	
807.4011173	86	8	6	0.5654033713	0.02682664011	97.06930577	2.21389919	0.7167950424	70.97013572	15.89095197	13.13891231	0	0	0	-807.4011173	0.02682664011	-4235.25134099904	
804.8411173	86	8	6	0.576688303	0.02623017235	97.05540402	2.219636916	0.72495906	70.26748397	16.25921245	13.47330358	0	0	0	-804.8411173	0.02623017235	-4349.10987517471	
802.2811173	86	8	6	0.5874337718	0.02564899094	97.04269212	2.22449416	0.7328137218	69.56264859	16.62866489	13.80868652	0	0	0	-802.2811173	0.02564899094	-4461.04547762335	
799.7211173	86	8	6	0.5976722429	0.02508210345	97.03113647	2.228508082	0.7403554513	68.8559558	16.9991435	14.1449007	0	0	0	-799.7211173	0.02508210345	-4571.30366524392	
797.1611173	86	8	6	0.6074336617	0.02452863875	97.02070388	2.231715477	0.7475806433	68.14774134	17.3704767	14.48178196	0	0	0	-797.1611173	0.02452863875	-4680.17490111573	
794.6011173	86	8	6	0.6167457064	0.02398783433	97.01136164	2.234152647	0.7544857105	67.43834882	17.74248808	14.8191631	0	0	0	-794.6011173	0.02398783433	-4788.03431506046	
792.0411173	86	8	6	0.6256340147	0.02345903686	97.00307739	2.23585561	0.7610670013	66.72812767	18.11499745	15.15687488	0	0	0	-792.0411173	0.02345903686	-4895.34271493823	
789.4811173	86	8	6	0.6341223836	0.02294169158	96.99581968	2.236859145	0.7673211801	66.01743104	18.48782203	15.49474694	0	0	0	-789.4811173	0.02294169158	-5002.35725795116	
786.9211173	86	8	6	0.6422329288	0.02243528564	96.98955724	2.237198028	0.7732447339	65.30661519	18.86077676	15.83260805	0	0	0	-786.9211173	0.02243528564	-5109.61802782749	
784.3611173	86	8	6	0.6499862604	0.02193943733	96.9842597	2.236905854	0.778834451	64.59603578	19.23367634	16.17028788	0	0	0	-784.3611173	0.02193943733	-5217.70332459222	
781.8011173	86	8	6	0.6574016078	0.02145379861	96.9798973	2.236015445	0.7840872596	63.88604699	19.60633569	16.50761732	0	0	0	-781.8011173	0.02145379861	-5326.97668506773	
779.2411173	86	8	6	0.664496944	0.02097808678	96.976441	2.234558702	0.7890002963	63.17699937	19.97857112	16.8444295	0	0	0	-779.2411173	0.02097808678	-5437.96055309901	
776.6811173	86	8	6	0.671289094	0.02051206958	96.97386252	2.232566545	0.7935709382	62.46923812	20.35020131	17.18056057	0	0	0	-776.6811173	0.02051206958	-5551.13932697369	
774.1211173	86	8	6	0.6777938305	0.02005555774	96.97213431	2.230068861	0.7977968324	61.76310133	20.72104821	17.51585046	0	0	0	-774.1211173	0.02005555774	-5666.98938773488	
771.5611173	86	8	6	0.6840259597	0.01960839807	96.97122961	2.227094465	0.8016759236	61.05891844	21.09093796	17.8501436	0	0	0	-771.5611173	0.01960839807	-5785.97466248151	
769.0011173	86	8	6	0.6899993979	0.01917046687	96.97112246	2.223671063	0.8052064792	60.35700879	21.45970165	18.18328956	0	0	0	-769.0011173	0.01917046687	-5908.54313778707	
766.4411173	86	8	6	0.6957272394	0.01874166395	96.97178766	2.219825227	0.8083871106	59.65768034	21.82717602	18.51514364	0	0	0	-766.4411173	0.01874166395	-6035.12429153978	
763.8811173	86	8	6	0.7012218177	0.01832190707	96.97320083	2.215582378	0.8112167928	58.96122852	22.19320415	18.84556733	0	0	0	-763.8811173	0.01832190707	-6169.53162990412	
761.3211173	86	8	6	0.7064949065	0.01791156567	96.97533779	2.210967041	0.8136951715	58.26792591	22.5576403	19.1744338	0	0	0	-761.3211173	0.01791156567	-6303.05935183379	
758.7611173	86	8	6	0.711557249	0.0175094371	96.97817693	2.206001605	0.8158214694	57.57805965	22.92033203	19.50160831	0	0	0	-758.7611173	0.0175094371	-6440.82572538706	
756.2011173	86	8	6	0.7164192828	0.01711642741	96.98169547	2.200708472	0.8175960609	56.89187256	23.28114947	19.82697797	0	0	0	-756.2011173	0.01711642741	-6589.33696059568	
753.6411173	86	8	6	0.7210907967	0.01673222461	96.98587206	2.195108442	0.8190195009	56.20960213	23.63996535	20.15043251	0	0	0	-753.6411173	0.01673222461	-6741.68507750718	
751.0811173	86	8	6	0.7255810446	0.01635677182	96.99068606	2.189221186	0.8200927537	55.53147029	23.99666052	20.47186919	0	0	0	-751.0811173	0.01635677182	-6900.16706108412	
748.5211173	86	8	6	0.7298987794	0.01599001008	96.99611753	2.183065273	0.820817195	54.85768319	24.35112399	20.79119281	0	0	0	-748.5211173	0.01599001008	-7065.0734974962	
745.9611173	86	8	6	0.7340522835	0.01563187485	97.00214738	2.176658035	0.8211945836	54.18843123	24.70325304	21.10831574	0	0	0	-745.9611173	0.01563187485	-7236.66159750809	
743.4011173	86	8	6	0.7380493969	0.01528229472	97.00875642	2.170016403	0.8212271793	53.52388914	25.05295309	21.42315777	0	0	0	-743.4011173	0.01528229472	-7415.17653154186	
740.8411173	86	8	6	0.7418975434	0.01494119102	97.01592699	2.163155493	0.8209175217	52.86421624	25.4001377	21.73564606	0	0	0	-740.8411173	0.01494119102	-7600.84120359775	
738.2811173	86	8	6	0.7456037545	0.01460847622	97.02364197	2.156089485	0.820268541	52.20955678	25.74472832	22.0457149	0	0	0	-738.2811173	0.01460847622	-7793.85792817602	
735.7211173	86	8	6	0.7491746918	0.0142840542	97.031884	2.148832355	0.8192836474	51.56004031	26.08665416	22.35330553	0	0	0	-735.7211173	0.0142840542	-7994.42323613775	
733.1611173	86	8	6	0.7526166676	0.01396782049	97.04063686	2.141396607	0.8179665374	50.91578221	26.42585191	22.65836588	0	0	0	-733.1611173	0.01396782049	-8202.71645346439	
730.6011173	86	8	6	0.7559356642	0.0136596619	97.04988469	2.133794035	0.8163212778	50.27688421	26.76226547	22.96085032	0	0	0	-730.6011173	0.0136596619	-8418.89825969945	
728.0411173	86	8	6	0.7591373527	0.01335945697	97.0596121	2.126035628	0.8143522728	49.64343499	27.09584567	23.26071935	0	0	0	-728.0411173	0.01335945697	-8643.1203993449	
725.4811173	86	8	6	0.7622271092	0.01306707665	97.06980414	2.118131608	0.8120642483	49.01551079	27.42654994	23.55793927	0	0	0	-725.4811173	0.01306707665	-8875.52290587871	
722.9211173	86	8	6	0.7652100313	0.01278238472	97.08044629	2.110091472	0.8094622364	48.39317611	27.75434197	23.85248192	0	0	0	-722.9211173	0.01278238472	-9116.23384072073	
720.3611173	86	8	6	0.7680909532	0.01250523856	97.09152441	2.101924034	0.8065515588	47.7764843	28.07919136	24.14432433	0	0	0	-720.3611173	0.01250523856	-9365.37191181823	
717.8011173	86	8	6	0.7708744596	0.01223548985	97.10302473	2.093637464	0.8033378103	47.1654783	28.40107332	24.43344838	0	0	0	-717.8011173	0.01223548985	-9623.04548558795	
715.2411173	86	8	6	0.7735648996	0.01197298531	97.11493383	2.085239326	0.799826842	46.56019125	28.71996824	24.71984051	0	0	0	-715.2411173	0.01197298531	-9889.35393998179	
712.6811173	86	8	6	0.7761663989	0.01171756749	97.12723864	2.076736616	0.7960247443	45.96064723	29.03586141	25.00349136	0	0	0	-712.6811173	0.01171756749	-10164.3884456987	
710.1211173	86	8	6	0.7786828721	0.01146907553	97.13992637	2.068135799	0.7919378306	45.36686183	29.34874266	25.28439551	0	0	0	-710.1211173	0.01146907553	-10448.2317755915	
707.5611173	86	8	6	0.7811180339	0.01122734589	97.15298454	2.059442841	0.7875726207	44.77884284	29.65860603	25.56255114	0	0	0	-707.5611173	0.01122734589	-10740.9592946825	
705.0011173	86	8	6	0.7834754102	0.01099221309	97.16640093	2.050663243	0.7829358243	44.19659085	29.96544941	25.83795974	0	0	0	-705.0011173	0.01099221309	-11042.6391792067	
702.4411173	86	8	6	0.7857583476	0.01076351037	97.1801636	2.041802074	0.7780343253	43.62009984	30.2692743	26.11062586	0	0	0	-702.4411173	0.01076351037	-11353.3317863799	
699.8811173	86	8	6	0.7879700235	0.01054107031	97.19426084	2.032863995	0.7728751663	43.04935775	30.57008544	26.38055681	0	0	0	-699.8811173	0.01054107031	-11673.0932823971	
697.3211173	86	8	6	0.7901134554	0.01032472553	97.20868117	2.023853295	0.7674655336	42.48434702	30.86789057	26.64776241	0	0	0	-697.3211173	0.01032472553	-12001.9689288017	
694.7611173	86	8	6	0.7921915089	0.01011430897	97.22341335	2.014773908	0.7618127423	41.9250451	31.16270014	26.91225475	0	0	0	-694.7611173	0.01011430897	-12340.0016830842	
692.2011173	86	8	6	0.7942069064	0.009909654763	97.23844633	2.005629445	0.7559242222	41.37142494	31.45452707	27.17404799	0	0	0	-692.2011173	0.009909654763	-12687.2288397041	
689.6411173	86	8	6	0.7961622344	0.009710598341	97.25376928	1.996423214	0.7498075044	40.82345543	31.74338647	27.4331581	0	0	0	-689.6411173	0.009710598341	-13043.6778624481	
687.0811173	86	8	6	0.7980599514	0.00951697701	97.26937155	1.987158241	0.7434702078	40.28110187	32.02929546	27.68960268	0	0	0	-687.0811173	0.00951697701	-13409.3740012785	
684.5211173	86	8	6	0.7999023941	0.009328630249	97.28524268	1.977837291	0.7369200265	39.7443263	32.31227291	27.94340078	0	0	0	-684.5211173	0.009328630249	-13784.3355088561	
681.9611173	86	8	6	0.8016917845	0.009145400017	97.30137239	1.968462888	0.7301647178	39.21308797	32.59233929	28.19457274	0	0	0	-681.9611173	0.009145400017	-14168.5753467687	
679.4011173	86	8	6	0.8034302358	0.00896713102	97.31775058	1.95903733	0.7232120901	38.68734359	32.86951645	28.44313996	0	0	0	-679.4011173	0.00896713102	-14562.1011854523	
676.8411173	86	8	6	0.8051197582	0.008793670933	97.3343673	1.949562709	0.7160699923	38.16704771	33.14382745	28.68912484	0	0	0	-676.8411173	0.008793670933	-14964.9150883554	
674.2811173	86	8	6	0.8067622647	0.008624870581	97.35121278	1.940040922	0.7087463025	37.65215301	33.4152964	28.93255059	0	0	0	-674.2811173	0.008624870581	-15377.0139343524	
671.7211173	86	8	6	0.8083595761	0.008460584099	97.36827739	1.930473688	0.701248918	37.14261057	33.68394834	29.17344109	0	0	0	-671.7211173	0.008460584099	-15798.3894240284	
669.1611173	86	8	6	0.8099134259	0.008300669048	97.38555169	1.92086256	0.6935857453	36.63837011	33.94980907	29.41182081	0	0	0	-669.1611173	0.008300669048	-16229.0278936841	
666.6011173	86	8	6	0.811425465	0.00814498651	97.40302637	1.911208937	0.6857646911	36.13938025	34.21290505	29.6477147	0	0	0	-666.6011173	0.00814498651	-16668.9104660411	
664.0411173	86	8	6	0.8128972664	0.007993401154	97.42069227	1.901514076	0.6777936526	35.6455887	34.47326324	29.88114806	0	0	0	-664.0411173	0.007993401154	-17118.0131668191	
661.4811173	86	8	6	0.8143303287	0.007845781284	97.43854039	1.891779101	0.6696805095	35.15694246	34.73091107	30.11214647	0	0	0	-661.4811173	0.007845781284	-17576.3070076175	
658.9211173	86	8	6	0.8157260807	0.007701998863	97.45656187	1.882005016	0.6614331157	34.67338802	34.98587626	30.34073572	0	0	0	-658.9211173	0.007701998863	-18043.7575503018	
656.3611173	86	8	6	0.8170858845	0.007561929515	97.474748	1.872192708	0.6530592912	34.19487148	35.23818681	30.56694171	0	0	0	-656.3611173	0.007561929515	-18520.3253424712	
653.8011173	86	8	6	0.8184110397	0.007425452522	97.49309022	1.862342962	0.6445668146	33.72133872	35.48787086	30.79079041	0	0	0	-653.8011173	0.007425452522	-19005.9659335814	
651.2411173	86	8	6	0.8197027859	0.007292450797	97.51158012	1.852456465	0.6359634163	33.25273556	35.73495666	31.01230779	0	0	0	-651.2411173	0.007292450797	-19500.6295923103	
648.6811173	86	8	6	0.8209623064	0.00716281085	97.53020942	1.842533811	0.6272567712	32.78900782	35.97947245	31.23151974	0	0	0	-648.6811173	0.00716281085	-20004.2614991139	
646.1211173	86	8	6	0.8221907309	0.007036422742	97.54897	1.832575512	0.6184544924	32.33010147	36.22144647	31.44845206	0	0	0	-646.1211173	0.007036422742	-20516.8016969728	
643.5611173	86	8	6	0.8233891382	0.006913180031	97.56785387	1.822582004	0.609564125	31.87596273	36.46090687	31.6631304	0	0	0	-643.5611173	0.006913180031	-21038.1850094463	
641.0011173	86	8	6	0.8245585592	0.006792979709	97.58685321	1.812553647	0.6005931399	31.42653814	36.69788164	31.87558022	0	0	0	-641.0011173	0.006792979709	-21568.3413719284	
638.4411173	86	8	6	0.8256999787	0.006675722138	97.60596033	1.802490737	0.5915489282	30.98177462	36.93239862	32.08582676	0	0	0	-638.4411173	0.006675722138	-22107.1954642881	
635.8811173	86	8	6	0.8268143386	0.006561310972	97.6251677	1.792393507	0.582438796	30.54161959	37.16448542	32.293895	0	0	0	-635.8811173	0.006561310972	-22654.6664559358	
633.3211173	86	8	6	0.8279025393	0.006449653081	97.64446791	1.782262132	0.5732699587	30.10602098	37.39416939	32.49980963	0	0	0	-633.3211173	0.006449653081	-23210.6690817202	
630.7611173	86	8	6	0.8289654422	0.006340658477	97.66385373	1.772096733	0.5640495365	29.67492732	37.62147762	32.70359506	0	0	0	-630.7611173	0.006340658477	-23775.1124381745	
628.2011173	86	8	6	0.8300038716	0.006234240221	97.68331807	1.761897384	0.5547845495	29.24828776	37.84643688	32.90527535	0	0	0	-628.2011173	0.006234240221	-24347.9004036717	
625.6411173	86	8	6	0.8310186167	0.006130314348	97.70285398	1.75166411	0.5454819132	28.82605214	38.06907362	33.10487424	0	0	0	-625.6411173	0.006130314348	-24928.9321209085	
623.0811173	86	8	6	0.8320104328	0.006028799777	97.72245467	1.741396896	0.5361484342	28.40817099	38.28941391	33.3024151	0	0	0	-623.0811173	0.006028799777	-25518.1015468952	
620.5211173	86	8	6	0.8329800438	0.005929618229	97.74211351	1.731095687	0.526790806	27.99459559	38.50748349	33.49792092	0	0	0	-620.5211173	0.005929618229	-26115.2974118885	
617.9611173	86	8	6	0.833928143	0.005832694137	97.761824	1.720760391	0.5174156057	27.58527798	38.72330769	33.69141433	0	0	0	-617.9611173	0.005832694137	-26720.4028222547	
615.4011173	86	8	6	0.8348553951	0.005737954561	97.78157983	1.710390882	0.5080292893	27.18017099	38.93691145	33.88291756	0	0	0	-615.4011173	0.005737954561	-27333.2967613165	
612.8411173	86	8	6	0.8357624373	0.00564532911	97.80137481	1.699987005	0.4986381894	26.77922826	39.1483193	34.07245244	0	0	0	-612.8411173	0.00564532911	-27953.8528687754	
610.2811173	86	8	6	0.8366498806	0.00555474985	97.82120291	1.689548576	0.489248511	26.38240422	39.35755537	34.2600404	0	0	0	-610.2811173	0.00555474985	-28581.9390671385	
607.7211173	86	8	6	0.8375183115	0.005466151225	97.84105829	1.679075383	0.4798663288	25.98965418	39.56464334	34.44570247	0	0	0	-607.7211173	0.005466151225	-29217.4188789032	
605.1611173	86	8	6	0.8383682926	0.005379469977	97.86093522	1.668567192	0.4704975843	25.60093425	39.76960649	34.62945927	0	0	0	-605.1611173	0.005379469977	-29860.1509083473	
602.6011173	86	8	6	0.839200364	0.005294645066	97.88082817	1.658023746	0.4611480828	25.21620138	39.97246763	34.81133099	0	0	0	-602.6011173	0.005294645066	-30509.9882768275	
600.0411173	86	8	6	0.8400150444	0.00521161759	97.90073174	1.64744477	0.4518234911	24.8354134	40.17324916	34.99133743	0	0	0	-600.0411173	0.00521161759	-31166.779835522	
597.4811173	86	8	6	0.8408128321	0.005130330715	97.9206407	1.636829969	0.4425293351	24.45852897	40.37197305	35.16949798	0	0	0	-597.4811173	0.005130330715	-31830.3694335972	
594.9211173	86	8	6	0.8415942057	0.005050729595	97.94054997	1.626179034	0.4332709972	24.08550759	40.5686608	35.34583161	0	0	0	-594.9211173	0.005050729595	-32500.5950782423	
592.3611173	86	8	6	0.8423596254	0.004972761301	97.96045465	1.615491639	0.4240537149	23.71630963	40.76333349	35.52035688	0	0	0	-592.3611173	0.004972761301	-33177.2915411439	
589.8011173	86	8	6	0.8431095336	0.004896374758	97.98034997	1.604767449	0.4148825781	23.35089629	40.95601176	35.69309195	0	0	0	-589.8011173	0.004896374758	-33860.28805153	
587.2411173	86	8	6	0.8438443557	0.004821520667	98.00023136	1.594006114	0.4057625283	22.9892296	41.14671581	35.86405459	0	0	0	-587.2411173	0.004821520667	-34549.408946223	
584.6811173	86	8	6	0.844564501	0.004748151448	98.02009437	1.583207278	0.3966983561	22.63127244	41.33546541	36.03326215	0	0	0	-584.6811173	0.004748151448	-35244.8272153944	
582.1211173	86	8	6	0.8452703634	0.004676222569	98.03993472	1.572370579	0.3876946999	22.27698852	41.5222799	36.20073158	0	0	0	-582.1211173	0.004676222569	-35950.172589742	
579.5611173	86	8	6	0.8459623244	0.004605704174	98.05974828	1.561495685	0.3787560339	21.92634246	41.7071783	36.36647924	0	0	0	-579.5611173	0.004605704174	-36643.4604262531	
577.0011173	86	8	6	0.8466407395	0.004536474025	98.0795312	1.550582061	0.3698867362	21.57930139	41.89017776	36.53052085	0	0	0	-577.0011173	0.004536474025	-37359.4897895017	
574.4411173	86	8	6	0.8473059713	0.004468629331	98.09927956	1.539629508	0.3610909311	21.23582734	42.0712987	36.69287397	0	0	0	-574.4411173	0.004468629331	-38088.2607527436	
571.8811173	86	8	6	0.8479583541	0.004402026466	98.11898976	1.528637583	0.3523726578	20.89588941	42.25055761	36.85355297	0	0	0	-571.8811173	0.004402026466	-38802.3644768218	
569.3211173	86	8	6	0.8485982141	0.004336655609	98.13865832	1.517605904	0.3437357808	20.55945533	42.42797173	37.01257294	0	0	0	-569.3211173	0.004336655609	-39525.3818534696	
566.7611173	86	8	6	0.8492258641	0.004272467845	98.15828195	1.506534026	0.3351840251	20.22649337	42.6035577	37.16994894	0	0	0	-566.7611173	0.004272467845	-40266.527769379	
564.2011173	86	8	6	0.8498416134	0.004209480204	98.17785731	1.495421812	0.3267208781	19.89697185	42.77733301	37.32569514	0	0	0	-564.2011173	0.004209480204	-40999.1762568484	
561.6411173	86	8	6	0.8504457471	0.004147568743	98.19738158	1.48426862	0.3183498039	19.57086327	42.94931206	37.47982467	0	0	0	-561.6411173	0.004147568743	-41729.7511590785	
559.0811173	86	8	6	0.85103855	0.004086765936	98.21685181	1.473074177	0.3100740133	19.2481369	43.11951125	37.63235185	0	0	0	-559.0811173	0.004086765936	-42479.1790492562	
556.5211173	86	8	6	0.851620294	0.004027020557	98.2362653	1.461838117	0.3018965865	18.92876417	43.28794582	37.78329002	0	0	0	-556.5211173	0.004027020557	-43226.5899913078	
553.9611173	86	8	6	0.8521912418	0.003968302505	98.25561946	1.450560092	0.2938204444	18.61271723	43.45463065	37.93265212	0	0	0	-553.9611173	0.003968302505	-43977.6700765761	
551.4011173	86	8	6	0.8527516468	0.003910580787	98.27491189	1.43923976	0.2858483527	18.29996893	43.61958027	38.0804508	0	0	0	-551.4011173	0.003910580787	-44731.7520767823	
548.8411173	86	8	6	0.8533017537	0.003853826087	98.29414029	1.427876789	0.2779829213	17.9904928	43.78280881	38.22669839	0	0	0	-548.8411173	0.003853826087	-45488.8401902304	
546.2811173	86	8	6	0.8538417988	0.003798010055	98.31330253	1.416470862	0.2702266054	17.68426305	43.94433005	38.3714069	0	0	0	-546.2811173	0.003798010055	-46248.7003969738	
543.7211173	86	8	6	0.8543720103	0.003743105275	98.33239662	1.405021673	0.2625817061	17.38125454	44.10415743	38.51458803	0	0	0	-543.7211173	0.003743105275	-47011.0966206342	
541.1611173	86	8	6	0.8548926089	0.003689085227	98.35142069	1.393528935	0.2550503712	17.08144279	44.26230401	38.65625319	0	0	0	-541.1611173	0.003689085227	-47775.788981582	
538.6011173	86	8	6	0.8554038076	0.003635924253	98.37037303	1.381992376	0.2476345969	16.78480396	44.41878255	38.79641349	0	0	0	-538.6011173	0.003635924253	-48542.5380639316	
536.0411173	86	8	6	0.8559058125	0.003583597531	98.38925203	1.370411744	0.2403362287	16.49131482	44.57360544	38.93507974	0	0	0	-536.0411173	0.003583597531	-49311.1030702704	
533.4811173	86	8	6	0.8563988227	0.003532081039	98.40805623	1.358786806	0.2331569632	16.20095275	44.72678477	39.07226248	0	0	0	-533.4811173	0.003532081039	-50081.2396478483	
530.9211173	86	8	6	0.8568830309	0.003481351526	98.4267843	1.347117354	0.2260983492	15.91369577	44.87833228	39.20797195	0	0	0	-530.9211173	0.003481351526	-50852.7045811346	
528.3611173	86	8	6	0.8573586232	0.003431386488	98.44543501	1.335403201	0.2191617899	15.62952243	45.02825942	39.34221815	0	0	0	-528.3611173	0.003431386488	-51625.2539616044	
525.8011173	86	8	6	0.85782578	0.003382164137	98.46400727	1.323644185	0.2123485443	15.3484119	45.1765773	39.4750108	0	0	0	-525.8011173	0.003382164137	-52398.6424882062	
523.2411173	86	8	6	0.8582846756	0.003333663377	98.4825001	1.311840173	0.2056597294	15.07034389	45.32329675	39.60635935	0	0	0	-523.2411173	0.003333663377	-53172.625589787	
520.6811173	86	8	6	0.8587354787	0.003285863779	98.50091262	1.29999106	0.1990963223	14.79529868	45.4684283	39.73627302	0	0	0	-520.6811173	0.003285863779	-53946.9604632821	
518.1211173	86	8	6	0.8591783528	0.00323874556	98.51924407	1.288096769	0.1926591621	14.52325707	45.61198217	39.86476075	0	0	0	-518.1211173	0.00323874556	-54721.40229401	
515.5611173	86	8	6	0.8596134559	0.003192289553	98.53749379	1.276157258	0.1863489524	14.25420041	45.75396832	39.99183127	0	0	0	-515.5611173	0.003192289553	-55495.7095333849	
513.0011173	86	8	6	0.8600409413	0.003146477196	98.55566122	1.264172517	0.1801662639	13.98811054	45.8943964	40.11749306	0	0	0	-513.0011173	0.003146477196	-56269.6434010682	
510.4411173	86	8	6	0.8604609572	0.003101290503	98.57374589	1.252142573	0.1741115364	13.72496982	46.03327581	40.24175437	0	0	0	-510.4411173	0.003101290503	-57042.9633681058	
507.8811173	86	8	6	0.8608736473	0.003056712046	98.59174743	1.240067488	0.1681850818	13.46476112	46.17061567	40.36462321	0	0	0	-507.8811173	0.003056712046	-57815.4355640526	
505.3211173	86	8	6	0.8612791509	0.003012724941	98.60966555	1.227947365	0.1623870867	13.20746775	46.30642484	40.4861074	0	0	0	-505.3211173	0.003012724941	-58586.8270268306	
502.7611173	86	8	6	0.8616776029	0.002969312822	98.62750004	1.215782347	0.156717615	12.95307354	46.44071193	40.60621453	0	0	0	-502.7611173	0.002969312822	-59356.9080236301	
500.2011173	86	8	6	0.8620691339	0.002926459831	98.64525077	1.20357262	0.1511766114	12.70156273	46.57348529	40.72495198	0	0	0	-500.2011173	0.002926459831	-60125.455871313	
497.6411173	86	8	6	0.8624538709	0.002884150599	98.66291768	1.191318416	0.1457639034	12.45292005	46.70475303	40.84232692	0	0	0	-497.6411173	0.002884150599	-60892.2476615927	
495.0811173	86	8	6	0.8628319365	0.002842370226	98.68050078	1.179020011	0.1404792052	12.20713064	46.83452302	40.95834634	0	0	0	-495.0811173	0.002842370226	-61657.0690077056	
492.5211173	86	8	6	0.86320345	0.002801104275	98.69800015	1.166677731	0.1353221204	11.96418008	46.96280289	41.07301703	0	0	0	-492.5211173	0.002801104275	-62419.7118720421	
489.9611173	86	8	6	0.863568527	0.00276033875	98.7154159	1.154291952	0.1302921452	11.72405436	47.08960006	41.18634558	0	0	0	-489.9611173	0.00276033875	-63179.9723735333	
487.4011173	86	8	6	0.8639272796	0.002720060087	98.73274823	1.141863102	0.1253886719	11.48673987	47.21492171	41.29833843	0	0	0	-487.4011173	0.002720060087	-63937.6536320703	
484.8411173	86	8	6	0.8642798166	0.002680255137	98.74999734	1.129391663	0.1206109918	11.25222339	47.33877482	41.4090018	0	0	0	-484.8411173	0.002680255137	-64692.5681839996	
482.2811173	86	8	6	0.8646262434	0.00264091116	98.76716353	1.116878174	0.1159582992	11.02049209	47.46116614	41.51834177	0	0	0	-482.2811173	0.00264091116	-65444.5365144832	
479.7211173	86	8	6	0.8649666626	0.002602015807	98.78424708	1.104323229	0.1114296939	10.79153352	47.58210224	41.62636424	0	0	0	-479.7211173	0.002602015807	-66193.3862571684	
477.1611173	86	8	6	0.8653011735	0.002563557113	98.80124833	1.091727487	0.1070241857	10.56533556	47.70158947	41.73307497	0	0	0	-477.1611173	0.002563557113	-66938.9565764123	
474.6011173	86	8	6	0.8656298727	0.002525523485	98.81816764	1.079091663	0.1027406971	10.34188647	47.819634	41.83847953	0	0	0	-474.6011173	0.002525523485	-67681.0114314917	
472.0411173	86	8	6	0.8659528552	0.0024879036	98.83500534	1.066416591	0.098578065	10.12117478	47.936242	41.94258322	0	0	0	-472.0411173	0.0024879036	-68418.1884713819	
469.4811173	86	8	6	0.8662702092	0.002450685274	98.85176195	1.053702995	0.09453505205	9.903189637	48.05141882	42.04539155	0	0	0	-469.4811173	0.002450685274	-69154.6801665362	
466.9211173	86	8	6	0.8665820249	0.002413862448	98.86843778	1.040951882	0.09061034089	9.687919932	48.16517042	42.14690965	0	0	0	-466.9211173	0.002413862448	-69887.0606140576	
464.3611173	86	8	6	0.866888388	0.002377420261	98.88503324	1.028164215	0.08680254064	9.475355338	48.27750217	42.24714249	0	0	0	-464.3611173	0.002377420261	-70612.7149848743	
461.8011173	86	8	6	0.8671893818	0.002341350436	98.90154876	1.015341049	0.08311019239	9.265485676	48.38841938	42.34609494	0	0	0	-461.8011173	0.002341350436	-71335.8515360135	
459.2411173	86	8	6	0.8674850876	0.002305643426	98.91798472	1.002483511	0.07953177177	9.058301047	48.49792718	42.44377177	0	0	0	-459.2411173	0.002305643426	-72054.9120022863	
456.6811173	86	8	6	0.8677755842	0.002270289999	98.9343415	0.9895928048	0.07606569256	8.853791824	48.60603055	42.54017763	0	0	0	-456.6811173	0.002270289999	-72769.8393864432	
454.1211173	86	8	6	0.8680609482	0.00223528123	98.95061948	0.9766702079	0.07271031038	8.651948634	48.71273433	42.63531703	0	0	0	-454.1211173	0.00223528123	-73480.5938575891	
451.5611173	86	8	6	0.8683412541	0.002200608497	98.966819	0.9637170776	0.06946392624	8.452762352	48.81804323	42.72919442	0	0	0	-451.5611173	0.002200608497	-74187.1525695179	
449.0011173	86	8	6	0.8686165745	0.002166263473	98.98294036	0.9507348508	0.06632479021	8.256224088	48.92196182	42.82181409	0	0	0	-449.0011173	0.002166263473	-74889.5119736029	
446.4411173	86	8	6	0.8688869799	0.002132238124	98.99898385	0.9377250451	0.06329110496	8.062325171	49.02449454	42.91318029	0	0	0	-446.4411173	0.002132238124	-75587.6887745948	
443.8811173	86	8	6	0.8691525388	0.002098524702	99.01494971	0.9246892615	0.06036102938	7.87105714	49.12564572	43.00329714	0	0	0	-443.8811173	0.002098524702	-76281.717931303	
441.3211173	86	8	6	0.8694133182	0.002065115741	99.03083813	0.9116291849	0.05753268208	7.682411732	49.22541958	43.09216868	0	0	0	-441.3211173	0.002065115741	-76971.6570957347	
438.7611173	86	8	6	0.869669383	0.002032004054	99.04664927	0.8985465859	0.05480414494	7.496380866	49.32382024	43.1797989	0	0	0	-438.7611173	0.002032004054	-77657.5855851558	
436.2011173	86	8	6	0.8699207965	0.001999182728	99.06238321	0.885443322	0.05217346654	7.312956633	49.4208517	43.26619167	0	0	0	-436.2011173	0.001999182728	-78339.6069649721	
433.6411173	86	8	6	0.8701676204	0.001966645123	99.07804	0.8723213386	0.04963866564	7.132131281	49.51651789	43.35135083	0	0	0	-433.6411173	0.001966645123	-79017.8491077243	
431.0811173	86	8	6	0.8704099148	0.001934384867	99.09361959	0.8591826706	0.0471977345	6.953897202	49.61082265	43.43528015	0	0	0	-431.0811173	0.001934384867	-79692.4607599607	
428.5211173	86	8	6	0.8706477382	0.001902395852	99.10912191	0.8460294429	0.04484864229	6.778246918	49.70376974	43.51798334	0	0	0	-428.5211173	0.001902395852	-80363.6215938277	
425.9611173	86	8	6	0.8708811477	0.001870672237	99.12454679	0.8328638714	0.04258933831	6.605173068	49.79536287	43.59946406	0	0	0	-425.9611173	0.001870672237	-81031.5386437289	
423.4011173	86	8	6	0.871110199	0.001839208441	99.13989398	0.8196882637	0.04041775527	6.434668392	49.88560567	43.67972594	0	0	0	-423.4011173	0.001839208441	-81696.4443769207	
420.8411173	86	8	6	0.8713349463	0.001807999144	99.15516317	0.8065050199	0.03833181237	6.266725717	49.97450173	43.75877256	0	0	0	-420.8411173	0.001807999144	-82358.6004622577	
418.2811173	86	8	6	0.8715554428	0.001777039283	99.17035395	0.7933166332	0.03632941849	6.101337944	50.06205458	43.83660748	0	0	0	-418.2811173	0.001777039283	-83018.301085429	
415.7211173	86	8	6	0.87177174	0.001746324055	99.18546584	0.7801256897	0.03440847512	5.938498027	50.14826773	43.91323425	0	0	0	-415.7211173	0.001746324055	-83675.869059511	
413.1611173	86	8	6	0.8719838886	0.00171584891	99.20049825	0.7669348691	0.03256687939	5.778198965	50.23314465	43.98865638	0	0	0	-413.1611173	0.00171584891	-84331.6607364982	
410.6011173	86	8	6	0.872191938	0.001685609557	99.21545053	0.7537469444	0.03080252689	5.620433781	50.31668882	44.0628774	0	0	0	-410.6011173	0.001685609557	-84986.070329885	
408.0411173	86	8	6	0.8723959363	0.00165560196	99.2303219	0.740564782	0.02911331449	5.465195506	50.39890366	44.13590083	0	0	0	-408.0411173	0.00165560196	-85639.5196367822	
405.4811173	86	8	6	0.8725959309	0.001625822336	99.24511152	0.7273913411	0.02749714304	5.312477164	50.47979264	44.2077302	0	0	0	-405.4811173	0.001625822336	-86292.4683683164	
402.9211173	86	8	6	0.8727919679	0.001596267158	99.25981841	0.7142296736	0.02595192001	5.162271754	50.55935921	44.27836904	0	0	0	-402.9211173	0.001596267158	-86945.4148126315	
400.3611173	86	8	6	0.8729840927	0.001566933153	99.27444152	0.7010829227	0.02447556201	5.014572233	50.63760683	44.34782093	0	0	0	-400.3611173	0.001566933153	-87598.8985084438	
397.8011173	86	8	6	0.8731723494	0.001537817306	99.28897968	0.6879543226	0.02306599725	4.869371499	50.71453902	44.41608948	0	0	0	-397.8011173	0.001537817306	-88253.4949149844	
395.2411173	86	8	6	0.8733567816	0.001508916854	99.30343164	0.674847197	0.02172116791	4.72666237	50.79015931	44.48317832	0	0	0	-395.2411173	0.001508916854	-88909.8197297239	
392.6811173	86	8	6	0.8735374319	0.001480229292	99.31779601	0.661764958	0.02043903238	4.586437569	50.86447129	44.54909114	0	0	0	-392.6811173	0.001480229292	-89568.5341700431	
390.1211173	86	8	6	0.8737143421	0.00145175237	99.33207133	0.6487111042	0.01921756744	4.448689704	50.9374786	44.61383169	0	0	0	-390.1211173	0.00145175237	-90230.3388201211	
387.5611173	86	8	6	0.8738875533	0.001423484094	99.34625601	0.6356892188	0.01805477031	4.313411248	51.00918496	44.67740379	0	0	0	-387.5611173	0.001423484094	-90895.9875987967	
385.0011173	86	8	6	0.874057106	0.001395422731	99.36034837	0.622702968	0.01694866068	4.18059452	51.07959415	44.73981133	0	0	0	-385.0011173	0.001395422731	-91566.2780822616	
382.4411173	86	8	6	0.8742230399	0.001367566803	99.37434662	0.609756098	0.01589728252	4.050231666	51.14871005	44.80105829	0	0	0	-382.4411173	0.001367566803	-92242.0518202684	
379.8811173	86	8	6	0.8743853941	0.001339915091	99.38824886	0.5968524331	0.01489870586	3.922314637	51.21653664	44.86114872	0	0	0	-379.8811173	0.001339915091	-92924.2073784219	
377.3211173	86	8	6	0.8745442072	0.001312466636	99.4020531	0.583995872	0.01395102852	3.79683517	51.28307803	44.9200868	0	0	0	-377.3211173	0.001312466636	-93613.6978889755	
374.7611173	86	8	6	0.8746995173	0.00128522074	99.41575724	0.5711903853	0.01305237761	3.673784769	51.34833841	44.97787682	0	0	0	-374.7611173	0.00128522074	-94311.5282627216	
372.2011173	86	8	6	0.8748513619	0.001258176964	99.42935908	0.5584400116	0.01220091105	3.553154679	51.41232215	45.03452317	0	0	0	-372.2011173	0.001258176964	-95018.7577299495	
369.6411173	86	8	6	0.874999778	0.001231335129	99.44285633	0.5457488544	0.01139481892	3.434935869	51.47503373	45.0900304	0	0	0	-369.6411173	0.001231335129	-95736.5096356299	
367.0811173	86	8	6	0.8751448025	0.001204695318	99.4562466	0.5331210772	0.01063232471	3.31911901	51.53647782	45.14440317	0	0	0	-367.0811173	0.001204695318	-96465.9730935479	
364.5211173	86	8	6	0.8752864717	0.001178257876	99.46952741	0.5205608998	0.009911686529	3.205694451	51.59665923	45.19764632	0	0	0	-364.5211173	0.001178257876	-97208.3956612557	
361.9611173	86	8	6	0.8754248214	0.001152023406	99.48269621	0.5080725938	0.009231198149	3.094652201	51.65558296	45.24976484	0	0	0	-361.9611173	0.001152023406	-97965.0983659734	
359.4011173	86	8	6	0.8755598876	0.001125992775	99.49575033	0.4956604771	0.008589189974	2.985981903	51.71325422	45.30076387	0	0	0	-359.4011173	0.001125992775	-98737.4720981437	
356.8411173	86	8	6	0.8756917055	0.001100167106	99.50868706	0.4833289093	0.00798402992	2.879672815	51.76967841	45.35064877	0	0	0	-356.8411173	0.001100167106	-99526.9830415871	
354.2811173	86	8	6	0.8758203106	0.001074547784	99.52150359	0.4710822859	0.007414124182	2.775713785	51.82486115	45.39942507	0	0	0	-354.2811173	0.001074547784	-100335.181007718	
351.7211173	86	8	6	0.8759457379	0.00104913645	99.53419705	0.4589250326	0.006877917923	2.674093234	51.87880829	45.44709848	0	0	0	-351.7211173	0.00104913645	-101163.694083411	
349.1611173	86	8	6	0.8760680222	0.001023935001	99.5467645	0.4468615992	0.006373895854	2.574799127	51.93152591	45.49367496	0	0	0	-349.1611173	0.001023935001	-102014.243770707	
346.6011173	86	8	6	0.8761871986	0.0009989455887	99.55920296	0.4348964534	0.005900582732	2.477818957	51.98302038	45.53916066	0	0	0	-346.6011173	0.0009989455887	-102888.643552908	
344.0411173	86	8	6	0.8763033017	0.0009741706153	99.57150938	0.4230340737	0.005456543765	2.38313972	52.03329829	45.58356199	0	0	0	-344.0411173	0.0009741706153	-103788.805641014	
341.4811173	86	8	6	0.8764163663	0.0009496127318	99.58368067	0.4112789432	0.005040384929	2.290747896	52.08236654	45.62688556	0	0	0	-341.4811173	0.0009496127318	-104716.750306553	
338.9211173	86	8	6	0.8765264272	0.0009252748344	99.5957137	0.3996355419	0.0046507532	2.200629425	52.1302323	45.66913827	0	0	0	-338.9211173	0.0009252748344	-105674.608634292	
336.3611173	86	8	6	0.8766335192	0.0009011600598	99.60760532	0.3881083394	0.004286336704	2.112769688	52.17690306	45.71032725	0	0	0	-336.3611173	0.0009011600598	-106664.631902139	
333.8011173	86	8	6	0.8767376772	0.0008772717814	99.61935235	0.3767017872	0.003945864784	2.027153485	52.22238659	45.75045992	0	0	0	-333.8011173	0.0008772717814	-107689.199815357	
331.2411173	86	8	6	0.8768389363	0.0008536136035	99.63095158	0.3654203111	0.00362810799	1.943765017	52.26669102	45.78954397	0	0	0	-331.2411173	0.0008536136035	-108750.828532639	
328.6811173	86	8	6	0.8769373314	0.0008301893558	99.64239982	0.3542683025	0.003331877995	1.862587863	52.30982478	45.82758736	0	0	0	-328.6811173	0.0008301893558	-109852.180368803	
326.1211173	86	8	6	0.877032898	0.0008070030863	99.65369386	0.3432501109	0.003056027439	1.783604967	52.35179667	45.86459836	0	0	0	-326.1211173	0.0008070030863	-110996.075518257	
323.5611173	86	8	6	0.8771256716	0.0007840590548	99.66483052	0.3323700345	0.0027994497	1.706798615	52.39261583	45.90058556	0	0	0	-323.5611173	0.0007840590548	-112185.503399001	
321.0011173	86	8	6	0.877215688	0.0007613617242	99.67580661	0.3216323122	0.002561078599	1.632150418	52.43229176	45.93555782	0	0	0	-321.0011173	0.0007613617242	-113423.633495524	
318.4411173	86	8	6	0.8773029831	0.0007389157516	99.686619	0.3110411147	0.002339888048	1.5596413	52.47083434	45.96952436	0	0	0	-318.4411173	0.0007389157516	-114713.832661131	
315.8811173	86	8	6	0.8773875933	0.0007167259793	99.69726457	0.3006005352	0.002134891627	1.489251475	52.50825383	46.00249469	0	0	0	-315.8811173	0.0007167259793	-116059.679566596	
313.3211173	86	8	6	0.8774695551	0.0006947974238	99.70774028	0.2903145811	0.001945142115	1.420960443	52.54456088	46.03447868	0	0	0	-313.3211173	0.0006947974238	-117464.979544949	
310.7611173	86	8	6	0.8775489057	0.0006731352642	99.7180431	0.2801871641	0.001769730956	1.354746967	52.57976652	46.06548651	0	0	0	-310.7611173	0.0006731352642	-118933.787013879	
308.2011173	86	8	6	0.8776256822	0.0006517448308	99.72817012	0.2702220919	0.001607787684	1.290589067	52.6138822	46.09552873	0	0	0	-308.2011173	0.0006517448308	-120470.424861763	
305.6411173	86	8	6	0.8776999225	0.0006306315912	99.73811846	0.2604230583	0.001458479294	1.228464009	52.64691978	46.12461621	0	0	0	-305.6411173	0.0006306315912	-122079.505345422	
303.0811173	86	8	6	0.8777716646	0.0006098011363	99.74788536	0.2507936347	0.001321009572	1.168348294	52.6788915	46.1527602	0	0	0	-303.0811173	0.0006098011363	-123765.959213408	
300.5211173	86	8	6	0.8778409471	0.0005892591659	99.75746812	0.2413372608	0.00119461838	1.110217652	52.70981007	46.17997228	0	0	0	-300.5211173	0.0005892591659	-119468.969168456	
300	86	8	6	0.8778547532	0.0001174958948	99.75939603	0.2394337884	0.001170181364	1.098625385	52.71597586	46.18539875	0	0	0	-300	0.0001174958948	117259.736988151	
