T	w(AL)	w(MG)	w(SI)	fs	fw(@FCC_A1)	w(AL@FCC_A1)	w(MG@FCC_A1)	w(SI@FCC_A1)	w(AL@LIQUID)	w(MG@LIQUID)	w(SI@LIQUID)	dwdT_L(AL@LIQUID)	dwdT_L(MG@LIQUID)	dwdT_L(SI@LIQUID)	-T	fw(@FCC_A1)_1	-T//fw(@FCC_A1)	
K	%	%	%	mole/mole	kg/kg	%	%	%	%	%	%	SI	SI	SI				
854.0635289	83	10	7	0	0	97.47258358	2.056090888	0.471325533	83	10	7	0.002449320086	-0.001344410424	-0.001104909662	-854.0635289	0	29.3588674092594	
854.0535289	83	10	7	0.0001683566159	0.0001693729179	97.47240616	2.05622259	0.4713712518	82.99755061	10.00134455	7.001104843	0	0	0	-854.0535289	0.0001693729179	88.7237649748473	
854.0335289	83	10	7	0.0005045983272	0.000338375585	97.47205143	2.056485873	0.4714626985	82.99265179	10.00403344	7.003314776	0	0	0	-854.0335289	0.000338375585	118.344527233161	
853.9935289	83	10	7	0.001176525109	0.000676353507	97.47134209	2.057012353	0.4716455581	82.982853	10.0094118	7.0077352	0	0	0	-853.9935289	0.000676353507	118.405885879526	
853.9135289	83	10	7	0.002518160879	0.001351369827	97.469925	2.058063951	0.4720110501	82.96325133	10.02017047	7.016578198	0	0	0	-853.9135289	0.001351369827	118.633231060479	
853.7535289	83	10	7	0.005192590981	0.002697404222	97.46709635	2.060162447	0.4727412001	82.9240316	10.04169561	7.03427279	0	0	0	-853.7535289	0.002697404222	119.103987874566	
853.4335289	83	10	7	0.01050632552	0.005373575944	97.46146116	2.064340673	0.4741981629	82.84552667	10.08477703	7.069696301	0	0	0	-853.4335289	0.005373575944	120.125017254333	
852.7935289	83	10	7	0.02098278258	0.01065355668	97.45028122	2.072619149	0.4770996291	82.68825816	10.1710544	7.140687439	0	0	0	-852.7935289	0.01065355668	122.219875576594	
851.5135289	83	10	7	0.04137570578	0.02096065517	97.42827641	2.088872771	0.4828508237	82.37267967	10.34409084	7.283229482	0	0	0	-851.5135289	0.02096065517	126.314983639432	
848.9535289	83	10	7	0.08004627078	0.04059700257	97.38567111	2.120183763	0.4941451239	81.73738163	10.69209711	7.570521259	0	0	0	-848.9535289	0.04059700257	-2355.24797532132	
846.3935289	83	10	7	0.1160887842	0.03943785537	97.34488193	2.149969584	0.5051484885	81.09658362	11.04281172	7.860604658	0	0	0	-846.3935289	0.03943785537	-2271.06443241834	
843.8335289	83	10	7	0.1497463836	0.03833930283	97.30587626	2.178263419	0.5158603193	80.45035471	11.39622181	8.153423489	0	0	0	-843.8335289	0.03833930283	-2394.80117331094	
841.2735289	83	10	7	0.1812343827	0.03729694306	97.26862117	2.205099022	0.5262798122	79.79878318	11.75230333	8.448913491	0	0	0	-841.2735289	0.03729694306	-2520.69496249533	
838.7135289	83	10	7	0.2107429249	0.03630556277	97.23308334	2.230510555	0.5364061044	79.14197535	12.1110208	8.747003848	0	0	0	-838.7135289	0.03630556277	-2647.0026222529	
836.1535289	83	10	7	0.2384404989	0.03536046837	97.19922918	2.25453257	0.5462382519	78.48005667	12.47232678	9.047616553	0	0	0	-836.1535289	0.03536046837	-2773.26482204976	
833.5935289	83	10	7	0.2644769082	0.03445744855	97.16702476	2.277200014	0.5557752213	77.81317231	12.83616165	9.350666038	0	0	0	-833.5935289	0.03445744855	-2899.05804575592	
831.0335289	83	10	7	0.2889857714	0.03359271945	97.13643589	2.298548228	0.5650158852	77.14148765	13.20245347	9.656058883	0	0	0	-831.0335289	0.03359271945	-3023.97764569598	
828.4735289	83	10	7	0.3120866396	0.03276287839	97.10742805	2.31861293	0.5739590201	76.46518848	13.57111791	9.963693604	0	0	0	-828.4735289	0.03276287839	-3147.64926396859	
825.9135289	83	10	7	0.3338867947	0.03196486466	97.0799665	2.337430196	0.582603308	75.7844812	13.94205827	10.27346053	0	0	0	-825.9135289	0.03196486466	-3269.73994652796	
823.3535289	83	10	7	0.3544827859	0.03119592601	97.05401624	2.355036424	0.59094734	75.09959264	14.31516557	10.58524179	0	0	0	-823.3535289	0.03119592601	-3389.9687409842	
820.7935289	83	10	7	0.3739617448	0.03045358998	97.02954209	2.37146829	0.5989896242	74.41076984	14.69031878	10.89891138	0	0	0	-820.7935289	0.03045358998	-3508.11615218531	
818.2335289	83	10	7	0.3924025171	0.02973563906	97.00650871	2.386762693	0.6067285957	73.71827948	15.06738519	11.21433533	0	0	0	-818.2335289	0.02973563906	-3624.03156988702	
815.6735289	83	10	7	0.4098766388	0.02904008893	96.98488067	2.400956701	0.6141626296	73.02240713	15.44622081	11.53137206	0	0	0	-815.6735289	0.02904008893	-3737.63905460296	
813.1135289	83	10	7	0.4264491816	0.02836516937	96.96462247	2.414087475	0.6212900576	72.32345629	15.82667101	11.8498727	0	0	0	-813.1135289	0.02836516937	-3848.94053915904	
810.5535289	83	10	7	0.4421794858	0.02770930704	96.94569862	2.426192196	0.6281091855	71.62174716	16.20857118	12.16968166	0	0	0	-810.5535289	0.02770930704	-3958.01647316709	
807.9935289	83	10	7	0.4571217992	0.02707110993	96.9280737	2.437307985	0.634618315	70.91761519	16.59174756	12.49063725	0	0	0	-807.9935289	0.02707110993	-4065.02421370419	
805.4335289	83	10	7	0.471325834	0.02644935299	96.91171242	2.447471815	0.6408157658	70.21140946	16.97601821	12.81257233	0	0	0	-805.4335289	0.02644935299	-4170.19384141908	
802.8735289	83	10	7	0.4848372533	0.02584296468	96.89657968	2.456720424	0.6466999004	69.50349085	17.36119399	13.13531516	0	0	0	-802.8735289	0.02584296468	-4273.8230156134	
800.3135289	83	10	7	0.4976980976	0.02525101448	96.88264064	2.465090211	0.6522691537	68.79422999	17.74707972	13.45869028	0	0	0	-800.3135289	0.02525101448	-4376.26433498271	
797.7535289	83	10	7	0.509947159	0.02467269938	96.86986076	2.4726172	0.6575220412	68.08400524	18.13347537	13.78251939	0	0	0	-797.7535289	0.02467269938	-4477.92846456058	
795.1935289	83	10	7	0.5216203098	0.02410733536	96.85820594	2.479336841	0.6624572224	67.37320033	18.52017728	14.10662239	0	0	0	-795.1935289	0.02410733536	-4579.26251097456	
792.6335289	83	10	7	0.5327507917	0.02355434178	96.84764248	2.48528403	0.6670734915	66.66220216	18.90697951	14.43081833	0	0	0	-792.6335289	0.02355434178	-4680.74137256152	
790.0735289	83	10	7	0.5433694701	0.02301323336	96.83813721	2.490492969	0.6713698222	65.95139844	19.29367505	14.7549265	0	0	0	-790.0735289	0.02301323336	-4782.86809254212	
787.5135289	83	10	7	0.553505059	0.02248360811	96.82965751	2.494997099	0.6753453892	65.2411754	19.68005721	15.0787674	0	0	0	-787.5135289	0.02248360811	-4886.15553652824	
784.9535289	83	10	7	0.5631843191	0.02196513738	96.82217138	2.498829027	0.6789995928	64.5319155	20.06592079	15.40216371	0	0	0	-784.9535289	0.02196513738	-4991.1221958027	
782.3935289	83	10	7	0.5724322329	0.02145755561	96.81564746	2.502020455	0.6823320805	63.82399529	20.45106337	15.72494134	0	0	0	-782.3935289	0.02145755561	-5098.28368122973	
779.8335289	83	10	7	0.5812721599	0.02096065089	96.8100551	2.504602128	0.6853427676	63.11778335	20.83528644	16.0469302	0	0	0	-779.8335289	0.02096065089	-5208.14761689755	
777.2735289	83	10	7	0.5897259738	0.02047425592	96.80536437	2.506603776	0.6880318551	62.41363836	21.21839647	16.36796517	0	0	0	-777.2735289	0.02047425592	-5321.20812421187	
774.7135289	83	10	7	0.5978141848	0.01999823956	96.80154608	2.508054078	0.6903998445	61.71190736	21.6002059	16.68788674	0	0	0	-774.7135289	0.01999823956	-5437.94212406432	
772.1535289	83	10	7	0.6055560474	0.01953249906	96.79857183	2.508980625	0.6924475501	61.01292424	21.98053399	17.00654177	0	0	0	-772.1535289	0.01953249906	-5558.80634240844	
769.5935289	83	10	7	0.6129696581	0.01907695293	96.796414	2.509409896	0.694176109	60.31700834	22.35920765	17.32378401	0	0	0	-769.5935289	0.01907695293	-5684.2352991927	
767.0335289	83	10	7	0.6200720408	0.01863153458	96.79504577	2.509367244	0.6955869874	59.62446335	22.73606201	17.63947464	0	0	0	-767.0335289	0.01863153458	-5814.64007294398	
764.4735289	83	10	7	0.626879225	0.01819618666	96.79444113	2.508876888	0.6966819845	58.93557638	23.11094101	17.95348261	0	0	0	-764.4735289	0.01819618666	-5953.68287771509	
761.9135289	83	10	7	0.6334065014	0.01777130789	96.79457421	2.507962343	0.6974634466	58.25060777	23.48370262	18.26568961	0	0	0	-761.9135289	0.01777130789	-6093.00923118781	
759.3535289	83	10	7	0.639667823	0.01735567595	96.79542199	2.506644569	0.6979334419	57.56982903	23.85419924	18.57597174	0	0	0	-759.3535289	0.01735567595	-6237.47581831921	
756.7935289	83	10	7	0.6456767241	0.01695021127	96.79696002	2.504945023	0.6980949549	56.89346408	24.22230865	18.88422727	0	0	0	-756.7935289	0.01695021127	-6393.28980748435	
754.2335289	83	10	7	0.6514458896	0.01655459422	96.79916558	2.502883336	0.6979510808	56.22172862	24.587913	19.19035838	0	0	0	-754.2335289	0.01655459422	-6553.9067124266	
751.6735289	83	10	7	0.6569872978	0.01616875327	96.80201642	2.500478306	0.6975052746	55.55482021	24.95090418	19.4942756	0	0	0	-751.6735289	0.01616875327	-6721.46609769674	
749.1135289	83	10	7	0.6623122643	0.0157926089	96.8054912	2.497747535	0.6967612655	54.89291846	25.31118379	19.79589776	0	0	0	-749.1135289	0.0157926089	-6896.23320160635	
746.5535289	83	10	7	0.6674314824	0.01542607053	96.80956926	2.494707655	0.6957230838	54.23618532	25.66866293	20.09515175	0	0	0	-746.5535289	0.01542607053	-7078.44099585567	
743.9935289	83	10	7	0.6723550593	0.01506903616	96.81423063	2.491374328	0.6943950409	53.58476561	26.02326201	20.39197238	0	0	0	-743.9935289	0.01506903616	-7268.30826011881	
741.4335289	83	10	7	0.6770925509	0.01472139228	96.819456	2.487762282	0.6927817155	52.93878751	26.37491044	20.68630205	0	0	0	-741.4335289	0.01472139228	-7466.03801698751	
738.8735289	83	10	7	0.6816529931	0.0143830139	96.82522671	2.48388535	0.6908879393	52.29836321	26.72354632	20.97809046	0	0	0	-738.8735289	0.0143830139	-7671.81790008444	
736.3135289	83	10	7	0.686044932	0.01405376497	96.83152471	2.479756511	0.688718782	51.66358964	27.06911605	21.26729431	0	0	0	-736.3135289	0.01405376497	-7885.82249380964	
733.7535289	83	10	7	0.6902764515	0.01373349902	96.83833253	2.475387931	0.6862795364	51.03454917	27.41157391	21.55387692	0	0	0	-733.7535289	0.01373349902	-8108.2132936606	
731.1935289	83	10	7	0.6943551992	0.01342205987	96.84563329	2.470791004	0.6835757023	50.41131042	27.75088172	21.83780786	0	0	0	-731.1935289	0.01342205987	-8339.14014048478	
728.6335289	83	10	7	0.6982884111	0.01311928259	96.85341064	2.465976391	0.6806129716	49.79392908	28.08700833	22.11906259	0	0	0	-728.6335289	0.01311928259	-8578.74232704804	
726.0735289	83	10	7	0.7020829344	0.01282499444	96.86164872	2.460954064	0.6773972123	49.18244869	28.41992922	22.3976221	0	0	0	-726.0735289	0.01282499444	-8827.14871369974	
723.5135289	83	10	7	0.7057452497	0.0125390159	96.87033221	2.455733339	0.6739344533	48.57690146	28.74962606	22.67347248	0	0	0	-723.5135289	0.0125390159	-9084.47901414255	
720.9535289	83	10	7	0.7092814908	0.01226116172	96.87944621	2.450322921	0.6702308699	47.97730911	29.07608627	22.94660462	0	0	0	-720.9535289	0.01226116172	-9350.84446049829	
718.3935289	83	10	7	0.7126974645	0.01199124196	96.8889763	2.444730936	0.6662927684	47.38368364	29.3993026	23.21701376	0	0	0	-718.3935289	0.01199124196	-9626.34770886965	
715.8335289	83	10	7	0.7159986689	0.01172906297	96.89890846	2.438964966	0.6621265726	46.79602807	29.7192727	23.48469923	0	0	0	-715.8335289	0.01172906297	-9911.08380838931	
713.2735289	83	10	7	0.7191903102	0.01147442839	96.9092291	2.433032087	0.6577388097	46.21433725	30.03599873	23.74966402	0	0	0	-713.2735289	0.01147442839	-10205.1410035168	
710.7135289	83	10	7	0.7222773194	0.01122714006	96.91992501	2.426938897	0.6531360973	45.63859853	30.34948695	24.01191452	0	0	0	-710.7135289	0.01122714006	-10508.6002476804	
708.1535289	83	10	7	0.7252643676	0.01098699886	96.93098332	2.420691548	0.6483251308	45.06879243	30.65974739	24.27146018	0	0	0	-708.1535289	0.01098699886	-10821.5365193177	
705.5935289	83	10	7	0.7281558803	0.01075380554	96.94239155	2.414295775	0.6433126709	44.50489335	30.96679345	24.5283132	0	0	0	-705.5935289	0.01075380554	-11144.0184492013	
703.0335289	83	10	7	0.7309560517	0.0105273614	96.95413754	2.407756925	0.6381055328	43.9468701	31.27064162	24.78248828	0	0	0	-703.0335289	0.0105273614	-11476.1081629586	
700.4735289	83	10	7	0.7336688569	0.01030746896	96.96620945	2.401079978	0.6327105744	43.39468656	31.57131111	25.03400233	0	0	0	-700.4735289	0.01030746896	-11817.862538285	
697.9135289	83	10	7	0.736298065	0.01009393255	96.97859574	2.394269577	0.6271346866	42.84830214	31.86882359	25.28287427	0	0	0	-697.9135289	0.01009393255	-12169.3347985167	
695.3535289	83	10	7	0.7388472501	0.009886558883	96.99128517	2.387330046	0.6213847829	42.30767236	32.16320291	25.52912473	0	0	0	-695.3535289	0.009886558883	-12530.5679836438	
692.7935289	83	10	7	0.7413198022	0.009685157295	97.0042668	2.380265414	0.6154677904	41.77274927	32.45447484	25.77277589	0	0	0	-692.7935289	0.009685157295	-12901.6046866333	
690.2335289	83	10	7	0.7437189381	0.009489540485	97.01752993	2.373079434	0.6093906407	41.2434819	32.74266681	26.01385128	0	0	0	-690.2335289	0.009489540485	-13282.4821245674	
687.6735289	83	10	7	0.7460477105	0.009299524517	97.03106414	2.365775601	0.6031602617	40.71981668	33.02780775	26.25237557	0	0	0	-687.6735289	0.009299524517	-13673.2287035177	
685.1135289	83	10	7	0.7483090175	0.009114929286	97.04485926	2.35835717	0.5967835698	40.20169776	33.30992781	26.48837443	0	0	0	-685.1135289	0.009114929286	-14073.8716887298	
682.5535289	83	10	7	0.7505056109	0.008935578688	97.05890537	2.350827171	0.5902674622	39.68906743	33.58905823	26.72187434	0	0	0	-682.5535289	0.008935578688	-14484.4320625025	
679.9935289	83	10	7	0.752640105	0.008761300816	97.07319276	2.343188426	0.58361881	39.18186637	33.86523114	26.95290249	0	0	0	-679.9935289	0.008761300816	-14904.9261984691	
677.4335289	83	10	7	0.7547149836	0.008591928097	97.08771199	2.335443561	0.5768444518	38.68003397	34.1384794	27.18148663	0	0	0	-677.4335289	0.008591928097	-15335.3655824991	
674.8735289	83	10	7	0.7567326077	0.0084272974	97.10245379	2.327595018	0.569951187	38.18350856	34.40883648	27.40765496	0	0	0	-674.8735289	0.0084272974	-15775.7572858296	
672.3135289	83	10	7	0.7586952221	0.008267250113	97.11740916	2.319645071	0.5629457703	37.6922277	34.67633631	27.63143599	0	0	0	-672.3135289	0.008267250113	-16226.1035614405	
669.7535289	83	10	7	0.7606049617	0.008111632179	97.13256926	2.311595833	0.5558349062	37.20612835	34.94101316	27.85285849	0	0	0	-669.7535289	0.008111632179	-16686.4018611223	
667.1935289	83	10	7	0.7624638579	0.007960294117	97.14792549	2.303449268	0.5486252432	36.72514707	35.20290154	28.07195139	0	0	0	-667.1935289	0.007960294117	-17156.6450308955	
664.6335289	83	10	7	0.7642738442	0.007813091014	97.16346943	2.2952072	0.5413233696	36.24922022	35.46203611	28.28874367	0	0	0	-664.6335289	0.007813091014	-17636.8212273925	
662.0735289	83	10	7	0.7660367612	0.007669882501	97.17919287	2.286871324	0.5339358085	35.77828412	35.71845156	28.50326432	0	0	0	-662.0735289	0.007669882501	-18126.9140833927	
659.5135289	83	10	7	0.7677543622	0.007530532711	97.19508778	2.278443211	0.5264690131	35.31227516	35.97218256	28.71554228	0	0	0	-659.5135289	0.007530532711	-18626.9021607742	
656.9535289	83	10	7	0.7694283175	0.007394910215	97.21114632	2.269924317	0.5189293633	34.85112995	36.22326369	28.92560636	0	0	0	-656.9535289	0.007394910215	-19136.7594893128	
654.3935289	83	10	7	0.7710602191	0.007262887961	97.22736085	2.261315992	0.511323161	34.39478544	36.47172936	29.1334852	0	0	0	-654.3935289	0.007262887961	-19656.4552999182	
651.8335289	83	10	7	0.772651585	0.007134343185	97.24372389	2.252619483	0.5036566269	33.94317901	36.71761377	29.33920722	0	0	0	-651.8335289	0.007134343185	-20185.9539604808	
649.2735289	83	10	7	0.7742038628	0.007009157329	97.26022816	2.243835943	0.4959358968	33.49624857	36.96095083	29.5428006	0	0	0	-649.2735289	0.007009157329	-20725.2151781351	
646.7135289	83	10	7	0.7757184339	0.006887215941	97.27686655	2.234966435	0.4881670184	33.05393262	37.20177416	29.74429322	0	0	0	-646.7135289	0.006887215941	-21274.1934058889	
644.1535289	83	10	7	0.7771966168	0.006768408573	97.29363211	2.226011938	0.4803559481	32.61617034	37.44011702	29.94371264	0	0	0	-644.1535289	0.006768408573	-21832.8384129579	
641.5935289	83	10	7	0.7786396703	0.006652628679	97.3105181	2.216973353	0.4725085479	32.18290165	37.67601228	30.14108607	0	0	0	-641.5935289	0.006652628679	-22401.095088978	
639.0335289	83	10	7	0.7800487968	0.006539773504	97.32751791	2.207851505	0.4646305832	31.75406724	37.90949239	30.33644037	0	0	0	-639.0335289	0.006539773504	-22978.9030663042	
636.4735289	83	10	7	0.7814251452	0.006429743973	97.34462513	2.198647149	0.4567277193	31.32960865	38.14058937	30.52980198	0	0	0	-636.4735289	0.006429743973	-23566.1970737445	
633.9135289	83	10	7	0.7827698137	0.006322444581	97.36183351	2.189360973	0.4488055197	30.90946827	38.36933477	30.72119697	0	0	0	-633.9135289	0.006322444581	-24162.9065130676	
631.3535289	83	10	7	0.7840838524	0.006217783277	97.37913695	2.179993604	0.4408694432	30.4935894	38.59575965	30.91065095	0	0	0	-631.3535289	0.006217783277	-24768.9558393848	
628.7935289	83	10	7	0.7853682656	0.006115671357	97.39652955	2.170545608	0.4329248423	30.08191628	38.81989459	31.09818913	0	0	0	-628.7935289	0.006115671357	-25384.2639509074	
626.2335289	83	10	7	0.7866240144	0.006016023345	97.41400554	2.161017496	0.4249769603	29.67439408	39.04176965	31.28383627	0	0	0	-626.2335289	0.006016023345	-26008.7447916368	
623.6735289	83	10	7	0.7878520188	0.005918756892	97.43155934	2.151409725	0.4170309302	29.27096897	39.26141436	31.46761667	0	0	0	-623.6735289	0.005918756892	-26642.3067637142	
621.1135289	83	10	7	0.7890531596	0.005823792657	97.44918552	2.141722704	0.4090917723	28.87158808	39.47885773	31.6495542	0	0	0	-621.1135289	0.005823792657	-27284.8525291064	
618.5535289	83	10	7	0.7902282806	0.005731054207	97.46687882	2.131956792	0.4011643928	28.47619953	39.69412823	31.82967224	0	0	0	-618.5535289	0.005731054207	-27936.2800599187	
615.9935289	83	10	7	0.7913781903	0.005640467911	97.48463411	2.122112305	0.393253582	28.08475247	39.90725378	32.00799375	0	0	0	-615.9935289	0.005640467911	-28596.4809830909	
613.4335289	83	10	7	0.7925036636	0.005551962833	97.50244647	2.112189516	0.3853640129	27.69719703	40.11826177	32.18454119	0	0	0	-613.4335289	0.005551962833	-29265.3416204595	
610.8735289	83	10	7	0.7936054435	0.005465470638	97.5203111	2.102188658	0.3775002401	27.31348437	40.32717905	32.35933659	0	0	0	-610.8735289	0.005465470638	-29942.7426251104	
608.3135289	83	10	7	0.7946842429	0.005380925489	97.53822338	2.092109925	0.3696666981	26.93356662	40.53403189	32.53240148	0	0	0	-608.3135289	0.005380925489	-30628.5590455233	
605.7535289	83	10	7	0.7957407454	0.005298263958	97.55617882	2.081953476	0.3618677004	26.55739696	40.73884606	32.70375698	0	0	0	-605.7535289	0.005298263958	-31322.6599879138	
603.1935289	83	10	7	0.7967756075	0.005217424928	97.57417313	2.071719436	0.3541074384	26.18492954	40.94164675	32.87342371	0	0	0	-603.1935289	0.005217424928	-32024.9083875784	
600.6335289	83	10	7	0.7977894592	0.005138349508	97.59220212	2.061407898	0.3463899804	25.81611951	41.14245863	33.04142187	0	0	0	-600.6335289	0.005138349508	-32735.4847610956	
598.0735289	83	10	7	0.7987829062	0.005060982424	97.6102618	2.051018926	0.3387192702	25.45092302	41.34130582	33.20777116	0	0	0	-598.0735289	0.005060982424	-33453.5606131358	
595.5135289	83	10	7	0.7997565295	0.004985265934	97.62834832	2.040552551	0.3310991284	25.08929719	41.53821191	33.3724909	0	0	0	-595.5135289	0.004985265934	-34171.0681014279	
592.9535289	83	10	7	0.8007108814	0.004911115348	97.64645806	2.030008671	0.323533271	24.73120234	41.73319873	33.53559893	0	0	0	-592.9535289	0.004911115348	-34913.0266570259	
590.3935289	83	10	7	0.801646512	0.004838580223	97.6645873	2.01938747	0.3160252263	24.37659287	41.92629137	33.69711577	0	0	0	-590.3935289	0.004838580223	-35661.0704723922	
587.8335289	83	10	7	0.8025639313	0.004767511475	97.68273273	2.00868881	0.3085784558	24.02543119	42.11751052	33.85705829	0	0	0	-587.8335289	0.004767511475	-36398.2285194718	
585.2735289	83	10	7	0.8034636343	0.004697884491	97.70089114	1.997912569	0.3011962864	23.6776781	42.30687758	34.01544431	0	0	0	-585.2735289	0.004697884491	-37153.5363748535	
582.7135289	83	10	7	0.8043461011	0.00462967576	97.71905939	1.987058715	0.2938818964	23.3332956	42.49441367	34.17229073	0	0	0	-582.7135289	0.00462967576	-37927.2820443848	
580.1535289	83	10	7	0.8052117977	0.004562860557	97.73723434	1.976127346	0.2866383116	22.99224511	42.68014026	34.32761463	0	0	0	-580.1535289	0.004562860557	-38688.438943497	
577.5935289	83	10	7	0.8060611568	0.004497312235	97.75541346	1.965118017	0.2794685262	22.65449327	42.86407551	34.48143121	0	0	0	-577.5935289	0.004497312235	-39454.6750961989	
575.0335289	83	10	7	0.8068946092	0.004433065304	97.77359396	1.954030709	0.2723753258	22.320003	43.04623985	34.63375715	0	0	0	-575.0335289	0.004433065304	-40242.1796143431	
572.4735289	83	10	7	0.8077125658	0.004370058382	97.79177334	1.94286527	0.2653613917	21.98873973	43.22665231	34.78460797	0	0	0	-572.4735289	0.004370058382	-41029.1047954059	
569.9135289	83	10	7	0.8085154223	0.004308252719	97.8099492	1.931621523	0.2584292798	21.66066971	43.40533145	34.93399884	0	0	0	-569.9135289	0.004308252719	-41822.087151573	
567.3535289	83	10	7	0.8093035604	0.004247612836	97.82811929	1.920299294	0.2515814176	21.33576009	43.58229542	35.08194449	0	0	0	-567.3535289	0.004247612836	-42620.8542316703	
564.7935289	83	10	7	0.810077348	0.004188102497	97.8462815	1.908898391	0.2448201079	21.01397882	43.75756185	35.22845932	0	0	0	-564.7935289	0.004188102497	-43424.7479375446	
562.2335289	83	10	7	0.8108371399	0.004129687377	97.86443386	1.897418612	0.2381475282	20.69529468	43.93114797	35.37355735	0	0	0	-562.2335289	0.004129687377	-44233.7608693398	
559.6735289	83	10	7	0.8115832781	0.004072334319	97.88257452	1.885859747	0.2315657313	20.37967723	44.10307053	35.51725224	0	0	0	-559.6735289	0.004072334319	-45047.649116166	
557.1135289	83	10	7	0.8123160927	0.004016011283	97.90070177	1.874221579	0.2250766463	20.06709685	44.27334586	35.65955729	0	0	0	-557.1135289	0.004016011283	-45866.1618591799	
554.5535289	83	10	7	0.8130359022	0.003960687305	97.91881403	1.862503887	0.2186820789	19.75752465	44.44198987	35.80048548	0	0	0	-554.5535289	0.003960687305	-46689.0438272163	
551.9935289	83	10	7	0.8137430141	0.003906332456	97.93690984	1.850706444	0.2123837129	19.45093255	44.60901804	35.94004941	0	0	0	-551.9935289	0.003906332456	-47516.0313738824	
549.4335289	83	10	7	0.8144377252	0.003852917795	97.95498787	1.83882902	0.2061831107	19.14729319	44.77444543	36.07826137	0	0	0	-549.4335289	0.003852917795	-48346.8554911741	
546.8735289	83	10	7	0.8151203223	0.003800415338	97.9730469	1.826871386	0.2000817146	18.84657995	44.93828672	36.21513333	0	0	0	-546.8735289	0.003800415338	-49181.24141595	
544.3135289	83	10	7	0.815791082	0.003748798014	97.99108584	1.81483331	0.1940808481	18.54876693	45.10055616	36.35067691	0	0	0	-544.3135289	0.003748798014	-50018.9061517297	
541.7535289	83	10	7	0.816450272	0.003698039631	98.00910372	1.802714565	0.1881817169	18.25382893	45.26126763	36.48490343	0	0	0	-541.7535289	0.003698039631	-50859.5625663617	
539.1935289	83	10	7	0.8170981506	0.003648114844	98.02709966	1.790514925	0.1823854106	17.96174147	45.42043461	36.61782391	0	0	0	-539.1935289	0.003648114844	-51702.9166177952	
536.6335289	83	10	7	0.8177349678	0.003598999118	98.04507293	1.77823417	0.1766929037	17.67248073	45.57807022	36.74944905	0	0	0	-536.6335289	0.003598999118	-52548.6693057001	
534.0735289	83	10	7	0.818360965	0.003550668702	98.06302286	1.765872083	0.1711050576	17.38602358	45.73418717	36.87978925	0	0	0	-534.0735289	0.003550668702	-53396.5156192082	
531.5135289	83	10	7	0.8189763757	0.003503100593	98.08094892	1.75342846	0.1656226218	17.10234752	45.88879786	37.00885462	0	0	0	-531.5135289	0.003503100593	-54246.1435111878	
528.9535289	83	10	7	0.8195814257	0.00345627251	98.09885066	1.740903101	0.1602462359	16.82143072	46.04191428	37.136655	0	0	0	-528.9535289	0.00345627251	-55097.2374740064	
526.3935289	83	10	7	0.8201763336	0.003410162867	98.11672775	1.72829582	0.1549764312	16.54325199	46.19354809	37.26319992	0	0	0	-526.3935289	0.003410162867	-55949.4757313459	
523.8335289	83	10	7	0.8207613105	0.003364750744	98.13457992	1.715606444	0.1498136326	16.26779075	46.3437106	37.38849865	0	0	0	-523.8335289	0.003364750744	-56802.5321487748	
521.2735289	83	10	7	0.821336561	0.003320015865	98.15240703	1.702834812	0.1447581606	15.99502704	46.49241277	37.51256019	0	0	0	-521.2735289	0.003320015865	-57656.0761905461	
518.7135289	83	10	7	0.8219022829	0.003275938571	98.17020899	1.68998078	0.1398102331	15.72494148	46.63966525	37.63539326	0	0	0	-518.7135289	0.003275938571	-58509.7713198427	
516.1535289	83	10	7	0.8224586679	0.003232499797	98.18798581	1.677044223	0.1349699678	15.45751532	46.78547834	37.75700634	0	0	0	-516.1535289	0.003232499797	-59363.2784398609	
513.5935289	83	10	7	0.8230059013	0.003189681052	98.20573758	1.664025034	0.1302373838	15.19273037	46.92986201	37.87740762	0	0	0	-513.5935289	0.003189681052	-60216.2549393603	
511.0335289	83	10	7	0.8235441627	0.003147464396	98.22346447	1.650923128	0.1256124045	14.930569	47.07282592	37.99660508	0	0	0	-511.0335289	0.003147464396	-61068.3530783743	
508.4735289	83	10	7	0.8240736259	0.003105832419	98.2411667	1.637738443	0.1210948594	14.67101415	47.21437943	38.11460642	0	0	0	-508.4735289	0.003105832419	-61919.2225232864	
505.9135289	83	10	7	0.8245944594	0.003064768223	98.25884457	1.624470942	0.1166844865	14.41404932	47.35453157	38.23141911	0	0	0	-505.9135289	0.003064768223	-62768.5109392071	
503.3535289	83	10	7	0.8251068262	0.003024255403	98.27649845	1.611120617	0.1123809348	14.15965854	47.49329108	38.34705038	0	0	0	-503.3535289	0.003024255403	-63615.8640504987	
500.7935289	83	10	7	0.8256108845	0.00298427803	98.29412875	1.597687487	0.1081837665	13.90782636	47.6306664	38.46150724	0	0	0	-500.7935289	0.00298427803	-64460.9255774496	
498.2335289	83	10	7	0.8261067873	0.002944820633	98.31173594	1.584171602	0.1040924601	13.65853789	47.76666568	38.57479643	0	0	0	-498.2335289	0.002944820633	-65303.3373014267	
495.6735289	83	10	7	0.826594683	0.002905868183	98.32932054	1.570573047	0.1001064121	13.4117787	47.90129678	38.68692452	0	0	0	-495.6735289	0.002905868183	-66142.7398882866	
493.1135289	83	10	7	0.8270747154	0.002867406077	98.34688312	1.556891942	0.09622494023	13.16753491	48.03456728	38.79789781	0	0	0	-493.1135289	0.002867406077	-66978.7748380846	
490.5535289	83	10	7	0.827547024	0.002829420125	98.36442427	1.543128442	0.09244728591	12.92579311	48.16648447	38.90772242	0	0	0	-490.5535289	0.002829420125	-67811.0856690789	
487.9935289	83	10	7	0.8280117437	0.002791896536	98.38194464	1.529282746	0.08877261681	12.68654038	48.2970554	39.01640422	0	0	0	-487.9935289	0.002791896536	-68639.3137825282	
485.4335289	83	10	7	0.8284690057	0.002754821901	98.39944488	1.51535509	0.08520002971	12.44976428	48.4262868	39.12394892	0	0	0	-485.4335289	0.002754821901	-69463.1043967307	
482.8735289	83	10	7	0.828918937	0.002718183186	98.41692569	1.50134576	0.08172855316	12.21545284	48.55418519	39.23036197	0	0	0	-482.8735289	0.002718183186	-70282.1048443636	
480.3135289	83	10	7	0.8293616606	0.002681967714	98.43438777	1.487255083	0.07835715028	11.98359455	48.68075679	39.33564866	0	0	0	-480.3135289	0.002681967714	-71095.9655949414	
477.7535289	83	10	7	0.8297972961	0.002646163159	98.45183184	1.473083438	0.07508472158	11.75417836	48.80600759	39.43981406	0	0	0	-477.7535289	0.002646163159	-71904.3413292489	
475.1935289	83	10	7	0.8302259593	0.00261075753	98.46925864	1.458831254	0.07191010773	11.52719363	48.92994331	39.54286305	0	0	0	-475.1935289	0.00261075753	-72706.8910727123	
472.6335289	83	10	7	0.8306477626	0.002575739165	98.48666889	1.444499016	0.06883209246	11.30263021	49.05256945	39.64480033	0	0	0	-472.6335289	0.002575739165	-73503.2805777659	
470.0735289	83	10	7	0.8310628148	0.002541096718	98.50406333	1.430087262	0.06584940534	11.08047834	49.17389125	39.74563041	0	0	0	-470.0735289	0.002541096718	-74293.1824991348	
467.5135289	83	10	7	0.8314712218	0.002506819153	98.52144268	1.415596591	0.06296072471	10.86072869	49.29391371	39.8453576	0	0	0	-467.5135289	0.002506819153	-75076.2747300917	
464.9535289	83	10	7	0.8318730861	0.00247289573	98.53880766	1.401027662	0.06016468053	10.64337233	49.41264161	39.94398605	0	0	0	-464.9535289	0.00247289573	-75852.2449389034	
462.3935289	83	10	7	0.8322685072	0.002439316003	98.55615895	1.386381198	0.05745985723	10.42840077	49.53007949	40.04151974	0	0	0	-462.3935289	0.002439316003	-76620.7934937305	
459.8335289	83	10	7	0.8326575817	0.002406069809	98.57349721	1.371657988	0.05484479658	10.21580587	49.64623168	40.13796245	0	0	0	-459.8335289	0.002406069809	-77381.6257583431	
457.2735289	83	10	7	0.8330404032	0.002373147259	98.59082311	1.356858892	0.05231800061	10.00557991	49.76110228	40.23331781	0	0	0	-457.2735289	0.002373147259	-78134.4622934159	
454.7135289	83	10	7	0.8334170628	0.002340538736	98.60813723	1.34198484	0.0498779344	9.797715534	49.87469517	40.3275893	0	0	0	-454.7135289	0.002340538736	-78879.0363686227	
452.1535289	83	10	7	0.8337876486	0.002308234884	98.62544014	1.327036834	0.04752302897	9.592205763	49.98701404	40.4207802	0	0	0	-452.1535289	0.002308234884	-79615.0943786511	
449.5935289	83	10	7	0.8341522462	0.002276226606	98.64273236	1.312015958	0.04525168408	9.38904398	50.09806235	40.51289367	0	0	0	-449.5935289	0.002276226606	-80342.3953617263	
447.0335289	83	10	7	0.8345109388	0.002244505053	98.66001436	1.296923371	0.04306227105	9.188223922	50.20784337	40.6039327	0	0	0	-447.0335289	0.002244505053	-81060.7177948109	
444.4735289	83	10	7	0.8348638071	0.002213061627	98.67728655	1.281760317	0.04095313557	8.98973967	50.31636019	40.69390014	0	0	0	-444.4735289	0.002213061627	-81769.8593030319	
441.9135289	83	10	7	0.8352109293	0.00218188797	98.69454928	1.266528123	0.0389226004	8.793585645	50.42361568	40.78279868	0	0	0	-441.9135289	0.00218188797	-82469.6308056629	
439.3535289	83	10	7	0.8355523816	0.002150975962	98.71180283	1.251228205	0.03696896815	8.599756595	50.52961253	40.87063087	0	0	0	-439.3535289	0.002150975962	-83159.2049483211	
436.7935289	83	10	7	0.8358882388	0.002120317236	98.72904735	1.235862122	0.03509052307	8.408247587	50.63435342	40.95739899	0	0	0	-436.7935289	0.002120317236	-83839.0531504406	
434.2335289	83	10	7	0.8362185702	0.002089904587	98.74628312	1.220431347	0.03328553692	8.219054089	50.73784033	41.04310558	0	0	0	-434.2335289	0.002089904587	-84511.8700789415	
431.6735289	83	10	7	0.8365434468	0.002059732126	98.76351006	1.204937668	0.03155226745	8.032171598	50.84007567	41.12775273	0	0	0	-431.6735289	0.002059732126	-85173.3881226278	
429.1135289	83	10	7	0.8368629361	0.002029790147	98.78072818	1.189382856	0.02988896278	7.847596172	50.9410614	41.21134243	0	0	0	-429.1135289	0.002029790147	-85822.8621464686	
426.5535289	83	10	7	0.8371771037	0.002000072673	98.79793733	1.173768805	0.02829386418	7.66532406	51.04079935	41.29387659	0	0	0	-426.5535289	0.002000072673	-86463.7026131483	
423.9935289	83	10	7	0.8374860132	0.001970572946	98.81513728	1.158097512	0.02676520826	7.48535178	51.13929122	41.375357	0	0	0	-423.9935289	0.001970572946	-87094.4953099186	
421.4335289	83	10	7	0.8377897268	0.001941284432	98.83232769	1.142371079	0.02530122937	7.30767611	51.23653853	41.45578536	0	0	0	-421.4335289	0.001941284432	-87715.248819709	
418.8735289	83	10	7	0.8380883044	0.001912200813	98.84950812	1.126591716	0.02390016192	7.132294078	51.33254268	41.53516324	0	0	0	-418.8735289	0.001912200813	-88326.001573274	
416.3135289	83	10	7	0.8383818047	0.001883315993	98.86667801	1.110761745	0.02256024275	6.959202945	51.42730493	41.61349212	0	0	0	-416.3135289	0.001883315993	-88926.822936702	
413.7535289	83	10	7	0.8386702843	0.001854624091	98.88383669	1.094883599	0.02127971329	6.788400202	51.5208264	41.69077339	0	0	0	-413.7535289	0.001854624091	-89517.8123120863	
411.1935289	83	10	7	0.8389537985	0.001826119446	98.90098335	1.078959827	0.02005682174	6.619883548	51.61310811	41.76700834	0	0	0	-411.1935289	0.001826119446	-90099.1114460624	
408.6335289	83	10	7	0.839232401	0.001797796618	98.91811708	1.062993096	0.01888982519	6.453650886	51.70415093	41.84219818	0	0	0	-408.6335289	0.001797796618	-90670.8906605921	
406.0735289	83	10	7	0.839506144	0.001769650384	98.93523682	1.04698619	0.01777699161	6.289700305	51.79395566	41.91634404	0	0	0	-406.0735289	0.001769650384	-91233.353703405	
403.5135289	83	10	7	0.8397750783	0.001741675742	98.95234138	1.030942017	0.01671660185	6.128030066	51.88252296	41.98944698	0	0	0	-403.5135289	0.001741675742	-91786.7523618454	
400.9535289	83	10	7	0.8400392533	0.001713867916	98.96942944	1.014863604	0.01570695146	5.96863859	51.96985343	42.06150798	0	0	0	-400.9535289	0.001713867916	-92331.3720345051	
398.3935289	83	10	7	0.8402987171	0.001686222351	98.98649954	0.9987541056	0.01474635255	5.811524445	52.05594756	42.13252799	0	0	0	-398.3935289	0.001686222351	-92867.5353566727	
395.8335289	83	10	7	0.8405535165	0.00165873472	99.00355006	0.9826168012	0.01383313545	5.656686324	52.14080579	42.20250788	0	0	0	-395.8335289	0.00165873472	-93395.6103155933	
393.2735289	83	10	7	0.8408036971	0.001631400924	99.02057925	0.9664550972	0.01296565042	5.504123037	52.22442847	42.27144849	0	0	0	-393.2735289	0.001631400924	-93916.0091882211	
390.7135289	83	10	7	0.8410493034	0.001604217098	99.0375852	0.9502725283	0.01214226918	5.353833489	52.3068159	42.33935062	0	0	0	-390.7135289	0.001604217098	-94429.1868217642	
388.1535289	83	10	7	0.8412903787	0.00157717961	99.05456586	0.9340727585	0.01136138639	5.205816666	52.38796832	42.40621501	0	0	0	-388.1535289	0.00157717961	-94935.641051302	
385.5935289	83	10	7	0.8415269652	0.001550285067	99.071519	0.9178595816	0.01062142105	5.060071614	52.46788596	42.47204243	0	0	0	-385.5935289	0.001550285067	-95435.919764943	
383.0335289	83	10	7	0.8417591043	0.001523530318	99.08844226	0.9016369221	0.009920817826	4.916597424	52.54656899	42.53683359	0	0	0	-383.0335289	0.001523530318	-95930.6178971061	
380.4735289	83	10	7	0.8419868361	0.001496912458	99.10533312	0.8854088347	0.009258048279	4.775393214	52.62401758	42.60058921	0	0	0	-380.4735289	0.001496912458	-96420.3795662861	
377.9135289	83	10	7	0.8422102001	0.001470428832	99.12218888	0.869179505	0.008631611999	4.636458102	52.70023188	42.66331001	0	0	0	-377.9135289	0.001470428832	-96905.8966887999	
375.3535289	83	10	7	0.8424292348	0.001444077038	99.13900671	0.852953249	0.008040037679	4.499791193	52.77521207	42.72499674	0	0	0	-375.3535289	0.001444077038	-97387.9169252035	
372.7935289	83	10	7	0.8426439779	0.001417854935	99.1557836	0.8367345124	0.007481884084	4.365391555	52.84895831	42.78565013	0	0	0	-372.7935289	0.001417854935	-97867.2405852535	
370.2335289	83	10	7	0.8428544663	0.001391760644	99.17251639	0.8205278699	0.006955740947	4.233258196	52.92147082	42.84527098	0	0	0	-370.2335289	0.001391760644	-98344.7197565891	
367.6735289	83	10	7	0.8430607362	0.001365792555	99.18920175	0.8043380238	0.006460229771	4.103390044	52.99274984	42.90386012	0	0	0	-367.6735289	0.001365792555	-98821.2646731735	
365.1135289	83	10	7	0.8432628232	0.001339949331	99.20583619	0.7881698031	0.00599400456	3.975785918	53.06279568	42.9614184	0	0	0	-365.1135289	0.001339949331	-99297.8431179524	
362.5535289	83	10	7	0.8434607623	0.001314229914	99.22241609	0.7720281607	0.005555752451	3.850444512	53.13160871	43.01794678	0	0	0	-362.5535289	0.001314229914	-99775.4856029401	
359.9935289	83	10	7	0.8436545878	0.001288633531	99.23893763	0.7559181721	0.005144194277	3.727364362	53.19918938	43.07344626	0	0	0	-359.9935289	0.001288633531	-100255.27520852	
357.4335289	83	10	7	0.8438443336	0.001263159694	99.25539688	0.7398450321	0.004758085039	3.606543825	53.26553825	43.12791792	0	0	0	-357.4335289	0.001263159694	-100738.365235526	
354.8735289	83	10	7	0.8440300332	0.001237808214	99.27178973	0.7238140522	0.004396214305	3.487981052	53.33065597	43.18136297	0	0	0	-354.8735289	0.001237808214	-101225.973064803	
352.3135289	83	10	7	0.8442117196	0.001212579197	99.28811194	0.7078306572	0.004057406529	3.371673958	53.39454334	43.2337827	0	0	0	-352.3135289	0.001212579197	-101719.38122753	
349.7535289	83	10	7	0.8443894254	0.001187473057	99.3043591	0.6919003812	0.003740521288	3.257620197	53.45720129	43.28517851	0	0	0	-349.7535289	0.001187473057	-102219.941521866	
347.1935289	83	10	7	0.8445631831	0.001162490513	99.32052668	0.6760288634	0.003444453447	3.145817134	53.5186309	43.33555197	0	0	0	-347.1935289	0.001162490513	-102729.076798698	
344.6335289	83	10	7	0.8447330247	0.001137632601	99.33661002	0.6602218432	0.003168133255	3.036261811	53.57883344	43.38490475	0	0	0	-344.6335289	0.001137632601	-103248.294505176	
342.0735289	83	10	7	0.8448989821	0.001112900676	99.35260432	0.6444851556	0.00291052636	2.928950922	53.63781037	43.43323871	0	0	0	-342.0735289	0.001112900676	-103779.16842328	
339.5135289	83	10	7	0.8450610872	0.001088296413	99.36850464	0.6288247249	0.002670633763	2.823880782	53.69556334	43.48055587	0	0	0	-339.5135289	0.001088296413	-104323.357897769	
336.9535289	83	10	7	0.8452193716	0.001063821816	99.38430595	0.613246559	0.002447491701	2.721047292	53.75209426	43.52685845	0	0	0	-336.9535289	0.001063821816	-104882.613072255	
334.3935289	83	10	7	0.8453738671	0.001039479219	99.40000309	0.5977567426	0.002240171464	2.620445912	53.80740526	43.57214883	0	0	0	-334.3935289	0.001039479219	-105458.761839137	
331.8335289	83	10	7	0.8455246053	0.001015271286	99.41559079	0.5823614301	0.002047779157	2.522071627	53.86149872	43.61642965	0	0	0	-331.8335289	0.001015271286	-106053.738680566	
329.2735289	83	10	7	0.8456716179	0.0009912010222	99.43106371	0.5670668382	0.001869455392	2.425918913	53.91437734	43.65970375	0	0	0	-329.2735289	0.0009912010222	-106669.573322656	
326.7135289	83	10	7	0.845814937	0.0009672717655	99.44641639	0.5518792376	0.001704374932	2.331981709	53.96604408	43.70197421	0	0	0	-326.7135289	0.0009672717655	-107308.394293294	
324.1535289	83	10	7	0.8459545944	0.0009434871952	99.46164331	0.5368049445	0.00155174628	2.240253379	54.01650224	43.74324438	0	0	0	-324.1535289	0.0009434871952	-107972.450681867	
321.5935289	83	10	7	0.8460906226	0.0009198513294	99.47673888	0.5218503113	0.00141081121	2.150726684	54.06575544	43.78351788	0	0	0	-321.5935289	0.0009198513294	-108664.104218805	
319.0335289	83	10	7	0.8462230542	0.0008963685253	99.49169744	0.5070217174	0.001280844258	2.063393744	54.11380767	43.82279859	0	0	0	-319.0335289	0.0008963685253	-109385.843462086	
316.4735289	83	10	7	0.8463519221	0.0008730434779	99.50651329	0.4923255589	0.001161152164	1.978246008	54.16066327	43.86109072	0	0	0	-316.4735289	0.0008730434779	-110140.291783058	
313.9135289	83	10	7	0.8464772596	0.0008498812182	99.52118069	0.4777682381	0.001051073276	1.895274221	54.206327	43.89839878	0	0	0	-313.9135289	0.0008498812182	-110930.215793505	
311.3535289	83	10	7	0.8465991006	0.0008268871095	99.53569387	0.4633561521	0.0009499769055	1.814468392	54.250804	43.9347276	0	0	0	-311.3535289	0.0008268871095	-111758.536157439	
308.7935289	83	10	7	0.8467174793	0.0008040668436	99.55004706	0.4490956822	0.0008572626617	1.735817759	54.29409987	43.97008237	0	0	0	-308.7935289	0.0008040668436	-112628.340066579	
306.2335289	83	10	7	0.8468324306	0.0007814264352	99.56423446	0.4349931811	0.0007723597392	1.659310762	54.33622062	44.00446862	0	0	0	-306.2335289	0.0007814264352	-113542.891465023	
303.6735289	83	10	7	0.84694399	0.0007589722146	99.57825031	0.421054961	0.0006947261848	1.584935008	54.37717275	44.03789225	0	0	0	-303.6735289	0.0007589722146	-114505.647724062	
301.1135289	83	10	7	0.8470521935	0.0007367108205	99.59208887	0.4072872812	0.0006238481349	1.512677243	54.41696322	44.07035954	0	0	0	-301.1135289	0.0007367108205	-109379.656349561	
300	83	10	7	0.8470982234	0.0003136957942	99.59805154	0.4013534546	0.0005950023693	1.481904436	54.43390978	44.08418578	0	0	0	-300	0.0003136957942	104114.931312535	
