T	w(AL)	w(SI)	fs	fw(@FCC_A1)	w(AL@FCC_A1)	w(SI@FCC_A1)	w(AL@LIQUID)	w(SI@LIQUID)	dwdT_L(AL@LIQUID)	dwdT_L(SI@LIQUID)	-T	fw(@FCC_A1)_1	-T//fw(@FCC_A1)	
K	%	%	mole/mole	kg/kg	%	%	%	%	SI	SI				
921.7126879	98	2	0	0	99.77136971	0.2286302903	98	2	0.001669386872	-0.001669386872	-921.7126879	0	5.26047742083107	
921.7026879	98	2	0.0009425352612	0.0009418763677	99.77117385	0.2288261496	97.99833044	2.001669563	0	0	-921.7026879	0.0009418763677	15.9737319572219	
921.6826879	98	2	0.002822584278	0.001880356816	99.77078213	0.2292178746	97.994992	2.005008001	0	0	-921.6826879	0.001880356816	21.3432851363947	
921.6426879	98	2	0.006563796208	0.003748863203	99.76999864	0.2300013579	97.98831542	2.011684577	0	0	-921.6426879	0.003748863203	21.4771509347289	
921.5626879	98	2	0.01397072819	0.007449967943	99.76843154	0.2315684557	97.97496487	2.025035133	0	0	-921.5626879	0.007449967943	21.7799545701984	
921.4026879	98	2	0.02846475623	0.01468904507	99.76529692	0.2347030847	97.94827439	2.051725609	0	0	-921.4026879	0.01468904507	22.4029269474963	
921.0826879	98	2	0.05628351366	0.02861343894	99.7590256	0.2409743977	97.89493528	2.105064724	0	0	-921.0826879	0.02861343894	23.6284106881852	
920.4426879	98	2	0.1076517703	0.05439231726	99.74647491	0.2535250861	97.788425	2.211575004	0	0	-920.4426879	0.05439231726	26.2471471806607	
919.1626879	98	2	0.1960476509	0.09898457471	99.72134091	0.2786590891	97.57607691	2.423923089	0	0	-919.1626879	0.09898457471	32.0770652495596	
916.6026879	98	2	0.3309569567	0.1676693523	99.67093849	0.3290615071	97.15407569	2.845924311	0	0	-916.6026879	0.1676693523	-187.045221903804	
914.0426879	98	2	0.4280940923	0.1450473963	99.6203508	0.3796492021	96.73567829	3.264321715	0	0	-914.0426879	0.1450473963	-132.555932789525	
911.4826879	98	2	0.5011989734	0.1276843465	99.5695693	0.4304307032	96.32087972	3.67912028	0	0	-911.4826879	0.1276843465	-169.128090079254	
908.9226879	98	2	0.5581051865	0.11394257	99.51858661	0.4814133949	95.90967552	4.090324484	0	0	-908.9226879	0.11394257	-210.254209290958	
906.3626879	98	2	0.6035942881	0.1027970275	99.46739524	0.53260476	95.50205259	4.497947405	0	0	-906.3626879	0.1027970275	-255.92680888413	
903.8026879	98	2	0.6407456216	0.09357625895	99.4159879	0.584012098	95.09799223	4.902007767	0	0	-903.8026879	0.09357625895	-306.160910231657	
901.2426879	98	2	0.6716294314	0.08582220851	99.36435746	0.6356425359	94.69747066	5.302529341	0	0	-901.2426879	0.08582220851	-360.977196878621	
898.6826879	98	2	0.6976874846	0.07921163419	99.31249696	0.6875030376	94.30045962	5.699540382	0	0	-898.6826879	0.07921163419	-420.399693852618	
896.1226879	98	2	0.7199538661	0.07350988187	99.26039959	0.7396004135	93.9069269	6.093073102	0	0	-896.1226879	0.07350988187	-484.455789586124	
893.5626879	98	2	0.7391890125	0.06854246545	99.20805867	0.7919413283	93.51683681	6.483163186	0	0	-893.5626879	0.06854246545	-553.176145746473	
891.0026879	98	2	0.7559642547	0.06417693126	99.15546769	0.8445323099	93.13015067	6.869849333	0	0	-891.0026879	0.06417693126	-626.594536993005	
888.4426879	98	2	0.7707169191	0.06031091082	99.10262024	0.8973797573	92.74682715	7.253172852	0	0	-888.4426879	0.06031091082	-704.747668254835	
885.8826879	98	2	0.7837872725	0.05686403073	99.04951005	0.9504899482	92.36682272	7.633177279	0	0	-885.8826879	0.05686403073	-787.674966805046	
883.3226879	98	2	0.7954439156	0.05377230067	98.99613095	1.003869047	91.99009197	8.00990803	0	0	-883.3226879	0.05377230067	-875.418370484533	
880.7626879	98	2	0.8059016221	0.05098413697	98.94247689	1.05752311	91.61658791	8.383412094	0	0	-880.7626879	0.05098413697	-968.022126515698	
878.2026879	98	2	0.8153341166	0.04845749127	98.8885419	1.111458097	91.24626226	8.753737745	0	0	-878.2026879	0.04845749127	-1065.53259369351	
875.6426879	98	2	0.8238833884	0.04615774178	98.83432013	1.165679871	90.87906571	9.120934286	0	0	-875.6426879	0.04615774178	-1167.99804773335	
873.0826879	98	2	0.8316665863	0.04405612079	98.77980579	1.220194213	90.51494818	9.485051822	0	0	-873.0826879	0.04405612079	-1275.46849728892	
870.5226879	98	2	0.8387811966	0.04212852579	98.72499318	1.27500682	90.15385895	9.846141048	0	0	-870.5226879	0.04212852579	-1387.99554515887	
867.9626879	98	2	0.8453089813	0.04035460932	98.66987668	1.330123316	89.79574693	10.20425307	0	0	-867.9626879	0.04035460932	-1505.6322145739	
865.4026879	98	2	0.8513190097	0.03871707399	98.61445074	1.385549257	89.44056077	10.55943923	0	0	-865.4026879	0.03871707399	-1628.43282532285	
862.8426879	98	2	0.8568700161	0.03720112084	98.55870987	1.441290134	89.08824902	10.91175098	0	0	-862.8426879	0.03720112084	-1756.45289654296	
860.2826879	98	2	0.8620122532	0.03579401334	98.50264862	1.497351383	88.73876028	11.26123972	0	0	-860.2826879	0.03579401334	-1889.7490134504	
857.7226879	98	2	0.8667889615	0.03448472971	98.44626162	1.553738384	88.39204329	11.60795671	0	0	-857.7226879	0.03448472971	-2028.37875002558	
855.1626879	98	2	0.8712375445	0.0332636834	98.38954353	1.61045647	88.04804703	11.95195297	0	0	-855.1626879	0.0332636834	-2172.400599863	
852.6026879	98	2	0.8753905158	0.03212249658	98.33248907	1.66751093	87.70672083	12.29327917	0	0	-852.6026879	0.03212249658	-2321.87392931165	
850.0426879	98	2	0.8792762688	0.0310538153	98.27509299	1.724907014	87.36801444	12.63198556	0	0	-850.0426879	0.0310538153	-2478.32464160387	
847.4826879	98	2	0.8829198236	0.03005223912	98.21734884	1.782651162	87.03187226	12.96812774	0	0	-847.4826879	0.03005223912	-2637.75691118373	
844.9226879	98	2	0.8863429105	0.02910924559	98.15925398	1.840746022	86.69825717	13.30174283	0	0	-844.9226879	0.02910924559	-2802.67747183632	
842.3626879	98	2	0.8895649846	0.02822201925	98.10080193	1.899198066	86.36711416	13.63288584	0	0	-842.3626879	0.02822201925	-2975.33754945475	
839.8026879	98	2	0.8926032416	0.02738545687	98.04198757	1.958012431	86.03839518	13.96160482	0	0	-839.8026879	0.02738545687	-3152.9916946114	
837.2426879	98	2	0.8954729868	0.02659549645	97.98280577	2.017194227	85.71205289	14.28794711	0	0	-837.2426879	0.02659549645	-3336.46541424731	
834.6826879	98	2	0.8981878867	0.02584849877	97.92325145	2.076748551	85.38804061	14.61195939	0	0	-834.6826879	0.02584849877	-3525.82807995856	
832.1226879	98	2	0.900760181	0.02514119059	97.86331952	2.136680483	85.06631238	14.93368762	0	0	-832.1226879	0.02514119059	-3721.14419747838	
829.5626879	98	2	0.9032008635	0.02447062023	97.8030049	2.196995096	84.74682299	15.25317701	0	0	-829.5626879	0.02447062023	-3922.48001095569	
827.0026879	98	2	0.9055198352	0.0238341191	97.74230255	2.257697455	84.42952793	15.57047207	0	0	-827.0026879	0.0238341191	-4129.90245127758	
824.4426879	98	2	0.9077260364	0.02322926857	97.68120738	2.318792619	84.11438349	15.88561651	0	0	-824.4426879	0.02322926857	-4343.4793443859	
821.8826879	98	2	0.9098275597	0.02265387149	97.61971435	2.380285648	83.8013467	16.1986533	0	0	-821.8826879	0.02265387149	-4563.27955395181	
819.3226879	98	2	0.9118317473	0.02210592746	97.5578184	2.442181602	83.49037535	16.50962465	0	0	-819.3226879	0.02210592746	-4789.37284706054	
816.7626879	98	2	0.913745276	0.02158361135	97.49551446	2.504485543	83.18142802	16.81857198	0	0	-816.7626879	0.02158361135	-5021.82993249725	
814.2026879	98	2	0.91557423	0.02108525457	97.43279746	2.567202542	82.87446404	17.12553596	0	0	-814.2026879	0.02108525457	-5260.72269774118	
811.6426879	98	2	0.9173241649	0.02060932873	97.36966232	2.630337676	82.56944349	17.43055651	0	0	-811.6426879	0.02060932873	-5506.1243323735	
809.0826879	98	2	0.9190001638	0.02015443128	97.30610397	2.693896034	82.26632723	17.73367277	0	0	-809.0826879	0.02015443128	-5758.10921191688	
806.5226879	98	2	0.9206068861	0.01971927287	97.24211728	2.757882718	81.96507686	18.03492314	0	0	-806.5226879	0.01971927287	-6016.75287418471	
803.9626879	98	2	0.9221486105	0.0193026662	97.17769716	2.822302845	81.66565472	18.33434528	0	0	-803.9626879	0.0193026662	-6282.1324479117	
801.4026879	98	2	0.9236292726	0.01890351621	97.11283845	2.887161548	81.36802389	18.63197611	0	0	-801.4026879	0.01890351621	-6554.32678507454	
798.8426879	98	2	0.925052499	0.01852081134	97.04753602	2.952463982	81.07214818	18.92785182	0	0	-798.8426879	0.01852081134	-6833.41612198727	
796.2826879	98	2	0.9264216363	0.01815361575	96.98178468	3.01821532	80.77799209	19.22200791	0	0	-796.2826879	0.01815361575	-7119.48228859752	
793.7226879	98	2	0.9277397779	0.01780106242	96.91557924	3.08442076	80.48552085	19.51447915	0	0	-793.7226879	0.01780106242	-7412.60951884028	
791.1626879	98	2	0.9290097871	0.01746234703	96.84891447	3.151085526	80.19470035	19.80529965	0	0	-791.1626879	0.01746234703	-7712.88358293307	
788.6026879	98	2	0.930234318	0.01713672236	96.78178513	3.218214865	79.90549719	20.09450281	0	0	-788.6026879	0.01713672236	-8020.39248103974	
786.0426879	98	2	0.9314158345	0.01682349343	96.71418594	3.285814056	79.61787861	20.38212139	0	0	-786.0426879	0.01682349343	-8335.22648509018	
783.4826879	98	2	0.9325566264	0.01652201299	96.64611159	3.353888407	79.3318125	20.6681875	0	0	-783.4826879	0.01652201299	-8657.47834970064	
780.9226879	98	2	0.933658825	0.01623167759	96.57755674	3.422443257	79.0472674	20.9527326	0	0	-780.9226879	0.01623167759	-8987.24302313227	
778.3626879	98	2	0.9347244161	0.0159519239	96.50851602	3.49148398	78.76421248	21.23578752	0	0	-778.3626879	0.0159519239	-9324.61852971738	
775.8026879	98	2	0.9357552522	0.01568222555	96.43898402	3.561015984	78.48261749	21.51738251	0	0	-775.8026879	0.01568222555	-9669.7058393878	
773.2426879	98	2	0.9367530639	0.01542209011	96.36895529	3.631044713	78.2024528	21.7975472	0	0	-773.2426879	0.01542209011	-10022.6083641735	
770.6826879	98	2	0.937719469	0.01517105646	96.29842435	3.70157565	77.92368937	22.07631063	0	0	-770.6826879	0.01517105646	-10383.4335267026	
768.1226879	98	2	0.9386559821	0.01492869238	96.22738568	3.772614319	77.64629871	22.35370129	0	0	-768.1226879	0.01492869238	-10752.2912511733	
765.5626879	98	2	0.9395640223	0.0146945923	96.15583372	3.844166282	77.37025289	22.62974711	0	0	-765.5626879	0.0146945923	-11129.2956338618	
763.0026879	98	2	0.9404449209	0.01446837537	96.08376285	3.916237146	77.09552452	22.90447548	0	0	-763.0026879	0.01446837537	-11514.5645455575	
760.4426879	98	2	0.9412999275	0.01424968357	96.01116744	3.988832561	76.82208675	23.17791325	0	0	-760.4426879	0.01424968357	-11908.2201790188	
757.8826879	98	2	0.9421302171	0.01403818011	95.93804178	4.061958221	76.54991324	23.45008676	0	0	-757.8826879	0.01403818011	-12310.3884673629	
755.3226879	98	2	0.9429368944	0.01383354783	95.86438013	4.13561987	76.27897814	23.72102186	0	0	-755.3226879	0.01383354783	-12721.1993330105	
752.7626879	98	2	0.9437209999	0.01363548786	95.7901767	4.209823296	76.0092561	23.9907439	0	0	-752.7626879	0.01363548786	-13140.7892336117	
750.2026879	98	2	0.944483514	0.01344371835	95.71542566	4.284574339	75.74072226	24.25927774	0	0	-750.2026879	0.01344371835	-13569.2983837965	
747.6426879	98	2	0.9452253615	0.01325797325	95.64012111	4.359878889	75.47335219	24.52664781	0	0	-747.6426879	0.01325797325	-14006.8720390195	
745.0826879	98	2	0.9459474153	0.01307800127	95.56425711	4.435742887	75.20712194	24.79287806	0	0	-745.0826879	0.01307800127	-14453.6623697689	
742.5226879	98	2	0.9466505001	0.01290356489	95.48782767	4.512172329	74.942008	25.057992	0	0	-742.5226879	0.01290356489	-14909.8259676851	
739.9626879	98	2	0.9473353955	0.01273443941	95.41082673	4.589173265	74.67798726	25.32201274	0	0	-739.9626879	0.01273443941	-15375.5273270308	
737.4026879	98	2	0.9480028392	0.01257041218	95.3332482	4.666751799	74.41503705	25.58496295	0	0	-737.4026879	0.01257041218	-15850.9366769738	
734.8426879	98	2	0.9486535298	0.01241128174	95.25508591	4.744914094	74.15313511	25.84686489	0	0	-734.8426879	0.01241128174	-16336.2308055177	
732.2826879	98	2	0.9492881293	0.01225685717	95.17633363	4.82366637	73.89225954	26.10774046	0	0	-732.2826879	0.01225685717	-16831.5950537175	
729.7226879	98	2	0.9499072654	0.01210695739	95.09698509	4.903014906	73.63238887	26.36761113	0	0	-729.7226879	0.01210695739	-17337.222153062	
727.1626879	98	2	0.9505115336	0.01196141057	95.01703396	4.982966045	73.37350196	26.62649804	0	0	-727.1626879	0.01196141057	-17853.4113031875	
724.6026879	98	2	0.9511014996	0.01182005503	94.93647381	5.063526187	73.11557805	26.88442195	0	0	-724.6026879	0.01182005503	-18380.1666319737	
722.0426879	98	2	0.9516777007	0.01168273272	94.8552982	5.144701798	72.85859673	27.14140327	0	0	-722.0426879	0.01168273272	-18917.7289168471	
719.4826879	98	2	0.9522406478	0.01154929783	94.77350059	5.226499408	72.60253792	27.39746208	0	0	-719.4826879	0.01154929783	-19466.5089491177	
716.9226879	98	2	0.9527908271	0.01141961018	94.69107439	5.308925612	72.3473829	27.6526171	0	0	-716.9226879	0.01141961018	-20026.7269836906	
714.3626879	98	2	0.9533287014	0.01129353732	94.60801293	5.391987071	72.0931102	27.9068898	0	0	-714.3626879	0.01129353732	-20598.4730369521	
711.8026879	98	2	0.9538547114	0.01117095035	94.52430949	5.475690515	71.83970175	28.16029825	0	0	-711.8026879	0.01117095035	-21182.0243902538	
709.2426879	98	2	0.9543692772	0.01105172925	94.43995726	5.560042742	71.58713876	28.41286124	0	0	-709.2426879	0.01105172925	-21777.8024780378	
706.6826879	98	2	0.9548727994	0.01093575874	94.35494938	5.64505062	71.33540272	28.66459728	0	0	-706.6826879	0.01093575874	-22386.0174237932	
704.1226879	98	2	0.9553656602	0.01082292885	94.26927891	5.730721089	71.08447539	28.91552461	0	0	-704.1226879	0.01082292885	-23006.971389022	
701.5626879	98	2	0.9558482248	0.01071313472	94.18293884	5.817061161	70.83433884	29.16566116	0	0	-701.5626879	0.01071313472	-23640.9808060813	
699.0026879	98	2	0.9563208416	0.01060627623	94.09592208	5.904077922	70.58497538	29.41502462	0	0	-699.0026879	0.01060627623	-24288.3798044437	
696.4426879	98	2	0.9567838438	0.01050225784	94.00822147	5.991778532	70.33636759	29.66363241	0	0	-696.4426879	0.01050225784	-24949.5147408839	
693.8826879	98	2	0.9572375499	0.01040098822	93.91982977	6.080170226	70.08849831	29.91150169	0	0	-693.8826879	0.01040098822	-25624.7535552086	
691.3226879	98	2	0.9576822648	0.01030238017	93.83073968	6.169260319	69.84135061	30.15864939	0	0	-691.3226879	0.01030238017	-26314.4840635098	
688.7626879	98	2	0.9581182801	0.01020635028	93.7409438	6.2590562	69.59490782	30.40509218	0	0	-688.7626879	0.01020635028	-27019.1244253895	
686.2026879	98	2	0.9585458751	0.01011281891	93.65043466	6.349565343	69.34915346	30.65084654	0	0	-686.2026879	0.01011281891	-27739.1355849286	
683.6426879	98	2	0.9589653176	0.01002170996	93.5592047	6.440795299	69.1040713	30.8959287	0	0	-683.6426879	0.01002170996	-28474.8645880672	
681.0826879	98	2	0.9593768639	0.009932949871	93.4672463	6.532753699	68.85964533	31.14035467	0	0	-681.0826879	0.009932949871	-29226.7962113277	
678.5226879	98	2	0.9597807601	0.009846468978	93.37455174	6.625448256	68.61585973	31.38414027	0	0	-678.5226879	0.009846468978	-29995.5106798263	
675.9626879	98	2	0.9601772422	0.009762200346	93.28111323	6.718886771	68.37269889	31.62730111	0	0	-675.9626879	0.009762200346	-30781.5008289405	
673.4026879	98	2	0.9605665366	0.009680079851	93.18692287	6.813077127	68.13014739	31.86985261	0	0	-673.4026879	0.009680079851	-31585.3234813024	
670.8426879	98	2	0.9609488608	0.009600046046	93.09197271	6.908027294	67.88819	32.11181	0	0	-670.8426879	0.009600046046	-32407.5677395645	
668.2826879	98	2	0.9613244238	0.009522040033	92.99625467	7.00374533	67.64681168	32.35318832	0	0	-668.2826879	0.009522040033	-33248.8559481511	
665.7226879	98	2	0.9616934262	0.009446005338	92.89976062	7.10023938	67.40599754	32.59400246	0	0	-665.7226879	0.009446005338	-34109.8468691179	
663.1626879	98	2	0.9620560612	0.009371887801	92.80248232	7.197517679	67.16573288	32.83426712	0	0	-663.1626879	0.009371887801	-34991.2380072774	
660.6026879	98	2	0.9624125143	0.009299635464	92.70441145	7.295588553	66.92600316	33.07399684	0	0	-660.6026879	0.009299635464	-35893.7684576332	
658.0426879	98	2	0.9627629641	0.009229198473	92.60553958	7.394460419	66.686794	33.313206	0	0	-658.0426879	0.009229198473	-36818.2220706327	
655.4826879	98	2	0.9631075826	0.009160528979	92.50585821	7.494141787	66.44809115	33.55190885	0	0	-655.4826879	0.009160528979	-37765.4298001132	
652.9226879	98	2	0.9634465353	0.009093581047	92.40535874	7.594641262	66.20988052	33.79011948	0	0	-652.9226879	0.009093581047	-38736.2750554716	
650.3626879	98	2	0.9637799816	0.009028310574	92.30403246	7.695967542	65.97214816	34.02785184	0	0	-650.3626879	0.009028310574	-39731.6965633856	
647.8026879	98	2	0.9641080752	0.008964675204	92.20187058	7.798129424	65.73488027	34.26511973	0	0	-647.8026879	0.008964675204	-40752.6918067878	
645.2426879	98	2	0.9644309642	0.008902634252	92.0988642	7.9011358	65.49806314	34.50193686	0	0	-645.2426879	0.008902634252	-41800.3239662462	
642.6826879	98	2	0.9647487914	0.008842148635	91.99500434	8.004995662	65.26168321	34.73831679	0	0	-642.6826879	0.008842148635	-42875.7254032991	
640.1226879	98	2	0.9650616946	0.008783180799	91.8902819	8.109718099	65.02572704	34.97427296	0	0	-640.1226879	0.008783180799	-43980.1036580902	
637.5626879	98	2	0.9653698067	0.008725694658	91.7846877	8.215312304	64.79018129	35.20981871	0	0	-637.5626879	0.008725694658	-45114.7484994072	
635.0026879	98	2	0.9656732561	0.008669655531	91.67821243	8.321787569	64.55503273	35.44496727	0	0	-635.0026879	0.008669655531	-46281.037116442	
632.4426879	98	2	0.9659721666	0.008615030083	91.57084671	8.429153291	64.32026824	35.67973176	0	0	-632.4426879	0.008615030083	-47480.4426040928	
629.8826879	98	2	0.966266658	0.008561786271	91.46258103	8.53741897	64.0858748	35.9141252	0	0	-629.8826879	0.008561786271	-48714.5427148828	
627.3226879	98	2	0.9665568459	0.008509893292	91.35340579	8.646594209	63.85183946	36.14816054	0	0	-627.3226879	0.008509893292	-49985.0294270562	
624.7626879	98	2	0.9668428421	0.008459321535	91.24331128	8.756688721	63.6181494	36.3818506	0	0	-624.7626879	0.008459321535	-51293.7169553537	
622.2026879	98	2	0.9671247547	0.00841004253	91.13228768	8.867712323	63.38479184	36.61520816	0	0	-622.2026879	0.00841004253	-52642.554686339	
619.6426879	98	2	0.9674026882	0.008362028908	91.02032506	8.979674941	63.1517541	36.8482459	0	0	-619.6426879	0.008362028908	-54033.6394882148	
617.0826879	98	2	0.9676767437	0.008315254355	90.90741339	9.092586612	62.91902358	37.08097642	0	0	-617.0826879	0.008315254355	-55469.2293028941	
614.5226879	98	2	0.9679470192	0.008269693575	90.79354252	9.206457481	62.68658773	37.31341227	0	0	-614.5226879	0.008269693575	-56951.7607284678	
611.9626879	98	2	0.9682136093	0.008225322252	90.67870219	9.321297806	62.45443408	37.54556592	0	0	-611.9626879	0.008225322252	-58483.8629172083	
609.4026879	98	2	0.9684766058	0.008182117011	90.56288204	9.437117956	62.22255022	37.77744978	0	0	-609.4026879	0.008182117011	-60068.3799172844	
606.8426879	98	2	0.9687360975	0.008140055388	90.44607159	9.553928414	61.99092379	38.00907621	0	0	-606.8426879	0.008140055388	-61708.3895116974	
604.2826879	98	2	0.9689921707	0.008099115791	90.32826022	9.671739778	61.75954249	38.24045751	0	0	-604.2826879	0.008099115791	-63407.232839741	
601.7226879	98	2	0.9692449086	0.008059277479	90.20943724	9.790562762	61.52839405	38.47160595	0	0	-601.7226879	0.008059277479	-65168.5387995428	
599.1626879	98	2	0.9694943922	0.008020520523	90.08959181	9.910408193	61.29746626	38.70253374	0	0	-599.1626879	0.008020520523	-66996.2534355598	
596.6026879	98	2	0.9697407	0.007982825784	89.96871298	10.03128702	61.06674694	38.93325306	0	0	-596.6026879	0.007982825784	-68894.6811992295	
594.0426879	98	2	0.969983908	0.007946174885	89.84678969	10.15321031	60.83622395	39.16377605	0	0	-594.0426879	0.007946174885	-70868.5202198163	
591.4826879	98	2	0.9702240901	0.007910550185	89.72381076	10.27618924	60.60588518	39.39411482	0	0	-591.4826879	0.007910550185	-72922.9114641855	
588.9226879	98	2	0.970461318	0.007875934757	89.59976488	10.40023512	60.37571854	39.62428146	0	0	-588.9226879	0.007875934757	-75063.4920688204	
586.3626879	98	2	0.9706956611	0.007842312365	89.47464062	10.52535938	60.14571195	39.85428805	0	0	-586.3626879	0.007842312365	-77296.4499629177	
583.8026879	98	2	0.9709271871	0.007809667439	89.34842645	10.65157355	59.91585338	40.08414662	0	0	-583.8026879	0.007809667439	-79628.6027145421	
581.2426879	98	2	0.9711559615	0.007777985062	89.22111068	10.77888932	59.68613078	40.31386922	0	0	-581.2426879	0.007777985062	-82067.472004378	
578.6826879	98	2	0.9713820481	0.007747250943	89.09268152	10.90731848	59.45653212	40.54346788	0	0	-578.6826879	0.007747250943	-84621.3757752638	
576.1226879	98	2	0.9716055088	0.007717451404	88.96312705	11.03687295	59.22704538	40.77295462	0	0	-576.1226879	0.007717451404	-87299.541441461	
573.5626879	98	2	0.9718264039	0.00768857336	88.83243524	11.16756476	58.99765853	41.00234147	0	0	-573.5626879	0.00768857336	-90112.2265583808	
571.0026879	98	2	0.9720447919	0.007660604303	88.70059391	11.29940609	58.76835955	41.23164045	0	0	-571.0026879	0.007660604303	-93070.8728776687	
568.4426879	98	2	0.9722607296	0.007633532288	88.56759077	11.43240923	58.5391364	41.4608636	0	0	-568.4426879	0.007633532288	-96188.2724557661	
565.8826879	98	2	0.9724742726	0.007607345914	88.43341338	11.56658662	58.30997701	41.69002299	0	0	-565.8826879	0.007607345914	-99478.7824462694	
563.3226879	98	2	0.9726854748	0.007582034316	88.2980492	11.7019508	58.08086933	41.91913067	0	0	-563.3226879	0.007582034316	-102958.569625327	
560.7626879	98	2	0.9728943884	0.007557587148	88.16148556	11.83851444	57.85180126	42.14819874	0	0	-560.7626879	0.007557587148	-106645.891545059	
558.2026879	98	2	0.9731010648	0.00753399457	88.02370963	11.97629037	57.62276069	42.37723931	0	0	-558.2026879	0.00753399457	-110561.460407529	
555.6426879	98	2	0.9733055534	0.007511247239	87.88470848	12.11529152	57.39373546	42.60626454	0	0	-555.6426879	0.007511247239	-114728.861507829	
553.0826879	98	2	0.9735079029	0.007489336295	87.74446904	12.25553096	57.16471339	42.83528661	0	0	-553.0826879	0.007489336295	-119175.075659809	
550.5226879	98	2	0.9737081604	0.007468253355	87.60297811	12.39702189	56.93568226	43.06431774	0	0	-550.5226879	0.007468253355	-123931.091992655	
547.9626879	98	2	0.9739063719	0.007447990495	87.46022236	12.53977764	56.70662979	43.29337021	0	0	-547.9626879	0.007447990495	-129032.709828753	
545.4026879	98	2	0.9741025821	0.007428540252	87.31618832	12.68381168	56.47754367	43.52245633	0	0	-545.4026879	0.007428540252	-134521.486317274	
542.8426879	98	2	0.9742968348	0.007409895604	87.1708624	12.8291376	56.24841153	43.75158847	0	0	-542.8426879	0.007409895604	-140445.955082505	
540.2826879	98	2	0.9744891727	0.007392049973	87.02423087	12.97576913	56.01922094	43.98077906	0	0	-540.2826879	0.007392049973	-146863.137762967	
537.7226879	98	2	0.9746796372	0.007374997206	86.87627988	13.12372012	55.7899594	44.2100406	0	0	-537.7226879	0.007374997206	-153840.496646456	
535.1626879	98	2	0.974868269	0.007358731578	86.72699542	13.27300458	55.56061435	44.43938565	0	0	-535.1626879	0.007358731578	-161458.458855397	
532.6026879	98	2	0.9750551075	0.007343247781	86.57636339	13.42363661	55.33117316	44.66882684	0	0	-532.6026879	0.007343247781	-169813.642721461	
530.0426879	98	2	0.9752401915	0.007328540918	86.42436952	13.57563048	55.1016231	44.8983769	0	0	-530.0426879	0.007328540918	-179023.173081473	
527.4826879	98	2	0.9754235586	0.007314606497	86.27099942	13.72900058	54.87195139	45.12804861	0	0	-527.4826879	0.007314606497	-189230.45632873	
524.9226879	98	2	0.9756052458	0.007301440429	86.11623857	13.88376143	54.64214515	45.35785485	0	0	-524.9226879	0.007301440429	-200612.98572966	
522.3626879	98	2	0.9757852889	0.007289039022	85.96007232	14.03992768	54.41219138	45.58780862	0	0	-522.3626879	0.007289039022	-213393.074676235	
519.8026879	98	2	0.9759637231	0.007277398974	85.80248589	14.19751411	54.18207701	45.81792299	0	0	-519.8026879	0.007277398974	-227853.069516651	
517.2426879	98	2	0.9761405829	0.007266517375	85.64346436	14.35653564	53.95178885	46.04821115	0	0	-517.2426879	0.007266517375	-244357.091531539	
514.6826879	98	2	0.9763159017	0.0072563917	85.48299269	14.51700731	53.72131362	46.27868638	0	0	-514.6826879	0.0072563917	-263382.977149269	
512.1226879	98	2	0.9764897124	0.007247019806	85.32105569	14.67894431	53.4906379	46.5093621	0	0	-512.1226879	0.007247019806	-285570.712666373	
509.5626879	98	2	0.9766620471	0.007238399934	85.15763808	14.84236192	53.25974816	46.74025184	0	0	-509.5626879	0.007238399934	-311797.687347295	
507.0026879	98	2	0.9768329372	0.0072305307	84.99272441	15.00727559	53.02863075	46.97136925	0	0	-507.0026879	0.0072305307	-343300.738464357	
504.4426879	98	2	0.9770024136	0.007223411101	84.82629913	15.17370087	52.79727185	47.20272815	0	0	-504.4426879	0.007223411101	-358864.100049374	
503.1626879	98	2	0.9770865852	0.003611696302	84.74251453	15.25748547	52.68149738	47.31850262	0	0	-503.1626879	0.003611696302	-354.364919400779	
502.5226879	98	2	0.9771284959	0.0018055532	84.70047852	15.29952148	52.62358571	47.37641429	0	0	-502.5226879	0.0018055532	-354.405791537911	
502.2026879	98	2	0.9771494079	0.0009027092644	84.67942446	15.32057554	52.59462366	47.40537634	0	0	-502.2026879	0.0009027092644	-354.45421043742	
502.0426879	98	2	0.9771598527	0.000451322915	84.66888841	15.33111159	52.58014157	47.41985843	0	0	-502.0426879	0.000451322915	-354.512331815318	
501.9626879	98	2	0.9771650728	0.0002256763344	84.66361743	15.33638257	52.57289952	47.42710048	0	0	-501.9626879	0.0002256763344	-4223287.35796212	
501.8826879	98	2	0.9771702919	0.0002256573934	84.65834563	15.34165437	52.56565757	47.43434243	0	0	-501.8826879	0.0002256573934	-4222933.16704004	
501.8426879	98	2	0.9771729004	0.0001127979882	84.65570955	15.34429045	52.5620364	47.4379636	0	0	-501.8426879	0.0001127979882	-354.548484484598	
501.8226879	98	2	0.9771742044	5.639816745E-05	84.65439134	15.34560866	52.5602258	47.4397742	0	0	-501.8226879	5.639816745E-05	-354.616238493086	
501.8126879	98	2	0.9771748564	2.819887524E-05	84.6537322	15.3462678	52.5593205	47.4406795	0	0	-501.8126879	2.819887524E-05	-767.935733035919	
501.7726879	98	2	0.9771774648	0.0001128367712	84.65109498	15.34890502	52.55569923	47.44430077	0	0	-501.7726879	0.0001128367712	-2009.42130710201	
501.7526879	98	2	0.9771787684	5.639899883E-05	84.64977611	15.35022389	52.55388854	47.44611146	0	0	-501.7526879	5.639899883E-05	32291404.3933461	
501.7126879	98	2	0.9771813765	0.0001128349131	84.64713845	15.35286155	52.55026745	47.44973255	0	0	-501.7126879	0.0001128349131	708.842700510975	
501.6326879	98	2	0.9771865921	0.0002256713251	84.64186156	15.35813844	52.54302477	47.45697523	0	0	-501.6326879	0.0002256713251	709.028341001189	
501.4726879	98	2	0.9771970202	0.0004513084965	84.63130472	15.36869528	52.52853878	47.47146122	0	0	-501.4726879	0.0004513084965	709.197537931036	
501.1526879	98	2	0.9772178647	0.0009024025082	84.61017154	15.38982846	52.49956239	47.50043761	0	0	-501.1526879	0.0009024025082	709.459016880075	
500.5126879	98	2	0.9772595059	0.001804313977	84.56783259	15.43216741	52.44159778	47.55840222	0	0	-500.5126879	0.001804313977	709.773844535937	
499.2326879	98	2	0.9773426019	0.00360684334	84.48286355	15.51713645	52.32561639	47.67438361	0	0	-499.2326879	0.00360684334	710.43796154627	
496.6726879	98	2	0.9775080595	0.007206968048	84.31175387	15.68824613	52.09343872	47.90656128	0	0	-496.6726879	0.007206968048	-547959.091581379	
494.1126879	98	2	0.9776721328	0.00720229008	84.13906839	15.86093161	51.86096236	48.13903764	0	0	-494.1126879	0.00720229008	-674223.225237174	
491.5526879	98	2	0.9778349375	0.007198943897	83.96479104	16.03520896	51.62817277	48.37182723	0	0	-491.5526879	0.007198943897	-889697.475978779	
488.9926879	98	2	0.9779965007	0.007196348537	83.78890554	16.21109446	51.39505524	48.60494476	0	0	-488.9926879	0.007196348537	-1222256.00538076	
486.4326879	98	2	0.9781568489	0.007194506387	83.61139548	16.38860452	51.16159484	48.83840516	0	0	-486.4326879	0.007194506387	-1996973.99728258	
483.8726879	98	2	0.9783160081	0.007193419473	83.43224434	16.56775566	50.92777646	49.07222354	0	0	-483.8726879	0.007193419473	-6514801.4605399	
481.3126879	98	2	0.9784740039	0.007193090207	83.25143546	16.74856454	50.69358479	49.30641521	0	0	-481.3126879	0.007193090207	-52077547.2590892	
478.7526879	98	2	0.9786308614	0.007193521384	83.06895212	16.93104788	50.45900432	49.54099568	0	0	-478.7526879	0.007193521384	4930979.61036276	
476.1926879	98	2	0.9787866049	0.007194716189	82.88477744	17.11522256	50.22401931	49.77598069	0	0	-476.1926879	0.007194716189	1825505.2379416	
473.6326879	98	2	0.9789412588	0.007196678201	82.69889447	17.30110553	49.98861382	50.01138618	0	0	-473.6326879	0.007196678201	1150942.61668493	
471.0726879	98	2	0.9790948465	0.007199411391	82.51128616	17.48871384	49.75277166	50.24722834	0	0	-471.0726879	0.007199411391	845981.77331308	
468.5126879	98	2	0.9792473914	0.007202920134	82.32193535	17.67806465	49.51647642	50.48352358	0	0	-468.5126879	0.007202920134	669877.372714419	
465.9526879	98	2	0.9793989163	0.007207209209	82.1308248	17.8691752	49.27971142	50.72028858	0	0	-465.9526879	0.007207209209	554544.854191862	
463.3926879	98	2	0.9795494435	0.007212283805	81.93793717	18.06206283	49.04245975	50.95754025	0	0	-463.3926879	0.007212283805	472913.859623735	
460.8326879	98	2	0.9796989951	0.007218149527	81.74325505	18.25674495	48.8047042	51.1952958	0	0	-460.8326879	0.007218149527	411987.639551791	
458.2726879	98	2	0.9798475927	0.007224812391	81.54676095	18.45323905	48.5664273	51.4335727	0	0	-458.2726879	0.007224812391	364718.418836573	
455.7126879	98	2	0.9799952576	0.007232278872	81.34843728	18.65156272	48.3276113	51.6723887	0	0	-455.7126879	0.007232278872	326942.752392984	
453.1526879	98	2	0.9801420106	0.007240555857	81.14826643	18.85173357	48.08823813	51.91176187	0	0	-453.1526879	0.007240555857	296039.790697457	
450.5926879	98	2	0.9802878724	0.007249650679	80.94623068	19.05376932	47.84828942	52.15171058	0	0	-450.5926879	0.007249650679	270274.48088393	
448.0326879	98	2	0.9804328632	0.007259571122	80.74231228	19.25768772	47.60774648	52.39225352	0	0	-448.0326879	0.007259571122	248452.019157944	
445.4726879	98	2	0.980577003	0.007270325435	80.53649343	19.46350657	47.36659028	52.63340972	0	0	-445.4726879	0.007270325435	229722.37116588	
442.9126879	98	2	0.9807203112	0.007281922331	80.32875628	19.67124372	47.12480143	52.87519857	0	0	-442.9126879	0.007281922331	213464.082483315	
440.3526879	98	2	0.9808628072	0.007294371005	80.11908294	19.88091706	46.88236021	53.11763979	0	0	-440.3526879	0.007294371005	199212.090162351	
437.7926879	98	2	0.9810045101	0.007307681138	79.9074555	20.0925445	46.63924651	53.36075349	0	0	-437.7926879	0.007307681138	186611.418128528	
435.2326879	98	2	0.9811454385	0.007321862913	79.69385605	20.30614395	46.39543981	53.60456019	0	0	-435.2326879	0.007321862913	175386.352916548	
432.6726879	98	2	0.9812856109	0.007336927022	79.47826662	20.52173338	46.15091924	53.84908076	0	0	-432.6726879	0.007336927022	165319.485132993	
430.1126879	98	2	0.9814250455	0.007352884682	79.2606693	20.7393307	45.90566345	54.09433655	0	0	-430.1126879	0.007352884682	156237.047349035	
427.5526879	98	2	0.9815637602	0.007369747643	79.04104615	20.95895385	45.6596507	54.3403493	0	0	-427.5526879	0.007369747643	147998.483466006	
424.9926879	98	2	0.9817017727	0.007387528206	78.81937926	21.18062074	45.41285879	54.58714121	0	0	-424.9926879	0.007387528206	140488.856222192	
422.4326879	98	2	0.9818391004	0.007406239234	78.59565076	21.40434924	45.16526505	54.83473495	0	0	-422.4326879	0.007406239234	133613.281225974	
419.8726879	98	2	0.9819757606	0.007425894167	78.36984281	21.63015719	44.91684631	55.08315369	0	0	-419.8726879	0.007425894167	127299.710726666	
417.3126879	98	2	0.9821117701	0.007446504601	78.14193766	21.85806234	44.66757893	55.33242107	0	0	-417.3126879	0.007446504601	121468.836567492	
414.7526879	98	2	0.9822471458	0.007468089919	77.91191758	22.08808242	44.41743871	55.58256129	0	0	-414.7526879	0.007468089919	116062.122699219	
412.1926879	98	2	0.9823819042	0.007490663082	77.67976498	22.32023502	44.16640094	55.83359906	0	0	-412.1926879	0.007490663082	111047.38592364	
409.6326879	98	2	0.9825160617	0.007514240005	77.44546233	22.55453767	43.91444032	56.08555968	0	0	-409.6326879	0.007514240005	106311.790974427	
407.0726879	98	2	0.982649635	0.007538869229	77.20899225	22.79100775	43.66153009	56.33846991	0	0	-407.0726879	0.007538869229	101989.347216666	
404.5126879	98	2	0.9827826391	0.007564479637	76.97033746	23.02966254	43.40764547	56.59235453	0	0	-404.5126879	0.007564479637	97983.3691814704	
401.9526879	98	2	0.9829150901	0.00759116736	76.72948088	23.27051912	43.15275853	56.84724147	0	0	-401.9526879	0.00759116736	94100.2450528777	
399.3926879	98	2	0.9830470037	0.007618932301	76.48640555	23.51359445	42.89684147	57.10315853	0	0	-399.3926879	0.007618932301	90489.1727620195	
396.8326879	98	2	0.9831783953	0.00764779095	76.24109475	23.75890525	42.63986583	57.36013417	0	0	-396.8326879	0.00764779095	87091.0485640551	
394.2726879	98	2	0.9833092802	0.007677763518	75.99353194	24.00646806	42.38180244	57.61819756	0	0	-394.2726879	0.007677763518	83882.3033616191	
391.7126879	98	2	0.9834396736	0.007708871016	75.74370086	24.25629914	42.12262137	57.87737863	0	0	-391.7126879	0.007708871016	80846.939157889	
389.1526879	98	2	0.9835695902	0.007741135281	75.49158547	24.50841453	41.86229194	58.13770806	0	0	-389.1526879	0.007741135281	77970.7450061362	
386.5926879	98	2	0.9836990451	0.007774578999	75.23717004	24.76282996	41.60078264	58.39921736	0	0	-386.5926879	0.007774578999	75241.0450395559	
384.0326879	98	2	0.9838280527	0.007809225743	74.98043918	25.01956082	41.33806115	58.66193885	0	0	-384.0326879	0.007809225743	72646.5005585093	
381.4726879	98	2	0.9839566277	0.007845099993	74.7213778	25.2786222	41.07409426	58.92590574	0	0	-381.4726879	0.007845099993	70176.9373355211	
378.9126879	98	2	0.9840847844	0.007882227181	74.45997122	25.54002878	40.80884785	59.19115215	0	0	-378.9126879	0.007882227181	67823.197125272	
376.3526879	98	2	0.9842125371	0.007920633714	74.19620518	25.80379482	40.54228686	59.45771314	0	0	-376.3526879	0.007920633714	65577.0211605666	
373.7926879	98	2	0.9843398999	0.007960347017	73.93006583	26.06993417	40.27437522	59.72562478	0	0	-373.7926879	0.007960347017	63430.9316542593	
371.2326879	98	2	0.9844668869	0.008001395571	73.66153984	26.33846016	40.00507585	59.99492415	0	0	-371.2326879	0.008001395571	61378.1509471486	
368.6726879	98	2	0.9845935119	0.008043808948	73.39061438	26.60938562	39.73435057	60.26564943	0	0	-368.6726879	0.008043808948	59412.5170922024	
366.1126879	98	2	0.9847197888	0.00808761786	73.11727718	26.88272282	39.4621601	60.5378399	0	0	-366.1126879	0.00808761786	57528.4122776188	
363.5526879	98	2	0.9848457311	0.008132854202	72.8415166	27.1584834	39.18846395	60.81153605	0	0	-363.5526879	0.008132854202	55720.7093381525	
360.9926879	98	2	0.9849713526	0.008179551098	72.56332164	27.43667836	38.91322042	61.08677958	0	0	-360.9926879	0.008179551098	55460.8915036284	
359.7126879	98	2	0.9850339321	0.004105277859	72.42330647	27.57669353	38.77500457	61.22499543	0	0	-359.7126879	0.004105277859	88094.7759244029	
358.4326879	98	2	0.9850964224	0.004119860042	72.28268086	27.71731914	38.63638634	61.36361366	0	0	-358.4326879	0.004119860042	88407.6146655563	
357.7926879	98	2	0.9851276087	0.002063935641	72.21213746	27.78786254	38.56692369	61.43307631	0	0	-357.7926879	0.002063935641	-310.753234279386	
357.4726879	98	2	0.9851431855	0.001033278068	72.1768084	27.8231916	38.53215406	61.46784594	0	0	-357.4726879	0.001033278068	340048.071714329	
357.1526879	98	2	0.9851587587	0.001034219973	72.14144094	27.85855906	38.49735866	61.50264134	0	0	-357.1526879	0.001034219973	340357.845365134	
356.9926879	98	2	0.9851665407	0.0005173636257	72.12374277	27.87625723	38.47995123	61.52004877	0	0	-356.9926879	0.0005173636257	675986.949915451	
356.8326879	98	2	0.9851743226	0.0005176004252	72.10603503	27.89396497	38.46253734	61.53746266	0	0	-356.8326879	0.0005176004252	676296.341627477	
356.7526879	98	2	0.985178212	0.0002588638417	72.09717662	27.90282338	38.45382795	61.54617205	0	0	-356.7526879	0.0002588638417	-309.017832097521	
356.7126879	98	2	0.9851801559	0.0001293843716	72.09274751	27.90725249	38.44947337	61.55052663	0	0	-356.7126879	0.0001293843716	-309.170918853406	
356.6926879	98	2	0.9851811281	6.472047403E-05	72.09053268	27.90946732	38.44729515	61.55270485	0	0	-356.6926879	6.472047403E-05	-309.112047510933	
356.6826879	98	2	0.9851816142	3.236033893E-05	72.08942519	27.91057481	38.44620605	61.55379395	0	0	-356.6826879	3.236033893E-05	-668.856632248012	
356.6426879	98	2	0.9851835594	0.0001295307781	72.08499355	27.91500645	38.44184946	61.55815054	0	0	-356.6426879	0.0001295307781	-1751.04986094494	
356.6226879	98	2	0.9851845314	6.472101448E-05	72.08277884	27.91722116	38.43967204	61.56032796	0	0	-356.6226879	6.472101448E-05	2430481.85900823	
356.5826879	98	2	0.985186476	0.0001295060885	72.07834703	27.92165297	38.43531584	61.56468416	0	0	-356.5826879	0.0001295060885	617.397056833644	
356.5026879	98	2	0.985190366	0.0002590945683	72.06948151	27.93051849	38.42660065	61.57339935	0	0	-356.5026879	0.0002590945683	617.323321699843	
356.3426879	98	2	0.9851981456	0.000518291058	72.05174524	27.94825476	38.40916682	61.59083318	0	0	-356.3426879	0.000518291058	617.176940262628	
356.0226879	98	2	0.9852137048	0.001036974968	72.01624203	27.98375797	38.37427958	61.62572042	0	0	-356.0226879	0.001036974968	616.562337283494	
355.3826879	98	2	0.9852448268	0.002076284522	71.94512018	28.05487982	38.3044264	61.6955736	0	0	-355.3826879	0.002076284522	615.097394995719	
354.1026879	98	2	0.9853070869	0.004161992221	71.80241437	28.19758563	38.16440289	61.83559711	0	0	-354.1026879	0.004161992221	92315.1997244759	
352.8226879	98	2	0.985369269	0.004175767386	71.65909083	28.34090917	38.02395048	61.97604952	0	0	-352.8226879	0.004175767386	94743.4406452938	
351.5426879	98	2	0.9854313847	0.004189031846	71.51515007	28.48484993	37.88306437	62.11693563	0	0	-351.5426879	0.004189031846	95650.8686197139	
350.2626879	98	2	0.985493436	0.004202535668	71.37058992	28.62941008	37.74173768	62.25826232	0	0	-350.2626879	0.004202535668	94489.2688429854	
347.7026879	98	2	0.9856176169	0.008446850995	71.07960957	28.92039043	37.45773788	62.54226212	0	0	-347.7026879	0.008446850995	44712.3475829821	
345.1426879	98	2	0.9857415585	0.008503363565	70.78614593	29.21385407	37.1719027	62.8280973	0	0	-345.1426879	0.008503363565	44586.828060846	
342.5826879	98	2	0.9858652749	0.008561743821	70.4901903	29.5098097	36.88417662	63.11582338	0	0	-342.5826879	0.008561743821	43244.9738055136	
340.0226879	98	2	0.9859887779	0.00862180662	70.19174323	29.80825677	36.59450776	63.40549224	0	0	-340.0226879	0.00862180662	41992.7142946127	
337.4626879	98	2	0.9861120807	0.00868372625	69.89080111	30.10919889	36.30283909	63.69716091	0	0	-337.4626879	0.00868372625	40743.2177699615	
334.9026879	98	2	0.9862351959	0.00874752805	69.58736302	30.41263698	36.0091124	63.9908876	0	0	-334.9026879	0.00874752805	39542.9827820535	
332.3426879	98	2	0.9863581363	0.008813263312	69.28142946	30.71857054	35.71326735	64.28673265	0	0	-332.3426879	0.008813263312	38381.3014020419	
329.7826879	98	2	0.9864809145	0.00888098549	68.97300239	31.02699761	35.41524136	64.58475864	0	0	-329.7826879	0.00888098549	37256.328329957	
327.2226879	98	2	0.986603543	0.008950750311	68.66208543	31.33791457	35.1149695	64.8850305	0	0	-327.2226879	0.008950750311	36166.3357419849	
324.6626879	98	2	0.9867260344	0.009022615913	68.34868388	31.65131612	34.81238435	65.18761565	0	0	-324.6626879	0.009022615913	35109.7018745657	
322.1026879	98	2	0.9868484011	0.009096642981	68.03280487	31.96719513	34.50741586	65.49258414	0	0	-322.1026879	0.009096642981	34084.9027770521	
319.5426879	98	2	0.9869706557	0.009172894908	67.71445748	32.28554252	34.19999118	65.80000882	0	0	-319.5426879	0.009172894908	33090.5031612253	
316.9826879	98	2	0.9870928104	0.009251437961	67.39365288	32.60634712	33.89003454	66.10996546	0	0	-316.9826879	0.009251437961	32125.1494335821	
314.4226879	98	2	0.9872148776	0.009332341472	67.07040441	32.92959559	33.57746701	66.42253299	0	0	-314.4226879	0.009332341472	31187.5622467657	
311.8626879	98	2	0.9873368697	0.009415678041	66.74472778	33.25527222	33.26220637	66.73779363	0	0	-311.8626879	0.009415678041	30276.5303960232	
309.3026879	98	2	0.987458799	0.009501523767	66.41664122	33.58335878	32.94416686	67.05583314	0	0	-309.3026879	0.009501523767	29390.9052631516	
306.7426879	98	2	0.9875806778	0.009589958494	66.08616559	33.91383441	32.62325898	67.37674102	0	0	-306.7426879	0.009589958494	28529.595503314	
304.1826879	98	2	0.9877025185	0.009681066094	65.75332461	34.24667539	32.29938922	67.70061078	0	0	-304.1826879	0.009681066094	27691.5616574375	
301.6226879	98	2	0.9878243332	0.009774934773	65.418145	34.581855	31.97245983	68.02754017	0	0	-301.6226879	0.009774934773	28029.8712437701	
300	98	2	0.9879013983	0.006245590763	65.20449077	34.79550923	31.76360167	68.23639833	0	0	-300	0.006245590763	-28949.4120396813	
