T	w(AL)	w(MG)	w(SI)	fs	fw(@FCC_A1)	w(AL@FCC_A1)	w(MG@FCC_A1)	w(SI@FCC_A1)	w(AL@LIQUID)	w(MG@LIQUID)	w(SI@LIQUID)	dwdT_L(AL@LIQUID)	dwdT_L(MG@LIQUID)	dwdT_L(SI@LIQUID)	-T	fw(@FCC_A1)_1	-T//fw(@FCC_A1)	
K	%	%	%	mole/mole	kg/kg	%	%	%	%	%	%	SI	SI	SI				
908.2292168	95	4	1	0	0	98.70720059	1.204828821	0.08797059314	95	4	1	0.00203827207	-0.001536783112	-0.0005014889585	-908.2292168	0	9.05468737163113	
908.2192168	95	4	1	0.0005482013632	0.0005496854097	98.70674333	1.205250126	0.08800654766	94.99796172	4.001536816	1.000501469	0	0	0	-908.2192168	0.0005496854097	27.3297602543248	
908.1992168	95	4	1	0.001643087757	0.001098371857	98.70582866	1.206092879	0.08807846374	94.99388502	4.004610353	1.00150463	0	0	0	-908.1992168	0.001098371857	36.4767432830629	
908.1592168	95	4	1	0.00382713871	0.002193400134	98.70399996	1.207777767	0.08822227011	94.98573094	4.010757313	1.003511746	0	0	0	-908.1592168	0.002193400134	36.5847433514018	
908.0792168	95	4	1	0.008172455382	0.004373459723	98.70034442	1.211145782	0.08850980267	94.96942017	4.023050704	1.007529128	0	0	0	-908.0792168	0.004373459723	36.8283728549923	
907.9192168	95	4	1	0.01676535307	0.008687311284	98.69304115	1.217874174	0.08908467904	94.93678838	4.047633742	1.015577878	0	0	0	-907.9192168	0.008687311284	37.3278737902535	
907.5992168	95	4	1	0.03358577927	0.01715402018	98.67846488	1.231301735	0.09023338781	94.87148297	4.096788616	1.031728411	0	0	0	-907.5992168	0.01715402018	38.2942518691522	
906.9592168	95	4	1	0.0658307569	0.03345749209	98.64943315	1.25804041	0.09252644447	94.74070411	4.195055585	1.064240309	0	0	0	-906.9592168	0.03345749209	40.3059603705784	
905.6792168	95	4	1	0.1252160219	0.06374781221	98.59184969	1.311056648	0.09709366037	94.47846689	4.391435472	1.130097636	0	0	0	-905.6792168	0.06374781221	44.5601928831937	
903.1192168	95	4	1	0.2268004735	0.1164585923	98.47857628	1.415282723	0.1061409954	93.95121673	4.783719001	1.265064269	0	0	0	-903.1192168	0.1164585923	-349.707450004075	
900.5592168	95	4	1	0.309538007	0.1073427413	98.36752917	1.517497542	0.1149732896	93.42015353	5.176483433	1.403363041	0	0	0	-900.5592168	0.1073427413	-306.723809271142	
897.9992168	95	4	1	0.3780451895	0.09955774595	98.25865493	1.617770369	0.1235747059	92.88518403	5.569953045	1.544862929	0	0	0	-897.9992168	0.09955774595	-356.672523558579	
895.4392168	95	4	1	0.4355716198	0.0928335475	98.15190453	1.716163195	0.1319322787	92.34622282	5.964324354	1.689452824	0	0	0	-895.4392168	0.0928335475	-410.477043365683	
892.8792168	95	4	1	0.4844653501	0.08696790009	98.04723238	1.812732222	0.1400354027	91.80319238	6.359770296	1.837037322	0	0	0	-892.8792168	0.08696790009	-468.124318944402	
890.3192168	95	4	1	0.5264618195	0.08180665315	97.94459558	1.907528991	0.1478754332	91.25602311	6.75644345	1.987533438	0	0	0	-890.3192168	0.08180665315	-529.60147205416	
887.7592168	95	4	1	0.562869155	0.07723025341	97.84395336	2.000601267	0.1554453766	90.70465353	7.154478454	2.140868017	0	0	0	-887.7592168	0.07723025341	-594.885827628333	
885.1992168	95	4	1	0.5946905418	0.07314454424	97.74526663	2.091993718	0.1627396469	90.14903058	7.553993773	2.296975647	0	0	0	-885.1992168	0.07314454424	-663.942950717515	
882.6392168	95	4	1	0.6227071352	0.0694743527	97.64849766	2.181748464	0.1697538722	89.58911006	7.955092999	2.455796937	0	0	0	-882.6392168	0.0694743527	-736.724858270654	
880.0792168	95	4	1	0.6475355239	0.06615892615	97.55360976	2.269905501	0.1764847379	89.02485713	8.357865794	2.617277078	0	0	0	-880.0792168	0.06615892615	-813.168031602998	
877.5192168	95	4	1	0.6696683654	0.0631486238	97.46056708	2.356503055	0.1829298603	88.45624684	8.762388548	2.781364608	0	0	0	-877.5192168	0.0631486238	-893.191352595745	
874.9592168	95	4	1	0.6895036433	0.06040247893	97.36933468	2.441577651	0.1890876736	87.88326483	9.168724832	2.948010336	0	0	0	-874.9592168	0.06040247893	-976.6954643541	
872.3992168	95	4	1	0.7073660787	0.05788638203	97.27987743	2.525165192	0.1949573756	87.30590793	9.576925664	3.11716641	0	0	0	-872.3992168	0.05788638203	-1063.55941308018	
869.8392168	95	4	1	0.723523029	0.05557169057	97.19216135	2.607299842	0.2005388072	86.72418486	9.987029667	3.288785469	0	0	0	-869.8392168	0.05557169057	-1153.63994202188	
867.2792168	95	4	1	0.7381964539	0.05343417618	97.10615252	2.68801506	0.2058324242	86.138117	10.39906312	3.462819886	0	0	0	-867.2792168	0.05343417618	-1246.77154106773	
864.7192168	95	4	1	0.7515720326	0.05145320149	97.02181727	2.767343491	0.2108392378	85.547739	10.81303991	3.639221087	0	0	0	-864.7192168	0.05145320149	-1342.76510574778	
862.1592168	95	4	1	0.7638061875	0.04961107651	96.93912217	2.845317063	0.2155607709	84.95309958	11.2289615	3.817938926	0	0	0	-862.1592168	0.04961107651	-1441.40851905976	
859.5992168	95	4	1	0.7750315519	0.04789254992	96.85803392	2.92196706	0.2199990205	84.35426211	11.64681676	3.998921125	0	0	0	-859.5992168	0.04789254992	-1542.46773324323	
857.0392168	95	4	1	0.785361267	0.04628440337	96.7785194	2.997324174	0.2241564248	83.75130533	12.06658192	4.182112758	0	0	0	-857.0392168	0.04628440337	-1645.6887325349	
854.4792168	95	4	1	0.7948923893	0.04477512558	96.70054562	3.071418547	0.2280358349	83.14432383	12.48822037	4.367455793	0	0	0	-854.4792168	0.04477512558	-1750.80046296881	
851.9192168	95	4	1	0.8037086139	0.04335464856	96.62407972	3.144279795	0.2316404894	82.53342865	12.91168267	4.554888688	0	0	0	-851.9192168	0.04335464856	-1857.51874770531	
849.3592168	95	4	1	0.8118824691	0.04201413276	96.54908899	3.215937023	0.2349739911	81.91874757	13.33690639	4.744346033	0	0	0	-849.3592168	0.04201413276	-1965.55117996174	
846.7992168	95	4	1	0.8194770963	0.04074579093	96.47554089	3.286418827	0.2380402861	81.30042553	13.76381622	4.935758258	0	0	0	-846.7992168	0.04074579093	-2074.60286029738	
844.2392168	95	4	1	0.8265477047	0.03954274284	96.40340306	3.355753294	0.2408436443	80.67862469	14.19232392	5.129051391	0	0	0	-844.2392168	0.03954274284	-2184.38299384376	
841.6792168	95	4	1	0.8331427661	0.03839889489	96.33264337	3.423967986	0.2433886405	80.05352454	14.62232858	5.324146885	0	0	0	-841.6792168	0.03839889489	-2294.61192135974	
839.1192168	95	4	1	0.8393050033	0.03730883955	96.26322994	3.491089923	0.2456801366	79.42532175	15.05371675	5.520961504	0	0	0	-839.1192168	0.03730883955	-2405.02848585628	
836.5592168	95	4	1	0.8450722118	0.0362677711	96.19513117	3.557145567	0.2477232637	78.79422987	15.48636285	5.719407281	0	0	0	-836.5592168	0.0362677711	-2515.39739464676	
833.9992168	95	4	1	0.8504779464	0.03527141441	96.12831581	3.622160787	0.2495234039	78.16047886	15.92012959	5.919391544	0	0	0	-833.9992168	0.03527141441	-2625.51625302378	
831.4392168	95	4	1	0.8555520978	0.0343159645	96.06275298	3.686160844	0.2510861731	77.52431449	16.3548685	6.120817013	0	0	0	-831.4392168	0.0343159645	-2735.22189351659	
828.8792168	95	4	1	0.8603213795	0.03339803472	95.99841224	3.749170354	0.252417402	76.88599741	16.79042062	6.323581973	0	0	0	-828.8792168	0.03339803472	-2844.39576145051	
826.3192168	95	4	1	0.8648097395	0.03251461212	95.93526362	3.811213266	0.2535231177	76.24580223	17.22661726	6.527580511	0	0	0	-826.3192168	0.03251461212	-2952.96818156276	
823.7592168	95	4	1	0.8690387114	0.03166301861	95.87327764	3.872312834	0.2544095242	75.60401624	17.66328093	6.732702828	0	0	0	-823.7592168	0.03166301861	-3060.92103993828	
821.1992168	95	4	1	0.8730277134	0.03084087681	95.81242543	3.932491592	0.2550829827	74.96093811	18.10022628	6.938835615	0	0	0	-821.1992168	0.03084087681	-3168.28908705955	
818.6392168	95	4	1	0.8767943057	0.03004607984	95.75267867	3.991771338	0.2555499907	74.31687629	18.53726122	7.145862491	0	0	0	-818.6392168	0.03004607984	-3275.15973248707	
816.0792168	95	4	1	0.8803544101	0.02927676425	95.69400973	4.050173112	0.2558171621	73.67214744	18.97418807	7.35366449	0	0	0	-816.0792168	0.02927676425	-3381.67131635384	
813.5192168	95	4	1	0.8837225012	0.02853128558	95.63639161	4.107717186	0.2558912049	73.02707457	19.41080483	7.562120604	0	0	0	-813.5192168	0.02853128558	-3488.01020280558	
810.9592168	95	4	1	0.8869117701	0.02780819612	95.57979804	4.164423059	0.2557789005	72.38198525	19.84690639	7.771108357	0	0	0	-810.9592168	0.02780819612	-3594.40666495824	
808.3992168	95	4	1	0.8899342677	0.02710622446	95.52420347	4.220309447	0.2554870821	71.73720967	20.28228592	7.980504407	0	0	0	-808.3992168	0.02710622446	-3701.13005687319	
805.8392168	95	4	1	0.8928010285	0.02642425668	95.46958309	4.275394293	0.255022613	71.09307867	20.71673615	8.190185177	0	0	0	-805.8392168	0.02642425668	-3808.48431276396	
803.2792168	95	4	1	0.8955221785	0.02576131918	95.41591286	4.32969477	0.2543923662	70.44992182	21.1500507	8.400027481	0	0	0	-803.2792168	0.02576131918	-3916.80078105564	
800.7192168	95	4	1	0.8981070298	0.02511656199	95.3631695	4.383227293	0.2536032035	69.80806548	21.58202537	8.609909155	0	0	0	-800.7192168	0.02511656199	-4026.4249270083	
798.1592168	95	4	1	0.9005641629	0.02448924172	95.3113305	4.43600755	0.2526619538	69.16783101	22.01245934	8.819709655	0	0	0	-798.1592168	0.02448924172	-4137.72233992096	
795.5992168	95	4	1	0.9029014994	0.02387871089	95.26037408	4.488050519	0.2515753957	68.52953299	22.44115635	9.029310655	0	0	0	-795.5992168	0.02387871089	-4251.08011095453	
793.0392168	95	4	1	0.9051263659	0.02328440502	95.21027928	4.539370478	0.2503502406	67.89347752	22.86792585	9.238596623	0	0	0	-793.0392168	0.02328440502	-4366.88322950406	
790.4792168	95	4	1	0.9072455495	0.02270582816	95.16102584	4.589981044	0.2489931143	67.25996074	23.29258394	9.447455323	0	0	0	-790.4792168	0.02270582816	-4485.51197169313	
787.9192168	95	4	1	0.909265348	0.02214254278	95.11259425	4.639895209	0.2475105422	66.62926747	23.71495424	9.655778293	0	0	0	-787.9192168	0.02214254278	-4607.34747547356	
785.3592168	95	4	1	0.9111916134	0.02159416019	95.0649657	4.68912537	0.2459089344	66.00167001	24.13486873	9.863461257	0	0	0	-785.3592168	0.02159416019	-4732.76605187192	
782.7992168	95	4	1	0.9130297909	0.0210603316	95.01812206	4.737683363	0.244194574	65.37742715	24.55216835	10.07040449	0	0	0	-782.7992168	0.0210603316	-4862.13502041509	
780.2392168	95	4	1	0.9147849536	0.02054074009	94.97204589	4.7855805	0.2423736054	64.7567833	24.96670355	10.27651315	0	0	0	-780.2392168	0.02054074009	-4995.81091846416	
777.6792168	95	4	1	0.916461833	0.02003509367	94.92672037	4.832827606	0.2404520248	64.13996784	25.3783347	10.48169746	0	0	0	-777.6792168	0.02003509367	-5134.13804740612	
775.1192168	95	4	1	0.9180648473	0.01954311916	94.88212928	4.87943505	0.2384356728	63.52719462	25.78693241	10.68587297	0	0	0	-775.1192168	0.01954311916	-5277.44739674467	
772.5592168	95	4	1	0.9195981255	0.01906455704	94.83825699	4.925412784	0.2363302272	62.91866168	26.19237767	10.88896065	0	0	0	-772.5592168	0.01906455704	-5426.05622989357	
769.9992168	95	4	1	0.9210655301	0.01859915709	94.79508843	4.970770371	0.2341411982	62.31455107	26.59456197	11.09088697	0	0	0	-769.9992168	0.01859915709	-5580.26740461603	
767.4392168	95	4	1	0.9224706772	0.01814667477	94.75260905	5.015517022	0.2318739248	61.71502885	26.99338722	11.29158393	0	0	0	-767.4392168	0.01814667477	-5740.36959514997	
764.8792168	95	4	1	0.9238169544	0.01770686838	94.71080481	5.05966162	0.2295335724	61.12024524	27.38876573	11.49098903	0	0	0	-764.8792168	0.01770686838	-5906.63748325625	
762.3192168	95	4	1	0.9251075377	0.01727949679	94.66966212	5.103212752	0.2271251311	60.53033484	27.78061991	11.68904525	0	0	0	-762.3192168	0.01727949679	-6082.29500365571	
759.7592168	95	4	1	0.9263454387	0.01686470512	94.62916602	5.146180576	0.2246534054	59.9454102	28.16888734	11.88570246	0	0	0	-759.7592168	0.01686470512	-6259.63280560242	
757.1992168	95	4	1	0.9275334037	0.01646124372	94.58930715	5.188569824	0.2221230219	59.36559057	28.55349949	12.08090994	0	0	0	-757.1992168	0.01646124372	-6443.1652605672	
754.6392168	95	4	1	0.9286740757	0.01606970698	94.5500717	5.230389827	0.2195384746	58.79095851	28.93441264	12.27462885	0	0	0	-754.6392168	0.01606970698	-6638.28721443624	
752.0792168	95	4	1	0.9297699219	0.01568962067	94.51144772	5.271648218	0.2169040614	58.22159068	29.3115867	12.46682262	0	0	0	-752.0792168	0.01568962067	-6839.04029895485	
749.5192168	95	4	1	0.9308232616	0.01532072934	94.47342366	5.312352425	0.2142239127	57.65755076	29.68498993	12.65745931	0	0	0	-749.5192168	0.01532072934	-7047.33071276166	
746.9592168	95	4	1	0.9318362758	0.01496277537	94.4359883	5.352509704	0.2115019952	57.09889009	30.05459848	12.84651142	0	0	0	-746.9592168	0.01496277537	-7263.35758808857	
744.3992168	95	4	1	0.9328110161	0.01461549799	94.39913074	5.392127143	0.2087421158	56.54564839	30.42039595	13.03395566	0	0	0	-744.3992168	0.01461549799	-7487.30049888446	
741.8392168	95	4	1	0.9337494133	0.01427863388	94.3628404	5.431211674	0.2059479257	55.99785444	30.78237285	13.21977272	0	0	0	-741.8392168	0.01427863388	-7719.33165276458	
739.2792168	95	4	1	0.9346532853	0.01395191782	94.32710699	5.469770086	0.2031229254	55.45552681	31.14052618	13.40394701	0	0	0	-739.2792168	0.01395191782	-7959.61522932704	
736.7192168	95	4	1	0.9355243441	0.01363508332	94.2919205	5.507809029	0.2002704691	54.91867464	31.49485893	13.58646644	0	0	0	-736.7192168	0.01363508332	-8208.30778368674	
734.1592168	95	4	1	0.9363642026	0.01332786335	94.25727121	5.545335023	0.1973937699	54.38729823	31.84537958	13.76732218	0	0	0	-734.1592168	0.01332786335	-8465.55835411223	
731.5992168	95	4	1	0.9371743809	0.013029991	94.22314963	5.582354462	0.1944959045	53.86138986	32.19210171	13.94650843	0	0	0	-731.5992168	0.013029991	-8731.50950400054	
729.0392168	95	4	1	0.9379563124	0.01274120025	94.18954656	5.61887362	0.1915798183	53.34093434	32.53504347	14.12402218	0	0	0	-729.0392168	0.01274120025	-9006.29726257443	
726.4792168	95	4	1	0.9387113485	0.01246122658	94.15645302	5.654898653	0.1886483305	52.82590976	32.87422725	14.299863	0	0	0	-726.4792168	0.01246122658	-9290.05239042314	
723.9192168	95	4	1	0.9394407646	0.01218980772	94.12386026	5.690435602	0.1857041387	52.31628802	33.20967918	14.4740328	0	0	0	-723.9192168	0.01218980772	-9582.89976029169	
721.3592168	95	4	1	0.9401457641	0.01192668414	94.09175978	5.725490397	0.1827498242	51.81203548	33.54142883	14.64653569	0	0	0	-721.3592168	0.01192668414	-9884.95912606411	
718.7992168	95	4	1	0.9408274834	0.01167159971	94.06014329	5.760068857	0.179787856	51.31311348	33.86950879	14.81737773	0	0	0	-718.7992168	0.01167159971	-10196.3458170275	
716.2392168	95	4	1	0.9414869957	0.01142430213	94.02900271	5.79417669	0.1768205962	50.81947892	34.19395435	14.98656674	0	0	0	-716.2392168	0.01142430213	-10517.1704474517	
713.6792168	95	4	1	0.9421253148	0.01118454343	93.9983302	5.827819497	0.1738503038	50.33108466	34.51480316	15.15411218	0	0	0	-713.6792168	0.01118454343	-10847.5395034166	
711.1192168	95	4	1	0.9427433991	0.01095208032	93.96811809	5.86100277	0.1708791392	49.84788008	34.83209497	15.32002495	0	0	0	-711.1192168	0.01095208032	-11187.5553976992	
708.5592168	95	4	1	0.9433421547	0.01072667456	93.93835894	5.893731893	0.1679091682	49.36981146	35.14587132	15.48431723	0	0	0	-708.5592168	0.01072667456	-11537.3169117109	
705.9992168	95	4	1	0.9439224386	0.01050809322	93.90904549	5.926012142	0.1649423661	48.89682237	35.45617526	15.64700237	0	0	0	-705.9992168	0.01050809322	-11896.9191497813	
703.4392168	95	4	1	0.9444850617	0.01029610893	93.88017069	5.957848686	0.1619806214	48.42885409	35.76305119	15.80809472	0	0	0	-703.4392168	0.01029610893	-12266.454095496	
700.8792168	95	4	1	0.9450307917	0.01009050006	93.85172768	5.989246585	0.1590257392	47.9658459	36.06654455	15.96760954	0	0	0	-700.8792168	0.01009050006	-12646.0105681273	
698.3192168	95	4	1	0.9455603555	0.009891050867	93.82370977	6.02021079	0.1560794449	47.50773544	36.3667017	16.12556287	0	0	0	-698.3192168	0.009891050867	-13035.6754851384	
695.7592168	95	4	1	0.9460744417	0.009697551623	93.79611047	6.050746146	0.1531433872	47.05445894	36.66356966	16.28197141	0	0	0	-695.7592168	0.009697551623	-13435.5284799447	
693.1992168	95	4	1	0.9465737029	0.00950979853	93.76892347	6.080857387	0.1502191412	46.60595154	36.95719601	16.43685245	0	0	0	-693.1992168	0.00950979853	-13845.6519107402	
690.6392168	95	4	1	0.9470587577	0.009327594042	93.74214265	6.110549138	0.1473082115	46.16214753	37.2476287	16.59022378	0	0	0	-690.6392168	0.009327594042	-14266.1244166607	
688.0792168	95	4	1	0.9475301932	0.009150746568	93.71576205	6.139825918	0.1444120347	45.72298051	37.53491592	16.74210357	0	0	0	-688.0792168	0.009150746568	-14697.0184509631	
685.5192168	95	4	1	0.947988566	0.008979070623	93.68977588	6.168692133	0.1415319822	45.28838365	37.81910599	16.89251036	0	0	0	-685.5192168	0.008979070623	-15138.4080873839	
682.9592168	95	4	1	0.9484344048	0.008812386722	93.66417856	6.197152081	0.1386693626	44.85828986	38.10024722	17.04146292	0	0	0	-682.9592168	0.008812386722	-15590.3633335009	
680.3992168	95	4	1	0.9488682114	0.00865052132	93.63896463	6.225209951	0.135825424	44.4326319	38.37838785	17.18898024	0	0	0	-680.3992168	0.00865052132	-16052.9522977151	
677.8392168	95	4	1	0.9492904629	0.008493306726	93.61412882	6.252869821	0.1330013563	44.01134262	38.65357592	17.33508147	0	0	0	-677.8392168	0.008493306726	-16526.240987338	
675.2792168	95	4	1	0.9497016124	0.008340581003	93.58966605	6.280135662	0.1301982931	43.59435498	38.9258592	17.47978582	0	0	0	-675.2792168	0.008340581003	-17010.2931573355	
672.7192168	95	4	1	0.9501020907	0.008192187851	93.56557135	6.307011332	0.1274173138	43.18160226	39.19528514	17.6231126	0	0	0	-672.7192168	0.008192187851	-17505.170834224	
670.1592168	95	4	1	0.950492308	0.008047976492	93.54183997	6.333500582	0.1246594453	42.77301813	39.4619008	17.76508108	0	0	0	-670.1592168	0.008047976492	-18010.9340040761	
667.5992168	95	4	1	0.9508726541	0.007907801529	93.51846728	6.359607052	0.1219256642	42.3685367	39.72575277	17.90571053	0	0	0	-667.5992168	0.007907801529	-18527.6406839141	
665.0392168	95	4	1	0.9512435006	0.007771522815	93.49544883	6.385334276	0.1192168977	41.96809267	39.98688716	18.04502017	0	0	0	-665.0392168	0.007771522815	-19055.347073386	
662.4792168	95	4	1	0.9516052009	0.007639005304	93.4727803	6.410685675	0.1165340258	41.57162137	40.24534954	18.1830291	0	0	0	-662.4792168	0.007639005304	-19594.1076802925	
659.9192168	95	4	1	0.9519580922	0.007510118911	93.45045755	6.435664564	0.1138778825	41.1790588	40.50118488	18.31975632	0	0	0	-659.9192168	0.007510118911	-20143.9752717163	
657.3592168	95	4	1	0.9523024957	0.007384738357	93.42847659	6.460274148	0.1112492574	40.79034174	40.75443758	18.45522068	0	0	0	-657.3592168	0.007384738357	-20705.0008187614	
654.7992168	95	4	1	0.9526387175	0.007262743023	93.40683358	6.484517524	0.1086488965	40.40540774	41.00515138	18.58944088	0	0	0	-654.7992168	0.007262743023	-21277.2337404567	
652.2392168	95	4	1	0.95296705	0.007144016797	93.38552481	6.508397684	0.1060775043	40.02419517	41.25336938	18.72243544	0	0	0	-652.2392168	0.007144016797	-21860.7216321342	
649.6792168	95	4	1	0.9532877719	0.007028447924	93.36454675	6.531917507	0.1035357441	39.6466433	41.49913402	18.85422268	0	0	0	-649.6792168	0.007028447924	-22455.5105638211	
647.1192168	95	4	1	0.9536011495	0.006915928858	93.34389599	6.55507977	0.1010242399	39.27269225	41.74248703	18.98482071	0	0	0	-647.1192168	0.006915928858	-23061.6450254441	
644.5592168	95	4	1	0.953907437	0.006806356114	93.32356928	6.57788714	0.0985435769	38.9022831	41.98346947	19.11424742	0	0	0	-644.5592168	0.006806356114	-23679.1679748902	
641.9992168	95	4	1	0.9542068775	0.006699630124	93.30356352	6.600342178	0.09609430286	38.53535783	42.22212169	19.24252048	0	0	0	-641.9992168	0.006699630124	-24308.1208596828	
639.4392168	95	4	1	0.9544997031	0.006595655094	93.28387573	6.622447339	0.093676929	38.17185938	42.45848332	19.36965731	0	0	0	-639.4392168	0.006595655094	-24948.5433276894	
636.8792168	95	4	1	0.954786136	0.006494338863	93.2645031	6.644204973	0.09129193089	37.81173164	42.69259329	19.49567507	0	0	0	-636.8792168	0.006494338863	-25600.4736879806	
634.3192168	95	4	1	0.9550663887	0.00639559277	93.24544293	6.665617323	0.0889397494	37.45491947	42.92448982	19.6205907	0	0	0	-634.3192168	0.00639559277	-26263.9486657276	
631.7592168	95	4	1	0.9553406643	0.006299331518	93.22669268	6.686686526	0.08662079157	37.10136871	43.15421042	19.74442087	0	0	0	-631.7592168	0.006299331518	-26939.0034714171	
629.1992168	95	4	1	0.9556091576	0.006205473048	93.20824995	6.707414617	0.08433543138	36.75102614	43.38179188	19.86718198	0	0	0	-629.1992168	0.006205473048	-27625.6718055631	
626.6392168	95	4	1	0.955872055	0.006113938411	93.19011247	6.727803522	0.08208401062	36.40383954	43.60727029	19.98889017	0	0	0	-626.6392168	0.006113938411	-28323.9856923049	
624.0792168	95	4	1	0.9561295351	0.006024651648	93.1722781	6.747855065	0.07986683962	36.05975763	43.83068104	20.10956133	0	0	0	-624.0792168	0.006024651648	-29033.9757629195	
621.5192168	95	4	1	0.9563817691	0.005937539672	93.15474484	6.767570965	0.07768419799	35.71873011	44.05205883	20.22921106	0	0	0	-621.5192168	0.005937539672	-29755.6711782445	
618.9592168	95	4	1	0.9566289211	0.005852532155	93.13751083	6.786952837	0.0755363354	35.38070761	44.27143767	20.34785472	0	0	0	-618.9592168	0.005852532155	-30489.0992732965	
616.3992168	95	4	1	0.9568711485	0.005769561416	93.12057434	6.80600219	0.07342347218	35.04564174	44.48885089	20.46550737	0	0	0	-616.3992168	0.005769561416	-31234.2859734813	
613.8392168	95	4	1	0.9571086024	0.005688562318	93.10393377	6.824720432	0.07134580012	34.71348502	44.70433114	20.58218384	0	0	0	-613.8392168	0.005688562318	-31991.2555750838	
611.2792168	95	4	1	0.9573414278	0.005609472163	93.08758765	6.843108864	0.06930348304	34.3841909	44.91791042	20.69789868	0	0	0	-611.2792168	0.005609472163	-32760.0309202826	
608.7192168	95	4	1	0.9575697638	0.005532230597	93.07153466	6.861168684	0.06729665749	34.05771375	45.12962008	20.81266617	0	0	0	-608.7192168	0.005532230597	-33540.6327110645	
606.1592168	95	4	1	0.9577937442	0.00545677951	93.05577358	6.878900986	0.06532543336	33.73400884	45.33949082	20.92650034	0	0	0	-606.1592168	0.00545677951	-34333.0804326789	
603.5992168	95	4	1	0.9580134975	0.005383062952	93.04030335	6.89630676	0.06338989455	33.41303234	45.54755271	21.03941495	0	0	0	-603.5992168	0.005383062952	-35137.3921163716	
601.0392168	95	4	1	0.9582291471	0.00531102704	93.02512301	6.91338689	0.06149009949	33.09474129	45.75383519	21.15142352	0	0	0	-601.0392168	0.00531102704	-35953.582810013	
598.4792168	95	4	1	0.9584408118	0.005240619874	93.01023176	6.930142157	0.05962608186	32.77909358	45.95836711	21.26253931	0	0	0	-598.4792168	0.005240619874	-36781.6669226788	
595.9192168	95	4	1	0.9586486058	0.005171791461	92.99562891	6.946573237	0.05779785107	32.46604798	46.1611767	21.37277532	0	0	0	-595.9192168	0.005171791461	-37621.6573097942	
593.3592168	95	4	1	0.9588526389	0.005104493634	92.98131391	6.9626807	0.05600539295	32.15556406	46.36229162	21.48214431	0	0	0	-593.3592168	0.005104493634	-38473.5635652261	
590.7992168	95	4	1	0.9590530168	0.005038679976	92.96728632	6.97846501	0.05424867022	31.84760225	46.56173895	21.5906588	0	0	0	-590.7992168	0.005038679976	-39337.394055435	
588.2392168	95	4	1	0.9592498415	0.004974305753	92.95354585	6.993926527	0.05252762318	31.54212375	46.75954518	21.69833108	0	0	0	-588.2392168	0.004974305753	-40213.1555494492	
585.6792168	95	4	1	0.9594432109	0.004911327843	92.94009233	7.009065503	0.05084217017	31.23909056	46.95573627	21.80517317	0	0	0	-585.6792168	0.004911327843	-41100.8528397415	
583.1192168	95	4	1	0.9596332194	0.004849704673	92.92692571	7.023882082	0.04919220821	30.93846548	47.15033764	21.91119688	0	0	0	-583.1192168	0.004849704673	-42000.4872469942	
580.5592168	95	4	1	0.9598199582	0.00478939615	92.91404608	7.038376304	0.04757761352	30.64021203	47.34337416	22.0164138	0	0	0	-580.5592168	0.00478939615	-42912.0586337298	
577.9992168	95	4	1	0.9600035149	0.004730363609	92.90145366	7.052548096	0.04599824209	30.34429452	47.5348702	22.12083528	0	0	0	-577.9992168	0.004730363609	-43835.5657647577	
575.4392168	95	4	1	0.9601839741	0.004672569751	92.88914879	7.066397278	0.04445393026	30.05067796	47.7248496	22.22447244	0	0	0	-575.4392168	0.004672569751	-44771.0036573289	
572.8792168	95	4	1	0.9603614175	0.004615978588	92.87713194	7.079923561	0.04294449521	29.75932808	47.91333571	22.32733621	0	0	0	-572.8792168	0.004615978588	-45718.3648178368	
570.3192168	95	4	1	0.9605359236	0.00456055539	92.86540372	7.093126545	0.04146973557	29.47021132	48.1003514	22.42943727	0	0	0	-570.3192168	0.00456055539	-46677.6393465158	
567.7592168	95	4	1	0.9607075687	0.004506266635	92.85396485	7.106005715	0.04002943195	29.18329482	48.28591905	22.53078613	0	0	0	-567.7592168	0.004506266635	-47648.8160557743	
565.1992168	95	4	1	0.9608764258	0.004453079963	92.8428162	7.118560448	0.03862334748	28.89854637	48.47006057	22.63139306	0	0	0	-565.1992168	0.004453079963	-48631.8795992435	
562.6392168	95	4	1	0.961042566	0.004400964124	92.83195877	7.130790003	0.03725122837	28.61593442	48.65279744	22.73126814	0	0	0	-562.6392168	0.004400964124	-49626.8113519772	
560.0792168	95	4	1	0.9612060576	0.004349888938	92.82139367	7.142693526	0.03591280447	28.33542809	48.83415065	22.83042126	0	0	0	-560.0792168	0.004349888938	-50633.5914820456	
557.5192168	95	4	1	0.9613669666	0.004299825252	92.81112216	7.154270045	0.03460778978	28.05699711	49.0141408	22.92886209	0	0	0	-557.5192168	0.004299825252	-51652.1952381379	
554.9592168	95	4	1	0.961525357	0.004250744896	92.80114564	7.165518473	0.03333588303	27.78061183	49.19278802	23.02660015	0	0	0	-554.9592168	0.004250744896	-52682.5961958306	
552.3992168	95	4	1	0.9616812904	0.00420262065	92.79146563	7.1764376	0.03209676823	27.50624321	49.37011206	23.12364472	0	0	0	-552.3992168	0.00420262065	-53724.7634623989	
549.8392168	95	4	1	0.9618348267	0.004155426199	92.78208379	7.187026097	0.03089011519	27.23386281	49.54613224	23.22000495	0	0	0	-549.8392168	0.004155426199	-54778.6630045541	
547.2792168	95	4	1	0.9619860234	0.004109136105	92.77300191	7.197282513	0.02971558011	26.96344275	49.72086749	23.31568976	0	0	0	-547.2792168	0.004109136105	-55844.2580448057	
544.7192168	95	4	1	0.9621349365	0.004063725767	92.76422192	7.207205272	0.02857280608	26.69495573	49.89433635	23.41070793	0	0	0	-544.7192168	0.004063725767	-56921.505828785	
542.1592168	95	4	1	0.9622816201	0.00401917139	92.7557459	7.216792673	0.02746142366	26.428375	50.06655696	23.50506804	0	0	0	-542.1592168	0.00401917139	-58010.3608509835	
539.5992168	95	4	1	0.9624261264	0.003975449954	92.74757606	7.226042886	0.02638105143	26.16367436	50.23754711	23.59877852	0	0	0	-539.5992168	0.003975449954	-59110.7745121361	
537.0392168	95	4	1	0.962568506	0.003932539185	92.73971475	7.234953951	0.02533129653	25.90082814	50.40732423	23.69184763	0	0	0	-537.0392168	0.003932539185	-60222.6932021753	
534.4792168	95	4	1	0.9627088081	0.003890417524	92.73216447	7.243523778	0.02431175519	25.63981118	50.57590537	23.78428345	0	0	0	-534.4792168	0.003890417524	-61346.05626116	
531.9192168	95	4	1	0.9628470801	0.003849064098	92.72492785	7.251750141	0.02332201333	25.38059883	50.74330726	23.87609391	0	0	0	-531.9192168	0.003849064098	-62480.8020870172	
529.3592168	95	4	1	0.962983368	0.0038084587	92.71800768	7.259630677	0.02236164704	25.12316695	50.90954626	23.96728679	0	0	0	-529.3592168	0.0038084587	-63626.8622612968	
526.7992168	95	4	1	0.9631177165	0.003768581755	92.71140689	7.267162886	0.02143022318	24.86749187	51.07463842	24.05786971	0	0	0	-526.7992168	0.003768581755	-64784.1625837202	
524.2392168	95	4	1	0.9632501687	0.003729414303	92.70512857	7.274344125	0.0205272999	24.61355042	51.23859945	24.14785013	0	0	0	-524.2392168	0.003729414303	-65952.6252189897	
521.6792168	95	4	1	0.9633807665	0.003690937971	92.69917596	7.28117161	0.01965242719	24.36131988	51.40144476	24.23723536	0	0	0	-521.6792168	0.003690937971	-67132.1659367413	
519.1192168	95	4	1	0.9635095506	0.003653134954	92.69355245	7.287642405	0.01880514743	24.11077798	51.56318944	24.32603259	0	0	0	-519.1192168	0.003653134954	-68322.6923588868	
516.5592168	95	4	1	0.9636365603	0.003615987988	92.68826157	7.29375343	0.01798499592	23.86190291	51.72384826	24.41424884	0	0	0	-516.5592168	0.003615987988	-69524.1089799841	
513.9992168	95	4	1	0.963761834	0.003579480338	92.68330705	7.299501449	0.01719150142	23.6146733	51.88343571	24.50189099	0	0	0	-513.9992168	0.003579480338	-70736.3147582918	
511.4392168	95	4	1	0.9638854086	0.003543595771	92.67869274	7.304883071	0.0164241867	23.36906821	52.04196599	24.58896581	0	0	0	-511.4392168	0.003543595771	-71959.1961019289	
508.8792168	95	4	1	0.9640073201	0.003508318538	92.67442268	7.309894747	0.01568256907	23.1250671	52.199453	24.6754799	0	0	0	-508.8792168	0.003508318538	-73192.6383997299	
506.3192168	95	4	1	0.9641276036	0.003473633361	92.67050107	7.314532765	0.01496616087	22.88264987	52.35591039	24.76143974	0	0	0	-506.3192168	0.003473633361	-74436.5169873213	
503.7592168	95	4	1	0.9642462928	0.003439525408	92.66693228	7.318793247	0.01427447009	22.64179681	52.5113515	24.8468517	0	0	0	-503.7592168	0.003439525408	-75690.6991218215	
501.1992168	95	4	1	0.9643634208	0.003405980283	92.66372085	7.322672148	0.01360700079	22.4024886	52.66578942	24.93172198	0	0	0	-501.1992168	0.003405980283	-76955.0456249185	
498.6392168	95	4	1	0.9644790194	0.003372984005	92.6608715	7.326165248	0.01296325369	22.16470631	52.81923699	25.0160567	0	0	0	-498.6392168	0.003372984005	-78229.4076691318	
496.0792168	95	4	1	0.9645931198	0.003340522996	92.65838912	7.329268151	0.01234272665	21.9284314	52.97170678	25.09986182	0	0	0	-496.0792168	0.003340522996	-79513.6290265234	
493.5192168	95	4	1	0.9647057521	0.003308584064	92.6562788	7.33197628	0.0117449152	21.69364569	53.1232111	25.1831432	0	0	0	-493.5192168	0.003308584064	-80807.5408789993	
490.9592168	95	4	1	0.9648169457	0.003277154388	92.65454581	7.334284873	0.01116931304	21.46033139	53.27376204	25.26590657	0	0	0	-490.9592168	0.003277154388	-82110.9687046913	
488.3992168	95	4	1	0.964926729	0.003246221508	92.65319561	7.33618898	0.01061541251	21.22847102	53.42337143	25.34815755	0	0	0	-488.3992168	0.003246221508	-83423.7264092813	
485.8392168	95	4	1	0.9650351298	0.003215773307	92.65223384	7.337683456	0.01008270514	20.99804751	53.57205086	25.42990163	0	0	0	-485.8392168	0.003215773307	-84745.6192385413	
483.2792168	95	4	1	0.9651421749	0.003185798004	92.65166636	7.33876296	0.009570682062	20.7690441	53.71981171	25.5111442	0	0	0	-483.2792168	0.003185798004	-86076.4381973523	
480.7192168	95	4	1	0.9652478906	0.003156284134	92.65149922	7.339421945	0.009078834563	20.54144437	53.8666651	25.59189053	0	0	0	-480.7192168	0.003156284134	-87415.9619356966	
478.1592168	95	4	1	0.9653523022	0.003127220543	92.65173868	7.339654661	0.008606654502	20.31523224	54.01262197	25.67214579	0	0	0	-478.1592168	0.003127220543	-88763.9660057239	
475.5992168	95	4	1	0.9654554346	0.003098596376	92.65239122	7.339455141	0.008153634794	20.09039197	54.15769299	25.75191504	0	0	0	-475.5992168	0.003098596376	-90120.2050956729	
473.0392168	95	4	1	0.9655573119	0.003070401061	92.65346353	7.338817204	0.007719269861	19.86690812	54.30188866	25.83120321	0	0	0	-473.0392168	0.003070401061	-91484.4219921037	
470.4792168	95	4	1	0.9656579575	0.003042624304	92.6549625	7.337734445	0.007303056074	19.64476559	54.44521925	25.91001516	0	0	0	-470.4792168	0.003042624304	-92856.3586624108	
467.9192168	95	4	1	0.9657573941	0.003015256081	92.65689528	7.336200231	0.006904492195	19.42394956	54.58769483	25.98835561	0	0	0	-467.9192168	0.003015256081	-94235.7155621653	
465.3592168	95	4	1	0.965855644	0.00298828661	92.65926923	7.334207695	0.006523079796	19.20444554	54.72932524	26.06622922	0	0	0	-465.3592168	0.00298828661	-95622.1973384896	
462.7992168	95	4	1	0.9659527288	0.00296170637	92.66209194	7.331749731	0.006158323678	18.98623935	54.87012016	26.1436405	0	0	0	-462.7992168	0.00296170637	-97015.5069575098	
460.2392168	95	4	1	0.9660486694	0.002935506072	92.66537128	7.328818989	0.005809732274	18.76931707	55.01008904	26.22059389	0	0	0	-460.2392168	0.002935506072	-98415.3083011426	
457.6792168	95	4	1	0.9661434863	0.002909676656	92.66911531	7.325407867	0.005476818045	18.5536651	55.14924116	26.29709374	0	0	0	-457.6792168	0.002909676656	-99821.257908392	
455.1192168	95	4	1	0.9662371995	0.002884209282	92.6733324	7.321508506	0.005159097862	18.33927014	55.28758559	26.37314427	0	0	0	-455.1192168	0.002884209282	-101232.994937124	
452.5592168	95	4	1	0.9663298283	0.002859095322	92.67803112	7.317112786	0.004856093371	18.12611914	55.42513124	26.44874963	0	0	0	-452.5592168	0.002859095322	-102650.145520406	
449.9992168	95	4	1	0.9664213916	0.002834326354	92.68322035	7.312212315	0.004567331359	17.91419934	55.5618868	26.52391386	0	0	0	-449.9992168	0.002834326354	-104072.312674659	
447.4392168	95	4	1	0.9665119079	0.00280989415	92.68890923	7.306798428	0.004292344095	17.70349828	55.69786081	26.59864091	0	0	0	-447.4392168	0.00280989415	-105499.081216508	
444.8792168	95	4	1	0.9666013949	0.002785790673	92.69510715	7.300862176	0.004030669661	17.49400375	55.8330616	26.67293465	0	0	0	-444.8792168	0.002785790673	-106930.019571124	
442.3192168	95	4	1	0.9666898702	0.002762008067	92.70182382	7.294394325	0.003781852274	17.28570382	55.96749735	26.74679883	0	0	0	-442.3192168	0.002762008067	-108364.669896577	
439.7592168	95	4	1	0.9667773508	0.00273853865	92.70906921	7.287385343	0.003545442589	17.07858682	56.10117605	26.82023714	0	0	0	-439.7592168	0.00273853865	-109802.562038745	
437.1992168	95	4	1	0.9668638531	0.002715374911	92.7168536	7.279825398	0.003320997992	16.87264133	56.23410553	26.89325314	0	0	0	-437.1992168	0.002715374911	-111243.202537007	
434.6392168	95	4	1	0.9669493934	0.002692509499	92.72518757	7.27170435	0.003108082875	16.66785623	56.36629343	26.96585034	0	0	0	-434.6392168	0.002692509499	-112686.071141364	
432.0792168	95	4	1	0.9670339873	0.002669935219	92.73408199	7.263011744	0.002906268901	16.46422062	56.49774724	27.03803214	0	0	0	-432.0792168	0.002669935219	-114130.633235407	
429.5192168	95	4	1	0.9671176502	0.002647645027	92.74354806	7.253736805	0.002715135248	16.26172387	56.62847428	27.10980185	0	0	0	-429.5192168	0.002647645027	-115576.32069693	
426.9592168	95	4	1	0.9672003969	0.002625632019	92.7535973	7.243868431	0.002534268845	16.06035561	56.75848169	27.1811627	0	0	0	-426.9592168	0.002625632019	-117022.546217417	
424.3992168	95	4	1	0.9672822421	0.002603889432	92.76424155	7.233395183	0.002363264588	15.86010571	56.88777648	27.25211781	0	0	0	-424.3992168	0.002603889432	-118468.700709322	
421.8392168	95	4	1	0.9673631997	0.002582410633	92.77549299	7.222305286	0.002201725541	15.66096429	57.01636546	27.32267025	0	0	0	-421.8392168	0.002582410633	-119914.148034412	
419.2792168	95	4	1	0.9674432837	0.002561189118	92.78736412	7.210586617	0.002049263122	15.46292172	57.1442553	27.39282298	0	0	0	-419.2792168	0.002561189118	-121358.230676737	
416.7192168	95	4	1	0.9675225075	0.002540218504	92.7998678	7.198226699	0.001905497276	15.26596863	57.2714525	27.46257886	0	0	0	-416.7192168	0.002540218504	-122800.248705464	
414.1592168	95	4	1	0.9676008842	0.002519492521	92.81301724	7.1852127	0.001770056629	15.07009587	57.39796343	27.5319407	0	0	0	-414.1592168	0.002519492521	-124239.490362115	
411.5992168	95	4	1	0.9676784266	0.002499005015	92.826826	7.171531423	0.001642578624	14.87529455	57.52379426	27.60091119	0	0	0	-411.5992168	0.002499005015	-125675.215176713	
409.0392168	95	4	1	0.967755147	0.002478749935	92.84130799	7.157169304	0.00152270965	14.68155601	57.64895104	27.66949295	0	0	0	-409.0392168	0.002478749935	-127106.648386266	
406.4792168	95	4	1	0.9678310576	0.002458721334	92.85647749	7.142112406	0.001410105143	14.48887184	57.77343965	27.73768851	0	0	0	-406.4792168	0.002458721334	-128532.986775252	
403.9192168	95	4	1	0.9679061703	0.002438913359	92.87234916	7.126346415	0.001304429681	14.29723388	57.89726581	27.80550032	0	0	0	-403.9192168	0.002438913359	-129953.402543591	
401.3592168	95	4	1	0.9679804965	0.002419320253	92.88893801	7.109856636	0.001205357058	14.10663418	58.02043509	27.87293073	0	0	0	-401.3592168	0.002419320253	-131367.034008832	
398.7992168	95	4	1	0.9680540474	0.002399936343	92.90625944	7.092627992	0.001112570345	13.91706507	58.14295291	27.93998202	0	0	0	-398.7992168	0.002399936343	-132772.989708778	
396.2392168	95	4	1	0.968126834	0.002380756043	92.92432922	7.074645019	0.001025761934	13.72851909	58.26482453	28.00665638	0	0	0	-396.2392168	0.002380756043	-134170.338007355	
393.6792168	95	4	1	0.9681988668	0.00236177384	92.9431635	7.055891869	0.0009446335629	13.54098903	58.38605505	28.07295591	0	0	0	-393.6792168	0.00236177384	-135558.148084647	
391.1192168	95	4	1	0.9682701563	0.002342984308	92.9627788	7.036352306	0.0008688963354	13.35446792	58.50664945	28.13888263	0	0	0	-391.1192168	0.002342984308	-136935.443318557	
388.5592168	95	4	1	0.9683407125	0.002324382082	92.98319202	7.016009706	0.0007982707141	13.16894904	58.62661251	28.20443845	0	0	0	-388.5592168	0.002324382082	-138301.182226381	
385.9992168	95	4	1	0.9684105452	0.002305961866	93.00442045	6.994847065	0.0007324865057	12.98442589	58.74594887	28.26962523	0	0	0	-385.9992168	0.002305961866	-139654.330817513	
383.4392168	95	4	1	0.9684796641	0.002287718428	93.02648172	6.972846996	0.00067128283	12.80089224	58.86466304	28.33444472	0	0	0	-383.4392168	0.002287718428	-140993.808721761	
380.8792168	95	4	1	0.9685480783	0.002269646593	93.04939386	6.949991736	0.000614408074	12.61834208	58.98275933	28.39889858	0	0	0	-380.8792168	0.002269646593	-142318.503743779	
378.3192168	95	4	1	0.9686157971	0.002251741242	93.07317523	6.926263153	0.0005616198328	12.43676966	59.10024194	28.4629884	0	0	0	-378.3192168	0.002251741242	-143627.287092762	
375.7592168	95	4	1	0.9686828291	0.002233997309	93.09784456	6.901642757	0.0005126848371	12.25616948	59.21711487	28.52671565	0	0	0	-375.7592168	0.002233997309	-144918.985714128	
373.1992168	95	4	1	0.968749183	0.002216409773	93.12342092	6.876111705	0.0004673788666	12.07653627	59.33338199	28.59008175	0	0	0	-373.1992168	0.002216409773	-146192.390339657	
370.6392168	95	4	1	0.968814867	0.002198973657	93.1499237	6.849650817	0.000425486652	11.89786502	59.44904698	28.653088	0	0	0	-370.6392168	0.002198973657	-147446.271434045	
368.0792168	95	4	1	0.9688798894	0.002181684024	93.17737261	6.822240592	0.0003868017637	11.72015099	59.5641134	28.71573561	0	0	0	-368.0792168	0.002181684024	-148679.578392113	
365.5192168	95	4	1	0.968944258	0.002164536021	93.20578653	6.793862343	0.0003511265195	11.54338968	59.6785846	28.77802572	0	0	0	-365.5192168	0.002164536021	-149890.638460993	
362.9592168	95	4	1	0.9690079804	0.002147524693	93.2351878	6.764493929	0.0003182717322	11.36757685	59.79246379	28.83995936	0	0	0	-362.9592168	0.002147524693	-151078.107310934	
360.3992168	95	4	1	0.9690710641	0.00213064524	93.26559599	6.73411595	0.0002880567396	11.19270852	59.90575401	28.90153747	0	0	0	-360.3992168	0.00213064524	-152240.985677671	
357.8392168	95	4	1	0.9691335162	0.002113892842	93.29703187	6.702707823	0.0002603091359	11.018781	60.01845811	28.96276089	0	0	0	-357.8392168	0.002113892842	-153377.788049283	
355.2792168	95	4	1	0.969195344	0.002097262718	93.32951637	6.670248768	0.0002348646355	10.84579083	60.13057879	29.02363038	0	0	0	-355.2792168	0.002097262718	-154487.108232787	
352.7192168	95	4	1	0.969256554	0.002080750085	93.3630706	6.636717836	0.0002115668998	10.67373486	60.24211856	29.08414658	0	0	0	-352.7192168	0.002080750085	-155567.470553795	
350.1592168	95	4	1	0.9693171529	0.002064350181	93.39771578	6.602093951	0.0001902673558	10.50261021	60.35307974	29.14431005	0	0	0	-350.1592168	0.002064350181	-156617.460504096	
347.5992168	95	4	1	0.9693771471	0.002048058253	93.43347322	6.566355956	0.0001708250073	10.33241427	60.46346448	29.20412125	0	0	0	-347.5992168	0.002048058253	-157635.614380573	
345.0392168	95	4	1	0.9694365428	0.002031869555	93.47036424	6.529482659	0.0001531062387	10.16314473	60.57327475	29.26358052	0	0	0	-345.0392168	0.002031869555	-158620.448035423	
342.4792168	95	4	1	0.969495346	0.002015779342	93.50841013	6.491452887	0.0001369846127	9.994799587	60.6825123	29.32268811	0	0	0	-342.4792168	0.002015779342	-159570.464786255	
339.9192168	95	4	1	0.9695535625	0.001999782869	93.54763211	6.452245547	0.0001223406621	9.827377118	60.7911787	29.38144418	0	0	0	-339.9192168	0.001999782869	-160484.142506402	
337.3592168	95	4	1	0.9696111978	0.001983875382	93.58805125	6.411839691	0.0001090616775	9.660875922	60.89927532	29.43984876	0	0	0	-337.3592168	0.001983875382	-161359.911277157	
334.7992168	95	4	1	0.9696682574	0.001968052112	93.62968837	6.370214585	9.704148921E-05	9.495294909	61.00680331	29.49790178	0	0	0	-334.7992168	0.001968052112	-162196.289447068	
332.2392168	95	4	1	0.9697247465	0.001952308292	93.67256403	6.32734979	8.618024702E-05	9.330633314	61.11376362	29.55560307	0	0	0	-332.2392168	0.001952308292	-162991.722057428	
329.6792168	95	4	1	0.9697806701	0.001936639119	93.71669838	6.28322524	7.638419627E-05	9.166890702	61.22015697	29.61295233	0	0	0	-329.6792168	0.001936639119	-163744.597762535	
327.1192168	95	4	1	0.9698360331	0.001921039773	93.7621111	6.237821339	6.756545201E-05	9.004066978	61.32598386	29.66994916	0	0	0	-327.1192168	0.001921039773	-164453.378034293	
324.5592168	95	4	1	0.9698908401	0.001905505404	93.8088213	6.191119055	5.964177151E-05	8.842162399	61.43124456	29.72659304	0	0	0	-324.5592168	0.001905505404	-165116.473968605	
321.9992168	95	4	1	0.9699450956	0.001890031126	93.85684744	6.143100025	5.253632599E-05	8.681177577	61.5359391	29.78288332	0	0	0	-321.9992168	0.001890031126	-165732.318564299	
319.4392168	95	4	1	0.9699988038	0.001874612017	93.90620716	6.093746664	4.617747218E-05	8.521113498	61.64006725	29.83881925	0	0	0	-319.4392168	0.001874612017	-166299.339443826	
316.8792168	95	4	1	0.970051969	0.001859243107	93.95691721	6.043042287	4.049852429E-05	8.361971525	61.74362853	29.89439994	0	0	0	-316.8792168	0.001859243107	-166815.959407286	
314.3192168	95	4	1	0.9701045949	0.001843919377	94.00899333	5.990971231	3.543752715E-05	8.203753419	61.8466222	29.94962438	0	0	0	-314.3192168	0.001843919377	-167280.601029122	
311.7592168	95	4	1	0.9701566853	0.001828635747	94.06245008	5.937518985	3.093703095E-05	8.046461342	61.94904724	30.00449142	0	0	0	-311.7592168	0.001828635747	-167691.709886609	
309.1992168	95	4	1	0.9702082438	0.001813387078	94.11730072	5.882672334	2.69438684E-05	7.890097878	62.05090234	30.05899978	0	0	0	-309.1992168	0.001813387078	-168047.732840408	
306.6392168	95	4	1	0.9702592738	0.001798168155	94.1735571	5.826419493	2.340893473E-05	7.734666046	62.1521859	30.11314805	0	0	0	-306.6392168	0.001798168155	-168347.114622308	
304.0792168	95	4	1	0.9703097784	0.001782973687	94.23122945	5.768750265	2.028697101E-05	7.580169312	62.25289601	30.16693468	0	0	0	-304.0792168	0.001782973687	-168588.331986801	
301.5192168	95	4	1	0.9703597606	0.001767798295	94.29032627	5.70965619	1.753635157E-05	7.426611608	62.35303043	30.22035796	0	0	0	-301.5192168	0.001767798295	-165279.855798445	
300	95	4	1	0.9703891822	0.001042496631	94.32607939	5.673904548	1.606385637E-05	7.335925376	62.4121793	30.25189533	0	0	0	-300	0.001042496631	161090.655978824	
