T	w(AL)	w(MG)	w(SI)	fs	fw(@FCC_A1)	w(AL@FCC_A1)	w(MG@FCC_A1)	w(SI@FCC_A1)	w(AL@LIQUID#1)	w(MG@LIQUID#1)	w(SI@LIQUID#1)	w(AL@LIQUID#2)	w(MG@LIQUID#2)	w(SI@LIQUID#2)	dwdT_L(AL@LIQUID#1)	dwdT_L(MG@LIQUID#1)	dwdT_L(SI@LIQUID#1)	dwdT_L(AL@LIQUID#2)	dwdT_L(MG@LIQUID#2)	dwdT_L(SI@LIQUID#2)	-T	fw(@FCC_A1)_1	-T//fw(@FCC_A1)	
K	%	%	%	mole/mole	kg/kg	%	%	%	%	%	%	%	%	%	SI	SI	SI	SI	SI	SI				
886.4010308	92	1	7	0	0	98.96853807	0.2146106637	0.8168512652	92	1	7				0.001620443788	-0.0001826328399	-0.001437810948				-886.4010308	0	21.3855201011116	
886.3910308	92	1	7	0.0002330267709	0.000232650304	98.96833848	0.2146302289	0.8170312939	91.99837956	1.000182647	7.00143779				0	0	0				-886.3910308	0.000232650304	64.5804109813675	
886.3710308	92	1	7	0.0006984895885	0.0004648429527	98.96793932	0.2146693004	0.8173913788	91.99513876	1.000547905	7.004313332				0	0	0				-886.3710308	0.0004648429527	86.1605242866443	
886.3310308	92	1	7	0.001628199205	0.0009288220173	98.96714104	0.2147473937	0.8181115685	91.9886576	1.001278392	7.010064012				0	0	0				-886.3310308	0.0009288220173	86.2797360253609	
886.2510308	92	1	7	0.003482822515	0.001854562518	98.96554463	0.2149033013	0.8195520674	91.97569689	1.002739245	7.021563869				0	0	0				-886.2510308	0.001854562518	86.5614558313593	
886.0910308	92	1	7	0.007172992859	0.003696854814	98.96235253	0.2152139219	0.822433546	91.94978196	1.005660466	7.044557571				0	0	0				-886.0910308	0.003696854814	87.1387913711207	
885.7710308	92	1	7	0.0144778832	0.007345075547	98.9559711	0.2158304665	0.8281984307	91.8979781	1.011500998	7.090520903				0	0	0				-885.7710308	0.007345075547	88.3931060471797	
885.1310308	92	1	7	0.02876917793	0.01447830329	98.94321946	0.2170444373	0.8397361006	91.79447587	1.02317242	7.182351708				0	0	0				-885.1310308	0.01447830329	90.9775456525077	
883.8510308	92	1	7	0.05618613613	0.02818398253	98.91775893	0.2193981637	0.8628429034	91.58788696	1.04648338	7.365629663				0	0	0				-883.8510308	0.02818398253	96.0981386540293	
881.2910308	92	1	7	0.1067681419	0.0535059522	98.86699856	0.2238179485	0.9091834876	91.17636541	1.092992166	7.730642421				0	0	0				-881.2910308	0.0535059522	-1088.93730247544	
878.7310308	92	1	7	0.1522674976	0.05085077522	98.81643632	0.227863773	0.9556999102	90.76704784	1.139341507	8.093610653				0	0	0				-878.7310308	0.05085077522	-1013.71441329412	
876.1710308	92	1	7	0.1933992958	0.0484330411	98.76605085	0.2315519719	1.002397178	90.35991308	1.18554635	8.454540569				0	0	0				-876.1710308	0.0484330411	-1111.48414206078	
873.6110308	92	1	7	0.2307542835	0.04622529486	98.71582199	0.2348978908	1.049280118	89.95493871	1.231620123	8.813441163				0	0	0				-873.6110308	0.04622529486	-1214.65644451665	
871.0510308	92	1	7	0.2648224228	0.04420183498	98.66573039	0.2379159763	1.096353633	89.55209954	1.277574954	9.170325502				0	0	0				-871.0510308	0.04420183498	-1322.74297469039	
868.4910308	92	1	7	0.2960133484	0.0423409632	98.61575749	0.240619868	1.143622642	89.15136822	1.323421828	9.525209956				0	0	0				-868.4910308	0.0423409632	-1435.79457890446	
865.9310308	92	1	7	0.3246720818	0.04062426406	98.56588545	0.2430224808	1.191092071	88.75271543	1.369170771	9.878113799				0	0	0				-865.9310308	0.04062426406	-1553.87445046305	
863.3710308	92	1	7	0.3510912086	0.03903600557	98.51609708	0.2451360752	1.238766843	88.35611014	1.414830986	10.22905887				0	0	0				-863.3710308	0.03903600557	-1677.04863682295	
860.8110308	92	1	7	0.3755204128	0.03756266659	98.4663758	0.2469723182	1.286651881	87.96151976	1.460410975	10.57806927				0	0	0				-860.8110308	0.03756266659	-1805.38599607137	
858.2510308	92	1	7	0.3981740123	0.03619256089	98.41670556	0.2485423359	1.3347521	87.56891028	1.505918642	10.92517108				0	0	0				-858.2510308	0.03619256089	-1938.95815775841	
855.6910308	92	1	7	0.4192369655	0.03491553543	98.36707084	0.2498567591	1.383072406	87.1782465	1.551361371	11.27039213				0	0	0				-855.6910308	0.03491553543	-2077.83949125856	
853.1310308	92	1	7	0.4388696994	0.0337227264	98.31745654	0.2509257638	1.431617696	86.78949212	1.596746101	11.61376178				0	0	0				-853.1310308	0.0337227264	-2222.10715279821	
850.5710308	92	1	7	0.4572120193	0.0326063605	98.26784803	0.2517591066	1.48039286	86.4026099	1.642079384	11.95531072				0	0	0				-850.5710308	0.0326063605	-2371.84102003069	
848.0110308	92	1	7	0.4743862964	0.03155959185	98.21823107	0.2523661562	1.529402778	86.01756176	1.687367438	12.2950708				0	0	0				-848.0110308	0.03155959185	-2527.12383511404	
845.4510308	92	1	7	0.4905000847	0.03057636753	98.16859176	0.2527559215	1.578652322	85.63430893	1.732616188	12.63307488				0	0	0				-845.4510308	0.03057636753	-2688.04119715611	
842.8910308	92	1	7	0.5056482827	0.02965131573	98.11891656	0.2529370765	1.628146359	85.25281201	1.777831308	12.96935669				0	0	0				-842.8910308	0.02965131573	-2854.68162257338	
840.3310308	92	1	7	0.519914928	0.02877965248	98.06919226	0.2529179831	1.677889753	84.87303108	1.823018247	13.30395067				0	0	0				-840.3310308	0.02877965248	-3027.13672666071	
837.7710308	92	1	7	0.5333746975	0.02795710328	98.01940593	0.2527067112	1.727887363	84.4949258	1.868182264	13.63689194				0	0	0				-837.7710308	0.02795710328	-3205.50128077593	
835.2110308	92	1	7	0.5460941659	0.02717983698	97.96954489	0.252311057	1.778144049	84.11845545	1.913328445	13.96821611				0	0	0				-835.2110308	0.02717983698	-3389.87338342829	
832.6510308	92	1	7	0.5581328675	0.02644440973	97.91959677	0.2517385598	1.828664674	83.74357903	1.958461731	14.29795924				0	0	0				-832.6510308	0.02644440973	-3582.04796140441	
830.0910308	92	1	7	0.5695444467	0.02574832605	97.86954818	0.2509965883	1.879455227	83.3702486	2.003587947	14.62616345				0	0	0				-830.0910308	0.02574832605	-3777.03652682417	
827.5310308	92	1	7	0.5803764469	0.02508706415	97.81938965	0.2500920906	1.930518259	82.99843636	2.048709935	14.95285371				0	0	0				-827.5310308	0.02508706415	-3978.61613786467	
824.9710308	92	1	7	0.5906723865	0.02445966772	97.76910818	0.2490319684	1.981859853	82.62809384	2.09383313	15.27807303				0	0	0				-824.9710308	0.02445966772	-4189.40009052976	
822.4110308	92	1	7	0.6004714102	0.02386335411	97.71869222	0.2478228717	2.033484905	82.25917941	2.138962047	15.60185855				0	0	0				-822.4110308	0.02386335411	-4405.41711400999	
819.8510308	92	1	7	0.6098089873	0.02329601973	97.66813042	0.2464712568	2.085398324	81.89165139	2.184101124	15.92424748				0	0	0				-819.8510308	0.02329601973	-4628.10564678639	
817.2910308	92	1	7	0.6187173314	0.02275574824	97.61741157	0.2449833959	2.137605033	81.5254681	2.229254736	16.24527716				0	0	0				-817.2910308	0.02275574824	-4857.60013458916	
814.7310308	92	1	7	0.6272257619	0.02224078778	97.56652464	0.2433653863	2.190109976	81.16058785	2.274427201	16.56498494				0	0	0				-814.7310308	0.02224078778	-5094.03237177253	
812.1710308	92	1	7	0.6353610205	0.02174953412	97.51545872	0.2416231584	2.242918119	80.79696901	2.319622793	16.8834082				0	0	0				-812.1710308	0.02174953412	-5337.54142315381	
809.6110308	92	1	7	0.6431475457	0.02128051549	97.46420306	0.2397624831	2.296034452	80.43456997	2.364845744	17.20058429				0	0	0				-809.6110308	0.02128051549	-5588.27238337955	
807.0510308	92	1	7	0.6506077141	0.02083237924	97.41274703	0.2377889788	2.349463993	80.07334922	2.410100255	17.51655052				0	0	0				-807.0510308	0.02083237924	-5846.37736162634	
804.4910308	92	1	7	0.6577620518	0.02040388017	97.36108009	0.2357081178	2.403211789	79.71326532	2.455390503	17.83134417				0	0	0				-804.4910308	0.02040388017	-6112.0157464559	
801.9310308	92	1	7	0.6646294204	0.0199938701	97.30919185	0.233525232	2.457282919	79.35427693	2.500720642	18.14500243				0	0	0				-801.9310308	0.0199938701	-6385.3548779172	
799.3710308	92	1	7	0.6712271812	0.01960128874	97.25707198	0.2312455186	2.511682496	78.99634281	2.546094813	18.45756238				0	0	0				-799.3710308	0.01960128874	-6666.57061053509	
796.8110308	92	1	7	0.6775713407	0.01922515548	97.20471028	0.2288740448	2.566415673	78.63942182	2.591517149	18.76906103				0	0	0				-796.8110308	0.01922515548	-6955.84823086963	
794.2510308	92	1	7	0.683676679	0.01886456219	97.15209661	0.2264157524	2.621487641	78.28347293	2.636991779	19.07953529				0	0	0				-794.2510308	0.01886456219	-7253.38321888239	
791.6910308	92	1	7	0.6895568647	0.0185186667	97.09922091	0.2238754624	2.676903632	77.92845522	2.682522831	19.38902195				0	0	0				-791.6910308	0.0185186667	-7559.3815008792	
789.1310308	92	1	7	0.6952245565	0.018186687	97.04607319	0.2212578786	2.732668927	77.57432786	2.728114441	19.6975577				0	0	0				-789.1310308	0.018186687	-7874.06115391507	
786.5710308	92	1	7	0.7006914942	0.01786789609	96.99264356	0.2185675912	2.788788851	77.22105016	2.773770752	20.00517909				0	0	0				-786.5710308	0.01786789609	-8197.6534216641	
784.0110308	92	1	7	0.7059685806	0.01756161731	96.93892214	0.2158090806	2.845268782	76.86858147	2.819495923	20.31192261				0	0	0				-784.0110308	0.01756161731	-8530.40315884319	
781.4510308	92	1	7	0.7110659535	0.01726722013	96.88489913	0.2129867198	2.902114148	76.51688127	2.86529413	20.61782461				0	0	0				-781.4510308	0.01726722013	-8872.57034661681	
778.8910308	92	1	7	0.7159930523	0.01698411639	96.83056479	0.2101047778	2.959330437	76.16590908	2.911169572	20.92292134				0	0	0				-778.8910308	0.01698411639	-9224.4319983547	
776.3310308	92	1	7	0.720758676	0.01671175691	96.77590939	0.207167422	3.01692319	75.81562453	2.957126476	21.227249				0	0	0				-776.3310308	0.01671175691	-9586.28298462924	
773.7710308	92	1	7	0.7253710369	0.01644962838	96.72092327	0.2041787207	3.074898013	75.46598725	3.003169096	21.53084365				0	0	0				-773.7710308	0.01644962838	-9958.43797584425	
771.2110308	92	1	7	0.7298378081	0.0161972506	96.66559678	0.2011426451	3.133260575	75.11695695	3.049301724	21.83374132				0	0	0				-771.2110308	0.0161972506	-10341.2330933736	
768.6510308	92	1	7	0.7341661672	0.01595417392	96.60992032	0.1980630719	3.192016611	74.76849334	3.095528689	22.13597797				0	0	0				-768.6510308	0.01595417392	-10735.0280506371	
766.0910308	92	1	7	0.7383628353	0.01571997697	96.55388429	0.1949437847	3.251171925	74.42055615	3.141854363	22.43758949				0	0	0				-766.0910308	0.01571997697	-11140.2087163073	
763.5310308	92	1	7	0.7424341129	0.01549426456	96.49747913	0.1917884757	3.310732395	74.07310508	3.188283166	22.73861176				0	0	0				-763.5310308	0.01549426456	-11557.1889220004	
760.9710308	92	1	7	0.7463859118	0.01527666577	96.44069528	0.1886007478	3.370703973	73.7260998	3.234819568	23.03908063				0	0	0				-760.9710308	0.01527666577	-11986.4138491723	
758.4110308	92	1	7	0.7502237849	0.01506683223	96.38352319	0.1853841157	3.43109269	73.37949995	3.281468095	23.33903196				0	0	0				-758.4110308	0.01506683223	-12428.362849108	
755.8510308	92	1	7	0.7539529532	0.01486443652	96.32595333	0.1821420075	3.491904661	73.03326506	3.328233334	23.63850161				0	0	0				-755.8510308	0.01486443652	-12883.5524348303	
753.2910308	92	1	7	0.7575783295	0.01466917072	96.26797615	0.1788777655	3.553146082	72.68735459	3.375119935	23.93752548				0	0	0				-753.2910308	0.01466917072	-13352.5410444362	
750.7310308	92	1	7	0.7611045417	0.0144807451	96.20958211	0.1755946479	3.61482324	72.34172786	3.422132618	24.23613952				0	0	0				-750.7310308	0.0144807451	-13835.9332883079	
748.1710308	92	1	7	0.7645359525	0.0142988869	96.15076166	0.1722958297	3.676942514	71.99634405	3.469276178	24.53437977				0	0	0				-748.1710308	0.0142988869	-14334.3836746814	
745.6110308	92	1	7	0.7678766788	0.0141233392	96.09150522	0.1689844036	3.739510377	71.65116216	3.516555487	24.83228236				0	0	0				-745.6110308	0.0141233392	-14848.6026479454	
743.0510308	92	1	7	0.7711306082	0.01395385991	96.03180322	0.1656633807	3.802533403	71.30614098	3.563975502	25.12988352				0	0	0				-743.0510308	0.01395385991	-15379.3642591089	
740.4910308	92	1	7	0.7743014153	0.01379022085	95.97164604	0.1623356918	3.866018267	70.96123907	3.611541271	25.42721966				0	0	0				-740.4910308	0.01379022085	-15927.510992832	
737.9310308	92	1	7	0.777392576	0.01363220685	95.91102406	0.1590041879	3.929971753	70.61641473	3.659257935	25.72432733				0	0	0				-737.9310308	0.01363220685	-16493.9625941447	
735.3710308	92	1	7	0.780407381	0.01347961499	95.8499276	0.1556716409	3.994400757	70.27162596	3.707130736	26.0212433				0	0	0				-735.3710308	0.01347961499	-17079.7243773935	
732.8110308	92	1	7	0.783348948	0.01333225383	95.78834697	0.1523407444	4.059312288	69.92683041	3.755165025	26.31800456				0	0	0				-732.8110308	0.01333225383	-17685.9004222759	
730.2510308	92	1	7	0.7862202328	0.01318994281	95.72627241	0.149014114	4.124713479	69.58198538	3.803366263	26.61464836				0	0	0				-730.2510308	0.01318994281	-18313.7008666815	
727.6910308	92	1	7	0.7890240405	0.01305251153	95.66369413	0.1456942882	4.190611585	69.23704776	3.851740032	26.91121221				0	0	0				-727.6910308	0.01305251153	-18964.4583052671	
725.1310308	92	1	7	0.7917630343	0.01291979928	95.60060228	0.1423837291	4.257013994	68.89197398	3.90029204	27.20773398				0	0	0				-725.1310308	0.01291979928	-19639.6427854653	
722.5710308	92	1	7	0.7944397453	0.01279165443	95.53698695	0.1390848223	4.323928229	68.54672	3.94902813	27.50425186				0	0	0				-722.5710308	0.01279165443	-20340.8813112152	
720.0110308	92	1	7	0.7970565802	0.01266793404	95.47283817	0.1357998778	4.391361953	68.20124125	3.997954285	27.80080447				0	0	0				-720.0110308	0.01266793404	-21069.9752220403	
717.4510308	92	1	7	0.7996158294	0.01254850331	95.40814589	0.1325311304	4.459322979	67.85549256	4.047076637	28.0974308				0	0	0				-717.4510308	0.01254850331	-21828.92583849	
714.8910308	92	1	7	0.8021196739	0.01243323526	95.34289999	0.1292807403	4.527819272	67.50942816	4.096401476	28.39417037				0	0	0				-714.8910308	0.01243323526	-22619.9664326912	
712.3310308	92	1	7	0.8045701922	0.01232201031	95.27709025	0.126050793	4.596858958	67.16300159	4.145935257	28.69106315				0	0	0				-712.3310308	0.01232201031	-23445.5901490321	
709.7710308	92	1	7	0.8069693663	0.01221471595	95.21070637	0.1228433004	4.666450329	66.81616568	4.195684611	28.9881497				0	0	0				-709.7710308	0.01221471595	-24308.5922099752	
707.2110308	92	1	7	0.8093190874	0.01211124642	95.14373795	0.1196602006	4.736601853	66.46887247	4.245656356	29.28547118				0	0	0				-707.2110308	0.01211124642	-25212.116097456	
704.6510308	92	1	7	0.8116211616	0.01201150243	95.07617446	0.1165033587	4.807322181	66.12107313	4.295857502	29.58306936				0	0	0				-704.6510308	0.01201150243	-26159.7082398335	
702.0910308	92	1	7	0.8138773146	0.01191539089	95.00800528	0.113374567	4.878620154	65.77271798	4.346295269	29.88098675				0	0	0				-702.0910308	0.01191539089	-27155.3827315693	
699.5310308	92	1	7	0.8160891965	0.01182282467	94.93921964	0.1102755455	4.950504813	65.42375633	4.396977091	30.17926658				0	0	0				-699.5310308	0.01182282467	-28203.7071164373	
696.9710308	92	1	7	0.8182583861	0.01173372242	94.86980665	0.1072079423	5.02298541	65.07413646	4.447910635	30.47795291				0	0	0				-696.9710308	0.01173372242	-29309.8877091539	
694.4110308	92	1	7	0.8203863953	0.01164800831	94.79975525	0.1041733338	5.096071416	64.72380554	4.499103811	30.77709064				0	0	0				-694.4110308	0.01164800831	-30479.8997621541	
691.8510308	92	1	7	0.8224746723	0.01156561196	94.72905424	0.1011732255	5.169772531	64.37270957	4.550564784	31.07672564				0	0	0				-691.8510308	0.01156561196	-31720.6199034299	
689.2910308	92	1	7	0.824524606	0.01148646818	94.65769225	0.0982090521	5.244098699	64.02079325	4.602301992	31.37690476				0	0	0				-689.2910308	0.01148646818	-33040.0080692783	
686.7310308	92	1	7	0.8265375288	0.01141051694	94.5856577	0.0952821782	5.319060118	63.66799994	4.65432416	31.6776759				0	0	0				-686.7310308	0.01141051694	-34447.3278854728	
684.1710308	92	1	7	0.8285147199	0.01133770318	94.51293885	0.09239389854	5.394667254	63.31427153	4.706640317	31.97908815				0	0	0				-684.1710308	0.01133770318	-35953.4226226205	
681.6110308	92	1	7	0.8304574085	0.01126797679	94.43952371	0.08954543862	5.470930853	62.95954838	4.759259813	32.28119181				0	0	0				-681.6110308	0.01126797679	-37571.0643667391	
679.0510308	92	1	7	0.8323667762	0.01120129248	94.36540008	0.08673795517	5.547861962	62.60376917	4.81219234	32.58403849				0	0	0				-679.0510308	0.01120129248	-39315.4242473412	
676.4910308	92	1	7	0.8342439602	0.01113760985	94.29055552	0.08397253669	5.625471941	62.24687083	4.865447952	32.88768121				0	0	0				-676.4910308	0.01113760985	-41204.5234104919	
673.9310308	92	1	7	0.8360900555	0.01107689295	94.21497731	0.08125020398	5.703772482	61.88878839	4.919037087	33.19217453				0	0	0				-673.9310308	0.01107689295	-43260.0924063131	
671.3710308	92	1	7	0.8379061171	0.0110191107	94.13865247	0.07857191071	5.782775621	61.52945485	4.972970584	33.49757457				0	0	0				-671.3710308	0.0110191107	-45508.8237876028	
668.8110308	92	1	7	0.8396931625	0.01096423719	94.06156769	0.075938544	5.862493771	61.16880108	5.027259717	33.80393921				0	0	0				-668.8110308	0.01096423719	-47983.3127052468	
666.2510308	92	1	7	0.8414521741	0.01091225102	93.98370934	0.0733509251	5.942939738	60.80675562	5.081916216	34.11132817				0	0	0				-666.2510308	0.01091225102	-50723.9146562049	
663.6910308	92	1	7	0.8431841005	0.0108631357	93.90506344	0.07080980999	6.024126746	60.44324454	5.136952299	34.41980316				0	0	0				-663.6910308	0.0108631357	-53781.4547662348	
661.1310308	92	1	7	0.8448898592	0.01081687963	93.82561565	0.06831589014	6.106068461	60.0781913	5.192380704	34.729428				0	0	0				-661.1310308	0.01081687963	-57220.7377911209	
658.5710308	92	1	7	0.846570338	0.0107734763	93.74535118	0.06586979316	6.188779023	59.7115165	5.248214719	35.04026879				0	0	0				-658.5710308	0.0107734763	-61125.701530656	
656.0110308	92	1	7	0.8482263969	0.01073292435	93.66425484	0.0634720836	6.272273073	59.34313772	5.304468225	35.35239406				0	0	0				-656.0110308	0.01073292435	-65607.0212012846	
653.4510308	92	1	7	0.8498588698	0.01069522776	93.58231095	0.06112326374	6.356565789	58.97296931	5.361155727	35.66587497				0	0	0				-653.4510308	0.01069522776	-70813.7887119524	
650.8910308	92	1	7	0.8514685661	0.01066039607	93.4995033	0.05882377435	6.441672922	58.60092213	5.418292407	35.98078546				0	0	0				-650.8910308	0.01066039607	-76951.7114227577	
648.3310308	92	1	7	0.8530562726	0.01062844456	93.41581517	0.05657399562	6.527610835	58.22690331	5.475894162	36.29720253				0	0	0				-648.3310308	0.01062844456	-84312.9846811394	
645.7710308	92	1	7	0.8546227544	0.01059939456	93.3312292	0.05437424801	6.614396547	57.85081596	5.533977659	36.61520638				0	0	0				-645.7710308	0.01059939456	-93327.3550309251	
643.2110308	92	1	7	0.8561687571	0.01057327374	93.24572743	0.05222479317	6.70204778	57.47255888	5.592560392	36.93488072				0	0	0				-643.2110308	0.01057327374	-104654.497532274	
640.6510308	92	1	7	0.8576950076	0.0105501165	93.15929115	0.05012583493	6.790583011	57.09202623	5.651660739	37.25631303				0	0	0				-640.6510308	0.0105501165	-119362.897991955	
638.0910308	92	1	7	0.8592022162	0.01052996432	93.07190095	0.04807752024	6.880021531	56.70910715	5.711298031	37.57959482				0	0	0				-638.0910308	0.01052996432	-141477.872701693	
635.5310308	92	1	7	0.8606911098	0.01051327992	92.98353847	0.04607993956	6.970381585	56.32369185	5.771490893	37.90481726				0	0	0				-635.5310308	0.01051327992	-170839.660358007	
632.9710308	92	1	7	0.8621623576	0.01049946103	92.89417866	0.04413312468	7.061688213	55.9356471	5.832263154	38.23208974				0	0	0				-632.9710308	0.01049946103	-214714.609742438	
630.4110308	92	1	7	0.8636166088	0.01048869013	92.80380138	0.04223706367	7.153961552	55.54484943	5.893636686	38.56151388				0	0	0				-630.4110308	0.01048869013	-298359.338594356	
627.8510308	92	1	7	0.8650545201	0.01048117603	92.71238347	0.04039168679	7.247224842	55.15116361	5.955635408	38.89320098				0	0	0				-627.8510308	0.01048117603	-516282.000764853	
625.2910308	92	1	7	0.8664767385	0.01047700496	92.6199006	0.03859687294	7.341502523	54.75444702	6.018284635	39.22726834				0	0	0				-625.2910308	0.01047700496	-3073453.76406846	
622.7310308	92	1	7	0.8678839025	0.01047627442	92.52632721	0.03685245089	7.436820341	54.35454899	6.081611189	39.56383983				0	0	0				-622.7310308	0.01047627442	-5047002.75106939	
620.1710308	92	1	7	0.8692766439	0.01047909424	92.43163634	0.03515820051	7.533205459	53.95131005	6.145643535	39.90304642				0	0	0				-620.1710308	0.01047909424	752349.443588137	
617.6110308	92	1	7	0.8706555891	0.01048558778	92.33579955	0.03351385405	7.630686596	53.54456119	6.210411926	40.24502688				0	0	0				-617.6110308	0.01048558778	337869.329938149	
615.0510308	92	1	7	0.8720213607	0.01049589334	92.23878674	0.03191909743	7.729294162	53.13412295	6.275948564	40.58992848				0	0	0				-615.0510308	0.01049589334	219459.71971388	
612.4910308	92	1	7	0.8733745794	0.01051016582	92.140566	0.03037357157	7.829060428	52.71980443	6.342287784	40.93790779				0	0	0				-612.4910308	0.01051016582	161754.663217612	
609.9310308	92	1	7	0.8747158657	0.01052857854	92.04110342	0.02887687376	7.930019706	52.30140217	6.409466256	41.28913157				0	0	0				-609.9310308	0.01052857854	127183.384413064	
607.3710308	92	1	7	0.8760458416	0.01055132543	91.94036288	0.02742855903	8.032208557	51.87869893	6.477523217	41.64377785				0	0	0				-607.3710308	0.01055132543	104014.348650901	
604.8110308	92	1	7	0.8773651332	0.01057862352	91.83830584	0.02602814155	8.135666022	51.45146226	6.546500726	42.00203701				0	0	0				-604.8110308	0.01057862352	87340.0523154654	
602.2510308	92	1	7	0.8786743722	0.0106107159	91.73489101	0.02467509611	8.240433893	51.0194429	6.616443963	42.36411313				0	0	0				-602.2510308	0.0106107159	74729.1791706792	
599.6910308	92	1	7	0.8799741993	0.01064787506	91.63007413	0.0233688595	8.346557011	50.58237298	6.687401561	42.73022546				0	0	0				-599.6910308	0.01064787506	64834.8320725865	
597.1310308	92	1	7	0.8812652661	0.01069040698	91.52380756	0.02210883204	8.454083613	50.13996394	6.759425983	43.10061008				0	0	0				-597.1310308	0.01069040698	56848.7566359073	
594.5710308	92	1	7	0.8825482384	0.01073865579	91.41603989	0.02089437903	8.56306573	49.69190417	6.832573962	43.47552187				0	0	0				-594.5710308	0.01073865579	50255.9376434461	
592.0110308	92	1	7	0.8838237999	0.01079300939	91.30671552	0.01972483225	8.673559647	49.23785627	6.906907	43.85523673				0	0	0				-592.0110308	0.01079300939	44712.3457934804	
589.4510308	92	1	7	0.8850926557	0.01085390611	91.19577408	0.01859949146	8.785626426	48.77745392	6.982491948	44.24005413				0	0	0				-589.4510308	0.01085390611	39979.3138804494	
586.8910308	92	1	7	0.8863555368	0.01092184269	91.08314984	0.0175176259	8.899332532	48.31029823	7.059401674	44.63030009				0	0	0				-586.8910308	0.01092184269	35886.0247484161	
584.3310308	92	1	7	0.8876132051	0.0109973839	90.96877098	0.01647847577	9.014750542	47.83595347	7.137715849	45.02633068				0	0	0				-584.3310308	0.0109973839	32306.9892702972	
581.7710308	92	1	7	0.8888664595	0.01108117421	90.85255874	0.01548125376	9.131960002	47.3539421	7.21752186	45.42853604				0	0	0				-581.7710308	0.01108117421	29147.9512295283	
579.2110308	92	1	7	0.8901161423	0.01117395206	90.73442644	0.01452514646	9.251048416	46.86373885	7.298915889	45.83734526				0	0	0				-579.2110308	0.01117395206	26336.7489909524	
576.6510308	92	1	7	0.8913631476	0.01127656746	90.61427824	0.0136093158	9.372112445	46.36476381	7.38200419	46.253232				0	0	0				-576.6510308	0.01127656746	23817.2067399727	
574.0910308	92	1	7	0.8926084309	0.01139000394	90.49200778	0.01273290048	9.495259319	45.85637407	7.466904603	46.67672132				0	0	0				-574.0910308	0.01139000394	21544.9581796051	
571.5310308	92	1	7	0.8938530201	0.01151540599	90.36749642	0.01189501723	9.620608561	45.33785381	7.553748364	47.10839783				0	0	0				-571.5310308	0.01151540599	19484.4603146111	
568.9710308	92	1	7	0.8950980301	0.01165411496	90.24061118	0.01109476209	9.748294062	44.80840219	7.642682281	47.54891553				0	0	0				-568.9710308	0.01165411496	17606.9249950923	
566.4110308	92	1	7	0.8963446793	0.01180771366	90.11120204	0.01033121095	9.878466748	44.26712055	7.733870461	47.99900899				0	0	0				-566.4110308	0.01180771366	15888.5200216347	
563.8510308	92	1	7	0.8975943121	0.0119780941	89.97909912	0.009603422136	10.01129746	43.71298801	7.827500789	48.4595112				0	0	0				-563.8510308	0.0119780941	14309.1672407414	
561.2910308	92	1	7	0.898848426	0.0121675412	89.84410851	0.008910436046	10.14698105	43.14485011	7.923783245	48.93136664				0	0	0				-561.2910308	0.0121675412	12851.7003616112	
558.7310308	92	1	7	0.9001087086	0.01237886654	89.70600696	0.008251274073	10.28574177	42.56138823	8.022956566	49.41565521				0	0	0				-558.7310308	0.01237886654	11558.8952833862	
556.1710308	92	1	7	0.9013768882	0.01261277518	89.56453722	0.007624956356	10.42783783	41.9609753	8.125343499	49.9136812				0	0	0				-556.1710308	0.01261277518	10354.0718012681	
553.6110308	92	1	7	0.9026552345	0.01287704498	89.41940001	0.007030463577	10.57356952	41.34187919	8.231247019	50.42687379				0	0	0				-553.6110308	0.01287704498	9168.91968517206	
551.0510308	92	1	7	0.9039462664	0.01317526732	89.27023743	0.006466765361	10.7232958	40.70198056	8.341057132	50.95696231				0	0	0				-551.0510308	0.01317526732	8106.57047207591	
548.4910308	92	1	7	0.905252931	0.01351368747	89.11662494	0.005932813132	10.87744225	40.03876419	8.455236357	51.50599945				0	0	0				-548.4910308	0.01351368747	7118.18967970125	
545.9310308	92	1	7	0.9065787819	0.01390114738	88.95804864	0.005427532523	11.03652383	39.34924832	8.57432057	52.07643111				0	0	0				-545.9310308	0.01390114738	6212.92154228827	
543.3710308	92	1	7	0.9079279479	0.0143455307	88.79388188	0.004949832036	11.20116829	38.62957343	8.699056749	52.67136982				0	0	0				-543.3710308	0.0143455307	5381.94826464984	
540.8110308	92	1	7	0.9093057169	0.01486373107	88.6233391	0.004498569623	11.37216233	37.87517385	8.830270631	53.29455552				0	0	0				-540.8110308	0.01486373107	5147.01292848152	
540.4910308	92	1	7	0.9094798403	0.001906874582	88.60152248	0.004443955368	11.39403356	37.77848794	8.847041441	53.37447062				0	0	0				-540.4910308	0.001906874582	-52.899614228991	
540.4110308	92	1	7	0.9095234523	0.000478522661	88.59604929	0.004430361235	11.39952035	37.75433332	8.851204565	53.39446211				0	0	0				-540.4110308	0.000478522661	-59.7585275662349	
540.3910308	92	1	7	0.9116705197	0.02357055317	88.49376082	0.004206219439	11.50203296	42.11634677	6.974847315	50.90880591	14.47790118	17.31381401	68.20828482	0	0	0	0	0	0	-540.3910308	0.02357055317	143.71341931364	
540.3710308	92	1	7	0.9116883379	0.0002001709833	88.49207144	0.004202252229	11.50372631	42.12486913	6.969737946	50.90539292	14.46724731	17.31509739	68.2176553	0	0	0	0	0	0	-540.3710308	0.0002001709833	201.454337811419	
540.3310308	92	1	7	0.9117239637	0.0004004507964	88.48869185	0.004194324706	11.50711383	42.14188811	6.959529765	50.89858212	14.44600825	17.31763841	68.23635333	0	0	0	0	0	0	-540.3310308	0.0004004507964	200.004680408759	
540.2510308	92	1	7	0.9117950773	0.0007993130859	88.48193386	0.004178510797	11.51388763	42.17577161	6.939184705	50.88504368	14.40371426	17.32265567	68.27363007	0	0	0	0	0	0	-540.2510308	0.0007993130859	200.907763302696	
540.0910308	92	1	7	0.9119367727	0.00159304672	88.46842222	0.004147046547	11.52743073	42.24286686	6.898800253	50.85833289	14.31984964	17.3324358	68.34771456	0	0	0	0	0	0	-540.0910308	0.00159304672	201.200921539133	
539.7710308	92	1	7	0.9122196067	0.003189530053	88.44141842	0.004084769136	11.55449681	42.37442644	6.81922945	50.80634411	14.15495629	17.35100195	68.49404176	0	0	0	0	0	0	-539.7710308	0.003189530053	201.311806395431	
539.1310308	92	1	7	0.9127801469	0.006341741359	88.38748526	0.003962778986	11.60855196	42.62751848	6.664669661	50.70781186	13.83598337	17.38436667	68.77964996	0	0	0	0	0	0	-539.1310308	0.006341741359	204.225645855258	
537.8510308	92	1	7	0.9138812261	0.0125381316	88.2799093	0.003728761999	11.71636194	43.09708266	6.372389557	50.53052778	13.23755828	17.43749779	69.32494393	0	0	0	0	0	0	-537.8510308	0.0125381316	208.943309239072	
535.2910308	92	1	7	0.9160082085	0.02452699077	88.06585651	0.003298307788	11.93084518	43.91216853	5.845540251	50.24229122	12.17469182	17.49881439	70.32649379	0	0	0	0	0	0	-535.2910308	0.02452699077	-4925.17650501386	
532.7310308	92	1	7	0.9180367616	0.02398129742	87.85315562	0.002913885717	12.14393049	44.59382661	5.381740644	50.02443274	11.25585041	17.51364753	71.23050207	0	0	0	0	0	0	-532.7310308	0.02398129742	-4939.29069121939	
530.1710308	92	1	7	0.9199755626	0.02348561274	87.64167543	0.002570978094	12.35575359	45.16952078	4.968876261	49.86160296	10.45104334	17.4934793	72.05547736	0	0	0	0	0	0	-530.1710308	0.02348561274	-5429.67815807855	
527.6110308	92	1	7	0.9218322747	0.02303420153	87.43129132	0.002265466145	12.56644321	45.65877013	4.598196811	49.74303306	9.738793372	17.44637812	72.81482851	0	0	0	0	0	0	-527.6110308	0.02303420153	-5967.17641287256	
525.0510308	92	1	7	0.9236137392	0.02262370901	87.22188483	0.001993600863	12.77612157	46.07601972	4.263126677	49.6608536	9.103123018	17.37822121	73.51865577	0	0	0	0	0	0	-525.0510308	0.02262370901	-6568.39815833833	
522.4910308	92	1	7	0.9253260768	0.0222510623	87.01334325	0.001751974592	12.98490478	46.43229867	3.958571449	49.60912988	8.531794029	17.29340852	74.17479745	0	0	0	0	0	0	-522.4910308	0.0222510623	-7244.60268096315	
519.9310308	92	1	7	0.9269747787	0.02191351504	86.80555926	0.001537493832	13.19290325	46.73624043	3.680487315	49.58327226	8.015206675	17.19530715	74.78948618	0	0	0	0	0	0	-519.9310308	0.02191351504	-7362.42739753712	
518.6510308	92	1	7	0.9277754194	0.01088034613	86.70191923	0.001439545851	13.29664122	46.87079467	3.550324429	49.5788809	7.774984914	17.14211488	75.0829002	0	0	0	0	0	0	-518.6510308	0.01088034613	-17620.8965831387	
517.3710308	92	1	7	0.9285620302	0.0108081741	86.59843053	0.001347353544	13.40022212	46.99474216	3.425600282	49.57965756	7.545695091	17.08653635	75.36776856	0	0	0	0	0	0	-517.3710308	0.0108081741	-17503.9143290304	
516.7310308	92	1	7	0.9289498989	0.005387717055	86.54673911	0.001303318444	13.45195757	47.05294824	3.365176545	49.58187521	7.434916675	17.0579291	75.50715423	0	0	0	0	0	0	-516.7310308	0.005387717055	-38921.2206445626	
516.0910308	92	1	7	0.9293344672	0.005371323016	86.49508106	0.001260607402	13.50365833	47.10874626	3.30599474	49.585259	7.326600383	17.02881427	75.64458535	0	0	0	0	0	0	-516.0910308	0.005371323016	-38802.759598859	
515.7710308	92	1	7	0.9295254505	0.002682057395	86.46926407	0.001239737008	13.52949619	47.13576543	3.276858305	49.58737627	7.273339941	17.01407479	75.71258527	0	0	0	0	0	0	-515.7710308	0.002682057395	-119.141774943205	
515.6110308	92	1	7	0.9296206184	0.001339963816	86.45635851	0.001229421135	13.54241207	47.14905881	3.262401815	49.58853938	7.246930041	17.00666085	75.74640911	0	0	0	0	0	0	-515.6110308	0.001339963816	-34194.5332548342	
515.4510308	92	1	7	0.9297154449	0.00133530085	86.44345486	0.001219184071	13.55532596	47.16220978	3.248019065	49.58977116	7.220665008	16.9992181	75.7801169	0	0	0	0	0	0	-515.4510308	0.00133530085	-34076.2113524647	
515.3710308	92	1	7	0.9297627687	0.0006663959894	86.43700376	0.001214094927	13.56178214	47.16873224	3.240855186	49.59041257	7.207586342	16.99548609	75.79692757	0	0	0	0	0	0	-515.3710308	0.0006663959894	47897.0721519633	
515.2910308	92	1	7	0.929810087	0.0006680704397	86.43055313	0.001209025276	13.56823785	47.17521935	3.233709553	49.59107109	7.194543698	16.99174692	75.81370938	0	0	0	0	0	0	-515.2910308	0.0006680704397	48017.9520111763	
515.2510308	92	1	7	0.9298337229	0.0003337230713	86.42732824	0.001206497781	13.57146526	47.17844974	3.230143562	49.5914067	7.188035732	16.98987471	75.82208956	0	0	0	0	0	0	-515.2510308	0.0003337230713	-119.864380967228	
515.2310308	92	1	7	0.9298455407	0.0001670261472	86.4257156	0.001205235815	13.57307916	47.18006164	3.228362267	49.59157609	7.184785098	16.98893794	75.82627696	0	0	0	0	0	0	-515.2310308	0.0001670261472	199394.167432909	
515.2110308	92	1	7	0.9298573586	0.0001671265115	86.4241031	0.001203975078	13.57469292	47.18167136	3.226582105	49.59174654	7.181536696	16.98800074	75.83046257	0	0	0	0	0	0	-515.2110308	0.0001671265115	199513.594629381	
515.2010308	92	1	7	0.9298632647	8.348616949E-05	86.4232968	0.001203345153	13.57549986	47.1824754	3.225692449	49.59183216	7.179913325	16.98753197	75.8325547	0	0	0	0	0	0	-515.2010308	8.348616949E-05	119556.197879715	
515.1910308	92	1	7	0.9298691722	8.356989606E-05	86.42249057	0.001202715541	13.57630672	47.18327889	3.224803076	49.59191804	7.178290512	16.98706309	75.83464639	0	0	0	0	0	0	-515.1910308	8.356989606E-05	119396.580818124	
515.1510308	92	1	7	0.9298927953	0.0003342938698	86.41926581	0.001200200204	13.57953399	47.18648654	3.221248808	49.59226465	7.171804472	16.98518677	75.84300875	0	0	0	0	0	0	-515.1510308	0.0003342938698	-679.763107761565	
515.1310308	92	1	7	0.9299045915	0.0001669259321	86.41765355	0.001198944408	13.5811475	47.18808652	3.219473614	49.59243986	7.16856454	16.98424812	75.84718734	0	0	0	0	0	0	-515.1310308	0.0001669259321	939976.573490407	
515.0910308	92	1	7	0.9299281991	0.0003342300303	86.41442884	0.001196436046	13.58437472	47.19128382	3.215924873	49.59279131	7.162092849	16.98236835	75.8555388	0	0	0	0	0	0	-515.0910308	0.0003342300303	239.349889698844	
515.0110308	92	1	7	0.9299753628	0.0006677346542	86.40797959	0.001191434066	13.59082898	47.19764861	3.208842587	49.5935088	7.149174493	16.97860475	75.87222075	0	0	0	0	0	0	-515.0110308	0.0006677346542	239.996063825239	
514.8510308	92	1	7	0.9300695188	0.001333750934	86.39508295	0.001181487692	13.60373556	47.21027428	3.194731828	49.5949939	7.123443277	16.97105695	75.90549977	0	0	0	0	0	0	-514.8510308	0.001333750934	240.544134249304	
514.5310308	92	1	7	0.9302571497	0.002660663747	86.36929508	0.001161823122	13.62954309	47.23511433	3.166723698	49.59816197	7.072397801	16.95588055	75.97172165	0	0	0	0	0	0	-514.5310308	0.002660663747	241.11185615862	
513.8910308	92	1	7	0.9306308139	0.005316122869	86.31774053	0.001123391948	13.68113608	47.28317554	3.111547475	49.60527699	6.971946265	16.92521349	76.10284024	0	0	0	0	0	0	-513.8910308	0.005316122869	241.906386041996	
512.6110308	92	1	7	0.9313697069	0.01056904764	86.21471073	0.001050005851	13.78423927	47.37304014	3.004448331	49.62251153	6.777359668	16.86269793	76.3599424	0	0	0	0	0	0	-512.6110308	0.01056904764	245.078319981923	
510.0510308	92	1	7	0.9328152083	0.0208982844	86.00892996	0.0009162575304	13.99015378	47.52933432	2.802473774	49.66819191	6.4116877	16.73348753	76.85482477	0	0	0	0	0	0	-510.0510308	0.0208982844	-13127.3434535405	
507.4910308	92	1	7	0.9342169834	0.02069936865	85.8034484	0.0007983092068	14.19575329	47.65710124	2.615443173	49.72745559	6.074357458	16.59961139	77.32603115	0	0	0	0	0	0	-507.4910308	0.02069936865	-13884.7645458438	
504.9310308	92	1	7	0.9355781463	0.02052603521	85.59818284	0.0006944444857	14.40112271	47.75917232	2.441931386	49.79889629	5.762256506	16.46198468	77.77575881	0	0	0	0	0	0	-504.9310308	0.02052603521	-15972.5298508926	
502.3710308	92	1	7	0.9369015033	0.02037559652	85.39305278	0.000603116924	14.60634411	47.83797881	2.280701682	49.88131951	5.472726117	16.32136166	78.20591223	0	0	0	0	0	0	-502.3710308	0.02037559652	-16771.459755673	
501.0910308	92	1	7	0.9375487291	0.01017265256	85.29051385	0.0005617140005	14.70892444	47.86932667	2.204349322	49.92632401	5.335697399	16.25012617	78.41417643	0	0	0	0	0	0	-501.0910308	0.01017265256	-45381.4929375211	
499.8110308	92	1	7	0.9381875164	0.01014452456	85.18798016	0.0005229348136	14.81149691	47.89562335	2.130673215	49.97370343	5.203478817	16.17836725	78.61815394	0	0	0	0	0	0	-499.8110308	0.01014452456	-45256.0746771685	
499.1710308	92	1	7	0.9385035591	0.00507056734	85.1367122	0.0005044812698	14.86278332	47.90694738	2.094802451	49.99825017	5.139098161	16.14231106	78.71859078	0	0	0	0	0	0	-499.1710308	0.00507056734	-127699.249609561	
498.5310308	92	1	7	0.9388176196	0.0050655605	85.08544203	0.0004866272603	14.91407134	47.9170904	2.059558143	50.02335146	5.075831854	16.10614681	78.81802133	0	0	0	0	0	0	-498.5310308	0.0050655605	-127573.144635324	
498.2110308	92	1	7	0.9389738549	0.00253330071	85.05980545	0.0004779194909	14.93971663	47.92172661	2.04216675	50.03610664	5.044608396	16.08802618	78.86736542	0	0	0	0	0	0	-498.2110308	0.00253330071	-126.299466687441	
498.0510308	92	1	7	0.9390517634	0.001266119522	85.04698723	0.0004736194904	14.95253915	47.92393792	2.033527991	50.04253409	5.029097012	16.07895685	78.89194613	0	0	0	0	0	0	-498.0510308	0.001266119522	-126.325941215595	
497.9710308	92	1	7	0.9390906669	0.0006329909378	85.04057789	0.0004714828275	14.95895063	47.92501675	2.029222778	50.04576047	5.02136646	16.07441989	78.90421365	0	0	0	0	0	0	-497.9710308	0.0006329909378	-57916.0557399885	
497.8910308	92	1	7	0.9391294986	0.0006316126223	85.03416846	0.0004693550167	14.96536218	47.92607783	2.024926966	50.0489952	5.013652584	16.06988141	78.916466	0	0	0	0	0	0	-497.8910308	0.0006316126223	-57790.6156224921	
497.8510308	92	1	7	0.9391488924	0.0003152738574	85.03096404	0.0004682944373	14.96856767	47.92660174	2.02278258	50.05061568	5.009801852	16.06761162	78.92258652	0	0	0	0	0	0	-497.8510308	0.0003152738574	-126.887036891753	
497.8310308	92	1	7	0.9391585926	0.0001579249376	85.02936152	0.0004677649573	14.97017072	47.92686204	2.021711265	50.05142669	5.00787804	16.06647659	78.92564537	0	0	0	0	0	0	-497.8310308	0.0001579249376	-126.773396655976	
497.8210308	92	1	7	0.9391634416	7.893999679E-05	85.02856025	0.000467500423	14.97097225	47.92699178	2.021175826	50.05183239	5.006916523	16.06590904	78.92717444	0	0	0	0	0	0	-497.8210308	7.893999679E-05	-273.597011050371	
497.7810308	92	1	7	0.939182851	0.0003164523291	85.02535552	0.0004664437328	14.97417804	47.92750712	2.019035898	50.05345698	5.003072691	16.06363893	78.93328838	0	0	0	0	0	0	-497.7810308	0.0003164523291	-717.807326975123	
497.7610308	92	1	7	0.9391925413	0.0001578773605	85.02375323	0.0004659162475	14.97578085	47.92776262	2.017967023	50.05427036	5.001152115	16.06250393	78.93634395	0	0	0	0	0	0	-497.7610308	0.0001578773605	-2622022.32668704	
497.7210308	92	1	7	0.9392119409	0.0003164752111	85.02054852	0.0004648626773	14.97898662	47.92827401	2.015829475	50.05589651	4.997315541	16.06023227	78.94245219	0	0	0	0	0	0	-497.7210308	0.0003164752111	252.609560825432	
497.6410308	92	1	7	0.9392507005	0.0006321760435	85.01413856	0.0004627623008	14.98539868	47.92928003	2.011562886	50.05915709	4.989653292	16.05568921	78.9546575	0	0	0	0	0	0	-497.6410308	0.0006321760435	253.470965888909	
497.4810308	92	1	7	0.9393281088	0.001263081251	85.00131903	0.0004585876942	14.99822239	47.9312395	2.003057587	50.06570291	4.974378011	16.04659878	78.9790232	0	0	0	0	0	0	-497.4810308	0.001263081251	253.450548791116	
497.1610308	92	1	7	0.9394827298	0.002527187114	84.9756787	0.0004503420076	15.02387095	47.93494935	1.986157842	50.07889281	4.944023001	16.02840101	79.02757599	0	0	0	0	0	0	-497.1610308	0.002527187114	253.455702875838	
496.5210308	92	1	7	0.9397906746	0.005046097646	84.92439435	0.0004342575978	15.0751714	47.94154511	1.952796206	50.10565868	4.884082508	15.9919411	79.12397639	0	0	0	0	0	0	-496.5210308	0.005046097646	254.47013568291	
495.2410308	92	1	7	0.9404014882	0.0100607772	84.82180326	0.0004036599102	15.17779308	47.95151523	1.887782645	50.16070212	4.767199049	15.91878277	79.31401819	0	0	0	0	0	0	-495.2410308	0.0100607772	256.029565798491	
492.6810308	92	1	7	0.9416035112	0.01999969039	84.61650313	0.0003483196578	15.38314855	47.95917256	1.764275686	50.27655175	4.544778266	15.771666	79.68355573	0	0	0	0	0	0	-492.6810308	0.01999969039	-49384.7790154576	
490.1210308	92	1	7	0.9427783184	0.01994757789	84.41098781	0.0003000275172	15.58871216	47.95150587	1.648899511	50.39959461	4.33636611	15.62374078	80.03989311	0	0	0	0	0	0	-490.1210308	0.01994757789	-65160.0319122189	
487.5610308	92	1	7	0.9439276434	0.01991370752	84.20519053	0.0002579574233	15.79455152	47.92965457	1.54104002	50.52930541	4.140756204	15.47527425	80.38396955	0	0	0	0	0	0	-487.5610308	0.01991370752	-135093.759763819	
485.0010308	92	1	7	0.9450531009	0.01989797633	83.99904597	0.0002213714378	16.00073266	47.89463619	1.440143822	50.66521998	3.956878751	15.32649136	80.71662989	0	0	0	0	0	0	-485.0010308	0.01989797633	1458157.49212611	
482.4410308	92	1	7	0.9461561898	0.01990002999	83.79249053	0.0001896112966	16.20731986	47.84736283	1.345710427	50.80692674	3.783781284	15.17758175	81.03863697	0	0	0	0	0	0	-482.4410308	0.01990002999	1246813.33145332	
481.1610308	92	1	7	0.9466989036	0.009989838883	83.68903897	0.0001753550719	16.31078568	47.81939043	1.3007736	50.87983597	3.701005509	15.10313038	81.19586411	0	0	0	0	0	0	-481.1610308	0.009989838883	-128.661459596556	
480.5210308	92	1	7	0.9469681309	0.005005832458	83.63726659	0.0001686029298	16.36256481	47.80436248	1.278851666	50.91678585	3.660517155	15.06591352	81.27356933	0	0	0	0	0	0	-480.5210308	0.005005832458	-79.479248613783	
480.3610308	92	1	7	0.9470352029	0.001253379354	83.62431845	0.0001669526834	16.37551459	47.80049889	1.273427019	50.92607409	3.65048677	15.05661056	81.29290267	0	0	0	0	0	0	-480.3610308	0.001253379354	-23.0990850423479	
480.3410308	92	1	7	0.9470391541	7.397552421E-05	83.62385169	0.0001668094867	16.37598151				3.649048571	15.05632688	81.29462455				0	0	0	-480.3410308	7.397552421E-05	-349.919216297038	
480.3210308	92	1	7	0.94704019	1.923689185E-05	83.62414162	0.0001667071316	16.37569167				3.647488455	15.05662054	81.29589101				0	0	0	-480.3210308	1.923689185E-05	3371.6806680736	
480.2810308	92	1	7	0.9470422738	3.904532454E-05	83.62472178	0.000166502598	16.37511172				3.644370975	15.0572076	81.29842142				0	0	0	-480.2810308	3.904532454E-05	2031.97974780533	
480.2010308	92	1	7	0.9470464336	7.794079054E-05	83.62588437	0.0001660942365	16.37394954				3.638146625	15.05837969	81.30347369				0	0	0	-480.2010308	7.794079054E-05	2060.75557604101	
480.0410308	92	1	7	0.9470547223	0.0001552866143	83.62821653	0.0001652802665	16.37161819				3.625740657	15.06071566	81.31354368				0	0	0	-480.0410308	0.0001552866143	2076.63500639077	
479.7210308	92	1	7	0.9470711771	0.0003082166639	83.63290865	0.0001636632795	16.36692769				3.6010982	15.06535508	81.33354672				0	0	0	-479.7210308	0.0003082166639	2108.72193956849	
479.0810308	92	1	7	0.947103606	0.0006072100206	83.64240218	0.0001604726211	16.35743735				3.552477998	15.07450639	81.37301561				0	0	0	-479.0810308	0.0006072100206	2172.36028116275	
477.8010308	92	1	7	0.9471666107	0.001180327109	83.66182221	0.0001542612274	16.33802353				3.457808295	15.09232051	81.44987119				0	0	0	-477.8010308	0.001180327109	2302.10808551581	
475.2410308	92	1	7	0.9472857534	0.002234482508	83.70230736	0.0001424896372	16.29755015				3.278083651	15.12612208	81.59579426				0	0	0	-475.2410308	0.002234482508	-20206.0598845007	
472.6810308	92	1	7	0.9473966065	0.002083594577	83.74484671	0.0001315361327	16.25502176				3.110052554	15.15770745	81.73223999				0	0	0	-472.6810308	0.002083594577	-17989.9062537012	
470.1210308	92	1	7	0.9475000413	0.001948205235	83.78928636	0.0001213450098	16.21059229				2.952548203	15.18729784	81.86015395				0	0	0	-470.1210308	0.001948205235	-19974.0674639429	
467.5610308	92	1	7	0.9475967965	0.001825930618	83.83549556	0.000111865395	16.16439258				2.804576005	15.21508161	81.98034238				0	0	0	-467.5610308	0.001825930618	-22050.083439648	
465.0010308	92	1	7	0.9476875046	0.001714921128	83.88336137	0.0001030505457	16.11653558				2.665280005	15.24122092	82.09349908				0	0	0	-465.0010308	0.001714921128	-24222.609843163	
462.4410308	92	1	7	0.9477727116	0.001613663678	83.93278585	9.485727163E-05	16.06711929				2.533917815	15.26585647	82.20022571				0	0	0	-462.4410308	0.001613663678	-26491.7400886218	
459.8810308	92	1	7	0.9478528926	0.001520909411	83.98368342	8.724548589E-05	16.01622934				2.409840924	15.28911124	82.30104783				0	0	0	-459.8810308	0.001520909411	-28857.8784341852	
457.3210308	92	1	7	0.9479284632	0.001435617947	84.03597881	8.017784668E-05	15.96394101				2.292479129	15.3110934	82.39642748				0	0	0	-457.3210308	0.001435617947	-31321.5780341764	
454.7610308	92	1	7	0.9479997896	0.00135691525	84.08960553	7.361946803E-05	15.91032085				2.181328111	15.33189863	82.48677326				0	0	0	-454.7610308	0.00135691525	-33883.5440898458	
452.2010308	92	1	7	0.9480671962	0.001284061386	84.14450444	6.753768263E-05	15.85542802				2.075939401	15.35161209	82.57244851				0	0	0	-452.2010308	0.001284061386	-36544.639590065	
449.6410308	92	1	7	0.9481309715	0.001216425545	84.20062278	6.190184471E-05	15.79931532				1.975912206	15.37030988	82.65377791				0	0	0	-449.6410308	0.001216425545	-39305.8894057093	
447.0810308	92	1	7	0.9481913737	0.001153466475	84.25791323	5.668316408E-05	15.74203009				1.880886696	15.38806037	82.73105293				0	0	0	-447.0810308	0.001153466475	-42168.4867941199	
444.5210308	92	1	7	0.9482486344	0.001094717009	84.3163332	5.185456468E-05	15.68361495				1.790538442	15.40492522	82.80453634				0	0	0	-444.5210308	0.001094717009	-45133.8014791021	
441.9610308	92	1	7	0.9483029629	0.001039771711	84.37584423	4.739056253E-05	15.62410838				1.704573773	15.42096026	82.87446597				0	0	0	-441.9610308	0.001039771711	-48203.3880295806	
439.4010308	92	1	7	0.9483545482	0.0009882769296	84.43641147	4.32671591E-05	15.56354526				1.622725887	15.43621622	82.94105789				0	0	0	-439.4010308	0.0009882769296	-51378.9942958222	
436.8410308	92	1	7	0.9484035621	0.0009399227239	84.49800327	3.946174734E-05	15.50195727				1.544751553	15.45073938	83.00450906				0	0	0	-436.8410308	0.0009399227239	-54662.5728597743	
434.2810308	92	1	7	0.9484501614	0.0008944362668	84.56059075	3.595302774E-05	15.4393733				1.470428315	15.46457208	83.06499961				0	0	0	-434.2810308	0.0008944362668	-58056.2923431982	
431.7210308	92	1	7	0.9484944891	0.0008515764118	84.62414757	3.272093284E-05	15.37581971				1.3995521	15.47775316	83.12269474				0	0	0	-431.7210308	0.0008515764118	-61562.5486140916	
429.1610308	92	1	7	0.9485366765	0.0008111291933	84.6886496	2.974655861E-05	15.31132065				1.331935165	15.49031836	83.17774647				0	0	0	-429.1610308	0.0008111291933	-65183.9793762364	
426.6010308	92	1	7	0.9485768442	0.0007729040776	84.75407471	2.70121016E-05	15.24589828				1.267404325	15.50230068	83.23029499				0	0	0	-426.6010308	0.0007729040776	-68923.4785422409	
424.0410308	92	1	7	0.9486151034	0.0007367308201	84.82040256	2.450080092E-05	15.17957294				1.205799413	15.51373063	83.28046996				0	0	0	-424.0410308	0.0007367308201	-72784.2117288278	
421.4810308	92	1	7	0.9486515567	0.0007024568181	84.88761442	2.219688438E-05	15.11236338				1.146971947	15.5246365	83.32839156				0	0	0	-421.4810308	0.0007024568181	-76769.6337628087	
418.9210308	92	1	7	0.9486862994	0.0006699448695	84.95569303	2.008551811E-05	15.04428688				1.090783962	15.53504458	83.37417146				0	0	0	-418.9210308	0.0006699448695	-80883.5073172336	
416.3610308	92	1	7	0.9487194197	0.0006390712663	85.02462246	1.815275925E-05	14.97535939				1.03710698	15.54497937	83.41791365				0	0	0	-416.3610308	0.0006390712663	-85129.9230456636	
413.8010308	92	1	7	0.9487509998	0.0006097241656	85.09438797	1.638551132E-05	14.90559564				0.985821114	15.55446372	83.45971516				0	0	0	-413.8010308	0.0006097241656	-89513.3211879174	
411.2410308	92	1	7	0.9487811161	0.0005818021918	85.16497593	1.477148193E-05	14.8350093				0.9368142659	15.56351902	83.49966672				0	0	0	-411.2410308	0.0005818021918	-94038.5152421266	
408.6810308	92	1	7	0.9488098402	0.0005552132326	85.23637372	1.329914256E-05	14.76361298				0.8899814252	15.57216528	83.53785329				0	0	0	-408.6810308	0.0005552132326	-98710.717587991	
406.1210308	92	1	7	0.9488372388	0.0005298733978	85.30856964	1.19576903E-05	14.6914184				0.8452240402	15.58042131	83.57435465				0	0	0	-406.1210308	0.0005298733978	-103535.566614456	
403.5610308	92	1	7	0.9488633748	0.0005057061155	85.38155283	1.07370112E-05	14.61843643				0.8024494596	15.58830478	83.60924576				0	0	0	-403.5610308	0.0005057061155	-108519.158097085	
401.0010308	92	1	7	0.9488883068	0.0004826413458	85.45531323	9.627645286E-06	14.54467715				0.7615704339	15.59583232	83.64259724				0	0	0	-401.0010308	0.0004826413458	-113668.076259164	
398.4410308	92	1	7	0.9489120903	0.0004606148925	85.52984148	8.620752981E-06	14.4701499				0.7225046685	15.60301965	83.67447568				0	0	0	-398.4410308	0.0004606148925	-118989.430071597	
395.8810308	92	1	7	0.9489347772	0.0004395678013	85.60512892	7.708082925E-06	14.39486337				0.6851744223	15.60988158	83.70494399				0	0	0	-395.8810308	0.0004395678013	-124490.890693019	
393.3210308	92	1	7	0.9489564168	0.0004194458292	85.68116748	6.881941046E-06	14.31882564				0.6495061475	15.61643215	83.7340617				0	0	0	-393.3210308	0.0004194458292	-130180.734127039	
390.7610308	92	1	7	0.9489770553	0.0004001989783	85.75794968	6.135160863E-06	14.24204419				0.6154301636	15.62268465	83.76188519				0	0	0	-390.7610308	0.0004001989783	-136067.886805556	
388.2010308	92	1	7	0.9489967368	0.0003817810823	85.83546858	5.461074953E-06	14.16452596				0.5828803637	15.62865168	83.78846796				0	0	0	-388.2010308	0.0003817810823	-142161.973661328	
385.6410308	92	1	7	0.9490155028	0.0003641494407	85.91371773	4.853487527E-06	14.08627741				0.5517939486	15.63434521	83.81386084				0	0	0	-385.6410308	0.0003641494407	-148473.374213722	
383.0810308	92	1	7	0.9490333927	0.0003472644936	85.99269118	4.306648081E-06	14.00730452				0.5221111851	15.63977664	83.83811217				0	0	0	-383.0810308	0.0003472644936	-155013.279030252	
380.5210308	92	1	7	0.9490504439	0.0003310895315	86.07238337	3.81522609E-06	13.92761282				0.4937751873	15.64495681	83.861268				0	0	0	-380.5210308	0.0003310895315	-161793.755649659	
377.9610308	92	1	7	0.9490666921	0.0003155904369	86.15278919	3.374286712E-06	13.84720744				0.4667317167	15.64989604	83.88337224				0	0	0	-377.9610308	0.0003155904369	-168827.81928474	
375.4010308	92	1	7	0.9490821711	0.0003007354524	86.2339039	2.979267476E-06	13.76609312				0.4409290007	15.65460421	83.90446679				0	0	0	-375.4010308	0.0003007354524	-176332.917168635	
372.8410308	92	1	7	0.9490969134	0.0002865258079	86.31572305	2.625956088E-06	13.68427432				0.4163175575	15.65909079	83.92459165				0	0	0	-372.8410308	0.0002865258079	-183904.102243566	
370.2810308	92	1	7	0.9491109497	0.0002728726366	86.39824288	2.310468445E-06	13.60175481				0.3928500816	15.66336473	83.94378519				0	0	0	-370.2810308	0.0002728726366	-191605.579646708	
367.7210308	92	1	7	0.9491243092	0.0002597807034	86.48145949	2.029228872E-06	13.51853848				0.3704812502	15.66743465	83.9620841				0	0	0	-367.7210308	0.0002597807034	-199809.314783055	
365.1610308	92	1	7	0.94913702	0.0002472257311	86.5653695	1.778950133E-06	13.43462872				0.3491676322	15.6713088	83.97952356				0	0	0	-365.1610308	0.0002472257311	-208348.881156552	
362.6010308	92	1	7	0.9491491092	0.0002351850401	86.6499698	1.556614778E-06	13.35002865				0.3288675632	15.67499511	83.99613732				0	0	0	-362.6010308	0.0002351850401	-217245.57919849	
360.0410308	92	1	7	0.9491606023	0.0002236373354	86.73525755	1.359457285E-06	13.26474109				0.3095410387	15.67850118	84.01195778				0	0	0	-360.0410308	0.0002236373354	-226521.823184668	
357.4810308	92	1	7	0.9491715241	0.0002125625937	86.82123018	1.184947043E-06	13.17876863				0.2911496156	15.68183429	84.02701609				0	0	0	-357.4810308	0.0002125625937	-236201.882132223	
354.9210308	92	1	7	0.9491818983	0.0002019419611	86.90788537	1.030772152E-06	13.0921136				0.2736563226	15.68500147	84.04134221				0	0	0	-354.9210308	0.0002019419611	-246312.053836848	
352.3610308	92	1	7	0.9491917474	0.0001917576598	86.99522103	8.948240416E-07	13.00477807				0.2570255765	15.68800946	84.05496497				0	0	0	-352.3610308	0.0001917576598	-256880.850595675	
349.8010308	92	1	7	0.9492010934	0.0001819929027	87.0832353	7.751828583E-07	12.91676392				0.2412231064	15.69086474	84.06791215				0	0	0	-349.8010308	0.0001819929027	-267939.218574906	
347.2410308	92	1	7	0.9492099572	0.0001726318162	87.17192653	6.701036308E-07	12.8280728				0.2262158833	15.69357358	84.08021054				0	0	0	-347.2410308	0.0001726318162	-279520.772065708	
344.6810308	92	1	7	0.949218359	0.0001636593687	87.26129326	5.780031745E-07	12.73870616				0.2119720549	15.69614199	84.09188596				0	0	0	-344.6810308	0.0001636593687	-291662.058083594	
342.1210308	92	1	7	0.9492263181	0.0001550613059	87.35133424	4.974477231E-07	12.64866526				0.1984608862	15.69857578	84.10296334				0	0	0	-342.1210308	0.0001550613059	-304402.859154325	
339.5610308	92	1	7	0.9492338534	0.0001468240912	87.44204842	4.271412633E-07	12.55795116				0.1856527046	15.70088055	84.11346675				0	0	0	-339.5610308	0.0001468240912	-317786.532386173	
337.0010308	92	1	7	0.9492409826	0.0001389348515	87.53343488	3.659145531E-07	12.46656475				0.1735188486	15.7030617	84.12341945				0	0	0	-337.0010308	0.0001389348515	-331860.38157512	
334.4410308	92	1	7	0.9492477233	0.0001313813268	87.62549292	3.127147991E-07	12.37450677				0.1620316215	15.70512446	84.13284392				0	0	0	-334.4410308	0.0001313813268	-346676.09036994	
331.8810308	92	1	7	0.9492540922	0.0001241518248	87.71822197	2.665959729E-07	12.28177777				0.1511642476	15.70707386	84.1417619				0	0	0	-331.8810308	0.0001241518248	-362290.223849954	
329.3210308	92	1	7	0.9492601054	0.0001172351791	87.81162161	2.267097428E-07	12.18837817				0.1408908331	15.70891476	84.15019441				0	0	0	-329.3210308	0.0001172351791	-378764.763476477	
326.7610308	92	1	7	0.9492657785	0.0001106207102	87.90569158	1.922969977E-07	12.09430822				0.1311863287	15.71065187	84.1581618				0	0	0	-326.7610308	0.0001106207102	-396167.760359857	
324.2010308	92	1	7	0.9492711265	0.000104298191	88.00043177	1.626799395E-07	11.99956807				0.1220264961	15.71228973	84.16568377				0	0	0	-324.2010308	0.000104298191	-414574.090691311	
321.6410308	92	1	7	0.9492761639	9.825781483E-05	88.09584217	1.372547224E-07	11.9041577				0.1133878764	15.71383274	84.17277939				0	0	0	-321.6410308	9.825781483E-05	-434066.286123095	
319.0810308	92	1	7	0.9492809048	9.2490166E-05	88.19192291	1.154846125E-07	11.80807697				0.1052477617	15.71528514	84.1794671				0	0	0	-319.0810308	9.2490166E-05	-454735.553330959	
316.5210308	92	1	7	0.9492853627	8.698619403E-05	88.28867426	9.68936471E-08	11.71132564				0.09758416819	15.71665104	84.18576479				0	0	0	-316.5210308	8.698619403E-05	-476682.968818402	
313.9610308	92	1	7	0.9492895508	8.17371901E-05	88.38609657	8.106076779E-08	11.61390335				0.09037581191	15.71793442	84.19168977				0	0	0	-313.9610308	8.17371901E-05	-500020.884829553	
311.4010308	92	1	7	0.9492934815	7.673476647E-05	88.48419032	6.761440535E-08	11.51580962				0.08360208593	15.7191391	84.19725882				0	0	0	-311.4010308	7.673476647E-05	-524874.64221288	
308.8410308	92	1	7	0.9492971673	7.197083868E-05	88.58295606	5.622749209E-08	11.41704388				0.07724303973	15.7202688	84.20248816				0	0	0	-308.8410308	7.197083868E-05	-551384.655931182	
306.2810308	92	1	7	0.9493006197	6.743761073E-05	88.68239447	4.661287915E-08	11.31760548				0.07127935989	15.72132712	84.20739352				0	0	0	-306.2810308	6.743761073E-05	-579709.017429732	
303.7210308	92	1	7	0.9493038503	6.312756368E-05	88.78250629	3.851913584E-08	11.21749367				0.0656923525	15.72231751	84.21199014				0	0	0	-303.7210308	6.312756368E-05	-597182.760653472	
301.1610308	92	1	7	0.949306869	5.886352718E-05	88.88329187	3.172670134E-08	11.1167081				0.06046392755	15.72324303	84.21629304				0	0	0	-301.1610308	5.886352718E-05	-536412.773168426	
300	92	1	7	0.9493081719	2.541505753E-05	88.92922345	2.902257286E-08	11.07077652				0.0582061481	15.72364251	84.21815134				0	0	0	-300	2.541505753E-05	466990.715170027	
