T	w(AL)	w(MG)	w(SI)	fs	fw(@FCC_A1)	w(AL@FCC_A1)	w(MG@FCC_A1)	w(SI@FCC_A1)	w(AL@LIQUID)	w(MG@LIQUID)	w(SI@LIQUID)	dwdT_L(AL@LIQUID)	dwdT_L(MG@LIQUID)	dwdT_L(SI@LIQUID)	-T	fw(@FCC_A1)_1	-T//fw(@FCC_A1)	
K	%	%	%	mole/mole	kg/kg	%	%	%	%	%	%	SI	SI	SI				
857.2407545	85	6	9	0	0	98.09383325	1.08540819	0.8207585618	85	6	9	0.002093427241	-0.0007857413902	-0.001307685851	-857.2407545	0	31.1681126109657	
857.2307545	85	6	9	0.0001596286691	0.0001599579907	98.09368512	1.085451072	0.8208638057	84.99790741	6.000785484	9.001307109	0	0	0	-857.2307545	0.0001599579907	93.8647157739048	
857.2107545	85	6	9	0.0004786071793	0.0003197318407	98.09338891	1.085536804	0.8210742829	84.99371957	6.00235734	9.003923091	0	0	0	-857.2107545	0.0003197318407	125.2215440687	
857.1707545	85	6	9	0.001115897075	0.0006389384783	98.09279672	1.085708041	0.8214952397	84.98534519	6.005500621	9.009154186	0	0	0	-857.1707545	0.0006389384783	125.362236194127	
857.0907545	85	6	9	0.002388368898	0.00127656535	98.09161305	1.086049821	0.8223371315	84.96859471	6.011787998	9.019617291	0	0	0	-857.0907545	0.00127656535	125.594451113534	
856.9307545	85	6	9	0.004924910302	0.002547898868	98.08924939	1.086729943	0.8240206643	84.93508684	6.024366005	9.040547156	0	0	0	-856.9307545	0.002547898868	126.111764762788	
856.6107545	85	6	9	0.009964622315	0.005074988046	98.08453615	1.088076994	0.8273868601	84.86804345	6.049535078	9.082421477	0	0	0	-856.6107545	0.005074988046	127.231908242825	
855.9707545	85	6	9	0.01990087372	0.01005851766	98.07516629	1.090717437	0.8341162764	84.7338492	6.099920363	9.166230434	0	0	0	-855.9707545	0.01005851766	129.527798485081	
854.6907545	85	6	9	0.03924277412	0.01977885805	98.05664963	1.095788127	0.8475622401	84.46501961	6.200894477	9.334085913	0	0	0	-854.6907545	0.01977885805	134.012628089869	
852.1307545	85	6	9	0.07592694748	0.03826995515	98.02049271	1.105104356	0.8744029386	83.92558887	6.403677493	9.670733642	0	0	0	-852.1307545	0.03826995515	-2352.55173728941	
849.5707545	85	6	9	0.1101323484	0.03710391838	97.9854819	1.113333394	0.9011847101	83.38380963	6.607533851	10.00865651	0	0	0	-849.5707545	0.03710391838	-2267.74021742965	
847.0107545	85	6	9	0.1420955797	0.03600787377	97.95158267	1.120506588	0.9279107388	82.83966151	6.812490068	10.34784842	0	0	0	-847.0107545	0.03600787377	-2411.67835784338	
844.4507545	85	6	9	0.172025586	0.03497693372	97.91876108	1.126654911	0.9545840061	82.29312468	7.018571229	10.68830409	0	0	0	-844.4507545	0.03497693372	-2561.66116950134	
841.8907545	85	6	9	0.2001065116	0.03400562229	97.88698362	1.131808965	0.9812074191	81.74417857	7.225801222	11.03002021	0	0	0	-841.8907545	0.03400562229	-2716.57622844286	
839.3307545	85	6	9	0.226501222	0.03308903814	97.85621723	1.135998993	1.007783773	81.19280221	7.434202721	11.37299507	0	0	0	-839.3307545	0.03308903814	-2876.4310434846	
836.7707545	85	6	9	0.2513542621	0.03222279775	97.82642936	1.139254906	1.034315735	80.63897434	7.64379727	11.71722839	0	0	0	-836.7707545	0.03222279775	-3041.2529440592	
834.2107545	85	6	9	0.2747943356	0.03140296838	97.79758788	1.141606295	1.060805827	80.08267346	7.854605364	12.06272117	0	0	0	-834.2107545	0.03140296838	-3211.06591658034	
831.6507545	85	6	9	0.296936396	0.03062601115	97.76966114	1.143082448	1.087256412	79.52387792	8.06664651	12.40947557	0	0	0	-831.6507545	0.03062601115	-3385.88999174709	
829.0907545	85	6	9	0.3178834161	0.02988873254	97.74261796	1.143712361	1.113669677	78.96256598	8.279939285	12.75749473	0	0	0	-829.0907545	0.02988873254	-3565.74077378315	
826.5307545	85	6	9	0.3377278935	0.02918824293	97.71642764	1.143524741	1.140047621	78.39871593	8.494501374	13.10678269	0	0	0	-826.5307545	0.02918824293	-3750.62853404128	
823.9707545	85	6	9	0.3565531347	0.02852192084	97.69105995	1.142548017	1.166392036	77.83230614	8.710349609	13.45734425	0	0	0	-823.9707545	0.02852192084	-3940.55769369214	
821.4107545	85	6	9	0.3744343575	0.02788738227	97.66648517	1.14081034	1.192704494	77.26331515	8.927499997	13.80918485	0	0	0	-821.4107545	0.02788738227	-4135.52590895949	
818.8507545	85	6	9	0.3914396385	0.02728245396	97.64267409	1.138339581	1.218986332	76.69172178	9.145967742	14.16231048	0	0	0	-818.8507545	0.02728245396	-4335.52323850258	
816.2907545	85	6	9	0.4076307313	0.02670515033	97.61959803	1.135163336	1.245238637	76.11750517	9.365767254	14.51672758	0	0	0	-816.2907545	0.02670515033	-4540.53143787199	
813.7307545	85	6	9	0.4230637758	0.02615365329	97.59722885	1.131308919	1.271462226	75.54064493	9.586912168	14.8724429	0	0	0	-813.7307545	0.02615365329	-4750.52293612004	
811.1707545	85	6	9	0.4377899141	0.02562629464	97.575539	1.126803361	1.297657636	74.96112121	9.809415339	15.22946345	0	0	0	-811.1707545	0.02562629464	-4965.45966350451	
808.6107545	85	6	9	0.4518558285	0.02512154056	97.55450149	1.121673405	1.323825102	74.37891478	10.03328885	15.58779638	0	0	0	-808.6107545	0.02512154056	-5185.29231759859	
806.0507545	85	6	9	0.4653042107	0.0246379781	97.53408996	1.115945499	1.349964543	73.79400715	10.25854399	15.94744887	0	0	0	-806.0507545	0.0246379781	-5409.95932313266	
803.4907545	85	6	9	0.4781741743	0.02417430316	97.51427866	1.109645789	1.376075546	73.20638066	10.48519126	16.30842807	0	0	0	-803.4907545	0.02417430316	-5639.38545369653	
800.9307545	85	6	9	0.490501617	0.02372930991	97.49504254	1.102800117	1.402157343	72.61601861	10.71324038	16.67074102	0	0	0	-800.9307545	0.02372930991	-5873.48066938081	
798.3707545	85	6	9	0.50231954	0.02330188138	97.4763572	1.095434005	1.428208798	72.0229053	10.9427002	17.0343945	0	0	0	-798.3707545	0.02330188138	-6112.1392924986	
795.8107545	85	6	9	0.5136583305	0.02289098118	97.45819896	1.087572654	1.454228384	71.42702622	11.17357878	17.399395	0	0	0	-795.8107545	0.02289098118	-6355.23827475638	
793.2507545	85	6	9	0.5245460117	0.02249564599	97.4405449	1.079240928	1.480214168	70.82836813	11.40588327	17.7657486	0	0	0	-793.2507545	0.02249564599	-6602.63620208705	
790.6907545	85	6	9	0.5350084651	0.02211497901	97.42337286	1.070463354	1.506163789	70.22691913	11.63961995	18.13346092	0	0	0	-790.6907545	0.02211497901	-6854.17213027225	
788.1307545	85	6	9	0.5450696279	0.02174814398	97.40666146	1.061264102	1.532074436	69.62266887	11.87479415	18.50253697	0	0	0	-788.1307545	0.02174814398	-7109.66377808581	
785.5707545	85	6	9	0.5547516698	0.02139435987	97.39039019	1.051666982	1.557942831	69.01560859	12.11141028	18.87298112	0	0	0	-785.5707545	0.02139435987	-7368.90675245284	
783.0107545	85	6	9	0.5640751499	0.02105289612	97.37453936	1.041695434	1.583765206	68.4057313	12.34947172	19.24479698	0	0	0	-783.0107545	0.02105289612	-7631.67275666891	
780.4507545	85	6	9	0.5730591583	0.0207230683	97.3590902	1.031372515	1.609537284	67.79303186	12.58898083	19.61798731	0	0	0	-780.4507545	0.0207230683	-7897.70873202886	
777.8907545	85	6	9	0.5817214427	0.02040423428	97.34402486	1.020720889	1.635254254	67.17750717	12.82993888	19.99255395	0	0	0	-777.8907545	0.02040423428	-8166.73560223742	
775.3307545	85	6	9	0.5900785219	0.02009579069	97.32932643	1.009762821	1.66091075	66.55915628	13.07234603	20.36849769	0	0	0	-775.3307545	0.02009579069	-8438.44649454456	
772.7707545	85	6	9	0.5981457884	0.01979716974	97.314979	0.9985201618	1.686500834	65.93798053	13.31620125	20.74581822	0	0	0	-772.7707545	0.01979716974	-8712.50659303141	
770.2107545	85	6	9	0.605937601	0.01950783638	97.30096769	0.9870143422	1.712017966	65.31398368	13.56150231	21.12451401	0	0	0	-770.2107545	0.01950783638	-8988.55160569429	
767.6507545	85	6	9	0.6134673681	0.01922728564	97.28727865	0.9752663612	1.737454988	64.68717213	13.80824567	21.5045822	0	0	0	-767.6507545	0.01922728564	-9266.1874621184	
765.0907545	85	6	9	0.6207476233	0.01895504031	97.27389912	0.9632967773	1.762804101	64.057555	14.05642647	21.88601853	0	0	0	-765.0907545	0.01895504031	-9544.98812908715	
762.5307545	85	6	9	0.627790094	0.01869064865	97.26081746	0.951125699	1.788056839	63.42514432	14.30603846	22.26881722	0	0	0	-762.5307545	0.01869064865	-9824.4974301728	
759.9707545	85	6	9	0.6346057634	0.01843368258	97.24802317	0.9387727761	1.813204055	62.78995524	14.5570739	22.65297086	0	0	0	-759.9707545	0.01843368258	-10104.2285521615	
757.4107545	85	6	9	0.6412049273	0.01818373575	97.23550691	0.9262571908	1.838235896	62.15200614	14.80952355	23.03847031	0	0	0	-757.4107545	0.01818373575	-10383.5562131578	
754.8507545	85	6	9	0.6475972436	0.01794041715	97.22326057	0.9135976404	1.863141794	61.51131902	15.06337649	23.4253045	0	0	0	-754.8507545	0.01794041715	-10662.3752381503	
752.2907545	85	6	9	0.6537917879	0.01770337839	97.21127724	0.9008123764	1.887910384	60.86791879	15.3186204	23.8134608	0	0	0	-752.2907545	0.01770337839	-10939.5154857175	
749.7307545	85	6	9	0.6597970794	0.01747224039	97.19955128	0.8879191035	1.912529619	60.22183525	15.57524082	24.20292392	0	0	0	-749.7307545	0.01747224039	-11214.4414906612	
747.1707545	85	6	9	0.6656211368	0.01724668763	97.18807832	0.8749350651	1.936986616	59.5731015	15.83322173	24.59367677	0	0	0	-747.1707545	0.01724668763	-11487.0141365003	
744.6107545	85	6	9	0.6712715055	0.01702639556	97.1768553	0.8618769908	1.961267714	58.92175503	16.09254511	24.98569986	0	0	0	-744.6107545	0.01702639556	-11761.7933096043	
742.0507545	85	6	9	0.676755394	0.01681125785	97.16587949	0.848760841	1.985359667	58.2678321	16.35319068	25.37897723	0	0	0	-742.0507545	0.01681125785	-12019.8522765612	
739.4907545	85	6	9	0.6820793209	0.01660034962	97.15515223	0.835602533	2.00924524	57.6113943	16.61513291	25.77347278	0	0	0	-739.4907545	0.01660034962	-12275.4108569703	
736.9307545	85	6	9	0.6872496838	0.01639406155	97.14467366	0.8224173063	2.032909033	56.95248369	16.87835134	26.16916497	0	0	0	-736.9307545	0.01639406155	-12537.250526005	
734.3707545	85	6	9	0.6922724457	0.0161918839	97.1344461	0.8092198202	2.056334081	56.29115672	17.14281949	26.56602379	0	0	0	-734.3707545	0.0161918839	-12786.2123271267	
731.8107545	85	6	9	0.6971532374	0.01599355621	97.12447322	0.7960242049	2.079502575	55.62747517	17.40850856	26.96401628	0	0	0	-731.8107545	0.01599355621	-13028.3299078178	
729.2507545	85	6	9	0.70189738	0.01579882823	97.11476008	0.7828440588	2.102395865	54.96150633	17.6753873	27.36310638	0	0	0	-729.2507545	0.01579882823	-13262.9035199658	
726.6907545	85	6	9	0.7065099043	0.01560745864	97.1053131	0.7696924454	2.124994458	54.29332328	17.94342192	27.7632548	0	0	0	-726.6907545	0.01560745864	-13489.2264604213	
724.1307545	85	6	9	0.7109955694	0.0154192146	97.09614008	0.7565818917	2.147278027	53.62300512	18.212576	28.16441888	0	0	0	-724.1307545	0.0154192146	-13706.6137995869	
721.5707545	85	6	9	0.7153588799	0.0152338713	97.08725019	0.7435243865	2.169225421	52.95063716	18.48281041	28.56655243	0	0	0	-721.5707545	0.0152338713	-13914.4044137995	
719.0107545	85	6	9	0.7196041014	0.01505121146	97.07865394	0.7305313796	2.190814681	52.27631122	18.75408315	28.96960563	0	0	0	-719.0107545	0.01505121146	-14111.9712672247	
716.4507545	85	6	9	0.7237352758	0.01487102505	97.07036316	0.7176137818	2.212023057	51.60012581	19.02634934	29.37352485	0	0	0	-716.4507545	0.01487102505	-14298.7293347442	
713.8907545	85	6	9	0.7277562342	0.0146931089	97.062391	0.7047819652	2.232827039	50.9221864	19.29956107	29.77825252	0	0	0	-713.8907545	0.0146931089	-14474.1427377682	
711.3307545	85	6	9	0.7316706101	0.01451726649	97.05475185	0.6920457638	2.253202383	50.24260563	19.57366733	30.18372704	0	0	0	-711.3307545	0.01451726649	-14637.7340377539	
708.7707545	85	6	9	0.7354818512	0.0143433077	97.04746137	0.679414476	2.273124152	49.56150351	19.84861391	30.58988258	0	0	0	-708.7707545	0.0143433077	-14789.0909360662	
706.2107545	85	6	9	0.7391932303	0.01417104867	97.04053638	0.6668968659	2.292566758	48.87900766	20.12434332	30.99664902	0	0	0	-706.2107545	0.01417104867	-14927.8756837149	
703.6507545	85	6	9	0.7428078555	0.0140003117	97.03399482	0.6545011667	2.311504012	48.19525349	20.40079472	31.40395179	0	0	0	-703.6507545	0.0140003117	-15053.8297912694	
701.0907545	85	6	9	0.7463286804	0.01383092516	97.02785573	0.6422350837	2.329909183	47.51038435	20.67790387	31.81171178	0	0	0	-701.0907545	0.01383092516	-15166.7814673766	
698.5307545	85	6	9	0.7497585123	0.01366272352	97.02213914	0.6301057987	2.347755062	46.82455177	20.95560301	32.21984522	0	0	0	-698.5307545	0.01366272352	-15266.6535066864	
695.9707545	85	6	9	0.7531000215	0.01349554742	97.01686599	0.6181199742	2.365014037	46.13791549	21.23382086	32.62826366	0	0	0	-695.9707545	0.01349554742	-15353.4550890826	
693.4107545	85	6	9	0.756355749	0.01332924353	97.01205808	0.6062837588	2.381658165	45.45064367	21.51248255	33.03687378	0	0	0	-693.4107545	0.01332924353	-15427.3033875951	
690.8507545	85	6	9	0.759528114	0.01316366512	97.00773794	0.5946027928	2.39765927	44.76291292	21.79150962	33.44557746	0	0	0	-690.8507545	0.01316366512	-15488.4143378068	
688.2907545	85	6	9	0.7626194211	0.01299867179	97.00392876	0.5830822147	2.41298903	44.07490838	22.07081996	33.85427166	0	0	0	-688.2907545	0.01299867179	-15537.0954123017	
685.7307545	85	6	9	0.765631867	0.01283412996	97.00065425	0.5717266677	2.427619084	43.38682371	22.35032787	34.26284842	0	0	0	-685.7307545	0.01283412996	-15573.7594480692	
683.1707545	85	6	9	0.7685675469	0.01266991302	96.99793855	0.5605403078	2.44152114	42.69886109	22.62994402	34.6711949	0	0	0	-683.1707545	0.01266991302	-15598.9114084737	
680.6107545	85	6	9	0.7714284608	0.01250590167	96.9958061	0.5495268113	2.454667093	42.01123113	22.90957552	35.07919335	0	0	0	-680.6107545	0.01250590167	-15613.1483294839	
678.0507545	85	6	9	0.774216519	0.01234198423	96.99428147	0.5386893837	2.46702915	41.32415276	23.189126	35.48672124	0	0	0	-678.0507545	0.01234198423	-15617.1514180126	
675.4907545	85	6	9	0.7769335477	0.01217805699	96.99338928	0.5280307688	2.478579956	40.63785307	23.46849564	35.89365129	0	0	0	-675.4907545	0.01217805699	-15611.6803056471	
672.9307545	85	6	9	0.7795812943	0.01201402459	96.99315401	0.5175532588	2.489292732	39.95256704	23.74758133	36.29985163	0	0	0	-672.9307545	0.01201402459	-15597.5649891058	
670.3707545	85	6	9	0.7821614327	0.0118498004	96.99359988	0.5072587046	2.499141415	39.26853732	24.02627674	36.70518593	0	0	0	-670.3707545	0.0118498004	-15575.6980836327	
667.8107545	85	6	9	0.7846755674	0.01168530694	96.99475068	0.4971485265	2.508100798	38.58601382	24.30447256	37.10951362	0	0	0	-667.8107545	0.01168530694	-15547.0253013496	
665.2507545	85	6	9	0.7871252391	0.01152047626	96.99662959	0.4872237267	2.516146679	37.9052533	24.58205661	37.51269009	0	0	0	-665.2507545	0.01152047626	-15512.5353773826	
662.6907545	85	6	9	0.7895119282	0.01135525034	96.99925909	0.4774849007	2.523256006	37.22651893	24.85891411	37.91456696	0	0	0	-662.6907545	0.01135525034	-15473.2502377587	
660.1307545	85	6	9	0.7918370597	0.01118958144	97.00266073	0.467932251	2.529407024	36.5500797	25.13492788	38.31499242	0	0	0	-660.1307545	0.01118958144	-15430.2160831692	
657.5707545	85	6	9	0.7941020071	0.01102343247	97.00685498	0.4585656003	2.53457942	35.87620981	25.40997865	38.71381154	0	0	0	-657.5707545	0.01102343247	-15384.4933494767	
655.0107545	85	6	9	0.7963080959	0.01085677726	97.01186113	0.4493844056	2.538754465	35.20518799	25.68394533	39.11086668	0	0	0	-655.0107545	0.01085677726	-15337.148449292	
652.4507545	85	6	9	0.7984566082	0.01068960086	97.01769707	0.4403877736	2.541915152	34.53729674	25.95670536	39.5059979	0	0	0	-652.4507545	0.01068960086	-15289.2452540769	
649.8907545	85	6	9	0.8005487852	0.0105218997	97.0243792	0.4315744757	2.544046326	33.87282151	26.22813506	39.89904343	0	0	0	-649.8907545	0.0105218997	-15241.8358484295	
647.3307545	85	6	9	0.8025858315	0.01035368173	97.03192223	0.4229429645	2.545134808	33.21204985	26.49811	40.28984015	0	0	0	-647.3307545	0.01035368173	-15195.9544163566	
644.7707545	85	6	9	0.8045689178	0.01018496645	97.04033911	0.4144913904	2.545169504	32.55527046	26.7665054	40.67822414	0	0	0	-644.7707545	0.01018496645	-15152.612707744	
642.2107545	85	6	9	0.8064991842	0.01001578492	97.04964087	0.4062176188	2.544141515	31.90277218	27.03319657	41.06403125	0	0	0	-642.2107545	0.01001578492	-15112.7941297844	
639.6507545	85	6	9	0.8083777427	0.009846179593	97.05983654	0.3981192483	2.542044217	31.25484304	27.29805933	41.44709762	0	0	0	-639.6507545	0.009846179593	-15077.4467100677	
637.0907545	85	6	9	0.8102056805	0.00967620407	97.07093303	0.390193629	2.538873341	30.61176918	27.56097046	41.82726036	0	0	0	-637.0907545	0.00967620407	-15047.4827499542	
634.5307545	85	6	9	0.811984062	0.009505922797	97.08293509	0.3824378809	2.534627031	29.97383374	27.82180816	42.2043581	0	0	0	-634.5307545	0.009505922797	-15023.7761937573	
631.9707545	85	6	9	0.813713931	0.009335410608	97.0958452	0.3748489141	2.529305889	29.34131583	28.08045252	42.57823165	0	0	0	-631.9707545	0.009335410608	-15007.1597207171	
629.4107545	85	6	9	0.8153963135	0.009164752184	97.10966356	0.3674234472	2.522912995	28.71448941	28.33678596	42.94872463	0	0	0	-629.4107545	0.009164752184	-14998.4245235866	
626.8507545	85	6	9	0.8170322188	0.008994041404	97.12438805	0.3601580281	2.515453919	28.0936222	28.59069373	43.31568407	0	0	0	-626.8507545	0.008994041404	-15001.1705104566	
624.2907545	85	6	9	0.8186226771	0.008823445407	97.1400137	0.3530490431	2.50693726	27.47897089	28.84206513	43.67896398	0	0	0	-624.2907545	0.008823445407	-15005.0416719368	
621.7307545	85	6	9	0.8201685894	0.008652822754	97.15653515	0.346092746	2.497372105	26.87079921	29.090789	44.03841179	0	0	0	-621.7307545	0.008652822754	-15024.0045565865	
619.1707545	85	6	9	0.8216709816	0.008482656217	97.17394212	0.3392853452	2.486772538	26.26933816	29.33676573	44.39389611	0	0	0	-619.1707545	0.008482656217	-15059.2163115582	
616.6107545	85	6	9	0.8231308028	0.008312830937	97.19222365	0.3326228714	2.47515348	25.67482444	29.57989438	44.74528117	0	0	0	-616.6107545	0.008312830937	-15097.764345233	
614.0507545	85	6	9	0.8245490023	0.008143531529	97.21136626	0.3261013159	2.462532429	25.08747964	29.82008052	45.09243984	0	0	0	-614.0507545	0.008143531529	-15150.6342150379	
611.4907545	85	6	9	0.8259265208	0.007974888737	97.23135434	0.3197166174	2.448929043	24.50751346	30.05723487	45.43525167	0	0	0	-611.4907545	0.007974888737	-15215.8072795758	
608.9307545	85	6	9	0.8272642903	0.007807035653	97.25217029	0.3134646809	2.434365032	23.93512303	30.29127359	45.77360338	0	0	0	-608.9307545	0.007807035653	-15293.7678954196	
606.3707545	85	6	9	0.8285632346	0.007640106748	97.27379457	0.3073413958	2.418864032	23.3704923	30.52211857	46.10738913	0	0	0	-606.3707545	0.007640106748	-15384.9774679121	
603.8107545	85	6	9	0.82982427	0.007474236747	97.29620587	0.3013426533	2.402451473	22.81379151	30.7496976	46.43651089	0	0	0	-603.8107545	0.007474236747	-15489.8699974093	
601.2507545	85	6	9	0.8310483046	0.007309559536	97.31938121	0.2954643628	2.385154431	22.26517676	30.97394455	46.76087868	0	0	0	-601.2507545	0.007309559536	-15608.8554274452	
598.6907545	85	6	9	0.8322362389	0.00714620712	97.34329605	0.2897024683	2.36700148	21.7247897	31.19479951	47.08041079	0	0	0	-598.6907545	0.00714620712	-15742.3217616033	
596.1307545	85	6	9	0.8333889654	0.006984308617	97.3679245	0.2840529628	2.348022535	21.19275729	31.41220886	47.39503386	0	0	0	-596.1307545	0.006984308617	-15890.6374293688	
593.5707545	85	6	9	0.834507368	0.006823989336	97.39323941	0.2785119021	2.328248688	20.66919168	31.6261253	47.70468302	0	0	0	-593.5707545	0.006823989336	-16054.1534219313	
591.0107545	85	6	9	0.8355923222	0.006665369913	97.41921254	0.2730754179	2.307712047	20.15419022	31.83650789	48.00930189	0	0	0	-591.0107545	0.006665369913	-16233.2050140585	
588.4507545	85	6	9	0.8366446941	0.006508565544	97.4458147	0.2677397291	2.286445574	19.64783547	32.04332196	48.30884257	0	0	0	-588.4507545	0.006508565544	-16428.1141783691	
585.8907545	85	6	9	0.8376653402	0.006353685309	97.47301592	0.2625011526	2.264482926	19.15019542	32.24653907	48.60326551	0	0	0	-585.8907545	0.006353685309	-16639.1909377944	
583.3307545	85	6	9	0.8386551069	0.006200831586	97.5007856	0.2573561123	2.24185829	18.66132371	32.44613684	48.89253945	0	0	0	-583.3307545	0.006200831586	-16866.7349139795	
580.7707545	85	6	9	0.8396148296	0.00605009957	97.52909261	0.2523011476	2.218606241	18.18125993	32.6420989	49.17664117	0	0	0	-580.7707545	0.00605009957	-17111.0370344376	
578.2107545	85	6	9	0.8405453323	0.005901576891	97.5579055	0.2473329203	2.194761584	17.71003007	32.83441461	49.45555532	0	0	0	-578.2107545	0.005901576891	-17372.3806685342	
575.6507545	85	6	9	0.8414474272	0.005755343328	97.58719256	0.2424482204	2.170359222	17.2476469	33.02307893	49.72927416	0	0	0	-575.6507545	0.005755343328	-17651.0431313174	
573.0907545	85	6	9	0.8423219135	0.005611470626	97.61692201	0.2376439708	2.145434019	16.79411057	33.20809217	49.99779726	0	0	0	-573.0907545	0.005611470626	-17947.2962829169	
570.5307545	85	6	9	0.8431695776	0.005470022389	97.64706209	0.2329172314	2.120020678	16.34940907	33.38945973	50.2611312	0	0	0	-570.5307545	0.005470022389	-18261.4076357433	
567.9707545	85	6	9	0.8439911919	0.005331054075	97.67758117	0.2282652015	2.094153629	15.91351891	33.56719188	50.51928921	0	0	0	-567.9707545	0.005331054075	-18593.6415698783	
565.4107545	85	6	9	0.8447875146	0.005194613059	97.70844786	0.2236852215	2.067866917	15.48640567	33.74130347	50.77229085	0	0	0	-565.4107545	0.005194613059	-18944.2595238948	
562.8507545	85	6	9	0.8455592892	0.005060738768	97.73963111	0.2191747738	2.041194117	15.06802471	33.91181366	51.02016163	0	0	0	-562.8507545	0.005060738768	-19313.5208559869	
560.2907545	85	6	9	0.846307244	0.004929462881	97.77110028	0.2147314829	2.014168236	14.65832177	34.07874561	51.26293261	0	0	0	-560.2907545	0.004929462881	-19701.6836927643	
557.7307545	85	6	9	0.8470320918	0.004800809585	97.80282524	0.2103531144	1.986821649	14.25723369	34.24212624	51.50064007	0	0	0	-557.7307545	0.004800809585	-20109.0049232331	
555.1707545	85	6	9	0.8477345295	0.004674795869	97.8347764	0.2060375735	1.959186022	13.86468905	34.40198589	51.73332506	0	0	0	-555.1707545	0.004674795869	-20535.7411317704	
552.6107545	85	6	9	0.8484152377	0.00455143187	97.86692483	0.2017829033	1.931292263	13.48060883	34.55835808	51.96103308	0	0	0	-552.6107545	0.00455143187	-20982.148741639	
550.0507545	85	6	9	0.849074881	0.004430721233	97.89924225	0.1975872813	1.903170466	13.1049071	34.71127923	52.18381367	0	0	0	-550.0507545	0.004430721233	-21448.4842978803	
547.4907545	85	6	9	0.8497141072	0.004312661508	97.93170111	0.193449017	1.874849876	12.73749161	34.86078835	52.40172004	0	0	0	-547.4907545	0.004312661508	-21935.0052753562	
544.9307545	85	6	9	0.8503335475	0.004197244555	97.9642746	0.1893665478	1.846358852	12.37826447	35.00692679	52.61480874	0	0	0	-544.9307545	0.004197244555	-22441.969669275	
542.3707545	85	6	9	0.8509338165	0.004084456958	97.99693672	0.1853384349	1.817724846	12.02712272	35.14973802	52.82313926	0	0	0	-542.3707545	0.004084456958	-22969.6368042872	
539.8107545	85	6	9	0.851515512	0.003974280449	98.02966226	0.1813633592	1.788974381	11.6839589	35.28926734	53.02677376	0	0	0	-539.8107545	0.003974280449	-23518.2676312147	
537.2507545	85	6	9	0.8520792152	0.003866692325	98.06242684	0.1774401168	1.76013304	11.34866165	35.42556165	53.22577669	0	0	0	-537.2507545	0.003866692325	-24088.1248402809	
534.6907545	85	6	9	0.8526254908	0.003761665863	98.09520693	0.1735676137	1.731225457	11.0211162	35.55866927	53.42021453	0	0	0	-534.6907545	0.003761665863	-24679.4733333401	
532.1307545	85	6	9	0.8531548868	0.003659170724	98.12797982	0.1697448613	1.702275321	10.70120485	35.68863967	53.61015547	0	0	0	-532.1307545	0.003659170724	-25292.5800185319	
529.5707545	85	6	9	0.8536679352	0.003559173342	98.16072366	0.1659709709	1.673305373	10.38880752	35.81552333	53.79566915	0	0	0	-529.5707545	0.003559173342	-25927.7149416443	
527.0107545	85	6	9	0.8541651516	0.003461637307	98.19341744	0.1622451491	1.644337414	10.0838021	35.9393715	53.9768264	0	0	0	-527.0107545	0.003461637307	-26585.1510262489	
524.4507545	85	6	9	0.854647036	0.003366523718	98.22604099	0.1585666919	1.615392317	9.786064914	36.06023606	54.15369902	0	0	0	-524.4507545	0.003366523718	-27265.164639313	
521.8907545	85	6	9	0.8551140727	0.003273791531	98.25857498	0.1549349799	1.586490042	9.495471088	36.17816938	54.32635953	0	0	0	-521.8907545	0.003273791531	-27968.0362626872	
519.3307545	85	6	9	0.8555667305	0.003183397877	98.29100088	0.151349473	1.557649647	9.211894905	36.29322412	54.49488098	0	0	0	-519.3307545	0.003183397877	-28694.0502711882	
516.7707545	85	6	9	0.8560054634	0.003095298365	98.32330098	0.1478097053	1.528889311	8.935210131	36.40545312	54.65933675	0	0	0	-516.7707545	0.003095298365	-29443.4962190039	
514.2107545	85	6	9	0.8564307105	0.003009447365	98.35545837	0.1443152798	1.500226353	8.665290315	36.5149093	54.81980039	0	0	0	-514.2107545	0.003009447365	-30216.6687168048	
511.6507545	85	6	9	0.8568428965	0.002925798266	98.38745689	0.1408658636	1.471677251	8.402009057	36.6216455	54.97634545	0	0	0	-511.6507545	0.002925798266	-31013.8685754023	
509.0907545	85	6	9	0.8572424323	0.002844303721	98.41928115	0.1374611832	1.443257669	8.145240265	36.72571441	55.12904533	0	0	0	-509.0907545	0.002844303721	-31835.4025693102	
506.5307545	85	6	9	0.8576297148	0.002764915861	98.4509165	0.134101019	1.414982479	7.894858371	36.82716847	55.27797316	0	0	0	-506.5307545	0.002764915861	-32681.5851170126	
503.9707545	85	6	9	0.8580051278	0.002687586505	98.48234901	0.1307852016	1.386865785	7.650738538	36.92605977	55.42320169	0	0	0	-503.9707545	0.002687586505	-33552.7382996143	
501.4107545	85	6	9	0.8583690419	0.002612267334	98.51356545	0.1275136064	1.358920946	7.412756842	37.02244001	55.56480315	0	0	0	-501.4107545	0.002612267334	-34449.1928374865	
498.8507545	85	6	9	0.8587218154	0.002538910064	98.54455324	0.12428615	1.331160606	7.180790428	37.11636039	55.70284919	0	0	0	-498.8507545	0.002538910064	-35371.2894271206	
496.2907545	85	6	9	0.8590637941	0.002467466589	98.5753005	0.1211027853	1.303596716	6.95471766	37.20787158	55.83741076	0	0	0	-496.2907545	0.002467466589	-36319.3787169617	
493.7307545	85	6	9	0.8593953122	0.002397889116	98.60579594	0.117963498	1.276240559	6.734418237	37.29702368	55.96855808	0	0	0	-493.7307545	0.002397889116	-37293.8230227805	
491.1707545	85	6	9	0.8597166922	0.002330130281	98.63602892	0.1148683023	1.249102775	6.519773311	37.38386615	56.09636054	0	0	0	-491.1707545	0.002330130281	-38294.9972446279	
488.6107545	85	6	9	0.8600282457	0.002264143254	98.66598937	0.1118172375	1.222193388	6.310665576	37.46844775	56.22088667	0	0	0	-488.6107545	0.002264143254	-39323.2892735603	
486.0507545	85	6	9	0.8603302735	0.002199881826	98.69566781	0.1088103642	1.195521825	6.106979351	37.55081658	56.34220406	0	0	0	-486.0507545	0.002199881826	-40379.1028735831	
483.4907545	85	6	9	0.8606230659	0.002137300494	98.72505529	0.1058477609	1.169096944	5.908600645	37.63102	56.46037936	0	0	0	-483.4907545	0.002137300494	-41462.8571838496	
480.9307545	85	6	9	0.8609069033	0.00207635452	98.75414342	0.1029295208	1.142927057	5.715417214	37.7091046	56.57547819	0	0	0	-480.9307545	0.00207635452	-42574.9889058682	
478.3707545	85	6	9	0.8611820564	0.002016999996	98.7829243	0.1000557486	1.117019949	5.527318608	37.78511621	56.68756518	0	0	0	-478.3707545	0.002016999996	-43715.9545257501	
475.8107545	85	6	9	0.8614487867	0.001959193887	98.81139054	0.09722655776	1.091382902	5.344196205	37.85909988	56.79670391	0	0	0	-475.8107545	0.001959193887	-44886.2304719953	
473.2507545	85	6	9	0.8617073463	0.001902894073	98.83953522	0.0944420676	1.066022717	5.165943238	37.93109988	56.90295688	0	0	0	-473.2507545	0.001902894073	-46086.3147851779	
470.6907545	85	6	9	0.8619579792	0.001848059377	98.86735187	0.09170240058	1.040945733	4.992454814	38.00115965	57.00638554	0	0	0	-470.6907545	0.001848059377	-47316.7307023417	
468.1307545	85	6	9	0.8622009205	0.001794649596	98.89483448	0.08900767992	1.016157844	4.823627926	38.06932184	57.10705023	0	0	0	-468.1307545	0.001794649596	-48578.0270567876	
465.5707545	85	6	9	0.8624363976	0.001742625513	98.92197745	0.08635802722	0.9916645243	4.659361455	38.13562831	57.20501023	0	0	0	-465.5707545	0.001742625513	-49870.7807839494	
463.0107545	85	6	9	0.86266463	0.001691948916	98.9487756	0.08375356027	0.9674708404	4.499556176	38.20012009	57.30032373	0	0	0	-463.0107545	0.001691948916	-51195.5987711595	
460.4507545	85	6	9	0.8628858299	0.0016425826	98.97522414	0.08119439095	0.9435814715	4.344114743	38.26283743	57.39304783	0	0	0	-460.4507545	0.0016425826	-52553.1193461061	
457.8907545	85	6	9	0.8631002021	0.001594490374	99.00131865	0.07868062333	0.9200007254	4.192941685	38.32381976	57.48323855	0	0	0	-457.8907545	0.001594490374	-53944.0177285069	
455.3307545	85	6	9	0.8633079447	0.001547637061	99.02705509	0.07621235187	0.8967325546	4.04594339	38.38310576	57.57095085	0	0	0	-455.3307545	0.001547637061	-55369.005255191	
452.7707545	85	6	9	0.8635092491	0.001501988491	99.05242977	0.07378965969	0.8737805712	3.903028084	38.44073329	57.65623862	0	0	0	-452.7707545	0.001501988491	-56828.833670893	
450.2107545	85	6	9	0.8637043003	0.001457511497	99.07743932	0.07141261708	0.8511480615	3.764105812	38.49673947	57.73915472	0	0	0	-450.2107545	0.001457511497	-58324.2975141718	
447.6507545	85	6	9	0.8638932773	0.001414173902	99.10208072	0.06908128001	0.8288380002	3.629088413	38.55116064	57.81975095	0	0	0	-447.6507545	0.001414173902	-59856.2375969191	
445.0907545	85	6	9	0.864076353	0.00137194451	99.12635125	0.06679568884	0.8068530632	3.497889492	38.6040324	57.89807811	0	0	0	-445.0907545	0.00137194451	-61425.5448707552	
442.5307545	85	6	9	0.8642536949	0.00133079309	99.15024849	0.06455586708	0.7851956401	3.370424394	38.65538962	57.97418598	0	0	0	-442.5307545	0.00133079309	-63033.1626421143	
439.9707545	85	6	9	0.8644254648	0.001290690361	99.17377033	0.0623618203	0.7638678465	3.24661017	38.70526645	58.04812338	0	0	0	-439.9707545	0.001290690361	-64680.0908823014	
437.4107545	85	6	9	0.8645918195	0.001251607974	99.19691493	0.06021353512	0.7428715352	3.12636555	38.75369633	58.11993812	0	0	0	-437.4107545	0.001251607974	-66367.3891097578	
434.8507545	85	6	9	0.8647529108	0.001213518493	99.21968071	0.05811097833	0.7222083068	3.009610903	38.80071199	58.18967711	0	0	0	-434.8507545	0.001213518493	-68096.1843118353	
432.2907545	85	6	9	0.8649088856	0.001176395379	99.24206638	0.05605409605	0.7018795202	2.896268212	38.8463455	58.25738629	0	0	0	-432.2907545	0.001176395379	-69867.6715656674	
429.7307545	85	6	9	0.865059886	0.001140212965	99.26407088	0.05404281302	0.6818863021	2.786261031	38.89062827	58.3231107	0	0	0	-429.7307545	0.001140212965	-71683.1187210987	
427.1707545	85	6	9	0.8652060501	0.001104946438	99.28569341	0.05207703201	0.6622295562	2.679514453	38.93359105	58.3868945	0	0	0	-427.1707545	0.001104946438	-73543.8749108168	
424.6107545	85	6	9	0.8653475114	0.001070571817	99.30693339	0.05015663328	0.6429099723	2.575955077	38.97526395	58.44878097	0	0	0	-424.6107545	0.001070571817	-75451.3721264506	
422.0507545	85	6	9	0.8654843995	0.00103706593	99.32779049	0.04828147409	0.6239280339	2.475510968	39.01567649	58.50881255	0	0	0	-422.0507545	0.00103706593	-77407.1350507694	
419.4907545	85	6	9	0.8656168399	0.001004406395	99.34826458	0.04645138839	0.6052840267	2.378111624	39.05485755	58.56703082	0	0	0	-419.4907545	0.001004406395	-79412.781375044	
416.9307545	85	6	9	0.8657449545	0.000972571592	99.36835577	0.04466618649	0.5869780455	2.28368794	39.09283546	58.6234766	0	0	0	-416.9307545	0.000972571592	-81470.034616632	
414.3707545	85	6	9	0.8658688616	0.0009415406482	99.38806434	0.04292565487	0.5690100015	2.192172169	39.12963796	58.67818987	0	0	0	-414.3707545	0.0009415406482	-83580.7304426425	
411.8107545	85	6	9	0.8659886758	0.0009112934102	99.40739082	0.04122955601	0.5513796288	2.103497891	39.16529223	58.73120988	0	0	0	-411.8107545	0.0009112934102	-85746.8184813428	
409.2507545	85	6	9	0.8661045087	0.0008818104239	99.42633588	0.03957762837	0.5340864907	2.017599979	39.1998249	58.78257512	0	0	0	-409.2507545	0.0008818104239	-87970.3765632537	
406.6907545	85	6	9	0.8662164685	0.0008530729122	99.44490043	0.03796958635	0.5171299857	1.934414557	39.2332621	58.83232334	0	0	0	-406.6907545	0.0008530729122	-90253.6172162771	
404.1307545	85	6	9	0.8663246604	0.0008250627533	99.46308553	0.03640512039	0.5005093529	1.853878975	39.26562942	58.8804916	0	0	0	-404.1307545	0.0008250627533	-92598.8967246489	
401.5707545	85	6	9	0.8664291865	0.0007977624587	99.48089243	0.03488389706	0.4842236777	1.77593177	39.29695198	58.92711625	0	0	0	-401.5707545	0.0007977624587	-95008.7259388526	
399.0107545	85	6	9	0.8665301464	0.0007711551524	99.49832254	0.03340555928	0.4682718965	1.700512636	39.32725438	58.97223298	0	0	0	-399.0107545	0.0007711551524	-97485.7807244258	
396.4507545	85	6	9	0.8666276368	0.0007452245493	99.51537747	0.03196972657	0.4526528013	1.62756239	39.35656077	59.01587684	0	0	0	-396.4507545	0.0007452245493	-100032.91361583	
393.8907545	85	6	9	0.8667217516	0.0007199549349	99.53205896	0.03057599533	0.4373650447	1.557022942	39.38489485	59.05808221	0	0	0	-393.8907545	0.0007199549349	-102653.16606734	
391.3307545	85	6	9	0.8668125826	0.0006953311443	99.54836892	0.02922393924	0.4224071438	1.488837264	39.41227985	59.09888288	0	0	0	-391.3307545	0.0006953311443	-105349.782659867	
388.7707545	85	6	9	0.8669002189	0.0006713385428	99.56430941	0.02791310964	0.4077774842	1.422949359	39.4387386	59.13831204	0	0	0	-388.7707545	0.0006713385428	-108126.225538219	
386.2107545	85	6	9	0.8669847474	0.0006479630056	99.57988264	0.02664303603	0.3934743241	1.359304236	39.46429347	59.1764023	0	0	0	-386.2107545	0.0006479630056	-110986.189527137	
383.6507545	85	6	9	0.8670662528	0.0006251908987	99.59509098	0.02541322654	0.3794957976	1.297847877	39.48896645	59.21318567	0	0	0	-383.6507545	0.0006251908987	-113933.619869993	
381.0907545	85	6	9	0.8671448176	0.0006030090597	99.60993691	0.02422316851	0.3658399184	1.238527214	39.51277914	59.24869365	0	0	0	-381.0907545	0.0006030090597	-116972.731120643	
378.5307545	85	6	9	0.8672205223	0.0005814047795	99.62442309	0.02307232909	0.3525045828	1.181290098	39.53575272	59.28295718	0	0	0	-378.5307545	0.0005814047795	-120108.027709603	
375.9707545	85	6	9	0.8672934455	0.000560365784	99.63855227	0.02196015589	0.3394875729	1.126085279	39.55790804	59.31600668	0	0	0	-375.9707545	0.000560365784	-123344.323208056	
373.4107545	85	6	9	0.8673636637	0.0005398802156	99.65232736	0.02088607764	0.32678656	1.072862377	39.57926554	59.34787208	0	0	0	-373.4107545	0.0005398802156	-126686.756393062	
370.8507545	85	6	9	0.8674312519	0.0005199366134	99.66575139	0.01984950494	0.3143991065	1.021571861	39.59984535	59.37858279	0	0	0	-370.8507545	0.0005199366134	-130140.817803605	
368.2907545	85	6	9	0.867496283	0.0005005238962	99.6788275	0.01884983098	0.3023226696	0.9721650265	39.61966722	59.40816775	0	0	0	-368.2907545	0.0005005238962	-133712.416034427	
365.7307545	85	6	9	0.8675588285	0.0004816313546	99.69155896	0.01788643237	0.290554603	0.9245939718	39.63875059	59.43665544	0	0	0	-365.7307545	0.0004816313546	-137407.89037074	
363.1707545	85	6	9	0.8676189581	0.0004632486287	99.70394917	0.01695866992	0.2790921603	0.8788115784	39.65711455	59.46407388	0	0	0	-363.1707545	0.0004632486287	-141233.99259863	
360.6107545	85	6	9	0.8676767399	0.0004453656861	99.71600161	0.01606588952	0.2679324965	0.8347714912	39.67477789	59.49045062	0	0	0	-360.6107545	0.0004453656861	-145197.953390786	
358.0507545	85	6	9	0.8677322408	0.0004279728099	99.72771991	0.015207423	0.2570726708	0.7924280994	39.69175908	59.51581282	0	0	0	-358.0507545	0.0004279728099	-149307.54670704	
355.4907545	85	6	9	0.8677855259	0.0004110605842	99.73910776	0.01438258901	0.2465096489	0.7517365192	39.7080763	59.54018718	0	0	0	-355.4907545	0.0004110605842	-153571.1211974	
352.9307545	85	6	9	0.867836659	0.0003946198789	99.750169	0.01359069399	0.2362403051	0.7126525763	39.72374742	59.5636	0	0	0	-352.9307545	0.0003946198789	-157997.63865713	
350.3707545	85	6	9	0.8678857026	0.0003786418337	99.76090754	0.01283103309	0.226261424	0.6751327899	39.73879003	59.58607718	0	0	0	-350.3707545	0.0003786418337	-162596.728005304	
347.8107545	85	6	9	0.8679327178	0.000363117844	99.77132741	0.01210289111	0.2165697034	0.6391343581	39.75322144	59.6076442	0	0	0	-347.8107545	0.000363117844	-167378.742490385	
345.2507545	85	6	9	0.8679777647	0.0003480395458	99.7814327	0.01140554353	0.2071617557	0.6046151431	39.76705868	59.62832618	0	0	0	-345.2507545	0.0003480395458	-172355.528407567	
342.6907545	85	6	9	0.8680209018	0.000333398917	99.79122763	0.01073825742	0.1980341105	0.5715336586	39.7803185	59.64814784	0	0	0	-342.6907545	0.000333398917	-177533.660976889	
340.1307545	85	6	9	0.8680621866	0.0003191871954	99.80071649	0.0101002927	0.1891832134	0.5398491038	39.7930174	59.66713349	0	0	0	-340.1307545	0.0003191871954	-183142.356365001	
337.5707545	85	6	9	0.8681016755	0.0003054278909	99.80990366	0.009490902409	0.1806054355	0.5095211681	39.80517164	59.68530719	0	0	0	-337.5707545	0.0003054278909	-188776.205120822	
335.0107545	85	6	9	0.8681394236	0.000292054176	99.81879359	0.008909334938	0.1722970707	0.4805102899	39.81679719	59.70269252	0	0	0	-335.0107545	0.000292054176	-194471.137268358	
332.4507545	85	6	9	0.8681754852	0.0002790874996	99.82739083	0.008354833967	0.1642543338	0.4527774807	39.82790977	59.71931275	0	0	0	-332.4507545	0.0002790874996	-200619.835588416	
329.8907545	85	6	9	0.8682099132	0.0002665207452	99.83569999	0.007826640006	0.1564733685	0.4262843461	39.83852486	59.73519079	0	0	0	-329.8907545	0.0002665207452	-207051.429953709	
327.3307545	85	6	9	0.8682427596	0.0002543468693	99.84372576	0.007323991325	0.1489502475	0.4009930833	39.84865771	59.75034921	0	0	0	-327.3307545	0.0002543468693	-213784.508944793	
324.7707545	85	6	9	0.8682740756	0.0002425589643	99.8514729	0.006846124974	0.1416809743	0.3768664748	39.8583233	59.76481022	0	0	0	-324.7707545	0.0002425589643	-220839.837385631	
322.2107545	85	6	9	0.8683039111	0.0002311502525	99.85894624	0.006392277809	0.1346614859	0.3538678818	39.8675364	59.77859572	0	0	0	-322.2107545	0.0002311502525	-228239.915892863	
319.6507545	85	6	9	0.8683323152	0.0002201140664	99.86615066	0.005961687504	0.1278876545	0.3319612399	39.87631153	59.79172723	0	0	0	-319.6507545	0.0002201140664	-236009.16606752	
317.0907545	85	6	9	0.8683593361	0.0002094438433	99.87309112	0.005553593561	0.1213552898	0.3111110543	39.88466298	59.80422596	0	0	0	-317.0907545	0.0002094438433	-244174.189758187	
314.5307545	85	6	9	0.868385021	0.0001991331135	99.87977262	0.0051672383	0.1150601417	0.2912823965	39.89260481	59.81611279	0	0	0	-314.5307545	0.0001991331135	-252763.941412046	
311.9707545	85	6	9	0.8684094161	0.0001891754899	99.88620023	0.004801867845	0.1089979019	0.2724409019	39.90015084	59.82740826	0	0	0	-311.9707545	0.0001891754899	-261809.990848331	
309.4107545	85	6	9	0.868432567	0.0001795646583	99.89237906	0.004456733088	0.1031642072	0.254552768	39.90731466	59.83813257	0	0	0	-309.4107545	0.0001795646583	-271346.810891544	
306.8507545	85	6	9	0.8684545181	0.0001702943682	99.89831427	0.004131090638	0.09755464138	0.2375847528	39.91410965	59.8483056	0	0	0	-306.8507545	0.0001702943682	-281412.098678702	
304.2907545	85	6	9	0.8684753131	0.000161358424	99.90401106	0.003824203746	0.09216473812	0.2215041749	39.92054893	59.85794689	0	0	0	-304.2907545	0.000161358424	-292047.132159028	
301.7307545	85	6	9	0.8684949948	0.0001527506763	99.90947467	0.003535343215	0.08698998359	0.206278914	39.92664542	59.86707566	0	0	0	-301.7307545	0.0001527506763	-261034.930936037	
300	85	6	9	0.8685076916	9.852781704E-05	99.91303905	0.003349900412	0.0836110491	0.1964541039	39.93057935	59.87296655	0	0	0	-300	9.852781704E-05	197196.375624855	
