T	w(AL)	w(MG)	w(SI)	fs	fw(@FCC_A1)	w(AL@FCC_A1)	w(MG@FCC_A1)	w(SI@FCC_A1)	w(AL@LIQUID#1)	w(MG@LIQUID#1)	w(SI@LIQUID#1)	w(AL@LIQUID#2)	w(MG@LIQUID#2)	w(SI@LIQUID#2)	dwdT_L(AL@LIQUID#1)	dwdT_L(MG@LIQUID#1)	dwdT_L(SI@LIQUID#1)	dwdT_L(AL@LIQUID#2)	dwdT_L(MG@LIQUID#2)	dwdT_L(SI@LIQUID#2)	-T	fw(@FCC_A1)_1	-T//fw(@FCC_A1)	
K	%	%	%	mole/mole	kg/kg	%	%	%	%	%	%	%	%	%	SI	SI	SI	SI	SI	SI				
879.8387789	91	1	8	0	0	98.84825156	0.2015440757	0.9502043671	91	1	8				0.001581999352	-0.0001609488047	-0.001421050548				-879.8387789	0	24.6542468436545	
879.8287789	91	1	8	0.0002020999324	0.0002017044674	98.84805296	0.2015579181	0.950389124	90.99841797	1.000160964	8.001421062				0	0	0				-879.8287789	0.0002017044674	74.5007211041789	
879.8087789	91	1	8	0.0006057538523	0.0004029724144	98.84765578	0.2015855526	0.9507586651	90.9952541	1.000482854	8.004263046				0	0	0				-879.8087789	0.0004029724144	99.3884565602271	
879.7687789	91	1	8	0.001412146241	0.0008052844681	98.84686144	0.2016407854	0.9514977716	90.98892673	1.001126621	8.009946648				0	0	0				-879.7687789	0.0008052844681	99.4951695265143	
879.6887789	91	1	8	0.00302129124	0.001608218402	98.84527285	0.2017510332	0.9529761165	90.97627367	1.00241408	8.02131225				0	0	0				-879.6887789	0.001608218402	99.7807222616957	
879.5287789	91	1	8	0.006225093626	0.003207072126	98.84209605	0.2019705939	0.9559333529	90.95097426	1.00498869	8.044037052				0	0	0				-879.5287789	0.003207072126	100.365869495258	
879.2087789	91	1	8	0.01257531847	0.006376986233	98.83574395	0.2024060408	0.9618500043	90.90040226	1.010136705	8.089461039				0	0	0				-879.2087789	0.006376986233	101.633130463256	
878.5687789	91	1	8	0.02503287313	0.01259213096	98.8230458	0.2032620454	0.9736921505	90.79936663	1.020426587	8.180206787				0	0	0				-878.5687789	0.01259213096	104.239260383377	
877.2887789	91	1	8	0.04905401369	0.02459048218	98.79767212	0.2049160325	0.997411843	90.59772297	1.040986235	8.36129079				0	0	0				-877.2887789	0.02459048218	109.386637780027	
874.7287789	91	1	8	0.09379989953	0.04696207278	98.74700713	0.2079985902	1.044994283	90.19613594	1.082034729	8.721829329				0	0	0				-874.7287789	0.04696207278	-1361.6990877306	
872.1687789	91	1	8	0.1345441871	0.04486998541	98.6964396	0.2107846943	1.092775703	89.79680972	1.122964207	9.080226075				0	0	0				-872.1687789	0.04486998541	-1279.59784083169	
869.6087789	91	1	8	0.1717915601	0.04294665574	98.64595196	0.2132868657	1.140761175	89.39971478	1.163784916	9.4365003				0	0	0				-869.6087789	0.04294665574	-1390.19602199296	
867.0487789	91	1	8	0.2059678926	0.04117467475	98.59552742	0.2155169512	1.188955632	89.00482058	1.204506225	9.7906732				0	0	0				-867.0487789	0.04117467475	-1506.4289508262	
864.4887789	91	1	8	0.2374333641	0.03953728023	98.54514979	0.2174861776	1.237364032	88.61209461	1.245136731	10.14276866				0	0	0				-864.4887789	0.03953728023	-1627.74859224489	
861.9287789	91	1	8	0.2664945619	0.03802008001	98.49480346	0.2192052083	1.285991328	88.22150292	1.285684351	10.49281273				0	0	0				-861.9287789	0.03802008001	-1754.21324040908	
859.3687789	91	1	8	0.2934140296	0.03661066441	98.44447335	0.2206841942	1.334842458	87.83301022	1.326156422	10.84083336				0	0	0				-859.3687789	0.03661066441	-1885.8920573476	
856.8087789	91	1	8	0.3184178515	0.0352982756	98.39414483	0.2219328182	1.38392235	87.44658007	1.366559779	11.18686015				0	0	0				-856.8087789	0.0352982756	-2022.85675057835	
854.2487789	91	1	8	0.3417017289	0.03407354102	98.34380375	0.2229603346	1.433235919	87.06217505	1.406900822	11.53092413				0	0	0				-854.2487789	0.03407354102	-2165.18158205186	
851.6887789	91	1	8	0.3634358842	0.03292825697	98.29343633	0.2237756026	1.482788065	86.67975683	1.447185579	11.87305759				0	0	0				-851.6887789	0.03292825697	-2312.94330491556	
849.1287789	91	1	8	0.3837690499	0.03185521149	98.2430292	0.2243871175	1.532583679	86.29928639	1.48741975	12.21329386				0	0	0				-849.1287789	0.03185521149	-2466.22124997608	
846.5687789	91	1	8	0.402831733	0.03084803871	98.19256932	0.2248030373	1.58262764	85.92072403	1.527608751	12.55166721				0	0	0				-846.5687789	0.03084803871	-2625.09734049728	
844.0087789	91	1	8	0.4207389051	0.02990109805	98.14204398	0.2250312068	1.632924816	85.54402958	1.567757748	12.88821268				0	0	0				-844.0087789	0.02990109805	-2789.65611269692	
841.4487789	91	1	8	0.4375922313	0.02900937367	98.09144075	0.2250791795	1.68348007	85.16916238	1.607871692	13.22296593				0	0	0				-841.4487789	0.02900937367	-2959.98484558272	
838.8887789	91	1	8	0.4534819277	0.0281683902	98.04074751	0.2249542367	1.734298258	84.79608146	1.647955342	13.55596319				0	0	0				-838.8887789	0.0281683902	-3136.17366319523	
836.3287789	91	1	8	0.4684883181	0.02737414181	97.98995236	0.2246634054	1.785384234	84.42474557	1.688013289	13.88724114				0	0	0				-836.3287789	0.02737414181	-3318.31558368113	
833.7687789	91	1	8	0.4826831439	0.02662303214	97.93904368	0.2242134743	1.83674285	84.05511325	1.728049976	14.21683677				0	0	0				-833.7687789	0.02662303214	-3508.1772658797	
831.2087789	91	1	8	0.4961309718	0.02591244894	97.88800886	0.2236110722	1.888380072	83.68713645	1.768070609	14.54479295				0	0	0				-831.2087789	0.02591244894	-3700.88741464505	
828.6487789	91	1	8	0.5088889752	0.02523772495	97.8368391	0.2228624437	1.940298457	83.32078657	1.808077764	14.87113567				0	0	0				-828.6487789	0.02523772495	-3900.05273517504	
826.0887789	91	1	8	0.5210094125	0.02459780469	97.78552216	0.2219737861	1.992504058	82.95601521	1.848076263	15.19590853				0	0	0				-826.0887789	0.02459780469	-4108.25732368724	
823.5287789	91	1	8	0.5325392523	0.02398982086	97.73404718	0.2209510662	2.045001751	82.59278062	1.888070119	15.51914926				0	0	0				-823.5287789	0.02398982086	-4321.67939178308	
820.9687789	91	1	8	0.5435210132	0.0234115886	97.68240351	0.2198000727	2.097796418	82.23104112	1.928063261	15.84089562				0	0	0				-820.9687789	0.0234115886	-4541.67796682899	
818.4087789	91	1	8	0.553993276	0.02286111926	97.63058062	0.2185264255	2.150892956	81.87075508	1.968059551	16.16118537				0	0	0				-818.4087789	0.02286111926	-4768.37826390947	
815.8487789	91	1	8	0.5639911255	0.02233659649	97.57856814	0.2171355841	2.204296279	81.51188097	2.00806279	16.48005624				0	0	0				-815.8487789	0.02233659649	-5001.90234910066	
813.2887789	91	1	8	0.5735465355	0.02183635837	97.52635583	0.2156328552	2.258011318	81.15437738	2.048076727	16.7975459				0	0	0				-813.2887789	0.02183635837	-5242.37874616024	
810.7287789	91	1	8	0.5826887031	0.02135888143	97.47393357	0.2140234002	2.312043028	80.79820304	2.088105065	17.11369189				0	0	0				-810.7287789	0.02135888143	-5489.94106818015	
808.1687789	91	1	8	0.5914443421	0.02090276654	97.42129137	0.2123122412	2.366396384	80.44331685	2.128151468	17.42853168				0	0	0				-808.1687789	0.02090276654	-5744.72889960338	
805.6087789	91	1	8	0.5998379394	0.02046672664	97.36841934	0.2105042676	2.421076392	80.08967786	2.168219569	17.74210258				0	0	0				-805.6087789	0.02046672664	-6006.88812983069	
803.0487789	91	1	8	0.6078919808	0.02004957576	97.31530768	0.208604241	2.476088084	79.7372453	2.208312969	18.05444173				0	0	0				-803.0487789	0.02004957576	-6276.57114470738	
800.4887789	91	1	8	0.6156271499	0.01965021939	97.26194668	0.2066168012	2.531436522	79.3859786	2.248435251	18.36558615				0	0	0				-800.4887789	0.01965021939	-6553.93778988061	
797.9287789	91	1	8	0.6230625041	0.01926764592	97.20832672	0.2045464699	2.587126805	79.03583736	2.288589976	18.67557266				0	0	0				-797.9287789	0.01926764592	-6839.15580729443	
795.3687789	91	1	8	0.63021563	0.01890091902	97.15443828	0.2023976558	2.643164066	78.68678141	2.328780693	18.9844379				0	0	0				-795.3687789	0.01890091902	-7132.40121493504	
792.8087789	91	1	8	0.6371027818	0.01854917083	97.10027186	0.2001746585	2.699553478	78.33877073	2.369010942	19.29221833				0	0	0				-792.8087789	0.01854917083	-7433.85913589653	
790.2487789	91	1	8	0.6437390046	0.01821159591	97.04581808	0.1978816718	2.756300253	77.99176551	2.409284258	19.59895023				0	0	0				-790.2487789	0.01821159591	-7743.72496260919	
787.6887789	91	1	8	0.6501382436	0.01788744583	96.99106757	0.1955227876	2.813409647	77.64572615	2.449604173	19.90466968				0	0	0				-787.6887789	0.01788744583	-8062.2047064485	
785.1287789	91	1	8	0.6563134427	0.01757602427	96.93601104	0.1931019988	2.870886964	77.30061319	2.489974222	20.20941259				0	0	0				-785.1287789	0.01757602427	-8389.51560031597	
782.5687789	91	1	8	0.662276632	0.01727668264	96.88063924	0.1906232024	2.928737555	76.95638739	2.530397944	20.51321467				0	0	0				-782.5687789	0.01727668264	-8725.88765302214	
780.0087789	91	1	8	0.6680390067	0.01698881616	96.82494298	0.1880902018	2.98696682	76.61300963	2.570878891	20.81611148				0	0	0				-780.0087789	0.01698881616	-9071.56523361306	
777.4487789	91	1	8	0.6736109979	0.01671186033	96.76891308	0.1855067099	3.045580214	76.270441	2.611420623	21.11813838				0	0	0				-777.4487789	0.01671186033	-9426.80666464959	
774.8887789	91	1	8	0.6790023363	0.01644528764	96.7125404	0.1828763506	3.104583249	75.92864269	2.65202672	21.41933059				0	0	0				-774.8887789	0.01644528764	-9791.88666657545	
772.3287789	91	1	8	0.6842221099	0.01618860475	96.65581585	0.1802026617	3.163981493	75.58757606	2.692700778	21.71972316				0	0	0				-772.3287789	0.01618860475	-10167.0978923267	
769.7687789	91	1	8	0.6892788159	0.0159413498	96.59873033	0.1774890962	3.223780575	75.24720257	2.733446417	22.01935101				0	0	0				-769.7687789	0.0159413498	-10552.7518285252	
767.2087789	91	1	8	0.6941804078	0.01570309005	96.54127479	0.1747390246	3.283986189	74.90748379	2.774267284	22.31824892				0	0	0				-767.2087789	0.01570309005	-10949.1810833373	
764.6487789	91	1	8	0.698934338	0.01547341969	96.48344017	0.1719557361	3.344604094	74.56838139	2.815167054	22.61645156				0	0	0				-764.6487789	0.01547341969	-11356.7401641091	
762.0887789	91	1	8	0.7035475966	0.01525195784	96.42521744	0.1691424404	3.405640117	74.22985709	2.856149434	22.91399347				0	0	0				-762.0887789	0.01525195784	-11775.8095977712	
759.5287789	91	1	8	0.7080267465	0.01503834681	96.36659757	0.1663022689	3.467100157	73.8918727	2.897218168	23.21090914				0	0	0				-759.5287789	0.01503834681	-12206.7970539478	
756.9687789	91	1	8	0.7123779557	0.01483225039	96.30757154	0.1634382761	3.528990189	73.55439003	2.938377041	23.50723293				0	0	0				-756.9687789	0.01483225039	-12650.1388091778	
754.4087789	91	1	8	0.7166070262	0.01463335236	96.2481303	0.160553441	3.591316261	73.21737094	2.979629878	23.80299918				0	0	0				-754.4087789	0.01463335236	-13106.305028652	
751.8487789	91	1	8	0.7207194213	0.01444135514	96.18826483	0.1576506675	3.654084505	72.88077727	3.020980552	24.09824218				0	0	0				-751.8487789	0.01444135514	-13575.8013301095	
749.2887789	91	1	8	0.7247202892	0.01425597849	96.12796608	0.1547327862	3.717301134	72.54457083	3.062432987	24.39299618				0	0	0				-749.2887789	0.01425597849	-14059.1725157768	
746.7287789	91	1	8	0.7286144862	0.01407695838	96.067225	0.1518025547	3.780972447	72.20871339	3.10399116	24.68729545				0	0	0				-746.7287789	0.01407695838	-14557.006984217	
744.1687789	91	1	8	0.7324065965	0.01390404591	96.00603251	0.1488626589	3.845104832	71.87316666	3.145659106	24.98117423				0	0	0				-744.1687789	0.01390404591	-15069.941012492	
741.6087789	91	1	8	0.7361009516	0.01373700635	95.94437952	0.1459157134	3.909704772	71.53789223	3.187440922	25.27466685				0	0	0				-741.6087789	0.01373700635	-15598.6643125608	
739.0487789	91	1	8	0.7397016471	0.01357561824	95.8822569	0.1429642623	3.974778842	71.20285158	3.22934077	25.56780765				0	0	0				-739.0487789	0.01357561824	-16143.9243517524	
736.4887789	91	1	8	0.7432125589	0.01341967255	95.8196555	0.1400107803	4.040333719	70.86800605	3.271362885	25.86063106				0	0	0				-736.4887789	0.01341967255	-16706.5332530233	
733.9287789	91	1	8	0.7466373576	0.01326897193	95.75656614	0.1370576725	4.106376183	70.53331679	3.313511574	26.15317164				0	0	0				-733.9287789	0.01326897193	-17287.3762664797	
731.3687789	91	1	8	0.7499795225	0.01312333002	95.6929796	0.1341072757	4.172913121	70.19874475	3.355791223	26.44546403				0	0	0				-731.3687789	0.01312333002	-17887.4180021832	
728.8087789	91	1	8	0.7532423535	0.01298257078	95.62888661	0.1311618585	4.239951531	69.86425063	3.398206304	26.73754306				0	0	0				-728.8087789	0.01298257078	-18507.7127409336	
726.2487789	91	1	8	0.7564289829	0.01284652792	95.56427785	0.1282236219	4.307498526	69.5297949	3.440761377	27.02944372				0	0	0				-726.2487789	0.01284652792	-19149.4148512698	
723.6887789	91	1	8	0.7595423859	0.01271504433	95.49914396	0.1252947	4.375561338	69.19533769	3.483461094	27.32120121				0	0	0				-723.6887789	0.01271504433	-19813.7914566304	
721.1287789	91	1	8	0.7625853909	0.0125879716	95.43347552	0.1223771599	4.444147323	68.86083883	3.52631021	27.61285097				0	0	0				-721.1287789	0.0125879716	-20502.2331715112	
718.5687789	91	1	8	0.7655606881	0.0124651695	95.36726303	0.1194730027	4.513263968	68.52625774	3.569313581	27.90442868				0	0	0				-718.5687789	0.0124651695	-21216.2751739045	
716.0087789	91	1	8	0.7684708383	0.01234650563	95.30049694	0.1165841635	4.582918892	68.19155347	3.612476178	28.19597035				0	0	0				-716.0087789	0.01234650563	-21957.6108722447	
713.4487789	91	1	8	0.7713182807	0.01223185493	95.23316763	0.1137125117	4.653119854	67.85668462	3.655803086	28.4875123				0	0	0				-713.4487789	0.01223185493	-22728.1142754001	
710.8887789	91	1	8	0.7741053401	0.01212109939	95.16526539	0.110859852	4.723874758	67.52160927	3.699299514	28.77909121				0	0	0				-710.8887789	0.01212109939	-23529.866515023	
708.3287789	91	1	8	0.7768342342	0.01201412766	95.09678042	0.1080279238	4.795191658	67.18628502	3.742970802	29.07074417				0	0	0				-708.3287789	0.01201412766	-24365.1826588646	
705.7687789	91	1	8	0.7795070793	0.01191083478	95.02770283	0.1052184026	4.867078765	66.85066887	3.786822427	29.36250871				0	0	0				-705.7687789	0.01191083478	-25236.6445030518	
703.2087789	91	1	8	0.7821258966	0.01181112185	94.95802265	0.1024328992	4.939544455	66.51471719	3.83086001	29.6544228				0	0	0				-703.2087789	0.01181112185	-26147.1427408789	
700.6487789	91	1	8	0.7846926178	0.01171489582	94.88772977	0.09967296118	5.012597272	66.17838569	3.875089327	29.94652498				0	0	0				-700.6487789	0.01171489582	-27099.9228362393	
698.0887789	91	1	8	0.7872090899	0.01162206921	94.81681399	0.0969400724	5.086245941	65.84162939	3.919516312	30.2388543				0	0	0				-698.0887789	0.01162206921	-28098.6354150425	
695.5287789	91	1	8	0.7896770805	0.0115325599	94.74526498	0.09423565377	5.160499371	65.50440248	3.964147072	30.53145045				0	0	0				-695.5287789	0.0115325599	-29147.4081299773	
692.9687789	91	1	8	0.7920982819	0.01144629094	94.67307227	0.09156106351	5.235366664	65.16665836	4.00898789	30.82435375				0	0	0				-692.9687789	0.01144629094	-30250.9295799007	
690.4087789	91	1	8	0.7944743155	0.0113631904	94.60022528	0.08891759749	5.310857126	64.82834952	4.05404524	31.11760524				0	0	0				-690.4087789	0.0113631904	-31414.5285892161	
687.8487789	91	1	8	0.7968067358	0.01128319113	94.52671323	0.08630648964	5.386980276	64.48942751	4.099325795	31.4112467				0	0	0				-687.8487789	0.01128319113	-32644.3035691461	
685.2887789	91	1	8	0.7990970342	0.01120623071	94.45252523	0.08372891235	5.463745855	64.14984282	4.144836439	31.70532074				0	0	0				-685.2887789	0.01120623071	-33947.2587135999	
682.7287789	91	1	8	0.8013466422	0.01113225124	94.37765019	0.08118597687	5.541163837	63.8095449	4.190584276	31.99987083				0	0	0				-682.7287789	0.01113225124	-35331.4803458963	
680.1687789	91	1	8	0.803556935	0.01106119931	94.30207683	0.07867873372	5.619244439	63.46848198	4.236576647	32.29494137				0	0	0				-680.1687789	0.01106119931	-36806.3739371859	
677.6087789	91	1	8	0.8057292345	0.01099302592	94.22579369	0.07620817318	5.697998139	63.12660107	4.282821141	32.59057779				0	0	0				-677.6087789	0.01099302592	-38382.8360439125	
675.0487789	91	1	8	0.8078648122	0.01092768613	94.14878909	0.07377522572	5.777435684	62.78384782	4.329325611	32.88682657				0	0	0				-675.0487789	0.01092768613	-40073.6234878492	
672.4887789	91	1	8	0.8099648918	0.01086513916	94.07105114	0.07138076248	5.857568098	62.44016648	4.376098183	33.18373534				0	0	0				-672.4887789	0.01086513916	-41894.0512256898	
669.9287789	91	1	8	0.8120306521	0.0108053489	93.99256769	0.0690255958	5.938406711	62.09549978	4.423147277	33.48135294				0	0	0				-669.9287789	0.0108053489	-43862.2539763186	
667.3687789	91	1	8	0.8140632294	0.01074828312	93.91332635	0.06671047972	6.019963166	61.74978882	4.470481624	33.77972956				0	0	0				-667.3687789	0.01074828312	-45999.8351911735	
664.8087789	91	1	8	0.8160637195	0.01069391374	93.83331445	0.0644361106	6.102249439	61.40297295	4.518110283	34.07891677				0	0	0				-664.8087789	0.01069391374	-48333.0332749533	
662.2487789	91	1	8	0.8180331806	0.01064221684	93.75251901	0.06220312765	6.18527786	61.05498969	4.566042661	34.37896765				0	0	0				-662.2487789	0.01064221684	-50893.8810870797	
659.6887789	91	1	8	0.8199726346	0.01059317265	93.67092676	0.06001211359	6.269061129	60.70577457	4.614288538	34.67993689				0	0	0				-659.6887789	0.01059317265	-53721.9285895702	
657.1287789	91	1	8	0.8218830698	0.01054676564	93.58852407	0.05786359529	6.353612339	60.35526102	4.662858081	34.9818809				0	0	0				-657.1287789	0.01054676564	-56866.5739672389	
654.5687789	91	1	8	0.8237654423	0.01050298455	93.50529695	0.05575804441	6.438945003	60.0033802	4.711761878	35.28485792				0	0	0				-654.5687789	0.01050298455	-60390.3118560765	
652.0087789	91	1	8	0.8256206782	0.01046182248	93.42123105	0.05369587812	6.525073075	59.65006088	4.761010959	35.58892816				0	0	0				-652.0087789	0.01046182248	-64373.4297187685	
649.4487789	91	1	8	0.8274496752	0.01042327702	93.33631156	0.05167745987	6.612010982	59.29522922	4.810616825	35.89415395				0	0	0				-649.4487789	0.01042327702	-68920.8003087902	
646.8887789	91	1	8	0.8292533041	0.01038735036	93.25052325	0.04970310011	6.699773649	58.93880865	4.86059148	36.20059987				0	0	0				-646.8887789	0.01038735036	-74172.0415885867	
644.3287789	91	1	8	0.831032411	0.01035404942	93.1638504	0.0477730571	6.788376538	58.58071962	4.910947464	36.50833291				0	0	0				-644.3287789	0.01035404942	-80317.378760729	
641.7687789	91	1	8	0.8327878181	0.0103233861	93.07627678	0.04588753775	6.87783568	58.22087943	4.961697886	36.81742268				0	0	0				-641.7687789	0.0103233861	-87622.8328876292	
639.2087789	91	1	8	0.8345203258	0.01029537743	92.98778559	0.04404669846	6.968167712	57.85920197	5.012856469	37.12794156				0	0	0				-639.2087789	0.01029537743	-96472.3881410995	
636.6487789	91	1	8	0.836230714	0.01027004587	92.89835943	0.04225064605	7.059389924	57.4955975	5.064437586	37.43996492				0	0	0				-636.6487789	0.01027004587	-107441.899387617	
634.0887789	91	1	8	0.8379197435	0.01024741954	92.80798026	0.04049943864	7.151520302	57.12997234	5.116456313	37.75357135				0	0	0				-634.0887789	0.01024741954	-121437.342313441	
631.5287789	91	1	8	0.8395881575	0.01022753263	92.71662933	0.03879308664	7.24457758	56.76222862	5.168928472	38.06884291				0	0	0				-631.5287789	0.01022753263	-139973.377395892	
628.9687789	91	1	8	0.8412366829	0.01021042569	92.62428715	0.03713155376	7.338581296	56.39226392	5.221870692	38.38586539				0	0	0				-628.9687789	0.01021042569	-165796.56826345	
626.4087789	91	1	8	0.8428660318	0.01019614612	92.53093339	0.03551475795	7.433551852	56.01997095	5.275300467	38.70472858				0	0	0				-626.4087789	0.01019614612	-210125.530027121	
623.8487789	91	1	8	0.8444769436	0.01018519574	92.43654877	0.03394256942	7.529508663	55.64524425	5.32923406	39.02552169				0	0	0				-623.8487789	0.01018519574	-276546.225996764	
621.2887789	91	1	8	0.8460700871	0.01017690854	92.34110708	0.03241481677	7.626478103	55.2679541	5.383693546	39.34835236				0	0	0				-621.2887789	0.01017690854	-409249.287833472	
618.7287789	91	1	8	0.8476461178	0.01017151411	92.2445872	0.0309312916	7.724481512	54.8879808	5.438698738	39.67332046				0	0	0				-618.7287789	0.01017151411	-924670.520804039	
616.1687789	91	1	8	0.8492057028	0.01016922033	92.14696476	0.02949173989	7.8235435	54.50519331	5.49427129	40.0005354				0	0	0				-616.1687789	0.01016922033	5403016.22199843	
613.6087789	91	1	8	0.8507495008	0.01017011815	92.04821418	0.02809586745	7.923689956	54.11945333	5.550434122	40.33011255				0	0	0				-613.6087789	0.01017011815	2456080.53279323	
611.0487789	91	1	8	0.8522781647	0.01017430961	91.9483085	0.02674334117	8.024948162	53.73061473	5.607211524	40.66217375				0	0	0				-611.0487789	0.01017430961	513400.497050294	
608.4887789	91	1	8	0.8537923423	0.01018190891	91.84721929	0.02543379022	8.127346917	53.33852278	5.66462928	40.99684794				0	0	0				-608.4887789	0.01018190891	293484.965735031	
605.9287789	91	1	8	0.8552926783	0.01019304364	91.74491652	0.0241668073	8.230916674	52.94301344	5.722714796	41.33427176				0	0	0				-605.9287789	0.01019304364	205414.307665096	
603.3687789	91	1	8	0.8567798157	0.01020785624	91.64136835	0.02294194993	8.335689699	52.54391246	5.781497253	41.67459029				0	0	0				-603.3687789	0.01020785624	157086.424817857	
600.8087789	91	1	8	0.8582543983	0.01022650559	91.53654101	0.02175874173	8.441700244	52.14103441	5.841007768	42.01795783				0	0	0				-600.8087789	0.01022650559	126295.010864688	
598.2487789	91	1	8	0.8597170717	0.01024916897	91.43039858	0.02061667376	8.548984748	51.7341816	5.901279584	42.36453882				0	0	0				-598.2487789	0.01024916897	104858.85569749	
595.6887789	91	1	8	0.8611684859	0.01027604418	91.32290274	0.01951520585	8.657582053	51.32314285	5.962348279	42.71450887				0	0	0				-595.6887789	0.01027604418	89025.4128594407	
593.1287789	91	1	8	0.8626092976	0.01030735218	91.21401257	0.01845376793	8.767533665	50.90769212	6.024252	43.06805588				0	0	0				-593.1287789	0.01030735218	76821.4506234189	
590.5687789	91	1	8	0.8640401725	0.01034333997	91.1036842	0.01743176147	8.878884034	50.48758692	6.087031734	43.42538135				0	0	0				-590.5687789	0.01034333997	67107.1137549391	
588.0087789	91	1	8	0.8654617879	0.0103842841	90.99187056	0.01644856079	8.991680884	50.06256654	6.150731614	43.78670185				0	0	0				-588.0087789	0.0103842841	59176.6440738499	
585.4487789	91	1	8	0.866874836	0.01043049476	90.8785209	0.0155035145	9.105975588	49.63235	6.215399265	44.15225073				0	0	0				-585.4487789	0.01043049476	52569.2516966456	
582.8887789	91	1	8	0.8682800272	0.01048232056	90.76358046	0.01459594691	9.221823597	49.19663375	6.281086202	44.52228005				0	0	0				-582.8887789	0.01048232056	46971.1008538451	
580.3287789	91	1	8	0.8696780939	0.0105401543	90.6469899	0.01372515939	9.339284941	48.75508894	6.347848294	44.89706276				0	0	0				-580.3287789	0.0105401543	42160.9518218829	
577.7687789	91	1	8	0.8710697948	0.01060443975	90.52868477	0.01289043183	9.458424797	48.30735836	6.415746286	45.27689535				0	0	0				-577.7687789	0.01060443975	37978.3493006559	
575.2087789	91	1	8	0.8724559198	0.01067567985	90.40859481	0.01209102403	9.57931417	47.8530528	6.484846423	45.66210077				0	0	0				-575.2087789	0.01067567985	34304.055447276	
572.6487789	91	1	8	0.8738372962	0.01075444666	90.28664315	0.01132617708	9.702030668	47.39174688	6.555221157	46.05303196				0	0	0				-572.6487789	0.01075444666	31047.6220178005	
570.0887789	91	1	8	0.875214795	0.0108413934	90.16274545	0.01059511477	9.826659435	46.92297409	6.626949991	46.45007592				0	0	0				-570.0887789	0.0108413934	28139.2088339131	
567.5287789	91	1	8	0.8765893387	0.01093726932	90.03680872	0.009897044938	9.953294239	46.446221	6.700120459	46.85365854				0	0	0				-567.5287789	0.01093726932	25524.01552608	
564.9687789	91	1	8	0.8779619111	0.01104293823	89.90873006	0.009231160822	10.08203878	45.96092039	6.77482928	47.26425033				0	0	0				-564.9687789	0.01104293823	23158.4369236454	
562.4087789	91	1	8	0.879333568	0.01115940171	89.7783951	0.008596642325	10.21300826	45.46644308	6.851183714	47.68237321				0	0	0				-562.4087789	0.01115940171	21007.2717516731	
559.8487789	91	1	8	0.8807054511	0.01128782965	89.64567608	0.007992657276	10.34633126	44.96208817	6.929303158	48.10860867				0	0	0				-559.8487789	0.01128782965	19041.6233717034	
557.2887789	91	1	8	0.8820788048	0.01142960104	89.51042958	0.007418362604	10.48215206	44.44707137	7.009321021	48.54360761				0	0	0				-557.2887789	0.01142960104	17237.5528273537	
554.7287789	91	1	8	0.8834549972	0.01158635587	89.37249343	0.006872904719	10.62063366	43.92051184	7.091386433	48.98810172				0	0	0				-554.7287789	0.01158635587	15574.2887056774	
552.1687789	91	1	8	0.8848355483	0.01176008759	89.23168375	0.006355422394	10.76196083	43.38141661	7.175666209	49.44291718				0	0	0				-552.1687789	0.01176008759	14098.9971678525	
549.6087789	91	1	8	0.8862219914	0.01195114418	89.08779133	0.005865056529	10.90634361	42.82856601	7.262389963	49.90904403				0	0	0				-549.6087789	0.01195114418	12721.568509784	
547.0487789	91	1	8	0.8876163123	0.01216514461	88.94057558	0.005400923835	11.05402349	42.26069877	7.351759414	50.38754182				0	0	0				-547.0487789	0.01216514461	11367.3607707043	
544.4887789	91	1	8	0.8890206697	0.01240435185	88.78975374	0.00496214045	11.20528412	41.6762875	7.444036079	50.87967643				0	0	0				-544.4887789	0.01240435185	10152.1621405936	
541.9287789	91	1	8	0.890437538	0.01267283612	88.63499648	0.004547817022	11.3604557	41.07355271	7.539524476	51.38692282				0	0	0				-541.9287789	0.01267283612	9023.06430389815	
539.3687789	91	1	8	0.8918698122	0.01297597246	88.47591364	0.004157056566	11.5199293	40.45041035	7.638577094	51.91101255				0	0	0				-539.3687789	0.01297597246	8650.49349816518	
539.3287789	91	1	8	0.8918923868	0.0002076765187	88.47338993	0.004151130008	11.52245894	40.44055859	7.640129649	51.91931176				0	0	0				-539.3287789	0.0002076765187	-189.684931418048	
539.3087789	91	1	8	0.8919036171	0.0001030811907	88.4721278	0.004148169886	11.52372403	40.4356054	7.640916951	51.92347765				0	0	0				-539.3087789	0.0001030811907	-193.010052401763	
539.2987789	91	1	8	0.8919092278	5.150717276E-05	88.47149696	0.004146690786	11.52435635	40.43313058	7.641310287	51.92555913				0	0	0				-539.2987789	5.150717276E-05	-194.620564177516	
539.2787789	91	1	8	0.8934347606	0.01400805189	88.39992699	0.00399063953	11.59608237	42.57025336	6.699818479	50.72992816	13.90839002	17.37709023	68.71451975	0	0	0	0	0	0	-539.2787789	0.01400805189	-291.04446067504	
539.2587789	91	1	8	0.8934550396	0.0001889499498	88.3982429	0.00398685883	11.59777024	42.57803816	6.695045584	50.72691625	13.89853898	17.37809296	68.72336806	0	0	0	0	0	0	-539.2587789	0.0001889499498	217.215054494766	
539.2187789	91	1	8	0.8934953929	0.0003756381028	88.39487415	0.003979304674	11.60114655	42.59358067	6.685511388	50.72090794	13.87889315	17.38007761	68.74102925	0	0	0	0	0	0	-539.2187789	0.0003756381028	214.156341564705	
539.1387789	91	1	8	0.8935759261	0.0007495631614	88.3881378	0.003964235743	11.60789796	42.62453129	6.666505569	50.70896314	13.83976144	17.38399167	68.77624688	0	0	0	0	0	0	-539.1387789	0.0007495631614	213.613526578192	
538.9787789	91	1	8	0.8937368813	0.001500933649	88.37466933	0.003934254509	11.62139642	42.68584908	6.628762037	50.68538888	13.76212713	17.39160271	68.84627016	0	0	0	0	0	0	-538.9787789	0.001500933649	213.457156105768	
538.6587789	91	1	8	0.8940573471	0.002992944101	88.34775095	0.003874915192	11.64837413	42.80619689	6.554326942	50.63947616	13.60932855	17.40597497	68.98469648	0	0	0	0	0	0	-538.6587789	0.002992944101	215.117335957508	
538.0187789	91	1	8	0.8946925593	0.00595057728	88.29398582	0.003758691483	11.70225548	43.03813776	6.409495458	50.55236678	13.31318431	17.43148814	69.25532755	0	0	0	0	0	0	-538.0187789	0.00595057728	217.677215143892	
536.7387789	91	1	8	0.8959406269	0.01176325064	88.18673435	0.003535779045	11.80972987	43.46982449	6.134773402	50.39540211	12.75566905	17.47078025	69.7735507	0	0	0	0	0	0	-536.7387789	0.01176325064	222.74719875289	
534.1787789	91	1	8	0.8983531951	0.02300816507	87.9732854	0.00312590632	12.02358869	44.22288022	5.637094035	50.14002575	11.75979189	17.5101969	70.73001121	0	0	0	0	0	0	-534.1787789	0.02300816507	-5074.78253877999	
531.6187789	91	1	8	0.9006557635	0.02247754837	87.7611306	0.002760052078	12.23610935	44.85567916	5.196679328	49.94764151	10.8935892	17.50864951	71.59776129	0	0	0	0	0	0	-531.6187789	0.02247754837	-5061.10365939669	
529.0587789	91	1	8	0.9028577932	0.02199245547	87.55014157	0.0024338755	12.44742456	45.391764	4.803070198	49.8051658	10.13125985	17.47593795	72.3928022	0	0	0	0	0	0	-529.0587789	0.02199245547	-5528.38985398976	
526.4987789	91	1	8	0.9049676722	0.02154789252	87.34019641	0.002143422018	12.65766017	45.8481866	4.448570604	49.70324279	9.45399378	17.41906598	73.12694024	0	0	0	0	0	0	-526.4987789	0.02154789252	-6035.32024384132	
523.9387789	91	1	8	0.9069929119	0.02114082141	87.13117921	0.00188509436	12.86693569	46.23775034	4.127314686	49.63493498	8.847606005	17.34320092	73.80919308	0	0	0	0	0	0	-523.9387789	0.02114082141	-6594.81083727364	
521.3787789	91	1	8	0.9089402518	0.02076844245	86.92297967	0.00165562462	13.0753647	46.57034375	3.834706781	49.59494947	8.30111352	17.25225021	74.44663627	0	0	0	0	0	0	-521.3787789	0.02076844245	-7214.5543293691	
518.8187789	91	1	8	0.9108157551	0.02042824416	86.71549266	0.001452047689	13.28305529	46.85378008	3.567065723	49.5791542	7.80582769	17.14922725	75.04494506	0	0	0	0	0	0	-518.8187789	0.02042824416	-7288.37234934207	
517.5387789	91	1	8	0.911726704	0.01012948378	86.61198486	0.001359119046	13.38665602	46.97907822	3.441647744	49.57927404	7.575148646	17.09394709	75.33090427	0	0	0	0	0	0	-517.5387789	0.01012948378	-125.368183624629	
516.8987789	91	1	8	0.9121757912	0.005046162497	86.56028446	0.001314730779	13.43840081	47.03792803	3.380892387	49.58117958	7.463710902	17.06547742	75.47081168	0	0	0	0	0	0	-516.8987789	0.005046162497	-33351.1469713941	
516.2587789	91	1	8	0.9126209897	0.005027044383	86.50861782	0.001271676246	13.4901105	47.09434992	3.321388599	49.58426148	7.354757296	17.03649303	75.60874967	0	0	0	0	0	0	-516.2587789	0.005027044383	-33224.8241792702	
515.9387789	91	1	8	0.9128420561	0.002508883999	86.48279668	0.001250637659	13.51595268	47.12167387	3.292094654	49.58623148	7.301186131	17.02181621	75.67699766	0	0	0	0	0	0	-515.9387789	0.002508883999	-70448.0451523961	
515.6187789	91	1	8	0.9130621772	0.002504349794	86.45698342	0.001229918862	13.54178666	47.14841851	3.263100155	49.58848134	7.248205362	17.00702062	75.74477401	0	0	0	0	0	0	-515.6187789	0.002504349794	-70320.7196645264	
515.4587789	91	1	8	0.9131718626	0.001251050898	86.44407968	0.001219677997	13.55470064	47.1615762	3.248713868	49.58970994	7.221933568	16.99957918	75.77848725	0	0	0	0	0	0	-515.4587789	0.001251050898	-127.502506876681	
515.3787789	91	1	8	0.9132265379	0.0006232161621	86.43762853	0.001214586958	13.56115688	47.1681021	3.24154821	49.59034969	7.208851425	16.99584785	75.79530072	0	0	0	0	0	0	-515.3787789	0.0006232161621	79921.5151243087	
515.2987789	91	1	8	0.9132811918	0.0006242187477	86.43117785	0.001209515422	13.56761263	47.17459261	3.234400812	49.59100657	7.195805318	16.99210937	75.81208532	0	0	0	0	0	0	-515.2987789	0.0006242187477	80051.0848793286	
515.2587789	91	1	8	0.9133084953	0.0003119162832	86.42795294	0.001206986986	13.57084007	47.1778247	3.230833942	49.59134136	7.189295625	16.9902375	75.82046688	0	0	0	0	0	0	-515.2587789	0.0003119162832	-128.197967898984	
515.2387789	91	1	8	0.9133221435	0.0001559786348	86.42634029	0.001205724551	13.57245398	47.17943745	3.229052208	49.59151034	7.186044129	16.9893009	75.82465497	0	0	0	0	0	0	-515.2387789	0.0001559786348	135474.426970467	
515.2187789	91	1	8	0.9133357932	0.0001561264043	86.42472778	0.001204463345	13.57406775	47.18104801	3.227271607	49.59168038	7.182794866	16.98836386	75.82884127	0	0	0	0	0	0	-515.2187789	0.0001561264043	135602.677716171	
515.2087789	91	1	8	0.9133426152	7.800830734E-05	86.42392147	0.001203833185	13.57487469	47.18185247	3.226381731	49.59176579	7.181171065	16.98789518	75.83093375	0	0	0	0	0	0	-515.2087789	7.800830734E-05	172268.973745267	
515.1987789	91	1	8	0.9133494383	7.806639933E-05	86.42311524	0.001203203339	13.57568156	47.18265639	3.225492139	49.59185147	7.179547822	16.98742639	75.83302579	0	0	0	0	0	0	-515.1987789	7.806639933E-05	172098.124696143	
515.1587789	91	1	8	0.9133767211	0.0003122575947	86.41989045	0.001200687066	13.57890886	47.18586573	3.221936995	49.59219727	7.173060064	16.98555041	75.84138953	0	0	0	0	0	0	-515.1587789	0.0003122575947	-728.077820835106	
515.1387789	91	1	8	0.9133903452	0.000155889962	86.41827819	0.001199430802	13.58052238	47.18746656	3.220161364	49.59237208	7.169819274	16.98461192	75.84556881	0	0	0	0	0	0	-515.1387789	0.000155889962	665204.446488713	
515.0987789	91	1	8	0.91341761	0.0003121673795	86.41505346	0.001196921507	13.58374962	47.19066554	3.216611749	49.59272271	7.163345871	16.98273248	75.85392165	0	0	0	0	0	0	-515.0987789	0.0003121673795	256.195723070385	
515.0187789	91	1	8	0.9134720835	0.0006238447897	86.40860415	0.001191917664	13.59020393	47.1970337	3.209527722	49.59343858	7.150424101	16.97896956	75.87060634	0	0	0	0	0	0	-515.0187789	0.0006238447897	256.898844334336	
514.8587789	91	1	8	0.9135808155	0.00124558047	86.39570743	0.001181967585	13.60311061	47.20966605	3.195413496	49.59492045	7.124686098	16.97142308	75.90389082	0	0	0	0	0	0	-514.8587789	0.00124558047	257.679673662192	
514.5387789	91	1	8	0.913797461	0.002484218667	86.36991939	0.001162295681	13.62891831	47.23451933	3.167398506	49.59808217	7.073627212	16.95624927	75.97012352	0	0	0	0	0	0	-514.5387789	0.002484218667	258.296733413203	
513.8987789	91	1	8	0.9142289221	0.004962978257	86.3183645	0.001123850146	13.68051165	47.28260641	3.112208849	49.60518474	6.973149498	16.9255872	76.10126331	0	0	0	0	0	0	-513.8987789	0.004962978257	259.239788738348	
512.6187789	91	1	8	0.9150819346	0.00986142868	86.21533408	0.001050436511	13.78361548	47.37252056	3.00508392	49.62239552	6.77851298	16.86308084	76.35840618	0	0	0	0	0	0	-512.6187789	0.00986142868	262.961248837303	
510.0587789	91	1	8	0.9167499469	0.01947794805	86.00955232	0.0009166375898	13.98953105	47.52890583	2.803061776	49.66803239	6.412749969	16.73388618	76.85336386	0	0	0	0	0	0	-510.0587789	0.01947794805	-11772.2011646135	
507.4987789	91	1	8	0.9183667747	0.01925521091	85.80406994	0.000798644116	14.19513142	47.65675463	2.61598817	49.7272572	6.075338901	16.60002265	77.32463845	0	0	0	0	0	0	-507.4987789	0.01925521091	-12193.6957627777	
504.9387789	91	1	8	0.9199359017	0.01905554597	85.59880385	0.0006947391848	14.40050141	47.75889963	2.442437419	49.79866295	5.763165809	16.46240608	77.77442811	0	0	0	0	0	0	-504.9387789	0.01905554597	-13627.1902801243	
502.3787789	91	1	8	0.9214605937	0.01887711417	85.39367349	0.0006033758525	14.60572313	47.83777321	2.281172245	49.88105454	5.473570728	16.32179113	78.20463815	0	0	0	0	0	0	-502.3787789	0.01887711417	-14084.409762293	
501.0987789	91	1	8	0.9222059759	0.009406378347	85.2911345	0.0005619565675	14.70830354	47.86915234	2.204803322	49.92604434	5.336512133	16.25055901	78.41292886	0	0	0	0	0	0	-501.0987789	0.009406378347	-37600.3367569176	
499.8187789	91	1	8	0.92294145	0.009372457157	85.18860082	0.0005231619657	14.81087602	47.89547892	2.131111374	49.97340971	5.204265168	16.17880307	78.61693176	0	0	0	0	0	0	-499.8187789	0.009372457157	-37464.627048123	
499.1787789	91	1	8	0.9233052656	0.004680994448	85.13733288	0.000504701052	14.86216242	47.9068174	2.095232939	49.99794966	5.139870851	16.14274822	78.71738093	0	0	0	0	0	0	-499.1787789	0.004680994448	-60640.7156603461	
498.5387789	91	1	8	0.9236666813	0.004670464066	85.08606274	0.0004868398916	14.91345042	47.91697456	2.059981128	50.02304431	5.076591219	16.10658525	78.81682353	0	0	0	0	0	0	-498.5387789	0.004670464066	-60504.4444090388	
498.2187789	91	1	8	0.9238464427	0.002334030657	85.06042619	0.0004781286266	14.93909569	47.92161773	2.042586043	50.03579623	5.045361221	16.08846522	78.86617356	0	0	0	0	0	0	-498.2187789	0.002334030657	-137.019419499238	
498.0587789	91	1	8	0.9239360858	0.001166562155	85.04760798	0.0004738268981	14.9519182	47.92383249	2.033945452	50.04222206	5.029846597	16.07939618	78.89075722	0	0	0	0	0	0	-498.0587789	0.001166562155	-136.721902135837	
497.9787789	91	1	8	0.9239807709	0.0005807302081	85.04119864	0.000471689376	14.95832967	47.92491304	2.029639327	50.04544763	5.022114432	16.07485936	78.9030262	0	0	0	0	0	0	-497.9787789	0.0005807302081	51298.0825249311	
497.8987789	91	1	8	0.9240254645	0.0005822939055	85.03478922	0.0004695607093	14.96474122	47.92597584	2.025342605	50.04868156	5.014398949	16.07032103	78.91528002	0	0	0	0	0	0	-497.8987789	0.0005822939055	51437.555330295	
497.8587789	91	1	8	0.9240477926	0.0002908972866	85.0315848	0.0004684997032	14.9679467	47.92650061	2.023197766	50.05030163	5.010547415	16.06805131	78.92140127	0	0	0	0	0	0	-497.8587789	0.0002908972866	-137.448789632066	
497.8387789	91	1	8	0.9240589549	0.0001454829643	85.02998228	0.0004679700101	14.96954975	47.92676133	2.022126224	50.05111244	5.008623203	16.06691632	78.92446048	0	0	0	0	0	0	-497.8387789	0.0001454829643	-137.54165329184	
497.8287789	91	1	8	0.9240645362	7.277867294E-05	85.02918101	0.0004677053694	14.97035128	47.92689128	2.021590672	50.05151804	5.007661485	16.06634878	78.92598973	0	0	0	0	0	0	-497.8287789	7.277867294E-05	126363.335285222	
497.8187789	91	1	8	0.9240701193	7.285789624E-05	85.02837982	0.0004674408702	14.97115273	47.92702096	2.021055267	50.05192378	5.006700026	16.06578123	78.92751875	0	0	0	0	0	0	-497.8187789	7.285789624E-05	126179.831859659	
497.7787789	91	1	8	0.9240924486	0.0002914718395	85.02517509	0.0004663843036	14.97435852	47.92753605	2.018915469	50.05354848	5.002856427	16.0635111	78.93363247	0	0	0	0	0	0	-497.7787789	0.0002914718395	-780.699561623219	
497.7587789	91	1	8	0.9241035985	0.0001454338751	85.0235728	0.00046585688	14.97596134	47.92779143	2.01784666	50.05436191	5.000935967	16.06237609	78.93668795	0	0	0	0	0	0	-497.7587789	0.0001454338751	9491705.28598285	
497.7187789	91	1	8	0.924125917	0.0002914655181	85.02036809	0.000464803433	14.97916711	47.92830257	2.015709244	50.05598818	4.997099625	16.0601044	78.94279597	0	0	0	0	0	0	-497.7187789	0.0002914655181	274.212879826734	
497.6387789	91	1	8	0.9241705168	0.0005825755173	85.01395813	0.0004627033023	14.98557917	47.92930809	2.011442918	50.05924899	4.989437838	16.0555613	78.95500086	0	0	0	0	0	0	-497.6387789	0.0005825755173	275.007430208008	
497.4787789	91	1	8	0.924259578	0.001163546486	85.00113859	0.0004585291845	14.99840288	47.93126658	2.00293814	50.06579528	4.974163478	16.0464708	78.97936572	0	0	0	0	0	0	-497.4787789	0.001163546486	275.634397829579	
497.1587789	91	1	8	0.924437193	0.002322547004	84.97549824	0.000450284462	15.02405148	47.93497449	1.986039421	50.07898609	4.943810296	16.02827285	79.02791685	0	0	0	0	0	0	-497.1587789	0.002322547004	275.918786912477	
496.5187789	91	1	8	0.9247913886	0.004645126269	84.92421388	0.0004342019445	15.07535192	47.9415664	1.952679836	50.10575377	4.883873387	15.99181266	79.12431395	0	0	0	0	0	0	-496.5187789	0.004645126269	276.263005356675	
495.2387789	91	1	8	0.9254937694	0.00925496762	84.82162274	0.0004036078681	15.17797365	47.95152907	1.88767023	50.1608007	4.766996847	15.91865379	79.31434936	0	0	0	0	0	0	-495.2387789	0.00925496762	278.670994352158	
492.6787789	91	1	8	0.9268754157	0.01837639156	84.61632245	0.0003482742067	15.38332928	47.95917237	1.764170713	50.27665691	4.544588961	15.77153619	79.68387485	0	0	0	0	0	0	-492.6787789	0.01837639156	-28435.2539696488	
490.1187789	91	1	8	0.9282249099	0.01828544676	84.41080691	0.0002999878893	15.5888931	47.95149273	1.648801413	50.39970586	4.336188575	15.62361038	80.04020104	0	0	0	0	0	0	-490.1187789	0.01828544676	-31894.0798023575	
487.5587789	91	1	8	0.929544318	0.01821212286	84.20500935	0.0002579229317	15.79473273	47.92962941	1.540948282	50.52942231	4.140589441	15.47514348	80.38426708	0	0	0	0	0	0	-487.5587789	0.01821212286	-40341.2222292259	
484.9987789	91	1	8	0.9308355205	0.01815471208	83.99886446	0.0002213414694	16.0009142	47.89459987	1.440057981	50.66534215	3.956721876	15.32636039	80.71691773	0	0	0	0	0	0	-484.9987789	0.01815471208	-54067.4321204115	
482.4387789	91	1	8	0.9321002636	0.01811274162	83.79230863	0.0001895853052	16.20750179	47.8473161	1.345630064	50.80705384	3.783633502	15.17745075	81.03891575	0	0	0	0	0	0	-482.4387789	0.01811274162	-90066.3917437302	
479.8787789	91	1	8	0.933340253	0.01808874619	83.5852798	0.0001620681705	16.41455813	47.78859864	1.257210303	50.95419106	3.620473291	15.02857445	81.35095226	0	0	0	0	0	0	-479.8787789	0.01808874619	-184056.870334829	
477.3187789	91	1	8	0.9345569345	0.0180771807	83.37771741	0.000138268657	16.62214432	47.71918837	1.174385039	51.10642659	3.466478187	14.87986629	81.65365552	0	0	0	0	0	0	-477.3187789	0.0180771807	1230345.25492977	
474.7587789	91	1	8	0.935751722	0.01808017785	83.16956226	0.0001177237666	16.83032002	47.63975644	1.096776395	51.26346716	3.320961834	14.73143975	81.94759842	0	0	0	0	0	0	-474.7587789	0.01808017785	750040.078539699	
472.1987789	91	1	8	0.9369259367	0.01809752194	82.96075647	0.0001000230316	17.03914351	47.55091267	1.024038189	51.42504914	3.183305022	14.5833902	82.23330478	0	0	0	0	0	0	-472.1987789	0.01809752194	124036.366006572	
469.6387789	91	1	8	0.9380808146	0.01812904702	82.7512434	8.480315974E-05	17.2486718	47.45321275	0.9558524168	51.59093483	3.052947547	14.43579756	82.51125489	0	0	0	0	0	0	-469.6387789	0.01812904702	70965.0425702701	
467.0787789	91	1	8	0.9392175139	0.01817463306	82.54096759	7.174316388E-05	17.45896066	47.34716441	0.891926236	51.76090935	2.929381249	14.28872857	82.78189018	0	0	0	0	0	0	-467.0787789	0.01817463306	50442.7350344459	
464.5187789	91	1	8	0.9403371209	0.01823420272	82.3298747	6.055993512E-05	17.67006474	47.2332327	0.8319893356	51.93477797	2.812144019	14.14223866	83.04561733	0	0	0	0	0	0	-464.5187789	0.01823420272	43260.1535384199	
463.2387789	91	1	8	0.9408899349	0.009170764412	82.22400483	5.559299622E-05	17.77593958	47.17344549	0.8034379522	52.02311656	2.7557657	14.06922546	83.17500884	0	0	0	0	0	0	-463.2387789	0.009170764412	-140.420790515244	
462.5987789	91	1	8	0.9411646577	0.004599803308	82.17098636	5.32530341E-05	17.82896039	47.14286872	0.7895034597	52.06762782	2.728114746	14.03277905	83.2391062	0	0	0	0	0	0	-462.5987789	0.004599803308	-139.577123985869	
462.2787789	91	1	8	0.9413016038	0.002303550812	82.1444561	5.211744222E-05	17.85549178	47.12741219	0.7826199213	52.08996789	2.71442126	14.0145711	83.27100764	0	0	0	0	0	0	-462.2787789	0.002303550812	-86.2582831891761	
462.1987789	91	1	8	0.9413357929	0.000576422835	82.13782101	5.183705503E-05	17.86212716	47.12353072	0.7809076921	52.09556158	2.711011435	14.01002076	83.2789678	0	0	0	0	0	0	-462.1987789	0.000576422835	-125.590737880305	
462.1587789	91	1	8	0.9413528811	0.0002882719803	82.13450363	5.169738643E-05	17.86544467	47.12158737	0.780052867	52.09835976	2.709308584	14.00774582	83.28294559	0	0	0	0	0	0	-462.1587789	0.0002882719803	-85.932386747068	
462.1487789	91	1	8	0.9413571524	7.207638964E-05	82.13367388	5.166252172E-05	17.86627446	47.12110126	0.779839295	52.09905944	2.708883084	14.00717711	83.2839398	0	0	0	0	0	0	-462.1487789	7.207638964E-05	-290.500971201779	
462.1287789	91	1	8	0.9413580782	1.562360999E-05	82.13395471	5.162623149E-05	17.86599366				2.707780743	14.00735469	83.28486457				0	0	0	-462.1287789	1.562360999E-05	-11363.3899531223	
462.1087789	91	1	8	0.9413589027	1.391374621E-05	82.13426147	5.159040687E-05	17.86568694				2.706675607	14.00754958	83.28577481				0	0	0	-462.1087789	1.391374621E-05	-13742.6499046601	
462.0687789	91	1	8	0.9413605504	2.780614124E-05	82.13487444	5.151882085E-05	17.86507404				2.704466954	14.00793909	83.28759396				0	0	0	-462.0687789	2.780614124E-05	2881.49063718308	
461.9887789	91	1	8	0.9413638405	5.552698153E-05	82.13610269	5.137592321E-05	17.86384594				2.700056111	14.00871695	83.29122694				0	0	0	-461.9887789	5.552698153E-05	2890.36882769186	
461.8287789	91	1	8	0.9413704003	0.0001107139579	82.13856482	5.1091205E-05	17.86138409				2.691260189	14.01026807	83.29847174				0	0	0	-461.8287789	0.0001107139579	2908.21871371814	
461.5087789	91	1	8	0.9413834385	0.0002200774505	82.14351152	5.052605298E-05	17.85643796				2.673770705	14.01335208	83.31287722				0	0	0	-461.5087789	0.0002200774505	2944.25921610112	
460.8687789	91	1	8	0.9414091943	0.0004348373734	82.15349353	4.9412692E-05	17.84645706				2.63919498	14.01944822	83.3413568				0	0	0	-460.8687789	0.0004348373734	3017.86580153851	
459.5887789	91	1	8	0.9414594585	0.000848976736	82.17380597	4.725226401E-05	17.82614678				2.571614571	14.03136048	83.39702495				0	0	0	-459.5887789	0.000848976736	3171.54210738456	
457.0287789	91	1	8	0.9415552695	0.001619622683	82.2157737	4.318511905E-05	17.78418311				2.442411825	14.05412278	83.50346539				0	0	0	-457.0287789	0.001619622683	-31020.8191411758	
454.4687789	91	1	8	0.9416452761	0.001523947478	82.2594508	3.943574266E-05	17.74050976				2.320589199	14.07557316	83.60383765				0	0	0	-454.4687789	0.001523947478	-28030.0464456057	
451.9087789	91	1	8	0.9417299764	0.001436265894	82.30474388	3.598109123E-05	17.69522014				2.205545452	14.09581845	83.6986361				0	0	0	-451.9087789	0.001436265894	-30519.6188550875	
449.3487789	91	1	8	0.9418098065	0.001355602401	82.35157077	3.279986496E-05	17.64839643				2.096751827	14.11495267	83.78829551				0	0	0	-449.3487789	0.001355602401	-33110.4637055341	
446.7887789	91	1	8	0.9418851505	0.001281137434	82.3998588	2.987232477E-05	17.60011132				1.993740539	14.13305902	83.87320044				0	0	0	-446.7887789	0.001281137434	-35803.3649054241	
444.2287789	91	1	8	0.941956349	0.001212177161	82.44954338	2.718014043E-05	17.55042944				1.896095489	14.15021155	83.95369296				0	0	0	-444.2287789	0.001212177161	-38599.2906792703	
441.6687789	91	1	8	0.9420237053	0.001148130032	82.50056679	2.470626251E-05	17.4994085				1.8034447	14.16647648	84.03007882				0	0	0	-441.6687789	0.001148130032	-41499.3928563771	
439.1087789	91	1	8	0.9420874906	0.001088488429	82.5528773	2.243481333E-05	17.44710027				1.7154541	14.1819133	84.1026326				0	0	0	-439.1087789	0.001088488429	-44505.0146683227	
436.5487789	91	1	8	0.9421479489	0.001032814155	82.60642833	2.03509928E-05	17.39355132				1.631822381	14.19657571	84.17160191				0	0	0	-436.5487789	0.001032814155	-47617.6963078288	
433.9887789	91	1	8	0.9422053	0.0009807268493	82.66117783	1.844099626E-05	17.33880373				1.552276704	14.21051232	84.23721098				0	0	0	-433.9887789	0.0009807268493	-50839.1879624497	
431.4287789	91	1	8	0.9422597433	0.0009318946741	82.71708768	1.669194207E-05	17.28289562				1.476569097	14.22376736	84.29966355				0	0	0	-431.4287789	0.0009318946741	-54171.4588932701	
428.8687789	91	1	8	0.9423114598	0.0008860267457	82.77412328	1.509180713E-05	17.22586163				1.404473411	14.23638116	84.35914543				0	0	0	-428.8687789	0.0008860267457	-57616.7077223741	
426.3087789	91	1	8	0.9423606146	0.0008428669556	82.83225309	1.362936906E-05	17.16773328				1.335782729	14.24839064	84.41582663				0	0	0	-426.3087789	0.0008428669556	-61177.3773716409	
423.7487789	91	1	8	0.9424073588	0.0008021888826	82.89144834	1.229415378E-05	17.10853936				1.270307157	14.25982971	84.46986313				0	0	0	-423.7487789	0.0008021888826	-64856.1681332984	
421.1887789	91	1	8	0.942451831	0.0007637915789	82.9516827	1.107638778E-05	17.04830622				1.207871923	14.27072957	84.52139851				0	0	0	-421.1887789	0.0007637915789	-68656.0531091969	
418.6287789	91	1	8	0.9424941584	0.0007274960584	83.01293205	9.966954351E-06	16.98705798				1.148315737	14.28111902	84.57056525				0	0	0	-418.6287789	0.0007274960584	-72580.2945772489	
416.0687789	91	1	8	0.9425344588	0.0006931423537	83.07517425	8.957353136E-06	16.92481679				1.091489373	14.29102472	84.6174859				0	0	0	-416.0687789	0.0006931423537	-76632.462932667	
413.5087789	91	1	8	0.9425728407	0.0006605870375	83.13838894	8.039662686E-06	16.86160302				1.037254428	14.30047142	84.66227415				0	0	0	-413.5087789	0.0006605870375	-80816.4560131216	
410.9487789	91	1	8	0.9426094047	0.0006297011229	83.20255739	7.206505549E-06	16.7974354				0.9854822432	14.30948212	84.70503564				0	0	0	-410.9487789	0.0006297011229	-85136.5198113766	
408.3887789	91	1	8	0.9426442445	0.0006003682776	83.26766234	6.45101564E-06	16.73233121				0.9360529568	14.31807823	84.74586881				0	0	0	-408.3887789	0.0006003682776	-89597.2725005319	
405.8287789	91	1	8	0.9426774471	0.0005724832982	83.33368787	5.766807637E-06	16.66630637				0.8888546667	14.32627979	84.78486555				0	0	0	-405.8287789	0.0005724832982	-94203.7296431388	
403.2687789	91	1	8	0.9427090935	0.0005459508007	83.40061929	5.147948188E-06	16.59937556				0.8437826957	14.3341055	84.8221118				0	0	0	-403.2687789	0.0005459508007	-98961.3303763498	
400.7087789	91	1	8	0.9427392596	0.0005206840919	83.46844305	4.588928783E-06	16.53155236				0.8007389373	14.34157293	84.85768814				0	0	0	-400.7087789	0.0005206840919	-103875.968304722	
398.1487789	91	1	8	0.9427680165	0.0004966041943	83.53714662	4.084640112E-06	16.46284929				0.759631276	14.34869855	84.89167018				0	0	0	-398.1487789	0.0004966041943	-108954.022600772	
395.5887789	91	1	8	0.9427954307	0.0004736389984	83.60671843	3.630347831E-06	16.39327793				0.7203730704	14.35549787	84.92412906				0	0	0	-395.5887789	0.0004736389984	-114202.393812854	
393.0287789	91	1	8	0.9428215646	0.0004517225258	83.6771478	3.22166959E-06	16.32284897				0.6828826913	14.3619855	84.95513181				0	0	0	-393.0287789	0.0004517225258	-119628.541017092	
390.4687789	91	1	8	0.9428464773	0.0004307942837	83.74842486	2.854553281E-06	16.25157228				0.6470831083	14.36817523	84.98474166				0	0	0	-390.4687789	0.0004307942837	-125240.523384212	
387.9087789	91	1	8	0.942870224	0.0004107987004	83.82054051	2.525256387E-06	16.17945697				0.6129015184	14.37408008	85.0130184				0	0	0	-387.9087789	0.0004107987004	-131047.046320949	
385.3487789	91	1	8	0.9428928572	0.0003916846281	83.89348634	2.230326403E-06	16.10651143				0.5802690118	14.37971239	85.0400186				0	0	0	-385.3487789	0.0003916846281	-137057.507574956	
382.7887789	91	1	8	0.9429144263	0.0003734049043	83.96725463	1.96658225E-06	16.0327434				0.5491202714	14.38508385	85.06579588				0	0	0	-382.7887789	0.0003734049043	-143282.054212751	
380.2287789	91	1	8	0.9429349781	0.000355915965	84.04183826	1.73109664E-06	15.95816001				0.5193932998	14.39020555	85.09040115				0	0	0	-380.2287789	0.000355915965	-149731.639070856	
377.6687789	91	1	8	0.942954557	0.0003391775003	84.1172307	1.521179346E-06	15.88276778				0.4910291738	14.39508804	85.11388278				0	0	0	-377.6687789	0.0003391775003	-156418.084293143	
375.1087789	91	1	8	0.942973205	0.0003231521494	84.19342595	1.334361332E-06	15.80657271				0.4639718207	14.39974135	85.13628683				0	0	0	-375.1087789	0.0003231521494	-163354.152586701	
372.5487789	91	1	8	0.9429909623	0.0003078052281	84.27041856	1.168379718E-06	15.72958028				0.4381678157	14.40417503	85.15765715				0	0	0	-372.5487789	0.0003078052281	-170553.621827368	
369.9887789	91	1	8	0.9430078667	0.0002931044856	84.34820352	1.021163527E-06	15.65179546				0.413566197	14.4083982	85.17803561				0	0	0	-369.9887789	0.0002931044856	-178031.370864197	
367.4287789	91	1	8	0.9430239547	0.0002790198869	84.42677631	8.908202037E-07	15.5732228				0.3901182982	14.41241955	85.19746215				0	0	0	-367.4287789	0.0002790198869	-185803.471105956	
364.8687789	91	1	8	0.9430392606	0.0002655234173	84.50613285	7.75622854E-07	15.49386638				0.3677775946	14.4162474	85.21597501				0	0	0	-364.8687789	0.0002655234173	-193887.284674186	
362.3087789	91	1	8	0.9430538176	0.0002525889064	84.58626945	6.739981968E-07	15.41372988				0.3464995632	14.4198897	85.23361073				0	0	0	-362.3087789	0.0002525889064	-202301.578559243	
359.7487789	91	1	8	0.943067657	0.0002401918701	84.66718283	5.845151865E-07	15.33281659				0.3262415548	14.42335408	85.25040437				0	0	0	-359.7487789	0.0002401918701	-211066.647018879	
357.1887789	91	1	8	0.9430808091	0.0002283093674	84.74887009	5.058742872E-07	15.2511294				0.3069626763	14.42664781	85.26638951				0	0	0	-357.1887789	0.0002283093674	-220204.445666202	
354.6287789	91	1	8	0.9430933026	0.0002169198712	84.83132869	4.368973728E-07	15.16867087				0.2886236837	14.42977792	85.2815984				0	0	0	-354.6287789	0.0002169198712	-229738.737969083	
352.0687789	91	1	8	0.9431051651	0.0002060031507	84.91455643	3.765182279E-07	15.0854432				0.2711868829	14.43275111	85.29606201				0	0	0	-352.0687789	0.0002060031507	-239695.261909138	
349.5087789	91	1	8	0.9431164232	0.0001955401653	84.99855143	3.237736263E-07	15.00144825				0.2546160397	14.43557385	85.30981011				0	0	0	-349.5087789	0.0001955401653	-250101.908767987	
346.9487789	91	1	8	0.9431271023	0.0001855129673	85.08331215	2.777949637E-07	14.91668757				0.2388762967	14.43825233	85.32287137				0	0	0	-346.9487789	0.0001855129673	-260988.928627316	
344.3887789	91	1	8	0.9431372268	0.0001759046143	85.16883736	2.378004219E-07	14.8311624				0.2239340962	14.44079253	85.33527337				0	0	0	-344.3887789	0.0001759046143	-272389.150948946	
341.8287789	91	1	8	0.94314682	0.0001666990882	85.2551261	2.030876423E-07	14.7448737				0.2097571108	14.4432002	85.34704269				0	0	0	-341.8287789	0.0001666990882	-284338.225014137	
339.2687789	91	1	8	0.9431559046	0.0001578812217	85.34217771	1.730268866E-07	14.65782212				0.1963141778	14.44548087	85.35820495				0	0	0	-339.2687789	0.0001578812217	-296874.904898176	
336.7087789	91	1	8	0.9431645022	0.0001494366313	85.42999182	1.470546627E-07	14.57000803				0.1835752405	14.44763988	85.36878488				0	0	0	-336.7087789	0.0001494366313	-310041.350217881	
334.1487789	91	1	8	0.9431726337	0.0001413516554	85.51856833	1.246677949E-07	14.48143155				0.1715112927	14.44968236	85.37880634				0	0	0	-334.1487789	0.0001413516554	-323883.464592533	
331.5887789	91	1	8	0.9431803193	0.0001336132979	85.60790737	1.054179171E-07	14.39209252				0.1600943286	14.45161329	85.38829238				0	0	0	-331.5887789	0.0001336132979	-338451.271559274	
329.0287789	91	1	8	0.9431875782	0.000126209176	85.69800937	8.890636859E-08	14.30199054				0.1492972961	14.45343745	85.39726526				0	0	0	-329.0287789	0.000126209176	-353799.349848762	
326.4687789	91	1	8	0.9431944293	0.0001191274731	85.78887497	7.477947145E-08	14.21112495				0.1390940541	14.45515945	85.40574649				0	0	0	-326.4687789	0.0001191274731	-369987.299166586	
323.9087789	91	1	8	0.9432008904	0.0001123568944	85.88050508	6.272417039E-08	14.11949485				0.1294593329	14.45678377	85.41375689				0	0	0	-323.9087789	0.0001123568944	-387080.261628423	
321.3487789	91	1	8	0.943206979	0.0001058866267	85.97290085	5.246401493E-08	14.0270991				0.1203686979	14.45831472	85.42131659				0	0	0	-321.3487789	0.0001058866267	-405149.535796631	
318.7887789	91	1	8	0.9432127118	9.970630152E-05	86.06606363	4.375546497E-08	13.93393633				0.111798516	14.45975644	85.42844504				0	0	0	-318.7887789	9.970630152E-05	-424273.227577424	
316.2287789	91	1	8	0.943218105	9.38059605E-05	86.15999503	3.638450113E-08	13.84000493				0.1037259251	14.46111298	85.43516109				0	0	0	-316.2287789	9.38059605E-05	-444537.006663229	
313.6687789	91	1	8	0.9432231742	8.817602429E-05	86.25469688	3.016352137E-08	13.74530309				0.09612880507	14.46238822	85.44148298				0	0	0	-313.6687789	8.817602429E-05	-466034.957815318	
311.1087789	91	1	8	0.9432279346	8.280726343E-05	86.35017122	2.49285065E-08	13.64982875				0.08898575236	14.46358591	85.44742834				0	0	0	-311.1087789	8.280726343E-05	-488870.526543662	
308.5487789	91	1	8	0.9432324006	7.769077177E-05	86.44642031	2.053643724E-08	13.55357967				0.08227605534	14.46470968	85.45301426				0	0	0	-308.5487789	7.769077177E-05	-513157.600703501	
305.9887789	91	1	8	0.9432365864	7.281794197E-05	86.54344662	1.686294608E-08	13.45655337				0.07597967235	14.46576305	85.45825728				0	0	0	-305.9887789	7.281794197E-05	-539021.727738651	
303.4287789	91	1	8	0.9432405054	6.818044303E-05	86.64125282	1.380018818E-08	13.35874716				0.07007721125	14.4667494	85.46317339				0	0	0	-303.4287789	6.818044303E-05	-566601.499612425	
300.8687789	91	1	8	0.9432441708	6.377019973E-05	86.73984182	1.125491557E-08	13.26015817				0.06454991057	14.46767201	85.46777808				0	0	0	-300.8687789	6.377019973E-05	-528437.613285088	
300	91	1	8	0.9432453598	2.068660752E-05	86.77347801	1.049415214E-08	13.22652198				0.0627561581	14.46797129	85.46927255				0	0	0	-300	2.068660752E-05	488107.693915071	
