T	w(AL)	w(MG)	w(SI)	fs	fw(@FCC_A1)	w(AL@FCC_A1)	w(MG@FCC_A1)	w(SI@FCC_A1)	w(AL@LIQUID)	w(MG@LIQUID)	w(SI@LIQUID)	dwdT_L(AL@LIQUID)	dwdT_L(MG@LIQUID)	dwdT_L(SI@LIQUID)	-T	fw(@FCC_A1)_1	-T//fw(@FCC_A1)	
K	%	%	%	mole/mole	kg/kg	%	%	%	%	%	%	SI	SI	SI				
900.9512742	94	2	4	0	0	99.07099125	0.509935819	0.4190729331	94	2	4	0.001859502529	-0.0005463869076	-0.001313115621	-900.9512742	0	13.5951945245129	
900.9412742	94	2	4	0.0003665622267	0.0003666395841	99.07076094	0.5100329937	0.4192060655	93.99814092	2.000546293	4.001312784	0	0	0	-900.9412742	0.0003666395841	40.9542891300585	
900.9212742	94	2	4	0.001099009848	0.0007328263328	99.07030042	0.5102272324	0.4194723466	93.99442146	2.001639171	4.003939373	0	0	0	-900.9212742	0.0007328263328	54.6536815045708	
900.8812742	94	2	4	0.00256091426	0.001463726785	99.06937959	0.5106154932	0.4200049207	93.9869833	2.003824548	4.009192153	0	0	0	-900.8812742	0.001463726785	54.7906289812835	
900.8012742	94	2	4	0.005473493021	0.002920459567	99.06753911	0.5113908263	0.4210700686	93.9721066	2.008194819	4.019698577	0	0	0	-900.8012742	0.002920459567	55.049669786366	
900.6412742	94	2	4	0.01125409906	0.005813125953	99.06386264	0.5129369416	0.4232004145	93.9423517	2.016933441	4.040714855	0	0	0	-900.6412742	0.005813125953	55.6241905700249	
900.3212742	94	2	4	0.02262524814	0.01150325626	99.05652824	0.5160101695	0.4274615946	93.88283721	2.034399919	4.082762869	0	0	0	-900.3212742	0.01150325626	56.8055418629391	
899.6812742	94	2	4	0.04466499554	0.02255519222	99.04193164	0.5220830949	0.4359852656	93.7637862	2.069298017	4.166915786	0	0	0	-899.6812742	0.02255519222	59.1158320318253	
898.4012742	94	2	4	0.08612095392	0.043404272	99.01302285	0.5339399517	0.4530372014	93.52559843	2.138965576	4.335435998	0	0	0	-898.4012742	0.043404272	63.9940643784144	
895.8412742	94	2	4	0.1598515507	0.08069729158	98.95630747	0.5565377566	0.4871547769	93.04888536	2.277872674	4.673241963	0	0	0	-895.8412742	0.08069729158	-574.321582048864	
893.2812742	94	2	4	0.2231803989	0.07539628548	98.90097634	0.577756379	0.5212672833	92.57168046	2.41650755	5.011811992	0	0	0	-893.2812742	0.07539628548	-518.23846742634	
890.7212742	94	2	4	0.2781154397	0.07073567217	98.84697326	0.5976520494	0.5553746932	92.09400508	2.554958866	5.351036056	0	0	0	-890.7212742	0.07073567217	-586.790255046922	
888.1612742	94	2	4	0.3261851622	0.06660675796	98.79424577	0.6162762542	0.5894779759	91.61587751	2.693302797	5.690819688	0	0	0	-888.1612742	0.06660675796	-659.725672471909	
885.6012742	94	2	4	0.3685726036	0.062924059	98.74274457	0.6336765618	0.6235788681	91.13731311	2.831605341	6.031081552	0	0	0	-885.6012742	0.062924059	-737.06847195419	
883.0412742	94	2	4	0.4062070555	0.05961950929	98.69242302	0.6498972692	0.6576797146	90.65832424	2.969924163	6.371751594	0	0	0	-883.0412742	0.05961950929	-818.852285992629	
880.4812742	94	2	4	0.439828158	0.05663824004	98.64323674	0.6649799116	0.6917833437	90.17892039	3.108310047	6.712769561	0	0	0	-880.4812742	0.05663824004	-905.114534092225	
877.9212742	94	2	4	0.4700315889	0.05393552909	98.59514336	0.6789636692	0.72589297	89.69910813	3.246808065	7.054083805	0	0	0	-877.9212742	0.05393552909	-995.896536769687	
875.3612742	94	2	4	0.4973022118	0.05147455879	98.54810219	0.6918856949	0.7600121164	89.2188912	3.385458516	7.395650289	0	0	0	-875.3612742	0.05147455879	-1091.24362603529	
872.8012742	94	2	4	0.5220385113	0.04922474308	98.50207407	0.7037813798	0.7941445523	88.73827055	3.524297688	7.737431767	0	0	0	-872.8012742	0.04922474308	-1191.20527084127	
870.2412742	94	2	4	0.5445708661	0.04716046212	98.45702118	0.7146845723	0.8282942429	88.25724442	3.663358498	8.079397084	0	0	0	-870.2412742	0.04716046212	-1295.83517753989	
867.6812742	94	2	4	0.5651753939	0.04526009309	98.41290693	0.724627758	0.8624653089	87.7758084	3.802671009	8.421520593	0	0	0	-867.6812742	0.04526009309	-1405.19138581374	
865.1212742	94	2	4	0.584084567	0.04350525942	98.3696958	0.7336422097	0.8966619926	87.29395548	3.942262873	8.763781644	0	0	0	-865.1212742	0.04350525942	-1519.33639704386	
862.5612742	94	2	4	0.6014954419	0.04188024313	98.32735326	0.7417581129	0.9308886312	86.81167616	4.082159695	9.106164143	0	0	0	-862.5612742	0.04188024313	-1638.33723593195	
860.0012742	94	2	4	0.6175761038	0.04037152025	98.2858457	0.7490046712	0.9651496336	86.32895848	4.222385345	9.448656175	0	0	0	-860.0012742	0.04037152025	-1762.26560533554	
857.4412742	94	2	4	0.6324707598	0.03896739053	98.24514034	0.7554101962	0.9994494621	85.84578811	4.362962227	9.791249667	0	0	0	-857.4412742	0.03896739053	-1891.19800538103	
854.8812742	94	2	4	0.6463038002	0.03765767958	98.2052052	0.761002183	1.033792617	85.36214841	4.503911501	10.13394009	0	0	0	-854.8812742	0.03765767958	-2025.21583314155	
852.3212742	94	2	4	0.659183062	0.03643349761	98.166009	0.7658073757	1.068183624	84.87802054	4.64525328	10.47672618	0	0	0	-852.3212742	0.03643349761	-2164.4055743612	
849.7612742	94	2	4	0.6712024711	0.03528704257	98.12752116	0.7698518227	1.102627022	84.39338345	4.787006794	10.81960975	0	0	0	-849.7612742	0.03528704257	-2308.85898805481	
847.2012742	94	2	4	0.6824441972	0.03421143844	98.08971172	0.7731609254	1.137127356	83.90821404	4.929190541	11.16259542	0	0	0	-847.2012742	0.03421143844	-2458.67323043729	
844.6412742	94	2	4	0.6929804217	0.0332006015	98.05255135	0.7757594793	1.171689167	83.42248712	5.071822411	11.50569047	0	0	0	-844.6412742	0.0332006015	-2613.95114403865	
842.0812742	94	2	4	0.7028747983	0.03224912925	98.0160113	0.7776717106	1.20631699	82.93617556	5.214919795	11.84890464	0	0	0	-842.0812742	0.03224912925	-2774.80149105301	
839.5212742	94	2	4	0.712183665	0.03135220744	97.98006335	0.7789213074	1.241015343	82.4492503	5.358499684	12.19225001	0	0	0	-839.5212742	0.03135220744	-2941.33918395613	
836.9612742	94	2	4	0.7209570572	0.03050553199	97.94467983	0.7795314477	1.275788726	81.96168041	5.502578752	12.53574083	0	0	0	-836.9612742	0.03050553199	-3113.68569121981	
834.4012742	94	2	4	0.729239557	0.02970524306	97.90983356	0.7795248233	1.310641616	81.47343316	5.647173435	12.87939341	0	0	0	-834.4012742	0.02970524306	-3291.96931373957	
831.8412742	94	2	4	0.7370710102	0.02894786906	97.87549788	0.7789236614	1.345578462	80.98447402	5.792299994	13.22322599	0	0	0	-831.8412742	0.02894786906	-3476.32562795993	
829.2812742	94	2	4	0.7444871335	0.028230279	97.84164657	0.777749743	1.380603685	80.49476677	5.937974579	13.56725865	0	0	0	-829.2812742	0.028230279	-3666.89787131185	
826.7212742	94	2	4	0.7515200306	0.02754964164	97.80825391	0.7760244203	1.415721672	80.0042735	6.084213278	13.91151322	0	0	0	-826.7212742	0.02754964164	-3863.8375693118	
824.1612742	94	2	4	0.7581986344	0.0269033905	97.7752946	0.7737686305	1.450936774	79.51295465	6.231032169	14.25601318	0	0	0	-824.1612742	0.0269033905	-4067.30491003963	
821.6012742	94	2	4	0.7645490849	0.02628919354	97.74274378	0.7710029101	1.486253306	79.02076904	6.37844736	14.6007836	0	0	0	-821.6012742	0.02628919354	-4277.46948893037	
819.0412742	94	2	4	0.7705950556	0.02570492708	97.71057705	0.7677474054	1.521675542	78.52767392	6.526475032	14.94585105	0	0	0	-819.0412742	0.02570492708	-4494.51100834574	
816.4812742	94	2	4	0.7763580347	0.02514865302	97.6787704	0.7640218838	1.557207711	78.03362498	6.675131475	15.29124354	0	0	0	-816.4812742	0.02514865302	-4718.61991266958	
813.9212742	94	2	4	0.7818575698	0.02461859907	97.64730026	0.759845743	1.592854001	77.53857638	6.824433119	15.6369905	0	0	0	-813.9212742	0.02461859907	-4949.9984224011	
811.3612742	94	2	4	0.7871114793	0.02411314145	97.61614343	0.7552380188	1.628618548	77.04248075	6.974396568	15.98312269	0	0	0	-811.3612742	0.02411314145	-5188.86115219752	
808.8012742	94	2	4	0.7921360386	0.02363078968	97.58527717	0.7502173935	1.664505441	76.54528922	7.125038626	16.32967215	0	0	0	-808.8012742	0.02363078968	-5435.43647389442	
806.2412742	94	2	4	0.7969461415	0.02317017331	97.55467908	0.7448022016	1.700518715	76.04695145	7.27637633	16.67667222	0	0	0	-806.2412742	0.02317017331	-5689.96772420456	
803.6812742	94	2	4	0.8015554424	0.02273003014	97.52432721	0.7390104368	1.736662349	75.5474156	7.428426968	17.02415743	0	0	0	-803.6812742	0.02273003014	-5952.71388221774	
801.1212742	94	2	4	0.8059764818	0.02230919579	97.49419998	0.7328597565	1.772940265	75.04662833	7.581208112	17.37216355	0	0	0	-801.1212742	0.02230919579	-6223.95170269083	
798.5612742	94	2	4	0.8102207963	0.02190659458	97.46427619	0.7263674875	1.80935632	74.54453486	7.734737634	17.72072751	0	0	0	-798.5612742	0.02190659458	-6503.97678355713	
796.0012742	94	2	4	0.8142990161	0.02152123126	97.43453506	0.7195506297	1.845914308	74.04107888	7.889033738	18.06988738	0	0	0	-796.0012742	0.02152123126	-6793.10543404661	
793.4412742	94	2	4	0.8182209516	0.02115218381	97.40495619	0.7124258603	1.882617952	73.53620263	8.044114973	18.4196824	0	0	0	-793.4412742	0.02115218381	-7091.676700721	
790.8812742	94	2	4	0.8219956706	0.02079859689	97.37551956	0.7050095375	1.919470902	73.0298468	8.200000262	18.77015294	0	0	0	-790.8812742	0.02079859689	-7400.05396260169	
788.3212742	94	2	4	0.8256315659	0.02045967604	97.34620557	0.6973177032	1.956476728	72.52195059	8.356708925	19.12134048	0	0	0	-788.3212742	0.02045967604	-7718.62822484772	
785.7612742	94	2	4	0.8291364169	0.02013468252	97.316995	0.6893660866	1.993638917	72.01245165	8.514260693	19.47328765	0	0	0	-785.7612742	0.02013468252	-8047.81988827124	
783.2012742	94	2	4	0.8325174444	0.01982292857	97.28786903	0.6811701059	2.030960869	71.50128607	8.672675737	19.8260382	0	0	0	-783.2012742	0.01982292857	-8388.08145984885	
780.6412742	94	2	4	0.8357813586	0.01952377323	97.25880924	0.6727448713	2.068445885	70.98838833	8.831974689	20.17963698	0	0	0	-780.6412742	0.01952377323	-8739.9015897314	
778.0812742	94	2	4	0.8389344041	0.01923661856	97.22979765	0.6641051867	2.106097168	70.47369133	8.992178662	20.53413001	0	0	0	-778.0812742	0.01923661856	-9103.80833051754	
775.5212742	94	2	4	0.8419823983	0.01896090621	97.20081664	0.6552655518	2.14391781	69.95712628	9.153309271	20.88956445	0	0	0	-775.5212742	0.01896090621	-9480.3723828846	
772.9612742	94	2	4	0.8449307678	0.01869611429	97.17184905	0.6462401639	2.181910788	69.43862272	9.315388661	21.24598862	0	0	0	-772.9612742	0.01869611429	-9870.2120399323	
770.4012742	94	2	4	0.8477845801	0.01844175459	97.14287813	0.637042919	2.220078954	68.91810845	9.478439527	21.60345203	0	0	0	-770.4012742	0.01844175459	-10273.9986390691	
767.8412742	94	2	4	0.8505485725	0.01819737003	97.11388756	0.6276874137	2.258425023	68.3955095	9.642485137	21.96200536	0	0	0	-767.8412742	0.01819737003	-10692.4607485467	
765.2812742	94	2	4	0.8532271785	0.0179625323	97.08486148	0.6181869463	2.296951571	67.87075009	9.807549356	22.32170056	0	0	0	-765.2812742	0.0179625323	-11126.3912778991	
762.7212742	94	2	4	0.8558245517	0.01773683979	97.05578447	0.6085545182	2.335661014	67.34375255	9.973656672	22.68259078	0	0	0	-762.7212742	0.01773683979	-11576.6538513459	
760.1612742	94	2	4	0.8583445874	0.01751991561	97.02664156	0.5988028347	2.374555606	66.81443728	10.14083222	23.0447305	0	0	0	-760.1612742	0.01751991561	-12044.1902675446	
757.6012742	94	2	4	0.8607909418	0.01731140585	96.99741828	0.5889443062	2.413637417	66.28272273	10.30910181	23.40817546	0	0	0	-757.6012742	0.01731140585	-12530.0295210701	
755.0412742	94	2	4	0.8631670505	0.01711097794	96.96810062	0.5789910495	2.452908329	65.74852527	10.47849195	23.77298277	0	0	0	-755.0412742	0.01711097794	-13035.296711392	
752.4812742	94	2	4	0.8654761446	0.01691831916	96.9386751	0.5689548881	2.49237001	65.21175919	10.64902988	24.13921093	0	0	0	-752.4812742	0.01691831916	-13561.2246894831	
749.9212742	94	2	4	0.8677212656	0.01673313528	96.90912874	0.558847354	2.532023909	64.6723366	10.82074358	24.50691983	0	0	0	-749.9212742	0.01673313528	-14109.1640368354	
747.3612742	94	2	4	0.8699052787	0.01655514924	96.87944908	0.548679688	2.571871228	64.13016736	10.99366182	24.87617083	0	0	0	-747.3612742	0.01655514924	-14680.5986803142	
744.8012742	94	2	4	0.872030886	0.01638410004	96.84962425	0.538462841	2.61191291	63.58515904	11.16781417	25.24702679	0	0	0	-744.8012742	0.01638410004	-15277.1606799346	
742.2412742	94	2	4	0.8741006371	0.0162197416	96.81964291	0.5282074748	2.652149613	63.03721683	11.34323106	25.61955211	0	0	0	-742.2412742	0.0162197416	-15900.6457369884	
739.6812742	94	2	4	0.8761169402	0.01606184176	96.78949434	0.517923963	2.692581693	62.48624345	11.51994376	25.99381279	0	0	0	-739.6812742	0.01606184176	-16553.0318383064	
737.1212742	94	2	4	0.8780820713	0.01591018129	96.75916844	0.5076223925	2.733209172	61.93213911	11.69798445	26.36987644	0	0	0	-737.1212742	0.01591018129	-17236.5035547408	
734.5612742	94	2	4	0.8799981833	0.01576455306	96.72865572	0.4973125639	2.774031718	61.3748014	11.87738623	26.74781237	0	0	0	-734.5612742	0.01576455306	-17953.4725223236	
732.0012742	94	2	4	0.8818673141	0.01562476111	96.6979474	0.4870039934	2.81504861	60.81412526	12.05818314	27.1276916	0	0	0	-732.0012742	0.01562476111	-18706.6071359891	
729.4412742	94	2	4	0.8836913938	0.01549061994	96.66703538	0.4767059134	2.85625871	60.25000286	12.24041021	27.50958692	0	0	0	-729.4412742	0.01549061994	-19498.8513623395	
726.8812742	94	2	4	0.8854722519	0.01536195354	96.6359123	0.4664272739	2.897660427	59.68232356	12.42410348	27.89357296	0	0	0	-726.8812742	0.01536195354	-20333.4755705129	
724.3212742	94	2	4	0.8872116236	0.01523859495	96.60457158	0.4561767445	2.939251678	59.11097382	12.60930001	28.27972618	0	0	0	-724.3212742	0.01523859495	-21214.1004331283	
721.7612742	94	2	4	0.8889111556	0.01512038524	96.57300744	0.445962715	2.981029849	58.53583716	12.7960379	28.66812494	0	0	0	-721.7612742	0.01512038524	-22144.7304433046	
719.2012742	94	2	4	0.8905724112	0.01500717297	96.54121495	0.4357932974	3.022991749	57.95679409	12.98435636	29.05884955	0	0	0	-719.2012742	0.01500717297	-23129.8103029216	
716.6412742	94	2	4	0.892196876	0.01489881342	96.50919011	0.4256763279	3.065133561	57.37372206	13.17429567	29.45198227	0	0	0	-716.6412742	0.01489881342	-24168.6044883504	
714.0812742	94	2	4	0.8937859567	0.01479512242	96.47692985	0.4156193714	3.107450774	56.78649726	13.36589661	29.84760613	0	0	0	-714.0812742	0.01479512242	-25286.0182829719	
711.5212742	94	2	4	0.895341007	0.01469611377	96.44443215	0.4056297231	3.14993813	56.19498684	13.55920302	30.24581013	0	0	0	-711.5212742	0.01469611377	-26470.4802849207	
708.9612742	94	2	4	0.8968632975	0.0146015	96.41169598	0.3957143939	3.192589621	55.59906116	13.7542578	30.64668103	0	0	0	-708.9612742	0.0146015	-27723.2796153381	
706.4012742	94	2	4	0.8983540451	0.01451122766	96.37872139	0.385880095	3.235398519	54.99858459	13.95110589	31.05030952	0	0	0	-706.4012742	0.01451122766	-29060.8752807075	
703.8412742	94	2	4	0.8998144023	0.01442512141	96.34550994	0.3761333793	3.278356681	54.39342061	14.14979261	31.45678678	0	0	0	-703.8412742	0.01442512141	-30493.879227266	
701.2812742	94	2	4	0.9012454728	0.01434312434	96.31206422	0.366480442	3.321455336	53.78342709	14.35036521	31.8662077	0	0	0	-701.2812742	0.01434312434	-32033.7169344994	
698.7212742	94	2	4	0.9026483048	0.01426509335	96.27838828	0.3569272458	3.364684478	53.16845994	14.5528717	32.27866836	0	0	0	-698.7212742	0.01426509335	-33679.7961237956	
696.1612742	94	2	4	0.9040238964	0.01419091002	96.24448763	0.3474794955	3.408032879	52.54837231	14.75736104	32.69426665	0	0	0	-696.1612742	0.01419091002	-35445.7383800313	
693.6012742	94	2	4	0.9053731976	0.01412045512	96.21036938	0.3381426416	3.451487982	51.92301471	14.96388316	33.11310213	0	0	0	-693.6012742	0.01412045512	-37341.4188832289	
691.0412742	94	2	4	0.9066971123	0.01405360745	96.17604234	0.3289218833	3.495035781	51.2922353	15.17248884	33.53527585	0	0	0	-691.0412742	0.01405360745	-39376.6029513509	
688.4812742	94	2	4	0.9079965005	0.0139902425	96.14151714	0.3198221718	3.538660693	50.65588022	15.38322958	33.96089021	0	0	0	-688.4812742	0.0139902425	-41560.3913242208	
685.9212742	94	2	4	0.9092721796	0.01393023106	96.10680637	0.3108482141	3.582345416	50.0137939	15.59615749	34.39004861	0	0	0	-685.9212742	0.01393023106	-43900.3681643705	
683.3612742	94	2	4	0.9105249259	0.0138734376	96.07192475	0.302004476	3.626070775	49.36581967	15.8113251	34.82285524	0	0	0	-683.3612742	0.0138734376	-46401.3496016312	
680.8012742	94	2	4	0.9117554759	0.01381971852	96.03688926	0.2932951865	3.66981555	48.71180025	16.02878516	35.25941459	0	0	0	-680.8012742	0.01381971852	-49059.9773794508	
678.2412742	94	2	4	0.9129645434	0.01376891322	96.00171708	0.2847241394	3.713558784	48.05158031	16.24858471	35.69983498	0	0	0	-678.2412742	0.01376891322	-51787.2909259006	
675.6812742	94	2	4	0.9141527575	0.01372071532	95.96643365	0.276295319	3.75727103	47.38501017	16.47077901	36.14421082	0	0	0	-675.6812742	0.01372071532	-54760.9248725255	
673.1212742	94	2	4	0.9153207544	0.01367525589	95.93106281	0.2680122607	3.800924929	46.71192804	16.69542233	36.59264963	0	0	0	-673.1212742	0.01367525589	-57908.3760340434	
670.5612742	94	2	4	0.9164691188	0.01363217237	95.89563262	0.2598782859	3.844489093	46.03218341	16.92256515	37.04525144	0	0	0	-670.5612742	0.01363217237	-61025.599767301	
668.0012742	94	2	4	0.9175983981	0.01359124597	95.86017449	0.2518964997	3.887929007	45.34563067	17.15225624	37.50211308	0	0	0	-668.0012742	0.01359124597	-64122.3702379625	
665.4412742	94	2	4	0.9187091025	0.01355223345	95.82472344	0.2440697945	3.931206762	44.65213091	17.38454208	37.96332702	0	0	0	-665.4412742	0.01355223345	-67092.9211017667	
662.8812742	94	2	4	0.9198017047	0.0135148633	95.78931838	0.2364008534	3.97428077	43.95155404	17.619466	38.42897996	0	0	0	-662.8812742	0.0135148633	-69800.5759631351	
660.3212742	94	2	4	0.9208766392	0.01347883274	95.7540024	0.2288921564	4.01710544	43.24378117	17.85706752	38.8991513	0	0	0	-660.3212742	0.01347883274	-72078.2182761214	
657.7612742	94	2	4	0.9219343017	0.01344380127	95.71882314	0.2215459818	4.059630873	42.52870759	18.09738117	39.37391125	0	0	0	-657.7612742	0.01344380127	-73738.2724998965	
655.2012742	94	2	4	0.9229750476	0.013409387	95.68383306	0.2143644097	4.101802525	41.80624598	18.34043538	39.85331864	0	0	0	-655.2012742	0.013409387	-74592.7167570588	
652.6412742	94	2	4	0.9239991914	0.01337516083	95.64908981	0.2073493246	4.143560864	41.0763303	18.58625117	40.33741853	0	0	0	-652.6412742	0.01337516083	-74480.3216673877	
650.0812742	94	2	4	0.9250070043	0.01334064151	95.6146567	0.2005024298	4.184840867	40.33892008	18.83484065	40.82623927	0	0	0	-650.0812742	0.01334064151	-73294.7212835661	
647.5212742	94	2	4	0.9259987129	0.01330528585	95.5806026	0.1938252028	4.225572194	39.59400573	19.08620508	41.31978919	0	0	0	-647.5212742	0.01330528585	-71021.9388734496	
644.9612742	94	2	4	0.9269744972	0.01326849395	95.54700291	0.1873189608	4.265678134	38.84161357	19.34033321	41.81805322	0	0	0	-644.9612742	0.01326849395	-67745.154797194	
642.4012742	94	2	4	0.9279344885	0.01322959081	95.51393943	0.1809848169	4.30507575	38.08181249	19.59719889	42.32098862	0	0	0	-642.4012742	0.01322959081	-63631.6074114458	
639.8412742	94	2	4	0.9288787672	0.01318782834	95.4815008	0.174823687	4.343675509	37.31472085	19.85675868	42.82852046	0	0	0	-639.8412742	0.01318782834	-58918.3315244555	
637.2812742	94	2	4	0.9298073605	0.01314237983	95.44978265	0.168836286	4.381381068	36.54051398	20.11894927	43.34053674	0	0	0	-637.2812742	0.01314237983	-53866.7888106484	
634.7212742	94	2	4	0.9307202402	0.01309233821	95.41888772	0.1630231191	4.418089165	35.75943244	20.38368452	43.85688304	0	0	0	-634.7212742	0.01309233821	-48726.4309057644	
632.1612742	94	2	4	0.931617321	0.01303671544	95.3889259	0.1573844728	4.453689624	34.97179062	20.65085252	44.37735686	0	0	0	-632.1612742	0.01303671544	-43706.3164408853	
629.6012742	94	2	4	0.9324984593	0.01297444546	95.3600141	0.1519204019	4.488065496	34.17798573	20.92031241	44.90170186	0	0	0	-629.6012742	0.01297444546	-38960.4973966152	
627.0412742	94	2	4	0.9333634514	0.01290438652	95.33227579	0.1466307085	4.521093504	33.3785073	21.19189105	45.42960166	0	0	0	-627.0412742	0.01290438652	-34591.0703510763	
624.4812742	94	2	4	0.9342120355	0.01282535409	95.30584088	0.1415149479	4.552644176	32.57394415	21.4653807	45.96067516	0	0	0	-624.4812742	0.01282535409	-30649.3514231508	
621.9212742	94	2	4	0.9350438907	0.01273609807	95.28084427	0.1365723662	4.582583362	31.76499432	21.74053547	46.49447021	0	0	0	-621.9212742	0.01273609807	-27146.2001366448	
619.3612742	94	2	4	0.9358586412	0.01263536389	95.25742522	0.1318019052	4.610772874	30.95247068	22.01706938	47.03045994	0	0	0	-619.3612742	0.01263536389	-24075.5580826185	
616.8012742	94	2	4	0.936655862	0.01252193441	95.23572555	0.1272021574	4.637072291	30.13730349	22.29465563	47.56804089	0	0	0	-616.8012742	0.01252193441	-21403.4293967762	
614.2412742	94	2	4	0.9374350783	0.01239453448	95.21588873	0.1227713827	4.661339886	29.32055084	22.57292265	48.10652651	0	0	0	-614.2412742	0.01239453448	-19095.2536861186	
611.6812742	94	2	4	0.9381957849	0.01225214428	95.19805658	0.1185074177	4.683435999	28.503386	22.85145878	48.64515522	0	0	0	-611.6812742	0.01225214428	-17120.495149941	
609.1212742	94	2	4	0.9389374499	0.01209378706	95.1823676	0.1144076909	4.703224706	27.68709905	23.12981167	49.18308928	0	0	0	-609.1212742	0.01209378706	-15432.8096777417	
606.5612742	94	2	4	0.9396595301	0.01191871119	95.1689541	0.1104691923	4.720576706	26.87308544	23.40749229	49.71942227	0	0	0	-606.5612742	0.01191871119	-13998.2953230365	
604.0012742	94	2	4	0.9403614859	0.01172641793	95.15793937	0.1066884597	4.735372175	26.06283125	23.68398008	50.25318867	0	0	0	-604.0012742	0.01172641793	-12784.1821276372	
601.4412742	94	2	4	0.9410427983	0.01151671035	95.14943475	0.1030615729	4.747503677	25.25789351	23.95872982	50.78337666	0	0	0	-601.4412742	0.01151671035	-11761.4368803328	
598.8812742	94	2	4	0.9417029866	0.01128973318	95.14353687	0.09958415988	4.756878969	24.45987589	24.23118018	51.30894394	0	0	0	-598.8812742	0.01128973318	-10904.7612214174	
596.3212742	94	2	4	0.9423416262	0.01104599912	95.14032504	0.09625141502	4.763423546	23.67040055	24.50076346	51.82883599	0	0	0	-596.3212742	0.01104599912	-10192.3822221001	
593.7612742	94	2	4	0.9429583657	0.01078639782	95.1398591	0.09305813186	4.767082771	22.89107738	24.76691642	52.3420062	0	0	0	-593.7612742	0.01078639782	-9605.73491416575	
591.2012742	94	2	4	0.9435529419	0.0105121849	95.14217781	0.08999874901	4.767823439	22.12347192	25.02909139	52.84743669	0	0	0	-591.2012742	0.0105121849	-9129.10240354473	
588.6412742	94	2	4	0.9441251921	0.01022495038	95.14729792	0.08706740904	4.765634674	21.36907383	25.28676728	53.34415888	0	0	0	-588.6412742	0.01022495038	-8749.25664629492	
586.0812742	94	2	4	0.9446750632	0.009926568063	95.15521389	0.08425802785	4.760528086	20.62926764	25.5394598	53.83127255	0	0	0	-586.0812742	0.009926568063	-8455.11945632412	
583.5212742	94	2	4	0.9452026162	0.00961912939	95.16589844	0.08156437157	4.752537191	19.9053072	25.78673031	54.30796249	0	0	0	-583.5212742	0.00961912939	-8237.45939087552	
580.9612742	94	2	4	0.9457080269	0.009304867444	95.17930372	0.07898013718	4.741716138	19.1982953	26.02819289	54.77351181	0	0	0	-580.9612742	0.009304867444	-8088.13340275409	
578.4012742	94	2	4	0.9461915807	0.008986037312	95.19536341	0.0764990416	4.728137551	18.50917027	26.26351937	55.22731036	0	0	0	-578.4012742	0.008986037312	-8002.19590922027	
575.8412742	94	2	4	0.9466536734	0.008665028228	95.21399381	0.07411486538	4.711891322	17.83869335	26.49244237	55.66886428	0	0	0	-575.8412742	0.008665028228	-7973.49828492528	
573.2812742	94	2	4	0.947094789	0.008343910091	95.23509817	0.07182157356	4.693080261	17.18745363	26.71475552	56.09779085	0	0	0	-573.2812742	0.008343910091	-7996.79801934964	
570.7212742	94	2	4	0.9475154959	0.00802475987	95.2585682	0.06961334158	4.671818463	16.55586675	26.93031257	56.51382068	0	0	0	-570.7212742	0.00802475987	-8070.06089211381	
568.1612742	94	2	4	0.9479164311	0.007709420527	95.28428717	0.06748461396	4.648228214	15.94418453	27.13902437	56.9167911	0	0	0	-568.1612742	0.007709420527	-8189.96745205689	
565.6012742	94	2	4	0.9482982863	0.007399510478	95.31213254	0.06543014222	4.622437322	15.35250705	27.34085465	57.3066383	0	0	0	-565.6012742	0.007399510478	-8354.24608830845	
563.0412742	94	2	4	0.9486617938	0.007096407372	95.34197833	0.06344501133	4.594576655	14.7807973	27.53581489	57.68338781	0	0	0	-563.0412742	0.007096407372	-8561.08487521762	
560.4812742	94	2	4	0.9490077134	0.006801244693	95.37369738	0.06152465526	4.564777967	14.22889746	27.72395864	58.04714391	0	0	0	-560.4812742	0.006801244693	-8809.05557833644	
557.9212742	94	2	4	0.9493368205	0.006514918772	95.4071631	0.05966486282	4.533172038	13.69654579	27.90537564	58.39807857	0	0	0	-557.9212742	0.006514918772	-9097.04854266923	
555.3612742	94	2	4	0.9496498949	0.006238103628	95.44225109	0.05786177536	4.499887138	13.18339342	28.08018601	58.73642057	0	0	0	-555.3612742	0.006238103628	-9424.21826345401	
552.8012742	94	2	4	0.9499477121	0.005971271149	95.4788403	0.05611187767	4.465047818	12.68902041	28.24853457	59.06244502	0	0	0	-552.8012742	0.005971271149	-9789.93802210683	
550.2412742	94	2	4	0.9502310354	0.005714714353	95.51681403	0.0544119839	4.428773986	12.21295059	28.41058576	59.37646366	0	0	0	-550.2412742	0.005714714353	-10193.7619600024	
547.6812742	94	2	4	0.9505006097	0.005468571874	95.55606053	0.05275921957	4.391180253	11.75466508	28.56651887	59.67881605	0	0	0	-547.6812742	0.005468571874	-10635.3937106332	
545.1212742	94	2	4	0.9507571572	0.005232852243	95.5964735	0.05115100129	4.352375502	11.31361426	28.71652392	59.96986181	0	0	0	-545.1212742	0.005232852243	-11114.6601759209	
542.5612742	94	2	4	0.9510013732	0.005007456925	95.63795233	0.04958501495	4.312462651	10.88922806	28.86079807	60.24997387	0	0	0	-542.5612742	0.005007456925	-11631.4900738131	
540.0012742	94	2	4	0.9512339243	0.004792201472	95.68040224	0.04805919336	4.271538565	10.48092481	28.99954252	60.51953267	0	0	0	-540.0012742	0.004792201472	-12185.8961536459	
537.4412742	94	2	4	0.9514554461	0.004586834396	95.7237342	0.046571694	4.229694101	10.08811866	29.13295993	60.77892141	0	0	0	-537.4412742	0.004586834396	-12777.9605191505	
534.8812742	94	2	4	0.9516665432	0.004391053639	95.76786489	0.04512087745	4.187014232	9.710225585	29.26125239	61.02852203	0	0	0	-534.8812742	0.004391053639	-13407.8225968999	
532.3212742	94	2	4	0.9518677885	0.004204520643	95.81271646	0.04370528663	4.143578252	9.346668319	29.3846196	61.26871208	0	0	0	-532.3212742	0.004204520643	-14075.6696519562	
529.7612742	94	2	4	0.9520597234	0.00402687217	95.85821635	0.04232362739	4.09946002	8.996880207	29.50325765	61.49986214	0	0	0	-529.7612742	0.00402687217	-14781.728748644	
527.2012742	94	2	4	0.9522428588	0.003857730035	95.904297	0.04097475031	4.054728245	8.660308187	29.61735788	61.72233393	0	0	0	-527.2012742	0.003857730035	-15526.2602854838	
524.6412742	94	2	4	0.9524176761	0.003696709007	95.95089559	0.03965763401	4.009446777	8.336415019	29.72710618	61.93647881	0	0	0	-524.6412742	0.003696709007	-16309.5533216526	
522.0812742	94	2	4	0.9525846278	0.003543423102	95.99795371	0.03837136981	3.963674921	8.024680882	29.83268237	62.14263675	0	0	0	-522.0812742	0.003543423102	-17131.9213389382	
519.5212742	94	2	4	0.9527441392	0.003397490496	96.04541712	0.03711514779	3.917467734	7.724604455	29.93425989	62.34113565	0	0	0	-519.5212742	0.003397490496	-17993.6994505826	
516.9612742	94	2	4	0.9528966095	0.003258537288	96.09323542	0.0358882442	3.870876331	7.435703566	30.03200553	62.5322909	0	0	0	-516.9612742	0.003258537288	-18895.2423561553	
514.4012742	94	2	4	0.9530424135	0.003126200295	96.14136182	0.03469001013	3.82394817	7.1575155	30.12607934	62.71640516	0	0	0	-514.4012742	0.003126200295	-19836.9223748616	
511.8412742	94	2	4	0.9531819025	0.003000129055	96.18975281	0.03351986134	3.776727333	6.889597032	30.2166346	62.89376837	0	0	0	-511.8412742	0.003000129055	-20819.1286824975	
509.2812742	94	2	4	0.9533154061	0.002879987195	96.23836795	0.03237726919	3.729254783	6.631524243	30.30381791	63.06465785	0	0	0	-509.2812742	0.002879987195	-21842.2672487323	
506.7212742	94	2	4	0.9534432335	0.002765453286	96.28716963	0.03126175257	3.681568612	6.382892174	30.38776929	63.22933854	0	0	0	-506.7212742	0.002765453286	-22906.7601036101	
504.1612742	94	2	4	0.9535656745	0.002656221285	96.33612286	0.03017287069	3.633704273	6.143314352	30.46862236	63.38806329	0	0	0	-504.1612742	0.002656221285	-24013.0461828041	
501.6012742	94	2	4	0.9536830009	0.002552000673	96.38519499	0.02911021681	3.585694791	5.912422225	30.54650452	63.54107326	0	0	0	-501.6012742	0.002552000673	-25161.5818732639	
499.0412742	94	2	4	0.9537954678	0.002452516339	96.43435563	0.02807341256	3.53757096	5.689864531	30.62153718	63.68859829	0	0	0	-499.0412742	0.002452516339	-26352.8419782067	
496.4812742	94	2	4	0.9539033146	0.002357508291	96.48357637	0.02706210306	3.489361529	5.475306626	30.69383598	63.83085739	0	0	0	-496.4812742	0.002357508291	-27587.3205969879	
493.9212742	94	2	4	0.9540067661	0.002266731223	96.53283068	0.02607595256	3.441093371	5.268429787	30.76351107	63.96805915	0	0	0	-493.9212742	0.002266731223	-28865.5334480026	
491.3612742	94	2	4	0.9541060334	0.002179954001	96.58209373	0.02511464067	3.392791632	5.068930502	30.83066728	64.10040222	0	0	0	-491.3612742	0.002179954001	-30188.0188358766	
488.8012742	94	2	4	0.954201315	0.002096959068	96.63134226	0.02417785901	3.344479881	4.876519761	30.89540445	64.22807579	0	0	0	-488.8012742	0.002096959068	-31555.339600171	
486.2412742	94	2	4	0.9542927974	0.002017541824	96.68055446	0.02326530837	3.296180234	4.690922353	30.95781763	64.35126001	0	0	0	-486.2412742	0.002017541824	-32968.0859029389	
483.6812742	94	2	4	0.9543806562	0.001941509976	96.72970983	0.02237669616	3.247913477	4.511876179	31.01799732	64.4701265	0	0	0	-483.6812742	0.001941509976	-34426.8769502154	
481.1212742	94	2	4	0.9544650567	0.001868682886	96.77878909	0.0215117343	3.199699173	4.339131583	31.07602971	64.58483871	0	0	0	-481.1212742	0.001868682886	-35932.363678691	
478.5612742	94	2	4	0.9545461546	0.001798890921	96.8277741	0.02067013731	3.151555764	4.172450707	31.13199689	64.6955524	0	0	0	-478.5612742	0.001798890921	-37485.2317211175	
476.0012742	94	2	4	0.9546240967	0.001731974819	96.87664772	0.01985162077	3.103500658	4.011606864	31.18597709	64.80241604	0	0	0	-476.0012742	0.001731974819	-39086.2046776922	
473.4412742	94	2	4	0.9546990215	0.001667785072	96.92539378	0.01905589994	3.055550319	3.856383948	31.23804488	64.90557117	0	0	0	-473.4412742	0.001667785072	-40736.0458700541	
470.8812742	94	2	4	0.9547710598	0.001606181329	96.97399697	0.01828268866	3.007720338	3.70657586	31.28827133	65.0051528	0	0	0	-470.8812742	0.001606181329	-42435.5638186209	
468.3212742	94	2	4	0.9548403349	0.001547031834	97.0224428	0.01753169835	2.960025504	3.561985969	31.33672427	65.10128976	0	0	0	-468.3212742	0.001547031834	-44185.6140527415	
465.7612742	94	2	4	0.9549069637	0.001490212878	97.0707175	0.01680263731	2.912479867	3.422426593	31.3834684	65.194105	0	0	0	-465.7612742	0.001490212878	-45987.1032135236	
463.2012742	94	2	4	0.9549710566	0.001435608292	97.11880799	0.01609521003	2.865096799	3.287718514	31.42856549	65.28371599	0	0	0	-463.2012742	0.001435608292	-47840.9950865097	
460.6412742	94	2	4	0.9550327181	0.001383108962	97.16670184	0.01540911674	2.817889043	3.15769051	31.47207455	65.37023494	0	0	0	-460.6412742	0.001383108962	-49748.3121311347	
458.0812742	94	2	4	0.9550920472	0.001332612371	97.21438718	0.01474405304	2.770868765	3.032178925	31.51405195	65.45376913	0	0	0	-458.0812742	0.001332612371	-51710.1408952724	
455.5212742	94	2	4	0.9551491379	0.001284022172	97.26185269	0.0140997096	2.724047597	2.911027247	31.55455159	65.53442116	0	0	0	-455.5212742	0.001284022172	-53727.6393840524	
452.9612742	94	2	4	0.9552040793	0.001237247789	97.30908755	0.01347577199	2.677436675	2.794085724	31.59362504	65.61228924	0	0	0	-452.9612742	0.001237247789	-55802.0389222265	
450.4012742	94	2	4	0.9552569558	0.001192204036	97.3560814	0.01287192064	2.631046683	2.68121099	31.63132163	65.68746738	0	0	0	-450.4012742	0.001192204036	-57934.6498660555	
447.8412742	94	2	4	0.955307848	0.001148810768	97.40282429	0.01228783074	2.58488788	2.572265723	31.66768863	65.76004565	0	0	0	-447.8412742	0.001148810768	-60126.8719044607	
445.2812742	94	2	4	0.9553568321	0.001106992555	97.44930669	0.01172317236	2.538970133	2.467118316	31.70277129	65.83011039	0	0	0	-445.2812742	0.001106992555	-62380.1934953218	
442.7212742	94	2	4	0.9554039809	0.001066678368	97.49551944	0.01117761051	2.493302949	2.365642568	31.73661302	65.89774442	0	0	0	-442.7212742	0.001066678368	-64696.2031029479	
440.1612742	94	2	4	0.9554493636	0.001027801301	97.5414537	0.01065080528	2.447895496	2.267717393	31.76925542	65.96302719	0	0	0	-440.1612742	0.001027801301	-67076.5973081404	
437.6012742	94	2	4	0.9554930462	0.0009902982996	97.58710096	0.01014241209	2.402756628	2.173226549	31.80073844	66.02603501	0	0	0	-437.6012742	0.0009902982996	-69523.183779262	
435.0412742	94	2	4	0.9555350916	0.0009541099134	97.63245301	0.009652081871	2.357894912	2.08205838	31.83110043	66.08684119	0	0	0	-435.0412742	0.0009541099134	-72037.8925255287	
432.4812742	94	2	4	0.9555755597	0.0009191800643	97.6775019	0.009179461353	2.313318638	1.994105573	31.86037823	66.1455162	0	0	0	-432.4812742	0.0009191800643	-74622.783648163	
429.9212742	94	2	4	0.955614508	0.0008854558305	97.72223996	0.008724193364	2.269035847	1.90926493	31.88860725	66.20212782	0	0	0	-429.9212742	0.0008854558305	-77280.057087037	
427.3612742	94	2	4	0.955651991	0.0008528872458	97.76665974	0.008285917144	2.225054341	1.827437153	31.91582156	66.25674128	0	0	0	-427.3612742	0.0008528872458	-80012.0613874093	
424.8012742	94	2	4	0.9556880613	0.0008214271112	97.81075403	0.007864268685	2.181381701	1.748526643	31.94205394	66.30941942	0	0	0	-424.8012742	0.0008214271112	-82821.304723368	
422.2412742	94	2	4	0.9557227689	0.000791030821	97.85451582	0.007458881097	2.138025301	1.67244131	31.96733594	66.36022275	0	0	0	-422.2412742	0.000791030821	-85710.4668618851	
419.6812742	94	2	4	0.9557561618	0.0007616561997	97.8979383	0.007069384974	2.094992319	1.599092392	31.99169796	66.40920965	0	0	0	-419.6812742	0.0007616561997	-88682.4096293784	
417.1212742	94	2	4	0.9557882859	0.0007332633497	97.94101484	0.006695408782	2.052289751	1.528394286	32.01516933	66.45643639	0	0	0	-417.1212742	0.0007332633497	-91740.1910872076	
414.5612742	94	2	4	0.9558191853	0.0007058145103	97.983739	0.006336579254	2.009924416	1.46026439	32.03777829	66.50195732	0	0	0	-414.5612742	0.0007058145103	-94887.0791192467	
412.0012742	94	2	4	0.9558489023	0.000679273925	98.02610451	0.00599252179	1.967902973	1.394622954	32.05955214	66.54582491	0	0	0	-412.0012742	0.000679273925	-98126.5657230212	
409.4412742	94	2	4	0.9558774776	0.0006536077183	98.06810522	0.005662860861	1.926231924	1.331392937	32.0805172	66.58808987	0	0	0	-409.4412742	0.0006536077183	-101462.384062943	
406.8812742	94	2	4	0.95590495	0.0006287837806	98.10973516	0.005347220423	1.884917623	1.270499874	32.10069891	66.62880122	0	0	0	-406.8812742	0.0006287837806	-104898.525438621	
404.3212742	94	2	4	0.9559313572	0.0006047716605	98.15098849	0.005045224317	1.843966283	1.211871753	32.12012186	66.66800638	0	0	0	-404.3212742	0.0006047716605	-108439.256831615	
401.7612742	94	2	4	0.9559567351	0.0005815424638	98.19185952	0.004756496689	1.803383984	1.155438895	32.13880983	66.70575127	0	0	0	-401.7612742	0.0005815424638	-112089.142811649	
399.2012742	94	2	4	0.9559811184	0.0005590687601	98.23234266	0.004480662386	1.763176675	1.10113384	32.15678583	66.74208033	0	0	0	-399.2012742	0.0005590687601	-115853.066521388	
396.6412742	94	2	4	0.9560045408	0.0005373244941	98.27243247	0.004217347367	1.72335018	1.048891248	32.17407211	66.77703664	0	0	0	-396.6412742	0.0005373244941	-119736.251790136	
394.0812742	94	2	4	0.9560270342	0.0005162849032	98.31212362	0.003966179095	1.683910205	0.9986477936	32.19069026	66.81066195	0	0	0	-394.0812742	0.0005162849032	-123744.291360259	
391.5212742	94	2	4	0.9560486299	0.0004959264407	98.35141088	0.003726786935	1.644862338	0.9503420785	32.20666116	66.84299676	0	0	0	-391.5212742	0.0004959264407	-127883.171709667	
388.9612742	94	2	4	0.9560693577	0.0004762267025	98.39028915	0.00349880253	1.606212052	0.9039145388	32.22200509	66.87408037	0	0	0	-388.9612742	0.0004762267025	-132159.304917825	
386.4012742	94	2	4	0.9560892468	0.0004571643601	98.42875343	0.003281860187	1.567964712	0.8593073641	32.23674168	66.90395096	0	0	0	-386.4012742	0.0004571643601	-136579.5600173	
383.8412742	94	2	4	0.9561083249	0.0004387190958	98.46679883	0.003075597235	1.530125572	0.8164644192	32.25089	66.93264558	0	0	0	-383.8412742	0.0004387190958	-141151.299071417	
381.2812742	94	2	4	0.9561266191	0.0004208715437	98.50442057	0.002879654391	1.492699778	0.7753311698	32.26446857	66.96020026	0	0	0	-381.2812742	0.0004208715437	-145882.415327291	
378.7212742	94	2	4	0.9561441557	0.0004036032325	98.54161395	0.002693676097	1.455692372	0.7358546136	32.27749537	66.98665002	0	0	0	-378.7212742	0.0004036032325	-150781.370806013	
376.1612742	94	2	4	0.9561609598	0.0003868965323	98.5783744	0.002517310861	1.41910829	0.6979832144	32.28998785	67.01202893	0	0	0	-376.1612742	0.0003868965323	-155857.241906563	
373.6012742	94	2	4	0.956177056	0.0003707346042	98.61469743	0.002350211579	1.382952362	0.6616668408	32.301963	67.03637016	0	0	0	-373.6012742	0.0003707346042	-161119.776318351	
371.0412742	94	2	4	0.9561924679	0.0003551013546	98.65057865	0.002192035839	1.347229313	0.6268567077	32.31343733	67.05970597	0	0	0	-371.0412742	0.0003551013546	-166579.461518717	
368.4812742	94	2	4	0.9562072187	0.0003399813928	98.68601379	0.002042446223	1.311943764	0.5935053216	32.32442689	67.08206779	0	0	0	-368.4812742	0.0003399813928	-172247.562726064	
365.9212742	94	2	4	0.9562213304	0.0003253599861	98.72099866	0.001901110586	1.277100229	0.5615664295	32.33494732	67.10348625	0	0	0	-365.9212742	0.0003253599861	-178136.171894457	
363.3612742	94	2	4	0.9562348248	0.0003112230195	98.75552918	0.001767702322	1.242703113	0.53099497	32.34501382	67.12399121	0	0	0	-363.3612742	0.0003112230195	-184461.189972255	
360.8012742	94	2	4	0.9562477229	0.0002975855125	98.7896014	0.001641900621	1.208756699	0.5017470341	32.35464125	67.14361172	0	0	0	-360.8012742	0.0002975855125	-190820.018484987	
358.2412742	94	2	4	0.9562600449	0.0002843777009	98.82321138	0.001523390648	1.17526523	0.473779855	32.36384398	67.16237617	0	0	0	-358.2412742	0.0002843777009	-197275.245539346	
355.6812742	94	2	4	0.9562718107	0.0002716165653	98.85635542	0.001411863999	1.142232713	0.4470515727	32.37263611	67.18031232	0	0	0	-355.6812742	0.0002716165653	-204192.263896295	
353.1212742	94	2	4	0.9562830395	0.0002592883573	98.88902984	0.001307018532	1.109663137	0.4215215289	32.38103133	67.19744714	0	0	0	-353.1212742	0.0002592883573	-211398.312387278	
350.5612742	94	2	4	0.9562937499	0.0002473821878	98.9212311	0.001208558828	1.077560344	0.3971499928	32.38904299	67.21380702	0	0	0	-350.5612742	0.0002473821878	-197569.769391473	
349.2812742	94	2	4	0.9562989169	0.0001193638963	98.93715328	0.001161633327	1.061685084	0.3853864923	32.39290939	67.22170412	0	0	0	-349.2812742	0.0001193638963	-444229.027484938	
348.0012742	94	2	4	0.956303961	0.0001165432487	98.95295588	0.001116196545	1.045927923	0.3738981806	32.39668474	67.22941708	0	0	0	-348.0012742	0.0001165432487	-433685.673980706	
347.3612742	94	2	4	0.9563064378	5.722995173E-05	98.96081223	0.00109402553	1.03809374	0.3682557357	32.39853884	67.23320542	0	0	0	-347.3612742	5.722995173E-05	-882356.035111214	
346.7212742	94	2	4	0.9563088847	5.651317692E-05	98.96863853	0.001072213595	1.030289258	0.3626803254	32.40037076	67.23694891	0	0	0	-346.7212742	5.651317692E-05	-871231.752650791	
346.4012742	94	2	4	0.956310097	2.805008726E-05	98.97254041	0.001061440968	1.026398153	0.3599175756	32.40127851	67.23880392	0	0	0	-346.4012742	2.805008726E-05	-11317.6947370407	
346.2412742	94	2	4	0.9563107004	1.395919951E-05	98.97448852	0.001056087753	1.02445539	0.3585424078	32.40173033	67.23972726	0	0	0	-346.2412742	1.395919951E-05	-11408.4782530334	
346.1612742	94	2	4	0.9563110015	6.96319676E-06	98.97546187	0.00105341939	1.023484706	0.3578563719	32.40195573	67.2401879	0	0	0	-346.1612742	6.96319676E-06	-4435537.76907928	
346.0812742	94	2	4	0.956311302	6.945206757E-06	98.97643475	0.001050756508	1.02251449	0.3571713667	32.40218078	67.24064785	0	0	0	-346.0812742	6.945206757E-06	-4424057.28418386	
346.0412742	94	2	4	0.9563114521	3.472228781E-06	98.97692102	0.001049427123	1.022029555	0.35682925	32.40229319	67.24087756	0	0	0	-346.0412742	3.472228781E-06	-11517.4931359889	
346.0012742	94	2	4	0.9563116021	3.46614316E-06	98.97740716	0.001048099105	1.021544738	0.3564873906	32.4024055	67.24110711	0	0	0	-346.0012742	3.46614316E-06	-11517.5891150008	
345.9812742	94	2	4	0.9563116771	1.733778139E-06	98.97765021	0.001047435639	1.021302356	0.3563165573	32.40246163	67.24122181	0	0	0	-345.9812742	1.733778139E-06	-11212.0948799879	
345.9712742	94	2	4	0.9563117145	8.278206387E-07	98.9777717	0.001047104001	1.021181195	0.3562311644	32.40248967	67.24127916	0	0	0	-345.9712742	8.278206387E-07	265007.622282238	
345.9612742	94	2	4	0.956311752	8.67352216E-07	98.9778932	0.001046772466	1.021060031	0.3561457879	32.40251772	67.24133649	0	0	0	-345.9612742	8.67352216E-07	252962.33246911	
345.9512742	94	2	4	0.9563117894	8.65452006E-07	98.97801469	0.001046441017	1.020938874	0.3560604275	32.40254577	67.24139381	0	0	0	-345.9512742	8.65452006E-07	11280.9610955991	
345.9412742	94	2	4	0.9563118269	8.653633099E-07	98.97813617	0.001046109653	1.020817724	0.3559750831	32.40257381	67.24145111	0	0	0	-345.9412742	8.653633099E-07	0	
345.9312742	94	2	4	0.9563118643	8.651954075E-07	98.97825764	0.001045778374	1.020696582	0.3558897548	32.40260184	67.24150841	0	0	0	-345.9312742	8.651954075E-07	0	
345.9212742	94	2	4	0.9563119017	8.650309942E-07	98.97837911	0.001045447181	1.020575447	0.3558044426	32.40262987	67.24156569	0	0	0	-345.9212742	8.650309942E-07	0	
345.9112742	94	2	4	0.9563119392	8.648664524E-07	98.97850057	0.001045116073	1.020454319	0.3557191464	32.40265789	67.24162296	0	0	0	-345.9112742	8.648664524E-07	0	
345.9012742	94	2	4	0.9563119766	8.647019402E-07	98.97862202	0.00104478505	1.020333198	0.3556338662	32.40268591	67.24168022	0	0	0	-345.9012742	8.647019402E-07	0	
345.8912742	94	2	4	0.956312014	8.645374508E-07	98.97874346	0.001044454113	1.020212085	0.3555486021	32.40271392	67.24173748	0	0	0	-345.8912742	8.645374508E-07	0	
345.8812742	94	2	4	0.9563120514	8.643729845E-07	98.9788649	0.001044123261	1.020090979	0.355463354	32.40274193	67.24179472	0	0	0	-345.8812742	8.643729845E-07	0	
345.8712742	94	2	4	0.9563120888	8.642085411E-07	98.97898633	0.001043792494	1.01996988	0.3553781219	32.40276993	67.24185195	0	0	0	-345.8712742	8.642085411E-07	0	
345.8612742	94	2	4	0.9563121262	8.640441209E-07	98.97910775	0.001043461812	1.019848789	0.3552929059	32.40279793	67.24190917	0	0	0	-345.8612742	8.640441209E-07	-4.04859102134572	
345.8412742	94	2	4	0.9563122009	1.76536669E-06	98.97935058	0.001042800723	1.019606617	0.3551225223	32.40285392	67.24202356	0	0	0	-345.8412742	1.76536669E-06	22722.3619832332	
345.8012742	94	2	4	0.9563123504	3.451767835E-06	98.97983612	0.001041479499	1.0191224	0.354781947	32.40296581	67.24225224	0	0	0	-345.8012742	3.451767835E-06	23558.2784435477	
345.7212742	94	2	4	0.9563126489	6.895626187E-06	98.98080688	0.001038841195	1.018154281	0.3541015651	32.40318934	67.2427091	0	0	0	-345.7212742	6.895626187E-06	23256.2494340106	
345.5612742	94	2	4	0.9563132445	1.375991286E-05	98.98274698	0.001033580896	1.016219442	0.352743873	32.40363537	67.24362075	0	0	0	-345.5612742	1.375991286E-05	23362.7001980162	
345.2412742	94	2	4	0.9563144303	2.739476478E-05	98.98662151	0.001023125305	1.012355362	0.3500407442	32.40452338	67.24543587	0	0	0	-345.2412742	2.739476478E-05	23578.6963486363	
344.6012742	94	2	4	0.9563167801	5.429166872E-05	98.99434791	0.001002472303	1.004649614	0.3446832592	32.40628325	67.24903349	0	0	0	-344.6012742	5.429166872E-05	24022.25452458	
343.3212742	94	2	4	0.9563213935	0.0001066109652	99.00970987	0.0009621843183	0.9893279491	0.3341613987	32.40973902	67.25609958	0	0	0	-343.3212742	0.0001066109652	24958.6957738471	
340.7612742	94	2	4	0.9563302832	0.0002054855223	99.04006908	0.0008855644352	0.9590453572	0.3138744195	32.4164	67.26972558	0	0	0	-340.7612742	0.0002054855223	-287871.233971282	
338.2012742	94	2	4	0.9563387378	0.0001954916638	99.06993963	0.0008140025792	0.9292463629	0.2945670779	32.42273743	67.2826955	0	0	0	-338.2012742	0.0001954916638	-260724.402454868	
335.6412742	94	2	4	0.9563467732	0.0001858362712	99.09931872	0.0007472450515	0.8999340396	0.2762048213	32.42876286	67.29503232	0	0	0	-335.6412742	0.0001858362712	-270265.729875235	
333.0812742	94	2	4	0.9563544049	0.0001765341814	99.12820362	0.0006850456337	0.8711113355	0.2587539088	32.43448759	67.30675851	0	0	0	-333.0812742	0.0001765341814	-280599.014212328	
330.5212742	94	2	4	0.9563616479	0.0001675765977	99.15659178	0.0006271656823	0.8427810512	0.2421813846	32.43992261	67.31789601	0	0	0	-330.5212742	0.0001675765977	-291465.032444658	
327.9612742	94	2	4	0.956368517	0.0001589549194	99.18448079	0.0005733741748	0.8149458352	0.2264550595	32.44507867	67.32846627	0	0	0	-327.9612742	0.0001589549194	-302902.312802422	
325.4012742	94	2	4	0.9563750265	0.000150660779	99.21186837	0.000523447741	0.7876081786	0.2115434936	32.44996626	67.33849025	0	0	0	-325.4012742	0.000150660779	-314953.640561878	
322.8412742	94	2	4	0.9563811903	0.0001426860234	99.23875242	0.0004771706779	0.7607704102	0.1974159803	32.45459561	67.34798841	0	0	0	-322.8412742	0.0001426860234	-327665.93459265	
320.2812742	94	2	4	0.9563870219	0.0001350227082	99.26513097	0.0004343349505	0.7344346903	0.184042532	32.45897671	67.35698076	0	0	0	-320.2812742	0.0001350227082	-341090.470885744	
317.7212742	94	2	4	0.9563925347	0.0001276630709	99.29100225	0.0003947401762	0.7086030057	0.1713938667	32.46311929	67.36548684	0	0	0	-317.7212742	0.0001276630709	-355283.40834338	
315.1612742	94	2	4	0.9563977415	0.000120599526	99.31636464	0.0003581935957	0.6832771636	0.1594413957	32.46703287	67.37352574	0	0	0	-315.1612742	0.000120599526	-370306.585696705	
312.6012742	94	2	4	0.9564026549	0.0001138246516	99.3412167	0.0003245100292	0.6584587858	0.1481572128	32.47072671	67.38111608	0	0	0	-312.6012742	0.0001138246516	-386228.039850263	
310.0412742	94	2	4	0.956407287	0.0001073311781	99.36555719	0.0002935118194	0.6341493022	0.1375140842	32.47420985	67.38827607	0	0	0	-310.0412742	0.0001073311781	-403122.854296036	
307.4812742	94	2	4	0.9564116497	0.0001011119794	99.38938503	0.0002650287601	0.6103499452	0.1274854392	32.47749111	67.39502345	0	0	0	-307.4812742	0.0001011119794	-421074.089365094	
304.9212742	94	2	4	0.9564157547	9.516006409E-05	99.41269936	0.0002388980134	0.5870617426	0.1180453624	32.48057908	67.40137556	0	0	0	-304.9212742	9.516006409E-05	-440173.872125759	
302.3612742	94	2	4	0.9564196132	8.946856878E-05	99.43549952	0.0002149640133	0.5642855116	0.1091685856	32.48348212	67.40734929	0	0	0	-302.3612742	8.946856878E-05	-368489.231980349	
300	94	2	4	0.956422963	7.759649486E-05	99.45607354	0.0001947072362	0.5437317573	0.1014590158	32.4860029	67.41253808	0	0	0	-300	7.759649486E-05	-29297.0715604605	
