T	w(AL)	w(MG)	w(SI)	fs	fw(@FCC_A1)	w(AL@FCC_A1)	w(MG@FCC_A1)	w(SI@FCC_A1)	w(AL@LIQUID)	w(MG@LIQUID)	w(SI@LIQUID)	dwdT_L(AL@LIQUID)	dwdT_L(MG@LIQUID)	dwdT_L(SI@LIQUID)	-T	fw(@FCC_A1)_1	-T//fw(@FCC_A1)	
K	%	%	%	mole/mole	kg/kg	%	%	%	%	%	%	SI	SI	SI				
879.8998683	89	7	4	0	0	97.94975662	1.744365906	0.3058774757	89	7	4	0.00224344251	-0.001317418116	-0.000926024394	-879.8998683	0	19.8587563050079	
879.8898683	89	7	4	0.0002496902901	0.0002507570927	97.9494823	1.744590049	0.3059276461	88.99775652	7.001317514	4.000925968	0	0	0	-879.8898683	0.0002507570927	59.8997054981417	
879.8698683	89	7	4	0.0007485132619	0.0005011082929	97.94893377	1.745038237	0.3060279929	88.99326942	7.003952411	4.002778173	0	0	0	-879.8698683	0.0005011082929	79.9098308758593	
879.8298683	89	7	4	0.001744934951	0.001001396528	97.94783682	1.745934522	0.3062286554	88.98429415	7.009222633	4.006483213	0	0	0	-879.8298683	0.001001396528	80.0094049525244	
879.7498683	89	7	4	0.003732928118	0.001999896698	97.94564486	1.747725375	0.3066297632	88.96633966	7.019764505	4.013895837	0	0	0	-879.7498683	0.001999896698	80.2366032084587	
879.5898683	89	7	4	0.007689611924	0.003988253171	97.94126757	1.751301237	0.3074311894	88.93041477	7.040853973	4.028731255	0	0	0	-879.5898683	0.003988253171	80.7028938640758	
879.2698683	89	7	4	0.01552655251	0.007930707832	97.9325395	1.758429623	0.3090308796	88.85850137	7.083055918	4.058442712	0	0	0	-879.2698683	0.007930707832	81.722233003728	
878.6298683	89	7	4	0.0308756666	0.0156593082	97.91519289	1.772588237	0.312218877	88.71442289	7.167537508	4.118039602	0	0	0	-878.6298683	0.0156593082	83.8216532286555	
877.3498683	89	7	4	0.06038310951	0.03058184137	97.8809278	1.800525709	0.3185464913	88.42524496	7.336851572	4.237903464	0	0	0	-877.3498683	0.03058184137	87.9468395307256	
874.7898683	89	7	4	0.1150199462	0.05840960569	97.81409303	1.854901247	0.3310057226	87.84278378	7.676935845	4.48028038	0	0	0	-874.7898683	0.05840960569	-1185.32301613714	
872.2298683	89	7	4	0.1643731013	0.05603071039	97.74940382	1.907428066	0.3431681103	87.25476162	8.019393557	4.72584482	0	0	0	-872.2298683	0.05603071039	-1124.61997946986	
869.6698683	89	7	4	0.2091427969	0.05384126983	97.68682847	1.95813958	0.3550319455	86.66112377	8.364309852	4.974566377	0	0	0	-869.6698683	0.05384126983	-1220.49528831282	
867.1098683	89	7	4	0.2499153655	0.05182196014	97.62633544	2.007068988	0.3665955697	86.06182843	8.711760043	5.226411529	0	0	0	-867.1098683	0.05182196014	-1320.76749013039	
864.5498683	89	7	4	0.2871826075	0.04995310886	97.56789333	2.054249026	0.3778576489	85.45684393	9.061809436	5.481346637	0	0	0	-864.5498683	0.04995310886	-1424.47005765787	
861.9898683	89	7	4	0.3213598226	0.04821776389	97.51147086	2.099712038	0.3888171011	84.84615056	9.414512738	5.739336699	0	0	0	-861.9898683	0.04821776389	-1531.37415707877	
859.4298683	89	7	4	0.3527999419	0.04660128618	97.45703683	2.143490121	0.3994730523	84.22974165	9.769913866	6.000344486	0	0	0	-859.4298683	0.04660128618	-1641.23527162754	
856.8698683	89	7	4	0.3818046631	0.04509096285	97.40455995	2.185615253	0.4098247987	83.6076246	10.12804568	6.264329727	0	0	0	-856.8698683	0.04509096285	-1753.77339038146	
854.3098683	89	7	4	0.4086333024	0.04367569626	97.35400883	2.226119394	0.419871775	82.97982202	10.48892965	6.531248332	0	0	0	-854.3098683	0.04367569626	-1868.6733462944	
851.7498683	89	7	4	0.4335098879	0.04234575248	97.30535189	2.265034582	0.4296135272	82.34637284	10.85257551	6.801051655	0	0	0	-851.7498683	0.04234575248	-1985.58641778642	
849.1898683	89	7	4	0.4566288874	0.04109255646	97.25855731	2.302393005	0.4390496898	81.70733332	11.21898088	7.073685796	0	0	0	-849.1898683	0.04109255646	-2104.13334264303	
846.6298683	89	7	4	0.4781598666	0.0399085243	97.21359297	2.338227062	0.448179967	81.06277817	11.58813088	7.349090953	0	0	0	-846.6298683	0.0399085243	-2223.90908964418	
844.0698683	89	7	4	0.498251302	0.03878692535	97.17042647	2.372569415	0.4570041172	80.41280145	11.95999773	7.627200822	0	0	0	-844.0698683	0.03878692535	-2344.48919196651	
841.5098683	89	7	4	0.5170337225	0.03772176807	97.12902504	2.40545302	0.465521941	79.7575175	12.33454045	7.907942053	0	0	0	-841.5098683	0.03772176807	-2465.43783405399	
838.9498683	89	7	4	0.5346223128	0.03670770543	97.08935557	2.436911156	0.4737332721	79.0970617	12.71170452	8.191233775	0	0	0	-838.9498683	0.03670770543	-2586.3175509155	
836.3898683	89	7	4	0.5511190818	0.03573995602	97.05138459	2.466977437	0.4816379719	78.43159113	13.09142168	8.476987192	0	0	0	-836.3898683	0.03573995602	-2706.70007036983	
833.8298683	89	7	4	0.5666146802	0.03481423804	97.01507826	2.495685812	0.4892359255	77.76128501	13.47360972	8.765105265	0	0	0	-833.8298683	0.03481423804	-2826.17813418313	
831.2698683	89	7	4	0.5811899292	0.03392671386	96.9804024	2.52307056	0.4965270421	77.08634504	13.85817247	9.055482487	0	0	0	-831.2698683	0.03392671386	-2944.3777506593	
828.7098683	89	7	4	0.5949171145	0.03307394323	96.94732248	2.549166266	0.5035112565	76.40699545	14.2449998	9.348004752	0	0	0	-828.7098683	0.03307394323	-3060.97019504083	
826.1498683	89	7	4	0.6078610849	0.03225284353	96.91580367	2.574007796	0.5101885343	75.72348286	14.63396779	9.642549347	0	0	0	-826.1498683	0.03225284353	-3175.68327927141	
823.5898683	89	7	4	0.6200801888	0.03146065583	96.88581087	2.597630255	0.5165588785	75.03607589	15.02493907	9.938985044	0	0	0	-823.5898683	0.03146065583	-3288.31121207347	
821.0298683	89	7	4	0.6316270774	0.0306949156	96.85730872	2.620068939	0.5226223387	74.34506447	15.4177632	10.23717233	0	0	0	-821.0298683	0.0306949156	-3398.72232749402	
818.4698683	89	7	4	0.6425493928	0.02995342714	96.8302617	2.641359278	0.5283790221	73.65075894	15.81227733	10.53696373	0	0	0	-818.4698683	0.02995342714	-3506.8646979066	
815.9098683	89	7	4	0.6528903634	0.02923424111	96.80463412	2.661536775	0.5338291066	72.95348882	16.20830687	10.83820431	0	0	0	-815.9098683	0.02923424111	-3612.64159714073	
813.3498683	89	7	4	0.6626893007	0.02853558712	96.78039025	2.680636878	0.5389728685	72.25360254	16.60566574	11.14073172	0	0	0	-813.3498683	0.02853558712	-3716.61954093576	
810.7898683	89	7	4	0.6719821168	0.02785611149	96.75749419	2.698695191	0.5438106193	71.55146047	17.00416036	11.44437917	0	0	0	-810.7898683	0.02785611149	-3818.59488363625	
808.2298683	89	7	4	0.6808015946	0.02719431388	96.73591036	2.715746735	0.5483429068	70.84744133	17.40358607	11.7489726	0	0	0	-808.2298683	0.02719431388	-3918.50697562444	
805.6698683	89	7	4	0.689177797	0.02654907204	96.71560302	2.731826675	0.5525703018	70.14193512	17.80373114	12.05433374	0	0	0	-805.6698683	0.02654907204	-4017.34125045094	
803.1098683	89	7	4	0.6971383698	0.02591945613	96.69653675	2.746969677	0.5564935747	69.43533973	18.20437877	12.3602815	0	0	0	-803.1098683	0.02591945613	-4115.33193053781	
800.5498683	89	7	4	0.7047087704	0.02530459418	96.67867633	2.761210017	0.5601136543	68.72806076	18.60530721	12.66663203	0	0	0	-800.5498683	0.02530459418	-4212.74470447248	
797.9898683	89	7	4	0.7119125014	0.02470377221	96.66198687	2.774581478	0.5634316513	68.0205082	19.00629168	12.97320012	0	0	0	-797.9898683	0.02470377221	-4310.13892410037	
795.4298683	89	7	4	0.7187713083	0.02411639329	96.64643386	2.787117268	0.5664488724	67.31309385	19.40710586	13.27980029	0	0	0	-795.4298683	0.02411639329	-4408.02216213169	
792.8698683	89	7	4	0.7253053528	0.02354196487	96.63198323	2.798849934	0.5691668368	66.60622859	19.80752345	13.58624796	0	0	0	-792.8698683	0.02354196487	-4506.92004137697	
790.3098683	89	7	4	0.7315333645	0.02298008535	96.61860142	2.809811291	0.5715872866	65.90031987	20.20731967	13.89236046	0	0	0	-790.3098683	0.02298008535	-4607.36557415435	
787.7498683	89	7	4	0.737472775	0.02243043184	96.60625544	2.820032361	0.573712197	65.19576911	20.60627272	14.19795818	0	0	0	-787.7498683	0.02243043184	-4709.89281805883	
785.1898683	89	7	4	0.743139836	0.02189274827	96.59491291	2.829543309	0.5755437853	64.49296934	21.00416514	14.50286552	0	0	0	-785.1898683	0.02189274827	-4815.02934472169	
782.6298683	89	7	4	0.7485497233	0.02136683416	96.58454209	2.838373393	0.5770845163	63.79230302	21.40078511	14.80691188	0	0	0	-782.6298683	0.02136683416	-4923.29026998441	
780.0698683	89	7	4	0.7537166285	0.02085253403	96.57511197	2.84655092	0.5783371067	63.09413991	21.79592762	15.10993246	0	0	0	-780.0698683	0.02085253403	-5035.17361897701	
777.5098683	89	7	4	0.7586538407	0.02034972766	96.56659226	2.854103209	0.5793045266	62.39883537	22.18939555	15.41176907	0	0	0	-777.5098683	0.02034972766	-5151.1572142393	
774.9498683	89	7	4	0.7633738189	0.01985832122	96.55895344	2.861056564	0.5799899987	61.7067287	22.58100053	15.71227076	0	0	0	-774.9498683	0.01985832122	-5271.69610955159	
772.3898683	89	7	4	0.7678882559	0.01937823926	96.55216675	2.867436257	0.5803969962	61.01814187	22.97056374	16.01129438	0	0	0	-772.3898683	0.01937823926	-5397.22090434189	
769.8298683	89	7	4	0.7722081364	0.01890941765	96.54620425	2.873266517	0.5805292373	60.33337843	23.35791654	16.30870503	0	0	0	-769.8298683	0.01890941765	-5528.13735903649	
767.2698683	89	7	4	0.7763437877	0.01845179752	96.5410388	2.878570524	0.5803906795	59.65272269	23.74290094	16.60437636	0	0	0	-767.2698683	0.01845179752	-5664.82620140796	
764.7098683	89	7	4	0.7803049266	0.01800532007	96.53664408	2.883370413	0.5799855106	58.97643919	24.12536994	16.89819087	0	0	0	-764.7098683	0.01800532007	-5810.81934127595	
762.1498683	89	7	4	0.7841008116	0.01757038052	96.5329939	2.887687834	0.579318264	58.30476291	24.50519295	17.19004414	0	0	0	-762.1498683	0.01757038052	-5958.00889251723	
759.5898683	89	7	4	0.787739888	0.01714572647	96.53006485	2.891541827	0.5783933245	57.63793723	24.8822347	17.47982806	0	0	0	-759.5898683	0.01714572647	-6111.06815543903	
757.0298683	89	7	4	0.7912303327	0.01673225794	96.52783253	2.894951872	0.5772156019	56.97615628	25.25638749	17.76745623	0	0	0	-757.0298683	0.01673225794	-6275.95041698179	
754.4698683	89	7	4	0.794579801	0.01632962604	96.52627369	2.897936193	0.5757901138	56.31960408	25.6275492	18.05284672	0	0	0	-754.4698683	0.01632962604	-6446.37685318611	
751.9098683	89	7	4	0.7977955119	0.01593772361	96.52536601	2.900511956	0.5741220344	55.66844523	25.99562854	18.33592623	0	0	0	-751.9098683	0.01593772361	-6624.36820585643	
749.3498683	89	7	4	0.800884275	0.01555643102	96.52508789	2.902695415	0.5722166962	55.02282537	26.36054487	18.61662976	0	0	0	-749.3498683	0.01555643102	-6810.16408718549	
746.7898683	89	7	4	0.803852515	0.01518561441	96.52541848	2.904501945	0.570079576	54.38287191	26.72222772	18.89490037	0	0	0	-746.7898683	0.01518561441	-7003.97718491909	
744.2298683	89	7	4	0.806706295	0.01482512611	96.52633764	2.905946075	0.5677162812	53.74869471	27.08061646	19.17068883	0	0	0	-744.2298683	0.01482512611	-7206.0062980103	
741.6698683	89	7	4	0.8094513376	0.01447480521	96.52782594	2.907041526	0.5651325351	53.12038701	27.43565977	19.44395321	0	0	0	-741.6698683	0.01447480521	-7416.4373525662	
739.1098683	89	7	4	0.8120930448	0.0141344785	96.52986459	2.907801246	0.5623341643	52.49802623	27.78731522	19.71465856	0	0	0	-739.1098683	0.0141344785	-7635.44283416481	
736.5498683	89	7	4	0.8146365171	0.01380396134	96.53243547	2.908237449	0.5593270847	51.88167491	28.13554867	19.98277642	0	0	0	-736.5498683	0.01380396134	-7863.18307432909	
733.9898683	89	7	4	0.8170865705	0.01348305894	96.53552106	2.908361652	0.5561172885	51.27138167	28.48033385	20.24828448	0	0	0	-733.9898683	0.01348305894	-8099.80878911612	
731.4298683	89	7	4	0.8194477532	0.01317156761	96.53910446	2.908184708	0.5527108324	50.66718214	28.82165174	20.51116613	0	0	0	-731.4298683	0.01317156761	-8345.46033449923	
728.8698683	89	7	4	0.8217243612	0.01286927602	96.54316933	2.907716844	0.5491138251	50.06909988	29.15949009	20.77141003	0	0	0	-728.8698683	0.01286927602	-8600.26835988572	
726.3098683	89	7	4	0.8239204529	0.0125759665	96.54769989	2.906967695	0.5453324164	49.47714735	29.4938429	21.02900975	0	0	0	-726.3098683	0.0125759665	-8864.35562321277	
723.7498683	89	7	4	0.8260398624	0.01229141637	96.55268088	2.905946337	0.5413727861	48.89132674	29.82470992	21.28396333	0	0	0	-723.7498683	0.01229141637	-9137.83710421271	
721.1898683	89	7	4	0.828086213	0.01201539914	96.55809754	2.904661321	0.5372411344	48.31163093	30.15209614	21.53627293	0	0	0	-721.1898683	0.01201539914	-9420.81993613457	
718.6298683	89	7	4	0.8300629292	0.01174768569	96.56393563	2.903120698	0.5329436718	47.73804425	30.47601132	21.78594444	0	0	0	-718.6298683	0.01174768569	-9713.40490840013	
716.0698683	89	7	4	0.8319732481	0.0114880454	96.57018133	2.901332057	0.5284866107	47.17054331	30.79646956	22.03298713	0	0	0	-716.0698683	0.0114880454	-10015.6863163578	
713.5098683	89	7	4	0.8338202304	0.01123624714	96.5768213	2.899302545	0.5238761566	46.60909779	31.11348887	22.27741333	0	0	0	-713.5098683	0.01123624714	-10327.7517987852	
710.9498683	89	7	4	0.8356067706	0.0109920602	96.5838426	2.897038896	0.519118501	46.05367109	31.42709077	22.51923814	0	0	0	-710.9498683	0.0109920602	-10649.6839897577	
708.3898683	89	7	4	0.8373356067	0.01075525517	96.59123273	2.894547459	0.5142198136	45.50422107	31.73729988	22.75847905	0	0	0	-708.3898683	0.01075525517	-10981.559686915	
705.8298683	89	7	4	0.8390093293	0.01052560464	96.59897955	2.891834217	0.5091862359	44.96070061	32.04414361	22.99515578	0	0	0	-705.8298683	0.01052560464	-11323.4509884198	
703.2698683	89	7	4	0.8406303899	0.01030288393	96.60707131	2.88890481	0.504023875	44.42305828	32.34765179	23.22928993	0	0	0	-703.2698683	0.01030288393	-11675.4242383561	
700.7098683	89	7	4	0.8422011093	0.01008687158	96.61549664	2.885764561	0.498738798	43.8912388	32.64785641	23.46090478	0	0	0	-700.7098683	0.01008687158	-12037.5408063586	
698.1498683	89	7	4	0.8437236853	0.009877349925	96.62424449	2.882418486	0.4933370264	43.36518362	32.9447913	23.69002508	0	0	0	-698.1498683	0.009877349925	-12409.8601502739	
695.5898683	89	7	4	0.8452001993	0.00967410554	96.63330415	2.878871321	0.4878245317	42.84483132	33.23849186	23.91667682	0	0	0	-695.5898683	0.00967410554	-12792.4317782645	
693.0298683	89	7	4	0.8466326236	0.009476929396	96.64266523	2.875127535	0.4822072307	42.33011808	33.52899485	24.14088707	0	0	0	-693.0298683	0.009476929396	-13185.3057845681	
690.4698683	89	7	4	0.8480228276	0.009285617484	96.65231767	2.871191346	0.4764909811	41.82097803	33.81633819	24.36268378	0	0	0	-690.4698683	0.009285617484	-13588.5275756358	
687.9098683	89	7	4	0.8493725834	0.009099970724	96.66225168	2.867066737	0.4706815784	41.31734367	34.10056067	24.58209566	0	0	0	-687.9098683	0.009099970724	-14002.1345868344	
685.3498683	89	7	4	0.8506835719	0.008919795324	96.67245778	2.862757468	0.4647847517	40.81914613	34.38170188	24.799152	0	0	0	-685.3498683	0.008919795324	-14426.1639247698	
682.7898683	89	7	4	0.8519573877	0.008744902849	96.68292675	2.858267093	0.4588061611	40.32631549	34.65980194	25.01388256	0	0	0	-682.7898683	0.008744902849	-14860.6468254846	
680.2298683	89	7	4	0.8531955444	0.008575110312	96.69364964	2.853598968	0.4527513942	39.83878107	34.93490145	25.22631748	0	0	0	-680.2298683	0.008575110312	-15305.6110028183	
677.6698683	89	7	4	0.8543994787	0.00841024023	96.70461777	2.848756262	0.4466259638	39.35647163	35.20704125	25.43648712	0	0	0	-677.6698683	0.00841024023	-15761.0800539335	
675.1098683	89	7	4	0.8555705556	0.008250120629	96.71582272	2.843741971	0.4404353054	38.87931562	35.47626239	25.64442199	0	0	0	-675.1098683	0.008250120629	-16227.0734895941	
672.5498683	89	7	4	0.8567100716	0.008094585037	96.7272563	2.838558927	0.4341847747	38.40724136	35.74260596	25.85015268	0	0	0	-672.5498683	0.008094585037	-16703.6069923747	
669.9898683	89	7	4	0.8578192593	0.007943472442	96.73891055	2.833209804	0.4278796454	37.94017722	36.00611301	26.05370977	0	0	0	-669.9898683	0.007943472442	-17190.6921159604	
667.4298683	89	7	4	0.8588992904	0.007796627232	96.75077776	2.827697129	0.4215251076	37.47805175	36.26682448	26.25512376	0	0	0	-667.4298683	0.007796627232	-17688.3366798405	
664.8698683	89	7	4	0.8599512796	0.007653899121	96.76285044	2.82202329	0.415126266	37.02079388	36.5247811	26.45442502	0	0	0	-664.8698683	0.007653899121	-18196.5442621454	
662.3098683	89	7	4	0.8609762876	0.007515143048	96.77512132	2.816190542	0.4086881378	36.56833299	36.78002331	26.6516437	0	0	0	-662.3098683	0.007515143048	-18715.3145231214	
659.7498683	89	7	4	0.8619753243	0.00738021908	96.78758333	2.810201015	0.4022156516	36.12059901	37.03259124	26.84680975	0	0	0	-659.7498683	0.00738021908	-19244.643194822	
657.1898683	89	7	4	0.8629493511	0.00724899229	96.80022963	2.80405672	0.395713646	35.67752256	37.28252462	27.03995282	0	0	0	-657.1898683	0.00724899229	-19784.5217358638	
654.6298683	89	7	4	0.863899284	0.007121332636	96.81305358	2.797759556	0.389186868	35.23903501	37.52986275	27.23110224	0	0	0	-654.6298683	0.007121332636	-20334.9378526851	
652.0698683	89	7	4	0.8648259963	0.006997114833	96.82604872	2.791311313	0.3826399721	34.80506855	37.77464445	27.420287	0	0	0	-652.0698683	0.006997114833	-20895.8749192032	
649.5098683	89	7	4	0.8657303202	0.006876218214	96.8392088	2.784713679	0.3760775191	34.37555624	38.01690805	27.60753571	0	0	0	-649.5098683	0.006876218214	-21467.3120066834	
646.9498683	89	7	4	0.8666130498	0.006758526595	96.85252778	2.777968246	0.369503975	33.95043209	38.25669132	27.7928766	0	0	0	-646.9498683	0.006758526595	-22049.2242425373	
644.3898683	89	7	4	0.8674749426	0.006643928136	96.86599978	2.771076511	0.3629237105	33.52963108	38.49403147	27.97633745	0	0	0	-644.3898683	0.006643928136	-22641.5822166695	
641.8298683	89	7	4	0.8683167218	0.006532315197	96.87961912	2.764039885	0.3563409993	33.11308924	38.72896513	28.15794563	0	0	0	-641.8298683	0.006532315197	-23244.3523334657	
639.2698683	89	7	4	0.8691390778	0.006423584202	96.89338029	2.756859694	0.3497600184	32.7007436	38.96152834	28.33772806	0	0	0	-639.2698683	0.006423584202	-23857.4966161702	
636.7098683	89	7	4	0.8699426704	0.006317635495	96.90727797	2.74953718	0.3431848465	32.29253232	39.19175649	28.51571119	0	0	0	-636.7098683	0.006317635495	-24480.9726133012	
634.1498683	89	7	4	0.87072813	0.006214373205	96.92130702	2.742073513	0.3366194638	31.88839461	39.41968437	28.69192102	0	0	0	-634.1498683	0.006214373205	-25114.7334455464	
631.5898683	89	7	4	0.8714960592	0.006113705107	96.93546246	2.734469784	0.3300677515	31.48827081	39.64534613	28.86638305	0	0	0	-631.5898683	0.006113705107	-25758.7272526817	
629.0298683	89	7	4	0.8722470345	0.006015542487	96.94973949	2.726727018	0.3235334908	31.09210239	39.86877527	29.03912234	0	0	0	-629.0298683	0.006015542487	-26412.897550062	
626.4698683	89	7	4	0.8729816072	0.005919800012	96.96413347	2.718846167	0.3170203631	30.69983193	40.09000465	29.21016342	0	0	0	-626.4698683	0.005919800012	-27077.1836240582	
623.9098683	89	7	4	0.8737003051	0.005826395604	96.97863993	2.710828122	0.3105319491	30.31140314	40.30906648	29.37953038	0	0	0	-623.9098683	0.005826395604	-27751.5192652562	
621.3498683	89	7	4	0.8744036337	0.005735250308	96.99325456	2.702673711	0.3040717285	29.92676088	40.52599232	29.5472468	0	0	0	-621.3498683	0.005735250308	-28436.1147804997	
618.7898683	89	7	4	0.8750920771	0.005646289876	97.00797322	2.694383704	0.2976430795	29.54585114	40.74081309	29.71333576	0	0	0	-618.7898683	0.005646289876	-29130.3024972804	
616.2298683	89	7	4	0.8757660989	0.005559437758	97.02279191	2.685958808	0.2912492799	29.16862102	40.95355906	29.87781991	0	0	0	-616.2298683	0.005559437758	-29834.0572946797	
613.6698683	89	7	4	0.8764261434	0.005474625459	97.03770682	2.677399675	0.2848935056	28.79501875	41.16425986	30.04072139	0	0	0	-613.6698683	0.005474625459	-30547.8299738281	
611.1098683	89	7	4	0.8770726371	0.005391785351	97.05271426	2.668706906	0.2785788305	28.42499365	41.37294447	30.20206187	0	0	0	-611.1098683	0.005391785351	-31271.2459697205	
608.5498683	89	7	4	0.8777059885	0.005310852363	97.06781072	2.659881052	0.2723082269	28.05849618	41.57964127	30.36186255	0	0	0	-608.5498683	0.005310852363	-32004.2079048232	
605.9898683	89	7	4	0.8783265901	0.005231763872	97.08299282	2.650922612	0.2660845651	27.69547786	41.78437798	30.52014416	0	0	0	-605.9898683	0.005231763872	-32746.612714944	
603.4298683	89	7	4	0.8789348182	0.005154459608	97.09825735	2.641832039	0.2599106139	27.3358913	41.98718173	30.67692697	0	0	0	-603.4298683	0.005154459608	-33498.3519082763	
600.8698683	89	7	4	0.8795310343	0.005078881555	97.11360122	2.63260974	0.2537890401	26.97969019	42.18807902	30.83223079	0	0	0	-600.8698683	0.005078881555	-34259.3108937331	
598.3098683	89	7	4	0.8801155856	0.00500497386	97.12902151	2.623256079	0.2477224092	26.62682924	42.38709577	30.98607499	0	0	0	-598.3098683	0.00500497386	-35029.3691630981	
595.7498683	89	7	4	0.8806888057	0.004932682743	97.14451544	2.613771376	0.2417131851	26.27726422	42.58425728	31.1384785	0	0	0	-595.7498683	0.004932682743	-35808.4002350263	
593.1898683	89	7	4	0.8812510153	0.004861956413	97.16008036	2.604155911	0.2357637308	25.93095192	42.77958829	31.28945979	0	0	0	-593.1898683	0.004861956413	-36596.2712657999	
590.6298683	89	7	4	0.8818025224	0.004792744984	97.17571377	2.594409925	0.2298763082	25.58785014	42.97311294	31.43903692	0	0	0	-590.6298683	0.004792744984	-37392.6285736316	
588.0698683	89	7	4	0.8823436235	0.004724999645	97.19141331	2.584533614	0.2240530798	25.24791765	43.16485479	31.58722756	0	0	0	-588.0698683	0.004724999645	-38197.7837874164	
585.5098683	89	7	4	0.8828746038	0.00465867566	97.20717674	2.574527152	0.2182961061	24.91111422	43.3548369	31.73404889	0	0	0	-585.5098683	0.00465867566	-39011.537692142	
582.9498683	89	7	4	0.8833957377	0.004593727581	97.22300198	2.564390672	0.2126073488	24.57740057	43.54308172	31.87951771	0	0	0	-582.9498683	0.004593727581	-39833.3111587574	
580.3898683	89	7	4	0.8839072894	0.004530112389	97.23888706	2.554124274	0.2069886705	24.24673837	43.72961119	32.02365044	0	0	0	-580.3898683	0.004530112389	-40663.1615566042	
577.8298683	89	7	4	0.8844095131	0.004467788607	97.25483014	2.543728023	0.2014418354	23.9190902	43.91444672	32.16646308	0	0	0	-577.8298683	0.004467788607	-41500.9165375043	
575.2698683	89	7	4	0.8849026539	0.00440671624	97.27082953	2.533201957	0.1959685094	23.59441956	44.09760918	32.30797126	0	0	0	-575.2698683	0.00440671624	-42346.3951273455	
572.7098683	89	7	4	0.8853869478	0.004346856706	97.28688366	2.522546082	0.1905702615	23.27269085	44.27911894	32.44819021	0	0	0	-572.7098683	0.004346856706	-43199.4094166709	
570.1498683	89	7	4	0.8858626222	0.004288172786	97.30299106	2.511760378	0.1852485637	22.95386933	44.45899587	32.5871348	0	0	0	-570.1498683	0.004288172786	-44059.7639847066	
567.5898683	89	7	4	0.8863298963	0.00423062856	97.31915041	2.500844798	0.1800047927	22.63792114	44.63725933	32.72481953	0	0	0	-567.5898683	0.00423062856	-44927.2559176508	
565.0298683	89	7	4	0.8867889815	0.004174189361	97.3353605	2.489799268	0.1748402298	22.32481324	44.81392821	32.86125855	0	0	0	-565.0298683	0.004174189361	-45801.6739048448	
562.4698683	89	7	4	0.8872400818	0.004118821715	97.35162025	2.478623691	0.1697560625	22.01451344	44.98902092	32.99646564	0	0	0	-562.4698683	0.004118821715	-46682.7987443444	
559.9098683	89	7	4	0.8876833938	0.0040644933	97.36792867	2.467317947	0.1647533852	21.70699037	45.16255539	33.13045424	0	0	0	-559.9098683	0.0040644933	-47570.4038845492	
557.3498683	89	7	4	0.8881191074	0.004011172893	97.3842849	2.455881897	0.1598332001	21.40221343	45.33454912	33.26323746	0	0	0	-557.3498683	0.004011172893	-48464.2534865255	
554.7898683	89	7	4	0.8885474057	0.003958830328	97.4006882	2.444315377	0.1549964184	21.10015282	45.50501912	33.39482805	0	0	0	-554.7898683	0.003958830328	-49364.1042502856	
552.2298683	89	7	4	0.8889684656	0.003907436452	97.41713793	2.432618208	0.1502438612	20.80077953	45.673982	33.52523847	0	0	0	-552.2298683	0.003907436452	-50269.7031590497	
549.6698683	89	7	4	0.8893824579	0.003856963082	97.43363355	2.420790191	0.1455762611	20.50406527	45.8414539	33.65448083	0	0	0	-549.6698683	0.003856963082	-51180.7884149135	
547.1098683	89	7	4	0.8897895476	0.003807382967	97.45017462	2.408831114	0.1409942629	20.20998251	46.00745055	33.78256694	0	0	0	-547.1098683	0.003807382967	-52097.0905706635	
544.5498683	89	7	4	0.8901898942	0.003758669751	97.46676083	2.396740747	0.1364984253	19.91850445	46.17198726	33.9095083	0	0	0	-544.5498683	0.003758669751	-53018.3302019407	
541.9898683	89	7	4	0.8905836515	0.003710797934	97.48339193	2.384518848	0.1320892218	19.62960498	46.33507893	34.03531609	0	0	0	-541.9898683	0.003710797934	-53944.2199966334	
539.4298683	89	7	4	0.8909709686	0.003663742842	97.5000678	2.372165162	0.1277670425	19.34325873	46.49674005	34.16000122	0	0	0	-539.4298683	0.003663742842	-54874.461490561	
536.8698683	89	7	4	0.8913519893	0.003617480586	97.51678838	2.359679424	0.1235321952	19.05944099	46.65698473	34.28357428	0	0	0	-536.8698683	0.003617480586	-55808.7477200249	
534.3098683	89	7	4	0.8917268527	0.003571988039	97.53355373	2.347061359	0.1193849071	18.77812773	46.81582667	34.40604561	0	0	0	-534.3098683	0.003571988039	-56746.7640181923	
531.7498683	89	7	4	0.8920956936	0.0035272428	97.55036399	2.334310686	0.1153253261	18.49929558	46.9732792	34.52742522	0	0	0	-531.7498683	0.0035272428	-57688.1823727956	
529.1898683	89	7	4	0.892458642	0.003483223164	97.56721936	2.321427116	0.1113535224	18.22292184	47.12935526	34.6477229	0	0	0	-529.1898683	0.003483223164	-58632.6691276853	
526.6298683	89	7	4	0.892815824	0.003439908101	97.58412015	2.308410355	0.1074694906	17.94898444	47.28406745	34.76694811	0	0	0	-526.6298683	0.003439908101	-59579.8792213866	
524.0698683	89	7	4	0.8931673614	0.00339727722	97.60106674	2.295260107	0.1036731505	17.67746193	47.43742797	34.88511009	0	0	0	-524.0698683	0.00339727722	-60529.4563543269	
521.5098683	89	7	4	0.8935133722	0.00335531075	97.61805958	2.281976073	0.09996434942	17.40833351	47.58944869	35.0022178	0	0	0	-521.5098683	0.00335531075	-61481.0378942189	
518.9498683	89	7	4	0.8938539706	0.003313989514	97.63509918	2.268557955	0.09634286389	17.14157894	47.74014112	35.11827994	0	0	0	-518.9498683	0.003313989514	-62434.2502244065	
516.3898683	89	7	4	0.8941892671	0.003273294905	97.65218614	2.255005457	0.09280840122	16.87717863	47.88951641	35.23330495	0	0	0	-516.3898683	0.003273294905	-63388.7084687975	
513.8298683	89	7	4	0.8945193689	0.003233208862	97.66932111	2.241318284	0.08936060145	16.61511355	48.03758539	35.34730105	0	0	0	-513.8298683	0.003233208862	-64344.0188843257	
511.2698683	89	7	4	0.8948443796	0.003193713851	97.68650481	2.227496149	0.08599903921	16.35536526	48.18435855	35.46027619	0	0	0	-511.2698683	0.003193713851	-65299.778975749	
508.7098683	89	7	4	0.8951643996	0.003154792843	97.703738	2.21353877	0.0827232256	16.09791588	48.32984605	35.57223807	0	0	0	-508.7098683	0.003154792843	-66255.5763456673	
506.1498683	89	7	4	0.8954795263	0.003116429295	97.72102152	2.199445873	0.07953261012	15.84274811	48.4740577	35.68319419	0	0	0	-506.1498683	0.003116429295	-67210.988907046	
503.5898683	89	7	4	0.8957898538	0.00307860713	97.73835622	2.185217198	0.07642658265	15.58984519	48.61700303	35.79315178	0	0	0	-503.5898683	0.00307860713	-68165.5863611565	
501.0298683	89	7	4	0.8960954735	0.003041310721	97.75574303	2.170852494	0.07340447543	15.33919091	48.75869124	35.90211786	0	0	0	-501.0298683	0.003041310721	-69118.9278970942	
498.4698683	89	7	4	0.896396474	0.00300452487	97.77318291	2.156351526	0.07046556506	15.0907696	48.89913119	36.01009921	0	0	0	-498.4698683	0.00300452487	-70070.5649718338	
495.9098683	89	7	4	0.8966929409	0.002968234796	97.79067685	2.141714075	0.06760907461	14.84456611	49.03833148	36.11710241	0	0	0	-495.9098683	0.002968234796	-71020.0398158203	
493.3498683	89	7	4	0.8969849575	0.002932426114	97.80822588	2.126939941	0.06483417561	14.60056584	49.17630038	36.22313378	0	0	0	-493.3498683	0.002932426114	-71966.8847381258	
490.7898683	89	7	4	0.8972726044	0.002897084823	97.82583106	2.112028945	0.06213999021	14.35875467	49.31304585	36.32819948	0	0	0	-490.7898683	0.002897084823	-72910.6288920767	
488.2298683	89	7	4	0.8975559596	0.002862197293	97.84349348	2.096980931	0.05952559324	14.11911902	49.44857559	36.43230539	0	0	0	-488.2298683	0.002862197293	-73850.7892590084	
485.6698683	89	7	4	0.8978350989	0.002827750245	97.86121422	2.081795768	0.05699001437	13.8816458	49.58289697	36.53545723	0	0	0	-485.6698683	0.002827750245	-74786.877352459	
483.1098683	89	7	4	0.8981100958	0.002793730745	97.87899441	2.066473351	0.05453224021	13.64632241	49.71601711	36.63766049	0	0	0	-483.1098683	0.002793730745	-75718.3989441855	
480.5498683	89	7	4	0.8983810216	0.002760126185	97.89683517	2.051013609	0.05215121651	13.41313674	49.8479428	36.73892045	0	0	0	-480.5498683	0.002760126185	-76644.8506247456	
477.9898683	89	7	4	0.8986479452	0.002726924274	97.91473765	2.0354165	0.0498458503	13.1820772	49.9786806	36.8392422	0	0	0	-477.9898683	0.002726924274	-77565.7253512589	
475.4298683	89	7	4	0.8989109336	0.002694113025	97.93270297	2.019682017	0.04761501203	12.95313262	50.10823675	36.93863063	0	0	0	-475.4298683	0.002694113025	-78480.5135213742	
472.8698683	89	7	4	0.8991700519	0.002661680747	97.95073227	2.003810194	0.04545753779	12.72629236	50.23661724	37.0370904	0	0	0	-472.8698683	0.002661680747	-79388.6973480404	
470.3098683	89	7	4	0.8994253629	0.002629616028	97.96882667	1.9878011	0.04337223144	12.50154621	50.36382777	37.13462602	0	0	0	-470.3098683	0.002629616028	-80289.7555667535	
467.7498683	89	7	4	0.8996769278	0.002597907731	97.98698728	1.971654852	0.04135786681	12.27888444	50.48987379	37.23124177	0	0	0	-467.7498683	0.002597907731	-81183.1675162434	
465.1898683	89	7	4	0.8999248059	0.002566544981	98.0052152	1.95537161	0.03941318983	12.05829778	50.61476046	37.32694176	0	0	0	-465.1898683	0.002566544981	-82068.4069714741	
462.6298683	89	7	4	0.9001690545	0.002535517156	98.0235115	1.938951583	0.03753692073	11.8397774	50.7384927	37.42172989	0	0	0	-462.6298683	0.002535517156	-82944.9466882962	
460.0698683	89	7	4	0.9004097295	0.002504813878	98.04187721	1.922395032	0.03572775617	11.62331495	50.86107516	37.5156099	0	0	0	-460.0698683	0.002504813878	-83812.2637925651	
457.5098683	89	7	4	0.9006468848	0.002474425008	98.06031336	1.905702272	0.03398437137	11.40890248	50.98251222	37.60858531	0	0	0	-457.5098683	0.002474425008	-84669.8341382086	
454.9498683	89	7	4	0.9008805729	0.002444340633	98.0788209	1.888873675	0.03230542226	11.19653251	51.10280802	37.70065947	0	0	0	-454.9498683	0.002444340633	-85517.1309831464	
452.3898683	89	7	4	0.9011108446	0.00241455106	98.09740078	1.871909677	0.03068954754	10.986198	51.22196643	37.79183557	0	0	0	-452.3898683	0.00241455106	-86353.6359614492	
449.8298683	89	7	4	0.9013377492	0.002385046811	98.11605386	1.854810773	0.02913537081	10.77789232	51.33999109	37.88211659	0	0	0	-449.8298683	0.002385046811	-87178.8380791208	
447.2698683	89	7	4	0.9015613345	0.002355818616	98.13478097	1.837577531	0.02764150261	10.57160929	51.45688537	37.97150534	0	0	0	-447.2698683	0.002355818616	-87992.2234165769	
444.7098683	89	7	4	0.9017816469	0.002326857401	98.15358287	1.820210584	0.02620654245	10.36734315	51.5726524	38.06000445	0	0	0	-444.7098683	0.002326857401	-88793.2904329302	
442.1498683	89	7	4	0.9019987311	0.002298154291	98.17246028	1.802710643	0.02482908083	10.16508854	51.68729507	38.1476164	0	0	0	-442.1498683	0.002298154291	-89581.5498191351	
439.5898683	89	7	4	0.9022126309	0.002269700598	98.1914138	1.785078496	0.02350770123	9.96484053	51.80081602	38.23434345	0	0	0	-439.5898683	0.002269700598	-90356.5146025431	
437.0298683	89	7	4	0.9024233884	0.002241487817	98.21044401	1.767315011	0.022240982	9.766594612	51.91321765	38.32018773	0	0	0	-437.0298683	0.002241487817	-91117.7125174657	
434.4698683	89	7	4	0.9026310446	0.002213507622	98.22955136	1.74942114	0.02102749835	9.570346673	52.02450214	38.40515119	0	0	0	-434.4698683	0.002213507622	-91864.686659437	
431.9098683	89	7	4	0.902835639	0.002185751862	98.24873625	1.731397928	0.01986582415	9.376093005	52.1346714	38.4892356	0	0	0	-431.9098683	0.002185751862	-92596.9926714911	
429.3498683	89	7	4	0.9030372102	0.002158212555	98.26799896	1.713246506	0.01875453379	9.183830305	52.24372713	38.57244256	0	0	0	-429.3498683	0.002158212555	-93314.2042906747	
426.7898683	89	7	4	0.9032357954	0.002130881887	98.28733969	1.694968106	0.01769220397	8.99355566	52.3516708	38.65477354	0	0	0	-426.7898683	0.002130881887	-94015.9136705751	
424.2298683	89	7	4	0.9034314306	0.002103752206	98.30675853	1.676564058	0.0166774154	8.805266553	52.45850365	38.7362298	0	0	0	-424.2298683	0.002103752206	-94701.7285991332	
421.6698683	89	7	4	0.9036241507	0.002076816019	98.32625545	1.658035797	0.01570875459	8.618960853	52.56422667	38.81681248	0	0	0	-421.6698683	0.002076816019	-95371.2851391154	
419.1098683	89	7	4	0.9038139896	0.002050065993	98.34583032	1.639384863	0.01478481537	8.43463681	52.66884066	38.89652253	0	0	0	-419.1098683	0.002050065993	-96024.2392757719	
416.5498683	89	7	4	0.9040009801	0.002023494947	98.36548289	1.620612912	0.01390420059	8.252293055	52.77234617	38.97536078	0	0	0	-416.5498683	0.002023494947	-96660.2750238343	
413.9898683	89	7	4	0.9041851539	0.001997095857	98.38521276	1.601721713	0.0130655236	8.071928589	52.87474355	39.05332786	0	0	0	-413.9898683	0.001997095857	-97279.1044477874	
411.4298683	89	7	4	0.9043665416	0.001970861848	98.40501943	1.582713156	0.01226740975	7.893542783	52.97603293	39.13042428	0	0	0	-411.4298683	0.001970861848	-97880.4650412396	
408.8698683	89	7	4	0.904545173	0.001944786197	98.42490225	1.563589255	0.01150849786	7.717135371	53.07621423	39.2066504	0	0	0	-408.8698683	0.001944786197	-98464.1309160617	
406.3098683	89	7	4	0.9047210768	0.001918862331	98.4448604	1.544352154	0.0107874415	7.542706443	53.17528714	39.28200641	0	0	0	-406.3098683	0.001918862331	-99029.9060522664	
403.7498683	89	7	4	0.9048942809	0.001893083826	98.46489296	1.525004127	0.01010291041	7.37025644	53.27325118	39.35649238	0	0	0	-403.7498683	0.001893083826	-99577.6342392534	
401.1898683	89	7	4	0.9050648121	0.00186744441	98.48499882	1.505547587	0.009453591669	7.19978615	53.37010562	39.43010823	0	0	0	-401.1898683	0.00186744441	-100107.191591406	
398.6298683	89	7	4	0.9052326964	0.001841937958	98.50517672	1.485985085	0.008838190929	7.031296697	53.46584958	39.50285372	0	0	0	-398.6298683	0.001841937958	-100618.496916971	
396.0698683	89	7	4	0.905397959	0.0018165585	98.52542525	1.466319321	0.008255433526	6.864789537	53.56048196	39.5747285	0	0	0	-396.0698683	0.0018165585	-101111.511590012	
393.5098683	89	7	4	0.9055606241	0.001791300216	98.54574279	1.446553141	0.007704065543	6.700266452	53.65400146	39.64573209	0	0	0	-393.5098683	0.001791300216	-101586.234213478	
390.9498683	89	7	4	0.9057207154	0.001766157441	98.5661276	1.426689546	0.007182854811	6.537729535	53.74640661	39.71586385	0	0	0	-390.9498683	0.001766157441	-102042.712349726	
388.3898683	89	7	4	0.9058782554	0.001741124666	98.58657772	1.406731693	0.006690591837	6.377181191	53.83769576	39.78512305	0	0	0	-388.3898683	0.001741124666	-102481.047011742	
385.8298683	89	7	4	0.9060332661	0.001716196545	98.60709101	1.386682902	0.006226090679	6.218624121	53.92786706	39.85350882	0	0	0	-385.8298683	0.001716196545	-102901.388464786	
383.2698683	89	7	4	0.9061857688	0.001691367894	98.62766515	1.366546657	0.005788189736	6.062061314	54.01691853	39.92102016	0	0	0	-383.2698683	0.001691367894	-103303.934235268	
380.7098683	89	7	4	0.9063357838	0.001666633697	98.64829764	1.346326611	0.00537575249	5.907496038	54.10484798	39.98765598	0	0	0	-380.7098683	0.001666633697	-103688.926339572	
378.1498683	89	7	4	0.9064833309	0.001641989104	98.66898574	1.326026592	0.004987668165	5.754931828	54.1916531	40.05341508	0	0	0	-378.1498683	0.001641989104	-104056.661543404	
375.5898683	89	7	4	0.9066284293	0.001617429442	98.68972655	1.305650602	0.004622852337	5.604372475	54.27733139	40.11829613	0	0	0	-375.5898683	0.001617429442	-104407.503392652	
373.0298683	89	7	4	0.9067710974	0.001592950219	98.71051693	1.285202824	0.004280247459	5.455822012	54.36188025	40.18229774	0	0	0	-373.0298683	0.001592950219	-104741.867148066	
370.4698683	89	7	4	0.9069113529	0.001568547128	98.73135355	1.264687626	0.003958823337	5.309284701	54.4452969	40.2454184	0	0	0	-370.4698683	0.001568547128	-105060.225442513	
367.9098683	89	7	4	0.9070492132	0.001544216054	98.75223286	1.244109559	0.003657577528	5.16476502	54.52757845	40.30765653	0	0	0	-367.9098683	0.001544216054	-105363.113950349	
365.3498683	89	7	4	0.9071846948	0.001519953081	98.7731511	1.223473366	0.003375535681	5.022267647	54.60872191	40.36901045	0	0	0	-365.3498683	0.001519953081	-105651.13063849	
362.7898683	89	7	4	0.9073178138	0.001495754499	98.79410426	1.202783983	0.003111751812	4.881797445	54.68872413	40.42947843	0	0	0	-362.7898683	0.001495754499	-105924.932672966	
360.2298683	89	7	4	0.9074485857	0.00147161681	98.81508815	1.182046539	0.002865308513	4.743359441	54.7675819	40.48905866	0	0	0	-360.2298683	0.00147161681	-106185.242018192	
357.6698683	89	7	4	0.9075770257	0.001447536738	98.83609832	1.16126636	0.002635317105	4.606958813	54.84529191	40.54774928	0	0	0	-357.6698683	0.001447536738	-106432.851021907	
355.1098683	89	7	4	0.9077031481	0.001423511238	98.85713011	1.140448973	0.002420917725	4.472600868	54.92185076	40.60554837	0	0	0	-355.1098683	0.001423511238	-106668.617050329	
352.5498683	89	7	4	0.9078269672	0.001399537504	98.87817862	1.119600102	0.002221279359	4.340291019	54.99725499	40.66245399	0	0	0	-352.5498683	0.001399537504	-106893.459185034	
349.9898683	89	7	4	0.9079484965	0.001375612977	98.89923872	1.098725677	0.002035599809	4.21003477	55.07150109	40.71846414	0	0	0	-349.9898683	0.001375612977	-107108.372824295	
347.4298683	89	7	4	0.9080677494	0.00135173536	98.92030507	1.077831829	0.00186310562	4.081837684	55.14458549	40.77357683	0	0	0	-347.4298683	0.00135173536	-107314.42421943	
344.8698683	89	7	4	0.9081847387	0.001327902624	98.94137206	1.056924891	0.00170305193	3.955705368	55.21650461	40.82779003	0	0	0	-344.8698683	0.001327902624	-107512.742968446	
342.3098683	89	7	4	0.9082994769	0.00130411302	98.96243388	1.036011402	0.001554722291	3.831643439	55.28725484	40.88110172	0	0	0	-342.3098683	0.00130411302	-107704.536921297	
339.7498683	89	7	4	0.9084119763	0.001280365092	98.98348447	1.015098101	0.001417428423	3.709657504	55.3568326	40.93350989	0	0	0	-339.7498683	0.001280365092	-107891.089396438	
337.1898683	89	7	4	0.9085222487	0.001256657688	99.00451756	0.9941919326	0.001290509926	3.589753126	55.4252343	40.98501257	0	0	0	-337.1898683	0.001256657688	-108073.756573285	
334.6298683	89	7	4	0.9086303059	0.001232989972	99.02552663	0.9733000393	0.001173333949	3.471935797	55.49245641	41.0356078	0	0	0	-334.6298683	0.001232989972	-108253.967322388	
332.0698683	89	7	4	0.9087361592	0.001209361435	99.04650494	0.9524297635	0.001065294809	3.356210906	55.55849542	41.08529367	0	0	0	-332.0698683	0.001209361435	-108433.234884464	
329.5098683	89	7	4	0.90883982	0.001185771912	99.06744554	0.9315886437	0.0009658135744	3.242583705	55.62334794	41.13406836	0	0	0	-329.5098683	0.001185771912	-108613.152851063	
326.9498683	89	7	4	0.9089412992	0.001162221591	99.08834125	0.9107844111	0.0008743376039	3.131059275	55.68701063	41.1819301	0	0	0	-326.9498683	0.001162221591	-108795.389380106	
324.3898683	89	7	4	0.9090406078	0.001138711027	99.10918467	0.8900249863	0.000790340054	3.021642493	55.74948029	41.22887721	0	0	0	-324.3898683	0.001138711027	-108981.700202524	
321.8298683	89	7	4	0.9091377566	0.001115241156	99.12996821	0.8693184739	0.0007133193504	2.914337988	55.81075386	41.27490815	0	0	0	-321.8298683	0.001115241156	-109173.928520424	
319.2698683	89	7	4	0.9092327564	0.001091813308	99.15068404	0.8486731583	0.0006427986284	2.809150108	55.87082842	41.32002147	0	0	0	-319.2698683	0.001091813308	-109374.005559719	
316.7098683	89	7	4	0.909325618	0.00106842922	99.17132418	0.8280974965	0.0005783251443	2.706082876	55.92970124	41.36421589	0	0	0	-316.7098683	0.00106842922	-109583.958902939	
314.1498683	89	7	4	0.9094163522	0.001045091051	99.19188042	0.8076001123	0.000519469662	2.605139947	55.9873698	41.40749025	0	0	0	-314.1498683	0.001045091051	-109805.902874133	
311.5898683	89	7	4	0.9095049697	0.001021801389	99.21234439	0.7871897877	0.0004658258153	2.50632457	56.04383182	41.44984361	0	0	0	-311.5898683	0.001021801389	-110042.053985572	
309.0298683	89	7	4	0.9095914814	0.0009985632702	99.23270754	0.766875455	0.0004170094503	2.409639535	56.09908525	41.49127521	0	0	0	-309.0298683	0.0009985632702	-110294.739265158	
306.4698683	89	7	4	0.9096758985	0.0009753801868	99.25296115	0.7466661874	0.0003726579494	2.315087133	56.15312837	41.5317845	0	0	0	-306.4698683	0.0009753801868	-110566.388387791	
303.9098683	89	7	4	0.9097582321	0.0009522560995	99.27309638	0.7265711883	0.0003324295403	2.222669104	56.20595973	41.57137117	0	0	0	-303.9098683	0.0009522560995	-110859.548130172	
301.3498683	89	7	4	0.9098384936	0.0009291954476	99.29310422	0.7065997805	0.0002960025927	2.132386591	56.25757825	41.61003516	0	0	0	-301.3498683	0.0009291954476	-105728.160277004	
300	89	7	4	0.909879987	0.000480865398	99.30359996	0.6961218149	0.0002782224905	2.085641075	56.28430681	41.63005212	0	0	0	-300	0.000480865398	99706.3988483225	
