T	w(AL)	w(MG)	w(SI)	fs	fw(@FCC_A1)	w(AL@FCC_A1)	w(MG@FCC_A1)	w(SI@FCC_A1)	w(AL@LIQUID)	w(MG@LIQUID)	w(SI@LIQUID)	dwdT_L(AL@LIQUID)	dwdT_L(MG@LIQUID)	dwdT_L(SI@LIQUID)	-T	fw(@FCC_A1)_1	-T//fw(@FCC_A1)	
K	%	%	%	mole/mole	kg/kg	%	%	%	%	%	%	SI	SI	SI				
888.5126701	91	8	1	0	0	97.53263133	2.400735814	0.06663285938	91	8	1	0.002047157852	-0.001754645888	-0.0002925119636	-888.5126701	0	15.9031971289238	
888.5026701	91	8	1	0.0003116095039	0.0003134033769	97.53213166	2.401224098	0.06664423703	90.99795284	8.001754679	1.000292483	0	0	0	-888.5026701	0.0003134033769	47.912324572884	
888.4826701	91	8	1	0.0009342214245	0.0006264091546	97.53113196	2.402201047	0.06666699638	90.99385847	8.005263937	1.000877589	0	0	0	-888.4826701	0.0006264091546	63.9245655592392	
888.4426701	91	8	1	0.002177566879	0.001251600081	97.52913306	2.40415446	0.06671248308	90.98566951	8.012282397	1.002048097	0	0	0	-888.4426701	0.001251600081	64.0338994758441	
888.3626701	91	8	1	0.004656872576	0.002498861534	97.52513612	2.408060526	0.06680335018	90.96929067	8.026318961	1.004390366	0	0	0	-888.3626701	0.002498861534	64.2523416102627	
888.2026701	91	8	1	0.009586124623	0.004980450381	97.51714572	2.415869619	0.06698465901	90.93652942	8.054390669	1.009079914	0	0	0	-888.2026701	0.004980450381	64.7355519906416	
887.8826701	91	8	1	0.01931944518	0.009884604067	97.5011797	2.431474545	0.06734575532	90.87099252	8.110525942	1.018481536	0	0	0	-887.8826701	0.009884604067	65.7258694297228	
887.2426701	91	8	1	0.03831833087	0.01948614617	97.46930459	2.462633907	0.06806150006	90.73986074	8.222769482	1.037369776	0	0	0	-887.2426701	0.01948614617	67.6543068313501	
885.9626701	91	8	1	0.07453917089	0.03788555889	97.40578047	2.52475247	0.06946706008	90.47736786	8.447147691	1.075484449	0	0	0	-885.9626701	0.03788555889	71.6830808146878	
883.4026701	91	8	1	0.1405534929	0.07175790884	97.27962215	2.648204017	0.07217383071	89.95147326	8.895472508	1.153054233	0	0	0	-883.4026701	0.07175790884	-807.544792011925	
880.8426701	91	8	1	0.1987774312	0.06817285055	97.15447778	2.770811153	0.07471106391	89.42449871	9.343555072	1.231946222	0	0	0	-880.8426701	0.06817285055	-751.533172958936	
878.2826701	91	8	1	0.2504455128	0.06491411954	97.03030537	2.892615202	0.07707943142	88.89650002	9.791382367	1.312117614	0	0	0	-878.2826701	0.06491411954	-825.314809024589	
875.7226701	91	8	1	0.2965541428	0.06194271174	96.90706365	3.013656242	0.07928010344	88.3675388	10.23893569	1.393525519	0	0	0	-875.7226701	0.06194271174	-902.94957874408	
873.1626701	91	8	1	0.337912192	0.05922180845	96.78471198	3.133973186	0.08131483041	87.83767943	10.68619165	1.476128915	0	0	0	-873.1626701	0.05922180845	-983.911013881943	
870.6026701	91	8	1	0.3751824785	0.05672054587	96.66321039	3.253603741	0.08318587194	87.30698955	11.13312218	1.559888267	0	0	0	-870.6026701	0.05672054587	-1068.14861062371	
868.0426701	91	8	1	0.4089128412	0.05441290202	96.54251958	3.372584483	0.08489593625	86.7755399	11.57969482	1.644765272	0	0	0	-868.0426701	0.05441290202	-1155.61563799699	
865.4826701	91	8	1	0.4395596795	0.05227678501	96.42260095	3.490950919	0.08644812583	86.24340428	12.02587307	1.730722648	0	0	0	-865.4826701	0.05227678501	-1246.26174177965	
862.9226701	91	8	1	0.4675059914	0.0502933184	96.3034169	3.608737215	0.08784588424	85.7106594	12.47161666	1.817723947	0	0	0	-862.9226701	0.0502933184	-1340.03577642776	
860.3626701	91	8	1	0.4930753497	0.04844628497	96.18492948	3.725977552	0.08909296727	85.17738479	12.91688179	1.905733421	0	0	0	-860.3626701	0.04844628497	-1436.88266179341	
857.8026701	91	8	1	0.5165428272	0.04672166742	96.06710246	3.842704158	0.09019337791	84.64366267	13.36162145	1.994715882	0	0	0	-857.8026701	0.04672166742	-1536.74483966143	
855.2426701	91	8	1	0.538143625	0.04510729513	95.94989996	3.958948693	0.09115134483	84.10957779	13.80578561	2.084636604	0	0	0	-855.2426701	0.04510729513	-1639.56509285423	
852.6826701	91	8	1	0.558079939	0.04359255044	95.83328679	4.074741924	0.09197128373	83.5752173	14.24932146	2.17546124	0	0	0	-852.6826701	0.04359255044	-1745.28499154334	
850.1226701	91	8	1	0.5765264701	0.04216813045	95.71722849	4.190113747	0.09265776523	83.04067058	14.69217367	2.26715575	0	0	0	-850.1226701	0.04216813045	-1853.84608136294	
847.5626701	91	8	1	0.593634876	0.0408258515	95.60169131	4.3050932	0.09321548532	82.50602903	15.13428462	2.35968635	0	0	0	-847.5626701	0.0408258515	-1965.19061830268	
845.0026701	91	8	1	0.6095373952	0.03955848759	95.48664228	4.41970848	0.0936492379	81.97138595	15.57559458	2.453019464	0	0	0	-845.0026701	0.03955848759	-2079.26224456915	
842.4426701	91	8	1	0.6243498144	0.03835963599	95.37204916	4.53398695	0.09396388941	81.43683628	16.01604202	2.547121702	0	0	0	-842.4426701	0.03835963599	-2196.00674194927	
839.8826701	91	8	1	0.6381739136	0.03722360495	95.25788049	4.647955153	0.09416435531	80.9024764	16.45556377	2.641959831	0	0	0	-839.8826701	0.03722360495	-2315.37273988339	
837.3226701	91	8	1	0.6510994923	0.03614531923	95.1441056	4.76163882	0.09425557836	80.36840396	16.89409527	2.73750077	0	0	0	-837.3226701	0.03614531923	-2437.31242626055	
834.7626701	91	8	1	0.6632060575	0.03512024035	95.03069461	4.875062882	0.09424250853	79.83471761	17.33157081	2.83371158	0	0	0	-834.7626701	0.03512024035	-2561.78223904866	
832.2026701	91	8	1	0.6745642371	0.03414429884	94.91761844	4.988251473	0.09413008457	79.30151678	17.76792375	2.930559471	0	0	0	-832.2026701	0.03414429884	-2688.74351668042	
829.6426701	91	8	1	0.6852369691	0.0332138365	94.80484884	5.101227946	0.09392321697	78.76890146	18.20308673	3.028011808	0	0	0	-829.6426701	0.0332138365	-2818.16313169169	
827.0826701	91	8	1	0.6952805065	0.03232555693	94.69235835	5.214014881	0.09362677253	78.23697194	18.63699194	3.126036127	0	0	0	-827.0826701	0.03232555693	-2950.01398616116	
824.5226701	91	8	1	0.7047452703	0.03147648296	94.58012034	5.326634096	0.09324556015	77.70582859	19.06957125	3.224600155	0	0	0	-824.5226701	0.03147648296	-3084.27550664723	
821.9626701	91	8	1	0.7136765767	0.03066391992	94.46810902	5.439106658	0.09278431808	77.17557162	19.50075655	3.32367183	0	0	0	-821.9626701	0.03066391992	-3220.93415951944	
819.4026701	91	8	1	0.7221152587	0.02988542383	94.3562994	5.551452898	0.09224770237	76.64630081	19.93047986	3.423219328	0	0	0	-819.4026701	0.02988542383	-3359.98364850645	
816.8426701	91	8	1	0.7300982006	0.02913877364	94.2446673	5.663692424	0.09164027656	76.11811532	20.35867359	3.523211092	0	0	0	-816.8426701	0.02913877364	-3501.4252650665	
814.2826701	91	8	1	0.7376587979	0.02842194712	94.13318936	5.775844136	0.09096650259	75.59111343	20.78527071	3.623615864	0	0	0	-814.2826701	0.02842194712	-3645.26805436729	
811.7226701	91	8	1	0.7448273557	0.02773309964	94.02184302	5.887926246	0.09023073278	75.0653923	21.21020498	3.724402717	0	0	0	-811.7226701	0.02773309964	-3791.52887554745	
809.1626701	91	8	1	0.7516314333	0.02707054561	93.91060651	5.999956291	0.08943720291	74.54104778	21.63341113	3.825541086	0	0	0	-809.1626701	0.02707054561	-3940.23256350583	
806.6026701	91	8	1	0.7580961454	0.02643274211	93.79945882	6.111951159	0.08859002631	74.01817419	22.054825	3.927000808	0	0	0	-806.6026701	0.02643274211	-4091.41166477796	
804.0426701	91	8	1	0.7642444233	0.02581827438	93.68837971	6.223927101	0.08769318898	73.49686411	22.47438374	4.028752149	0	0	0	-804.0426701	0.02581827438	-4245.10657167729	
801.4826701	91	8	1	0.7700972451	0.02522584309	93.57734969	6.335899763	0.08675054554	72.97720818	22.89202598	4.130765844	0	0	0	-801.4826701	0.02522584309	-4401.36526476417	
798.9226701	91	8	1	0.7756738366	0.02465425291	93.46634998	6.447884201	0.08576581613	72.45929493	23.30769194	4.233013127	0	0	0	-798.9226701	0.02465425291	-4560.24289548702	
796.3626701	91	8	1	0.7809918482	0.02410240241	93.35536251	6.559894908	0.08474258408	71.94321064	23.7213236	4.335465767	0	0	0	-796.3626701	0.02410240241	-4721.80194469944	
793.8026701	91	8	1	0.7860675117	0.0235692751	93.24436986	6.671945841	0.08368429441	71.42903911	24.13286479	4.438096096	0	0	0	-793.8026701	0.0235692751	-4886.11162520199	
791.2426701	91	8	1	0.7909157777	0.02305393132	93.1333553	6.784050444	0.08259425289	70.91686159	24.54226136	4.540877041	0	0	0	-791.2426701	0.02305393132	-5053.24700308736	
788.6826701	91	8	1	0.7955504385	0.02255550098	93.0223027	6.896221677	0.08147562596	70.40675663	24.94946122	4.64378215	0	0	0	-788.6826701	0.02255550098	-5223.28861808789	
786.1226701	91	8	1	0.7999842366	0.02207317708	92.91119652	7.008472044	0.08033144104	69.89879993	25.35441446	4.746785619	0	0	0	-786.1226701	0.02207317708	-5396.32262747525	
783.5626701	91	8	1	0.8042289614	0.02160620998	92.80002179	7.120813619	0.07916458756	69.39306429	25.75707339	4.849862315	0	0	0	-783.5626701	0.02160620998	-5572.44199122931	
781.0026701	91	8	1	0.8082955356	0.02115390242	92.6887641	7.233258078	0.07797781842	68.88961951	26.15739269	4.9529878	0	0	0	-781.0026701	0.02115390242	-5751.74572816186	
778.4426701	91	8	1	0.8121940923	0.02071560479	92.57740953	7.345816722	0.07677375195	68.38853229	26.55532936	5.056138349	0	0	0	-778.4426701	0.02071560479	-5934.33597541451	
775.8826701	91	8	1	0.815934044	0.02029071071	92.46594461	7.458500514	0.07555487419	67.8898662	26.95084283	5.159290967	0	0	0	-775.8826701	0.02029071071	-6120.31751741532	
773.3226701	91	8	1	0.819524145	0.01987865322	92.35435636	7.571320102	0.07432354155	67.39368161	27.34389499	5.262423405	0	0	0	-773.3226701	0.01987865322	-6309.79874836319	
770.7626701	91	8	1	0.8229725463	0.01947890139	92.24263217	7.684285851	0.0730819838	66.90003567	27.73445016	5.36551417	0	0	0	-770.7626701	0.01947890139	-6502.89202415365	
768.2026701	91	8	1	0.8262868467	0.0190909573	92.13075982	7.797407873	0.07183230726	66.40898232	28.12247515	5.468542534	0	0	0	-768.2026701	0.0190909573	-6699.71275329638	
765.6426701	91	8	1	0.8294741372	0.0187143532	92.01872745	7.910696056	0.07057649833	65.92057222	28.50793923	5.571488545	0	0	0	-765.6426701	0.0187143532	-6902.72578480242	
763.0826701	91	8	1	0.8325410888	0.01834888706	91.90652103	8.024162555	0.06931641487	65.43484881	28.89081794	5.674333241	0	0	0	-763.0826701	0.01834888706	-7105.38900634228	
760.5226701	91	8	1	0.8354938199	0.01799349202	91.79413378	8.137812396	0.06805382412	64.95186543	29.27107772	5.777056854	0	0	0	-760.5226701	0.01799349202	-7311.83912489807	
757.9626701	91	8	1	0.8383381576	0.01764835262	91.68155263	8.251656991	0.06679037901	64.47165794	29.64869909	5.879642971	0	0	0	-757.9626701	0.01764835262	-7526.51229331836	
755.4026701	91	8	1	0.8410795382	0.01731295142	91.56876672	8.36570566	0.06552762267	63.99426425	30.02366105	5.982074694	0	0	0	-755.4026701	0.01731295142	-7743.93034246763	
752.8426701	91	8	1	0.843723058	0.01698692401	91.45576541	8.479967596	0.06426699882	63.51971909	30.39594494	6.084335967	0	0	0	-752.8426701	0.01698692401	-7965.69186868146	
750.2826701	91	8	1	0.8462735009	0.01666994059	91.3425382	8.594451943	0.06300985445	63.04805412	30.76553439	6.186411495	0	0	0	-750.2826701	0.01666994059	-8192.01750073051	
747.7226701	91	8	1	0.848735361	0.0163616819	91.22907475	8.709167806	0.06175744436	62.57929798	31.13241526	6.288286763	0	0	0	-747.7226701	0.0163616819	-8423.02145855942	
745.1626701	91	8	1	0.851112864	0.01606184924	91.11536478	8.824124281	0.06051093507	62.11347634	31.49657564	6.38994802	0	0	0	-745.1626701	0.01606184924	-8658.93243870155	
742.6026701	91	8	1	0.8534099869	0.01577016077	91.00139809	8.939330503	0.05927140822	61.65061204	31.85800573	6.491382227	0	0	0	-742.6026701	0.01577016077	-8899.84668816228	
740.0426701	91	8	1	0.8556304747	0.01548634318	90.88716449	9.054795645	0.05803986524	61.1907251	32.2166978	6.592577094	0	0	0	-740.0426701	0.01548634318	-9145.8530081507	
737.4826701	91	8	1	0.8577778572	0.01521013733	90.77265382	9.17052895	0.05681723097	60.73383281	32.57264614	6.693521048	0	0	0	-737.4826701	0.01521013733	-9397.10786952663	
734.9226701	91	8	1	0.8598554633	0.01494129573	90.65785589	9.286539754	0.05560435751	60.27994982	32.92584696	6.794203221	0	0	0	-734.9226701	0.01494129573	-9653.7443490051	
732.3626701	91	8	1	0.8618664352	0.0146795817	90.54276046	9.40283751	0.05440202794	59.82908823	33.27629834	6.894613436	0	0	0	-732.3626701	0.0146795817	-9915.89635622175	
729.8026701	91	8	1	0.8638137406	0.01442476873	90.42735723	9.51943181	0.05321095992	59.38125768	33.62400013	6.994742192	0	0	0	-729.8026701	0.01442476873	-10183.6985630441	
727.2426701	91	8	1	0.8657001841	0.01417663978	90.31163579	9.636332405	0.05203180921	58.93646543	33.96895393	7.094580643	0	0	0	-727.2426701	0.01417663978	-10457.2862915838	
724.6826701	91	8	1	0.8675284182	0.01393498674	90.1955856	9.753549226	0.05086517306	58.49471646	34.31116295	7.194120588	0	0	0	-724.6826701	0.01393498674	-10736.7958170887	
722.1226701	91	8	1	0.8693009532	0.01369960986	90.079196	9.871092409	0.04971159348	58.05601355	34.650632	7.293354448	0	0	0	-722.1226701	0.01369960986	-11022.3645060858	
719.5626701	91	8	1	0.8710201659	0.0134703173	89.96245613	9.988972309	0.04857156041	57.62035739	34.98736736	7.392275249	0	0	0	-719.5626701	0.0134703173	-11314.1305654721	
717.0026701	91	8	1	0.8726883083	0.01324692464	89.84535496	10.10719952	0.04744551474	57.18774667	35.32137673	7.490876606	0	0	0	-717.0026701	0.01324692464	-11612.2333606038	
714.4426701	91	8	1	0.8743075153	0.01302925451	89.72788124	10.22578491	0.04633385123	56.75817814	35.65266915	7.589152705	0	0	0	-714.4426701	0.01302925451	-11916.8138672674	
711.8826701	91	8	1	0.8758798121	0.01281713619	89.61002348	10.3447396	0.04523692127	56.33164676	35.98125496	7.68709828	0	0	0	-711.8826701	0.01281713619	-12228.0137523041	
709.3226701	91	8	1	0.8774071206	0.01261040526	89.49176993	10.46407504	0.04415503554	55.90814572	36.30714568	7.784708603	0	0	0	-709.3226701	0.01261040526	-12545.9772892577	
706.7626701	91	8	1	0.8788912661	0.01240890332	89.37310857	10.58380296	0.04308846657	55.48766659	36.63035395	7.881979456	0	0	0	-706.7626701	0.01240890332	-12870.8502504364	
704.2026701	91	8	1	0.8803339825	0.01221247765	89.25402708	10.70393547	0.04203745111	55.07019937	36.95089351	7.97890712	0	0	0	-704.2026701	0.01221247765	-13202.7807826797	
701.6426701	91	8	1	0.8817369183	0.01202098099	89.13451282	10.82448499	0.04100219244	54.6557326	37.26877905	8.075488354	0	0	0	-701.6426701	0.01202098099	-13541.9185234057	
699.0826701	91	8	1	0.8831016411	0.01183427122	89.01455281	10.94546432	0.03998286257	54.2442534	37.58402622	8.17172038	0	0	0	-699.0826701	0.01183427122	-13888.4175425987	
696.5226701	91	8	1	0.8844296428	0.01165221124	88.89413373	11.06688667	0.03897960425	53.8357476	37.89665153	8.267600861	0	0	0	-696.5226701	0.01165221124	-14242.4320366901	
693.9626701	91	8	1	0.8857223435	0.01147466858	88.77324185	11.18876561	0.03799253297	53.4301998	38.20667231	8.363127888	0	0	0	-693.9626701	0.01147466858	-14604.1214184852	
691.4026701	91	8	1	0.8869810957	0.01130151541	88.65186308	11.31111518	0.03702173877	53.02759343	38.51410661	8.458299962	0	0	0	-691.4026701	0.01130151541	-14973.6495948909	
688.8426701	91	8	1	0.8882071885	0.01113262818	88.52998289	11.43394982	0.036067288	52.62791084	38.81897318	8.553115978	0	0	0	-688.8426701	0.01113262818	-15351.1817402863	
686.2826701	91	8	1	0.8894018506	0.01096788754	88.40758633	11.55728444	0.03512922496	52.23113337	39.12129142	8.647575207	0	0	0	-686.2826701	0.01096788754	-15736.8891185817	
683.7226701	91	8	1	0.8905662539	0.01080717813	88.28465799	11.68113443	0.03420757344	51.83724141	39.42108131	8.741677285	0	0	0	-683.7226701	0.01080717813	-16130.9463809645	
681.1626701	91	8	1	0.8917015167	0.01065038844	88.161182	11.80551567	0.0333023382	51.44621447	39.71836334	8.835422194	0	0	0	-681.1626701	0.01065038844	-16533.5353159394	
678.6026701	91	8	1	0.8928087064	0.01049741069	88.03714197	11.93044453	0.03241350632	51.05803125	40.0131585	8.928810249	0	0	0	-678.6026701	0.01049741069	-16944.8424091395	
676.0426701	91	8	1	0.8938888425	0.01034814065	87.91252103	12.05593792	0.03154104847	50.6726697	40.30548822	9.021842086	0	0	0	-676.0426701	0.01034814065	-17365.0597384927	
673.4826701	91	8	1	0.8949428991	0.01020247754	87.78730177	12.18201331	0.03068492018	50.29010704	40.59537431	9.114518644	0	0	0	-673.4826701	0.01020247754	-17794.3865921962	
670.9226701	91	8	1	0.895971807	0.01006032389	87.66146622	12.30868872	0.02984506291	49.91031988	40.88283896	9.206841158	0	0	0	-670.9226701	0.01006032389	-18233.0293159425	
668.3626701	91	8	1	0.8969764565	0.009921585436	87.53499585	12.43598274	0.02902140514	49.53328421	41.16790464	9.298811142	0	0	0	-668.3626701	0.009921585436	-18681.2029579868	
665.8026701	91	8	1	0.8979576991	0.00978617101	87.40787154	12.5639146	0.02821386337	49.15897551	41.45059411	9.39043038	0	0	0	-665.8026701	0.00978617101	-19139.1310832679	
663.2426701	91	8	1	0.8989163495	0.009653992432	87.28007355	12.69250411	0.02742234305	48.78736873	41.73093036	9.481700911	0	0	0	-663.2426701	0.009653992432	-19607.0461442427	
660.6826701	91	8	1	0.8998531881	0.009524964406	87.15158151	12.82177175	0.02664673944	48.41843838	42.00893659	9.572625025	0	0	0	-660.6826701	0.009524964406	-20085.1912553106	
658.1226701	91	8	1	0.9007689619	0.009399004435	87.02237439	12.95173867	0.02588693844	48.05215859	42.28463617	9.663205245	0	0	0	-658.1226701	0.009399004435	-20573.8207151064	
655.5626701	91	8	1	0.9016643867	0.009276032722	86.89243049	13.08242669	0.02514281732	47.68850308	42.5580526	9.753444323	0	0	0	-655.5626701	0.009276032722	-21073.2008079183	
653.0026701	91	8	1	0.9025401486	0.00915597209	86.76172741	13.21385835	0.02441424549	47.32744526	42.82920951	9.843345228	0	0	0	-653.0026701	0.00915597209	-21583.6110663198	
650.4426701	91	8	1	0.9033969055	0.009038747895	86.630242	13.34605692	0.02370108511	46.96895826	43.0981306	9.932911139	0	0	0	-650.4426701	0.009038747895	-22105.3449773245	
647.8826701	91	8	1	0.9042352884	0.008924287948	86.49795039	13.47904642	0.02300319172	46.61301492	43.36483965	10.02214544	0	0	0	-647.8826701	0.008924287948	-22638.7120173136	
645.3226701	91	8	1	0.9050559026	0.008812522444	86.36482791	13.61285167	0.02232041483	46.25958787	43.62936044	10.11105169	0	0	0	-645.3226701	0.008812522444	-23184.0382343945	
642.7626701	91	8	1	0.9058593294	0.008703383883	86.23084912	13.74749828	0.02165259846	45.90864954	43.8917168	10.19963366	0	0	0	-642.7626701	0.008703383883	-23741.6677151139	
640.2026701	91	8	1	0.9066461268	0.008596807005	86.09598772	13.8830127	0.02099958162	45.56017218	44.15193253	10.28789529	0	0	0	-640.2026701	0.008596807005	-24311.9645960544	
637.6426701	91	8	1	0.907416831	0.008492728722	85.96021657	14.01942224	0.02036119882	45.21412789	44.41003142	10.37584069	0	0	0	-637.6426701	0.008492728722	-24895.314569887	
635.0826701	91	8	1	0.9081719569	0.008391088056	85.82350763	14.15675509	0.01973728044	44.87048867	44.6660372	10.46347413	0	0	0	-635.0826701	0.008391088056	-25492.1266701717	
632.5226701	91	8	1	0.9089119999	0.008291826076	85.68583196	14.29504039	0.01912765319	44.52922639	44.91997354	10.55080007	0	0	0	-632.5226701	0.008291826076	-26102.8354640338	
629.9626701	91	8	1	0.9096374361	0.008194885842	85.54715967	14.43430819	0.01853214048	44.19031286	45.17186404	10.6378231	0	0	0	-629.9626701	0.008194885842	-26727.9032615437	
627.4026701	91	8	1	0.9103487237	0.008100212347	85.40745989	14.57458955	0.01795056275	43.85371982	45.42173219	10.72454798	0	0	0	-627.4026701	0.008100212347	-27367.8225284844	
624.8426701	91	8	1	0.9110463034	0.008007752465	85.26670075	14.71591652	0.01738273782	43.51941898	45.66960141	10.81097961	0	0	0	-624.8426701	0.008007752465	-28023.1187571169	
622.2826701	91	8	1	0.9117305998	0.007917454899	85.12484931	14.85832221	0.01682848116	43.187382	45.91549496	10.89712304	0	0	0	-622.2826701	0.007917454899	-28694.3530986214	
619.7226701	91	8	1	0.9124020214	0.007829270131	84.98187157	15.00184083	0.01628760621	42.85758055	46.15943598	10.98298346	0	0	0	-619.7226701	0.007829270131	-29382.1260679178	
617.1626701	91	8	1	0.913060962	0.007743150377	84.83773241	15.14650767	0.01575992466	42.52998629	46.40144749	11.06856621	0	0	0	-617.1626701	0.007743150377	-30087.0813206162	
614.6026701	91	8	1	0.9137078012	0.007659049542	84.69239556	15.2923592	0.01524524663	42.20457089	46.64155234	11.15387677	0	0	0	-614.6026701	0.007659049542	-30809.9087923909	
612.0426701	91	8	1	0.9143429046	0.007576923174	84.54582354	15.43943308	0.01474338095	41.88130605	46.87977322	11.23892073	0	0	0	-612.0426701	0.007576923174	-31551.3500781686	
609.4826701	91	8	1	0.9149666252	0.007496728428	84.39797765	15.58776821	0.01425413536	41.5601635	47.11613266	11.32370384	0	0	0	-609.4826701	0.007496728428	-32312.2033277786	
606.9226701	91	8	1	0.9155793033	0.007418424024	84.24881792	15.73740476	0.01377731674	41.24111501	47.35065301	11.40823199	0	0	0	-606.9226701	0.007418424024	-33093.3276640219	
604.3626701	91	8	1	0.9161812673	0.007341970209	84.09830304	15.88838423	0.01331273122	40.92413239	47.58335643	11.49251118	0	0	0	-604.3626701	0.007341970209	-33895.6507583413	
601.8026701	91	8	1	0.9167728345	0.007267328726	83.94639036	16.04074946	0.01286018444	40.60918753	47.8142649	11.57654757	0	0	0	-601.8026701	0.007267328726	-34720.1748048983	
599.2426701	91	8	1	0.9173543112	0.007194462776	83.7930358	16.19454472	0.01241948165	40.29625236	48.04340021	11.66034743	0	0	0	-599.2426701	0.007194462776	-35567.9841451113	
596.6826701	91	8	1	0.9179259934	0.00712333699	83.63819383	16.34981574	0.0119904279	39.98529887	48.27078393	11.74391719	0	0	0	-596.6826701	0.00712333699	-36440.2544918739	
594.1226701	91	8	1	0.9184881672	0.007053917398	83.48181743	16.50660975	0.01157282815	39.67629914	48.49643746	11.8272634	0	0	0	-594.1226701	0.007053917398	-37338.2614778705	
591.5626701	91	8	1	0.9190411092	0.0069861714	83.323858	16.66497552	0.01116648744	39.3692253	48.72038196	11.91039274	0	0	0	-591.5626701	0.0069861714	-38263.3917443123	
589.0026701	91	8	1	0.919585087	0.00692006774	83.16426535	16.82496344	0.01077121099	39.06404955	48.94263839	11.99331205	0	0	0	-589.0026701	0.00692006774	-39217.1561266638	
586.4426701	91	8	1	0.9201203596	0.006855576484	83.00298762	16.98662557	0.0103868043	38.76074418	49.16322751	12.07602831	0	0	0	-586.4426701	0.006855576484	-40201.2020698882	
583.8826701	91	8	1	0.9206471777	0.006792668993	82.83997125	17.15001568	0.0100130733	38.45928154	49.38216983	12.15854863	0	0	0	-583.8826701	0.006792668993	-41217.3298274338	
581.3226701	91	8	1	0.921165784	0.006731317906	82.67516089	17.31518929	0.00964982444	38.15963406	49.59948567	12.24088027	0	0	0	-581.3226701	0.006731317906	-42267.5093790539	
578.7626701	91	8	1	0.9216764139	0.006671497115	82.50849937	17.48220376	0.009296864762	37.86177422	49.81519512	12.32303067	0	0	0	-578.7626701	0.006671497115	-43353.9021547946	
576.2026701	91	8	1	0.9221792953	0.006613181755	82.33992765	17.65111835	0.00895400202	37.56567459	50.02931803	12.40500738	0	0	0	-576.2026701	0.006613181755	-44478.8824126324	
573.6426701	91	8	1	0.9226746494	0.006556348179	82.16938472	17.82199423	0.008621044756	37.27130779	50.24187406	12.48681816	0	0	0	-573.6426701	0.006556348179	-45645.0635056821	
571.0826701	91	8	1	0.9231626907	0.00650097395	81.99680759	17.99489461	0.008297802381	36.9786465	50.45288261	12.56847089	0	0	0	-571.0826701	0.00650097395	-46855.3298375224	
568.5226701	91	8	1	0.9236436274	0.006447037825	81.82213118	18.16988474	0.007984085254	36.68766347	50.66236287	12.64997366	0	0	0	-568.5226701	0.006447037825	-48112.8694662792	
565.9626701	91	8	1	0.9241176617	0.006394519744	81.64528829	18.347032	0.007679704756	36.39833149	50.87033379	12.73133472	0	0	0	-565.9626701	0.006394519744	-49421.2157673431	
563.4026701	91	8	1	0.92458499	0.006343400821	81.46620956	18.52640597	0.007384473356	36.11062338	51.07681412	12.8125625	0	0	0	-563.4026701	0.006343400821	-50784.2935719756	
560.8426701	91	8	1	0.9250458033	0.006293663335	81.28482333	18.70807847	0.007098204681	35.82451203	51.28182234	12.89366563	0	0	0	-560.8426701	0.006293663335	-52206.4729131101	
558.2826701	91	8	1	0.9255002872	0.006245290723	81.10105566	18.89212363	0.006820713578	35.53997033	51.48537674	12.97465293	0	0	0	-558.2826701	0.006245290723	-53692.6352197345	
555.7226701	91	8	1	0.9259486223	0.006198267579	80.91483021	19.07861797	0.006551816171	35.25697122	51.68749535	13.05553343	0	0	0	-555.7226701	0.006198267579	-55248.2456067671	
553.1626701	91	8	1	0.9263909846	0.006152579646	80.72606823	19.26764044	0.006291329924	34.97548763	51.88819598	13.13631639	0	0	0	-553.1626701	0.006152579646	-56879.4398986383	
550.6026701	91	8	1	0.9268275452	0.006108213816	80.53468845	19.45927248	0.006039073692	34.6954925	52.08749623	13.21701127	0	0	0	-550.6026701	0.006108213816	-58593.1321366174	
548.0426701	91	8	1	0.9272584711	0.006065158131	80.34060703	19.6535981	0.005794867773	34.41695878	52.28541343	13.29762779	0	0	0	-548.0426701	0.006065158131	-60397.1385373097	
545.4826701	91	8	1	0.927683925	0.006023401785	80.14373754	19.85070392	0.005558533961	34.1398594	52.48196471	13.37817589	0	0	0	-545.4826701	0.006023401785	-62300.3225545377	
542.9226701	91	8	1	0.9281040657	0.005982935123	79.94399087	20.05067924	0.005329895594	33.86416725	52.67716697	13.45866578	0	0	0	-542.9226701	0.005982935123	-64312.7777607791	
540.3626701	91	8	1	0.9285190482	0.005943749651	79.74127517	20.25361606	0.005108777599	33.5898552	52.87103685	13.53910795	0	0	0	-540.3626701	0.005943749651	-66446.0468626892	
537.8026701	91	8	1	0.928929024	0.005905838041	79.53549583	20.45960916	0.004895006537	33.31689605	53.06359079	13.61951315	0	0	0	-537.8026701	0.005905838041	-68713.3790549423	
535.2426701	91	8	1	0.9293341411	0.005869194135	79.32655543	20.66875616	0.004688410648	33.04526257	53.25484499	13.69989245	0	0	0	-535.2426701	0.005869194135	-71130.0607017297	
532.6826701	91	8	1	0.9297345442	0.00583381296	79.11435368	20.8811575	0.00448881989	32.77492742	53.44481539	13.78025719	0	0	0	-532.6826701	0.00583381296	-73713.8170977015	
530.1226701	91	8	1	0.9301303751	0.005799690736	78.8987874	21.09691653	0.004296065982	32.50586319	53.63351774	13.86061907	0	0	0	-530.1226701	0.005799690736	-76485.3036087969	
527.5626701	91	8	1	0.9305217726	0.005766824885	78.6797505	21.31613952	0.004109982439	32.23804237	53.82096751	13.94099011	0	0	0	-527.5626701	0.005766824885	-79468.7446660161	
525.0026701	91	8	1	0.9309088727	0.005735214052	78.45713395	21.53893564	0.003930404613	31.97143731	54.00717998	14.02138271	0	0	0	-525.0026701	0.005735214052	-82692.7274753557	
522.4426701	91	8	1	0.9312918088	0.005704858115	78.23082578	21.76541705	0.003757169725	31.70602025	54.19217014	14.10180961	0	0	0	-522.4426701	0.005704858115	-86191.2100989621	
519.8826701	91	8	1	0.9316707121	0.005675758199	78.00071107	21.99569881	0.003590116905	31.44176327	54.37595277	14.18228396	0	0	0	-519.8826701	0.005675758199	-90004.8559665224	
517.3226701	91	8	1	0.9320457111	0.0056479167	77.76667197	22.22989894	0.00342908722	31.17863827	54.55854239	14.26281933	0	0	0	-517.3226701	0.0056479167	-94182.7563081943	
514.7626701	91	8	1	0.9324169325	0.005621337298	77.52858773	22.46813835	0.003273923708	30.91661699	54.7399533	14.34342972	0	0	0	-514.7626701	0.005621337298	-98784.7119923224	
512.2026701	91	8	1	0.9327845007	0.005596024976	77.28633473	22.71054079	0.003124471414	30.65567094	54.9201995	14.42412955	0	0	0	-512.2026701	0.005596024976	-103884.33447228	
509.6426701	91	8	1	0.9331485383	0.005571986045	77.03978656	22.95723286	0.002980577411	30.39577145	55.09929477	14.50493378	0	0	0	-509.6426701	0.005571986045	-109573.244197455	
507.0826701	91	8	1	0.9335091663	0.005549228157	76.78881405	23.20834386	0.002842090837	30.13688958	55.27725262	14.5858578	0	0	0	-507.0826701	0.005549228157	-115966.940730633	
504.5226701	91	8	1	0.9338665037	0.005527760333	76.53328542	23.46400572	0.002708862917	29.87899614	55.45408627	14.66691758	0	0	0	-504.5226701	0.005527760333	-123213.114303586	
501.9626701	91	8	1	0.9342206684	0.005507592978	76.27306634	23.72435291	0.002580746992	29.62206168	55.6298087	14.74812962	0	0	0	-501.9626701	0.005507592978	-131503.693699467	
499.4026701	91	8	1	0.9345717765	0.005488737904	76.00802014	23.98952226	0.002457598545	29.36605645	55.80443256	14.82951099	0	0	0	-499.4026701	0.005488737904	-141092.796774737	
496.8426701	91	8	1	0.9349199433	0.005471208352	75.73800789	24.25965283	0.002339275224	29.11095037	55.97797025	14.91107938	0	0	0	-496.8426701	0.005471208352	-152324.162244802	
494.2826701	91	8	1	0.9352652826	0.005455019008	75.46288868	24.53488568	0.002225636865	28.85671306	56.15043382	14.99285311	0	0	0	-494.2826701	0.005455019008	-165674.609300033	
491.7226701	91	8	1	0.9356079071	0.005440186022	75.18251978	24.81536368	0.002116545512	28.60331378	56.32183505	15.07485117	0	0	0	-491.7226701	0.005440186022	-181825.655353703	
489.1626701	91	8	1	0.9359479289	0.005426727025	74.89675692	25.10123122	0.002011865441	28.3507214	56.49218536	15.15709324	0	0	0	-489.1626701	0.005426727025	-201787.211812019	
486.6026701	91	8	1	0.9362854589	0.005414661142	74.60545458	25.39263396	0.001911463179	28.09890444	56.66149582	15.23959975	0	0	0	-486.6026701	0.005414661142	-227124.08543339	
484.0426701	91	8	1	0.9366206076	0.005404009005	74.30846632	25.68971848	0.001815207519	27.84783099	56.82977714	15.32239187	0	0	0	-484.0426701	0.005404009005	-260401.851799854	
481.4826701	91	8	1	0.9369534847	0.005394792758	74.00564511	25.99263192	0.001722969537	27.59746874	56.99703966	15.40549161	0	0	0	-481.4826701	0.005394792758	-306151.153068575	
478.9226701	91	8	1	0.9372841992	0.005387036061	73.69684379	26.30152159	0.00163462261	27.34778492	57.1632933	15.48892178	0	0	0	-478.9226701	0.005387036061	-373236.967781081	
476.3626701	91	8	1	0.93761286	0.005380764125	73.38191544	26.61653452	0.00155004243	27.09874634	57.32854756	15.57270611	0	0	0	-476.3626701	0.005380764125	-481835.874950197	
473.8026701	91	8	1	0.9379395755	0.005376003567	73.06071393	26.93781697	0.001469107013	26.85031932	57.49281148	15.6568692	0	0	0	-473.8026701	0.005376003567	-691061.706171494	
471.2426701	91	8	1	0.9382644537	0.005372782592	72.73309439	27.26551391	0.001391696712	26.60246973	57.65609362	15.74143666	0	0	0	-471.2426701	0.005372782592	-1293917.87788146	
468.6826701	91	8	1	0.9385876025	0.005371130846	72.39891385	27.59976846	0.001317694226	26.35516294	57.81840201	15.82643505	0	0	0	-468.6826701	0.005371130846	-47801975.3157784	
466.1226701	91	8	1	0.9389091297	0.005371078874	72.05803482	27.94071819	0.001246984598	26.10836385	57.97974414	15.91189201	0	0	0	-466.1226701	0.005371078874	-50986236.4273176	
463.5626701	91	8	1	0.939229143	0.005372660183	71.71031409	28.28850646	0.001179455266	25.86203685	58.14012691	15.99783623	0	0	0	-463.5626701	0.005372660183	1346898.63550002	
461.0026701	91	8	1	0.9395477501	0.005375908077	71.3556209	28.64326411	0.001114996001	25.61614586	58.29955656	16.08429758	0	0	0	-461.0026701	0.005375908077	680836.387548621	
458.4426701	91	8	1	0.9398650587	0.005380857644	70.99382629	29.00512021	0.001053498953	25.37065428	58.45803867	16.17130705	0	0	0	-458.4426701	0.005380857644	460047.273808705	
455.8826701	91	8	1	0.9401811766	0.005387545145	70.6248067	29.37419844	0.0009948586411	25.12552506	58.61557807	16.25889687	0	0	0	-455.8826701	0.005387545145	347357.357672309	
453.3226701	91	8	1	0.9404962118	0.005396007915	70.24844474	29.75061629	0.0009389719551	24.88072068	58.77217879	16.34710053	0	0	0	-453.3226701	0.005396007915	278392.155844046	
450.7626701	91	8	1	0.9408102723	0.005406284239	69.86463014	30.13448412	0.0008857381517	24.63620316	58.92784401	16.43595283	0	0	0	-450.7626701	0.005406284239	231663.868118922	
448.2026701	91	8	1	0.9411234664	0.005418413201	69.47326061	30.52590433	0.0008350588515	24.39193412	59.08257599	16.52548989	0	0	0	-448.2026701	0.005418413201	197852.843201588	
445.6426701	91	8	1	0.9414359023	0.005432434507	69.07424281	30.92497035	0.0007868380326	24.14787479	59.23637597	16.61574924	0	0	0	-445.6426701	0.005432434507	172234.352828895	
443.0826701	91	8	1	0.9417476885	0.005448388276	68.66749334	31.33176568	0.0007409820235	23.90398604	59.38924412	16.70676983	0	0	0	-443.0826701	0.005448388276	152148.507295667	
440.5226701	91	8	1	0.9420589336	0.005466314799	68.25293971	31.74636289	0.0006973994935	23.66022847	59.54117945	16.79859208	0	0	0	-440.5226701	0.005466314799	135980.078644404	
437.9626701	91	8	1	0.9423697461	0.005486254261	67.83052147	32.16882253	0.0006560014415	23.41656243	59.69217968	16.89125789	0	0	0	-437.9626701	0.005486254261	122690.202792568	
435.4026701	91	8	1	0.9426802346	0.005508246414	67.40019119	32.59919211	0.0006167011832	23.17294811	59.8422412	16.98481068	0	0	0	-435.4026701	0.005508246414	111474.893969515	
432.8426701	91	8	1	0.9429905095	0.0055323828	66.96190742	33.03751316	0.0005794144514	22.92934311	59.9913602	17.07929669	0	0	0	-432.8426701	0.0055323828	102128.363315753	
430.2826701	91	8	1	0.9433006739	0.00555854182	66.51566987	33.48378607	0.0005440589437	22.68571246	60.13952725	17.17476029	0	0	0	-430.2826701	0.00555854182	94192.7037413155	
427.7226701	91	8	1	0.9436108384	0.005586919705	66.06146761	33.93802183	0.0005105549149	22.44201408	60.2867354	17.27125052	0	0	0	-427.7226701	0.005586919705	87088.1515005893	
425.1626701	91	8	1	0.9439211103	0.005617496651	65.59931677	34.4002044	0.0004788247827	22.19820849	60.4329744	17.36881711	0	0	0	-425.1626701	0.005617496651	80977.9462776589	
422.6026701	91	8	1	0.9442315959	0.005650303503	65.12925232	34.87029889	0.0004487931907	21.95425667	60.57823203	17.46751131	0	0	0	-422.6026701	0.005650303503	75604.4368093917	
420.0426701	91	8	1	0.9445424005	0.005685367509	64.65132928	35.34825033	0.0004203869857	21.71012011	60.72249393	17.56738597	0	0	0	-420.0426701	0.005685367509	70850.7480858183	
417.4826701	91	8	1	0.9448536282	0.005722711536	64.16562402	35.83398245	0.0003935351933	21.46576111	60.86574347	17.66849542	0	0	0	-417.4826701	0.005722711536	66624.4621650875	
414.9226701	91	8	1	0.9451653813	0.005762353181	63.67223547	36.32739636	0.0003681689926	21.22114292	61.00796161	17.77089547	0	0	0	-414.9226701	0.005762353181	62851.6361713516	
412.3626701	91	8	1	0.9454777602	0.005804303796	63.17128649	36.82836929	0.0003442216895	20.97623	61.14912667	17.87464333	0	0	0	-412.3626701	0.005804303796	59472.5050201738	
409.8026701	91	8	1	0.9457908626	0.005848567402	62.66292517	37.3367532	0.0003216286885	20.73098824	61.28921426	17.97979751	0	0	0	-409.8026701	0.005848567402	56438.3599988182	
407.2426701	91	8	1	0.9461047837	0.005895139496	62.14732619	37.85237348	0.0003003274646	20.48538528	61.42819702	18.08641769	0	0	0	-407.2426701	0.005895139496	53709.226363981	
404.6826701	91	8	1	0.9464196148	0.005944005762	61.6246922	38.37502754	0.0002802575334	20.23939081	61.56604456	18.19456462	0	0	0	-404.6826701	0.005944005762	51252.1309854897	
402.1226701	91	8	1	0.9467354436	0.005995140661	61.09525519	38.90448345	0.0002613604205	19.99297687	61.70272322	18.30429991	0	0	0	-402.1226701	0.005995140661	49039.7925405682	
399.5626701	91	8	1	0.9470523526	0.006048505935	60.55927788	39.44047854	0.000243579631	19.74611823	61.83819595	18.41568582	0	0	0	-399.5626701	0.006048505935	47049.6144241261	
397.0026701	91	8	1	0.9473704194	0.00610404902	60.01705507	39.98271807	0.0002268606177	19.49879277	61.97242218	18.52878505	0	0	0	-397.0026701	0.00610404902	45262.920439452	
394.4426701	91	8	1	0.947689715	0.006161701389	59.468915	40.53087385	0.0002111507493	19.25098188	62.10535771	18.64366042	0	0	0	-394.4426701	0.006161701389	43664.3668973786	
391.8826701	91	8	1	0.9480103035	0.006221376852	58.91522059	41.08458301	0.0001963992778	19.00267086	62.23695458	18.76037455	0	0	0	-391.8826701	0.006221376852	42241.4954056345	
389.3226701	91	8	1	0.9483322411	0.006282969845	58.35637064	41.6434468	0.0001825573066	18.75384942	62.36716106	18.87898953	0	0	0	-389.3226701	0.006282969845	40984.3994604976	
386.7626701	91	8	1	0.9486555752	0.006346353752	57.79280082	42.20702961	0.0001695777571	18.50451204	62.49592154	18.99956642	0	0	0	-386.7626701	0.006346353752	39885.4840623754	
384.2026701	91	8	1	0.9489803432	0.006411379317	57.22498456	42.77485803	0.0001574153363	18.25465849	62.62317664	19.12216486	0	0	0	-384.2026701	0.006411379317	38939.3085760154	
381.6426701	91	8	1	0.9493065716	0.006477873203	56.65343364	43.34642034	0.0001460265038	18.00429427	62.74886321	19.24684252	0	0	0	-381.6426701	0.006477873203	38142.5025682249	
379.0826701	91	8	1	0.9496342751	0.006545636788	56.07869848	43.92116615	0.0001353694388	17.75343099	62.87291447	19.37365454	0	0	0	-379.0826701	0.006545636788	37493.7547761283	
376.5226701	91	8	1	0.9499634555	0.006614445266	55.50136807	44.49850652	0.0001254040073	17.50208682	62.99526024	19.50265294	0	0	0	-376.5226701	0.006614445266	36993.8796190419	
373.9626701	91	8	1	0.9502941004	0.006684047156	54.92206946	45.07781444	0.0001160917294	17.25028685	63.11582717	19.63388599	0	0	0	-373.9626701	0.006684047156	36645.962160598	
371.4026701	91	8	1	0.9506261829	0.006754164323	54.34146668	45.65842593	0.0001073957458	16.99806336	63.23453912	19.76739751	0	0	0	-371.4026701	0.006754164323	36455.6035487422	
368.8426701	91	8	1	0.95095966	0.006824492592	53.76025908	46.23964164	9.928078543E-05	16.74545611	63.35131763	19.90322626	0	0	0	-368.8426701	0.006824492592	36431.2895021426	
366.2826701	91	8	1	0.9512944725	0.006894703054	53.17917906	46.82072923	9.17131318E-05	16.49251244	63.4660824	20.04140516	0	0	0	-366.2826701	0.006894703054	36584.9104437702	
363.7226701	91	8	1	0.951630544	0.006964444149	52.598989	47.40092633	8.466059015E-05	16.23928733	63.57875196	20.18196071	0	0	0	-363.7226701	0.006964444149	36932.4951864602	
361.1626701	91	8	1	0.9519677808	0.007033344554	52.02047748	47.97944443	7.809245357E-05	15.98584333	63.6892444	20.32491227	0	0	0	-361.1626701	0.007033344554	37495.2294103507	
358.6026701	91	8	1	0.9523060713	0.007101016936	51.44445464	48.55547338	7.197946908E-05	15.73225036	63.79747814	20.4702715	0	0	0	-358.6026701	0.007101016936	38300.878686988	
356.0426701	91	8	1	0.9526452866	0.007167062526	50.87174692	49.12818678	6.629380292E-05	15.47858536	63.90337282	20.61804182	0	0	0	-356.0426701	0.007167062526	39385.804499376	
353.4826701	91	8	1	0.9529852807	0.007231076468	50.30319089	49.6967481	6.100900526E-05	15.22493178	64.00685027	20.76821795	0	0	0	-353.4826701	0.007231076468	40797.8539464373	
350.9226701	91	8	1	0.9533258909	0.007292653831	49.73962654	50.26031736	5.609997395E-05	14.97137899	64.10783542	20.92078559	0	0	0	-350.9226701	0.007292653831	42600.5915260796	
348.3626701	91	8	1	0.9536669392	0.007351396123	49.18188997	50.81805849	5.154291721E-05	14.71802144	64.20625738	21.07572119	0	0	0	-348.3626701	0.007351396123	44879.6428487308	
345.8026701	91	8	1	0.9540082332	0.007406918107	48.63080566	51.36914703	4.731531518E-05	14.4649578	64.30205033	21.23299187	0	0	0	-345.8026701	0.007406918107	47752.4813608001	
343.2426701	91	8	1	0.9543495681	0.007458854675	48.08717851	51.91277809	4.339588011E-05	14.21228993	64.39515457	21.39255551	0	0	0	-343.2426701	0.007458854675	51384.0591797646	
340.6826701	91	8	1	0.9546907279	0.007506867501	47.55178585	52.44817439	3.976451531E-05	13.96012175	64.48551731	21.55436094	0	0	0	-340.6826701	0.007506867501	56012.7886884877	
338.1226701	91	8	1	0.9550314882	0.00755065122	47.02536952	52.97459408	3.640227257E-05	13.70855813	64.57309353	21.71834834	0	0	0	-338.1226701	0.00755065122	61995.9226643393	
335.5626701	91	8	1	0.9553716181	0.007589938843	46.50862842	53.49133829	3.329130831E-05	13.45770363	64.65784665	21.88444972	0	0	0	-335.5626701	0.007589938843	69893.7474415677	
333.0026701	91	8	1	0.9557108823	0.007624506187	46.00221155	53.99775804	3.041483852E-05	13.20766138	64.73974903	22.05258959	0	0	0	-333.0026701	0.007624506187	80638.1197587563	
330.4426701	91	8	1	0.956049044	0.007654175132	45.50671181	54.49326043	2.775709257E-05	12.95853191	64.81878238	22.22268571	0	0	0	-330.4426701	0.007654175132	95905.0873516745	
327.8826701	91	8	1	0.956385867	0.007678815567	45.02266076	54.97731394	2.530326617E-05	12.71041212	64.89493798	22.3946499	0	0	0	-327.8826701	0.007678815567	119058.336494783	
325.3226701	91	8	1	0.956721118	0.007698345979	44.55052428	55.44945268	2.303947387E-05	12.46339429	64.96821672	22.56838899	0	0	0	-325.3226701	0.007698345979	158063.391349584	
322.7626701	91	8	1	0.9570545688	0.007712732693	44.09069948	55.90927956	2.095270126E-05	12.21756533	65.03862895	22.74380572	0	0	0	-322.7626701	0.007712732693	237979.452531797	
320.2026701	91	8	1	0.9573859986	0.007721987856	43.64351263	56.35646834	1.903075731E-05	11.97300606	65.10619423	22.92079971	0	0	0	-320.2026701	0.007721987856	508136.949522902	
317.6426701	91	8	1	0.9577151953	0.0077261663	43.20921822	56.79076452	1.72622273E-05	11.72979077	65.17094086	23.09926837	0	0	0	-317.6426701	0.0077261663	-4085805.48908815	
315.0826701	91	8	1	0.9580419571	0.007725361475	42.78799912	57.21198524	1.563642659E-05	11.48798686	65.23290537	23.27910777	0	0	0	-315.0826701	0.007725361475	-2841168.08660808	
312.5226701	91	8	1	0.958366094	0.007719700684	42.3799677	57.62001815	1.414335564E-05	11.24765473	65.29213179	23.46021348	0	0	0	-312.5226701	0.007719700684	-379749.825184437	
309.9626701	91	8	1	0.9586874283	0.007709339833	41.98516782	58.01481941	1.277365663E-05	11.00884775	65.34867094	23.64248131	0	0	0	-309.9626701	0.007709339833	-216274.538299351	
307.4026701	91	8	1	0.9590057955	0.007694457947	41.60357749	58.39641099	1.151857188E-05	10.7716125	65.40257961	23.8258079	0	0	0	-307.4026701	0.007694457947	-155112.156277993	
304.8426701	91	8	1	0.9593210446	0.007675251653	41.23511222	58.76487741	1.036990436E-05	10.535989	65.45391969	24.01009131	0	0	0	-304.8426701	0.007675251653	-122667.120253828	
302.2826701	91	8	1	0.9596330383	0.007651929823	40.87962873	59.12036195	9.319980455E-06	10.30201122	65.50275733	24.19523145	0	0	0	-302.2826701	0.007651929823	-106911.671108082	
300	91	8	1	0.9599083034	0.006801022816	40.57193661	59.42805493	8.461097897E-06	10.09473463	65.54435483	24.36091054	0	0	0	-300	0.006801022816	101546.407733303	
