T	w(AL)	w(MG)	w(SI)	fs	fw(@FCC_A1)	w(AL@FCC_A1)	w(MG@FCC_A1)	w(SI@FCC_A1)	w(AL@LIQUID)	w(MG@LIQUID)	w(SI@LIQUID)	dwdT_L(AL@LIQUID)	dwdT_L(MG@LIQUID)	dwdT_L(SI@LIQUID)	-T	fw(@FCC_A1)_1	-T//fw(@FCC_A1)	
K	%	%	%	mole/mole	kg/kg	%	%	%	%	%	%	SI	SI	SI				
907.7642364	95	3	2	0	0	98.95381924	0.8554007638	0.1907799958	95	3	2	0.002009931766	-0.001090172154	-0.0009197596116	-907.7642364	0	9.79021508551166	
907.7542364	95	3	2	0.0005074326022	0.000508263646	98.95348198	0.855660508	0.1908575154	94.99799005	3.001090216	2.000919736	0	0	0	-907.7542364	0.000508263646	29.5594416475253	
907.7342364	95	3	2	0.001520884252	0.001015554276	98.95280746	0.8561799727	0.1910125677	94.99397002	3.003270519	2.002759462	0	0	0	-907.7342364	0.001015554276	39.4521132505539	
907.6942364	95	3	2	0.003542699951	0.002028059589	98.95145904	0.8572183058	0.1913226517	94.98592923	3.00763095	2.006439822	0	0	0	-907.6942364	0.002028059589	39.565757127556	
907.6142364	95	3	2	0.007566059495	0.004043944692	98.94876432	0.8592929186	0.1919427655	94.96984482	3.016351056	2.013804125	0	0	0	-907.6142364	0.004043944692	39.8051062165384	
907.4542364	95	3	2	0.01553254599	0.008039593417	98.94338328	0.8634339451	0.1931827731	94.9376647	3.033788288	2.028547016	0	0	0	-907.4542364	0.008039593417	40.330000103724	
907.1342364	95	3	2	0.03112551392	0.01586527492	98.93265651	0.8716809772	0.1956625155	94.87326092	3.068643878	2.058095205	0	0	0	-907.1342364	0.01586527492	41.4125190477434	
906.4942364	95	3	2	0.06106526541	0.03095321105	98.91133977	0.888040787	0.2006194435	94.74427433	3.138297767	2.1174279	0	0	0	-906.4942364	0.03095321105	43.5386506012978	
905.2142364	95	3	2	0.1163776327	0.05900952351	98.86924756	0.9202312374	0.2105212017	94.48557843	3.277401663	2.237019912	0	0	0	-905.2142364	0.05900952351	48.076839880987	
902.6542364	95	3	2	0.2115614511	0.1079071293	98.78717948	0.9825582948	0.2302622291	93.96525855	3.554984973	2.479756481	0	0	0	-902.6542364	0.1079071293	-380.977306444615	
900.0942364	95	3	2	0.2899192143	0.09957119264	98.70768082	1.04249507	0.2498241055	93.44083387	3.832820226	2.726345904	0	0	0	-900.0942364	0.09957119264	-335.09259515333	
897.5342364	95	3	2	0.3554259922	0.0924409287	98.63068535	1.100122001	0.2691926458	92.91221417	4.111163145	2.976622687	0	0	0	-897.5342364	0.0924409287	-389.127578825561	
894.9742364	95	3	2	0.4109144558	0.08627454146	98.55613371	1.155509705	0.2883565863	92.37931253	4.390237422	3.230450045	0	0	0	-894.9742364	0.08627454146	-447.352307988111	
892.4142364	95	3	2	0.4584539652	0.08089035382	98.48397161	1.208721388	0.3073069991	91.84204534	4.670240668	3.487713991	0	0	0	-892.4142364	0.08089035382	-509.777717133594	
889.8542364	95	3	2	0.4995891701	0.07614951872	98.41414939	1.259813857	0.3260367511	91.30033201	4.951349094	3.748318901	0	0	0	-889.8542364	0.07614951872	-576.42316617937	
887.2942364	95	3	2	0.5354949032	0.07194412562	98.34662065	1.308839184	0.3445401702	90.7540947	5.233721136	4.012184163	0	0	0	-887.2942364	0.07194412562	-647.294848054446	
884.7342364	95	3	2	0.5670795295	0.06818892084	98.28134183	1.35584535	0.3628128158	90.20325923	5.517499735	4.279241036	0	0	0	-884.7342364	0.06818892084	-722.407972039888	
882.1742364	95	3	2	0.5950557814	0.06481586154	98.21827153	1.400877312	0.3808511558	89.64775396	5.802815023	4.549431018	0	0	0	-882.1742364	0.06481586154	-801.765354480754	
879.6142364	95	3	2	0.6199901868	0.06176978633	98.15737015	1.443977399	0.3986524507	89.08751086	6.089785519	4.82270362	0	0	0	-879.6142364	0.06176978633	-885.355272607755	
877.0542364	95	3	2	0.6423383666	0.05900558704	98.09859955	1.485185857	0.416214589	88.5224656	6.378519478	5.099014926	0	0	0	-877.0542364	0.05900558704	-973.163834207736	
874.4942364	95	3	2	0.6624706348	0.05648599664	98.04192278	1.524541253	0.4335359651	87.95255788	6.669115849	5.37832627	0	0	0	-874.4942364	0.05648599664	-1065.16352047795	
871.9342364	95	3	2	0.6806908662	0.0541799507	97.98730381	1.562080815	0.4506153761	87.3777319	6.96166501	5.660603092	0	0	0	-871.9342364	0.0541799507	-1161.31343583225	
869.3742364	95	3	2	0.6972506009	0.05206134329	97.93470736	1.597840708	0.4674519352	86.79793674	7.256249325	5.94581393	0	0	0	-869.3742364	0.05206134329	-1261.55749182518	
866.8142364	95	3	2	0.7123597268	0.05010807088	97.88409873	1.631856276	0.4840449962	86.21312694	7.552943553	6.233929511	0	0	0	-866.8142364	0.05010807088	-1365.82164825927	
864.2542364	95	3	2	0.7261946644	0.04830128715	97.83544367	1.664162241	0.5003940887	85.62326295	7.851815124	6.524921924	0	0	0	-864.2542364	0.04830128715	-1474.01231327917	
861.6942364	95	3	2	0.738904708	0.04662482108	97.78870827	1.694792872	0.5164988615	85.02831181	8.152924323	6.818763871	0	0	0	-861.6942364	0.04662482108	-1586.0143279234	
859.1342364	95	3	2	0.7506169883	0.04506471351	97.74385884	1.723782133	0.5323590312	84.42824765	8.45632439	7.115427958	0	0	0	-859.1342364	0.04506471351	-1701.68849798079	
856.5742364	95	3	2	0.7614403909	0.04360884755	97.70086185	1.75116381	0.5479743377	83.82305242	8.762061541	7.414886037	0	0	0	-856.5742364	0.04360884755	-1820.87029562038	
854.0142364	95	3	2	0.7714686776	0.04224665118	97.65968388	1.776971614	0.5633445031	83.21271647	9.070174942	7.717108589	0	0	0	-854.0142364	0.04224665118	-1943.36820461842	
851.4542364	95	3	2	0.7807829938	0.04096885539	97.62029153	1.801239277	0.5784691945	82.59723925	9.380696619	8.022064132	0	0	0	-851.4542364	0.04096885539	-2068.96266688736	
848.8942364	95	3	2	0.7894538955	0.03976729709	97.58265139	1.824000623	0.5933479906	81.97662999	9.693651344	8.329718663	0	0	0	-848.8942364	0.03976729709	-2197.4058171201	
846.3342364	95	3	2	0.7975430017	0.03863475705	97.54673001	1.845289639	0.6079803502	81.35090839	10.00905648	8.640035129	0	0	0	-846.3342364	0.03863475705	-2328.42158331352	
843.7742364	95	3	2	0.8051043489	0.03756482593	97.51249389	1.865140521	0.6223655849	80.72010526	10.32692181	8.952972926	0	0	0	-843.7742364	0.03756482593	-2461.70681228728	
841.2142364	95	3	2	0.8121855083	0.03655179314	97.47990945	1.883587722	0.636502832	80.08426323	10.64724935	9.268487424	0	0	0	-841.2142364	0.03655179314	-2596.93326383307	
838.6542364	95	3	2	0.8188285135	0.03559055401	97.44894299	1.900665981	0.6503910322	79.44343733	10.97003314	9.586529528	0	0	0	-838.6542364	0.03559055401	-2733.75052859764	
836.0942364	95	3	2	0.825070634	0.03467653202	97.41956075	1.916410347	0.6640289075	78.79769565	11.29525908	9.907045266	0	0	0	-836.0942364	0.03467653202	-2871.79006398227	
833.5342364	95	3	2	0.8309450243	0.03380561335	97.39172887	1.930856189	0.6774149428	78.14711986	11.62290472	10.22997542	0	0	0	-833.5342364	0.03380561335	-3010.67032823423	
830.9742364	95	3	2	0.8364812703	0.03297409164	97.36541343	1.944039206	0.6905473693	77.49180572	11.95293909	10.55525518	0	0	0	-830.9742364	0.03297409164	-3150.0028469401	
828.4142364	95	3	2	0.8417058529	0.03217862112	97.34058043	1.955995415	0.7034241506	76.83186351	12.28532259	10.8828139	0	0	0	-828.4142364	0.03217862112	-3289.39912496714	
825.8542364	95	3	2	0.8466425411	0.03141617675	97.31719588	1.966761145	0.7160429712	76.16741838	12.62000684	11.21257478	0	0	0	-825.8542364	0.03141617675	-3428.47841325364	
823.2942364	95	3	2	0.8513127286	0.03068402022	97.29522576	1.976373014	0.7284012286	75.49861062	12.9569346	11.54445478	0	0	0	-823.2942364	0.03068402022	-3566.8759739871	
820.7342364	95	3	2	0.855735722	0.02997967082	97.27463608	1.984867897	0.7404960271	74.8255958	13.29603981	11.87836439	0	0	0	-820.7342364	0.02997967082	-3704.25140883724	
818.1742364	95	3	2	0.8599289884	0.02930088034	97.25539293	1.992282894	0.752324176	74.14854482	13.63724752	12.21420766	0	0	0	-818.1742364	0.02930088034	-3840.29688391002	
815.6142364	95	3	2	0.8639083701	0.02864561138	97.23746253	1.998655282	0.7638821903	73.46764385	13.98047404	12.55188211	0	0	0	-815.6142364	0.02864561138	-3974.74523041263	
813.0542364	95	3	2	0.8676882696	0.02801201857	97.22081124	2.004022468	0.7751662953	72.78309408	14.32562705	12.89127887	0	0	0	-813.0542364	0.02801201857	-4107.37692548325	
810.4942364	95	3	2	0.8712818111	0.02739843204	97.20540564	2.008421928	0.7861724342	72.0951114	14.67260583	13.23228277	0	0	0	-810.4942364	0.02739843204	-4238.026094886	
807.9342364	95	3	2	0.8747009814	0.02680334294	97.19121257	2.011891147	0.7968962799	71.40392592	15.02130151	13.57477256	0	0	0	-807.9342364	0.02680334294	-4366.58517057966	
805.3742364	95	3	2	0.8779567519	0.02622539049	97.1781992	2.01446755	0.8073332505	70.70978134	15.37159746	13.9186212	0	0	0	-805.3742364	0.02622539049	-4493.00819391485	
802.8142364	95	3	2	0.881059187	0.02566335047	97.16633304	2.01618843	0.8174785276	70.01293416	15.72336965	14.26369619	0	0	0	-802.8142364	0.02566335047	-4617.31209804526	
800.2542364	95	3	2	0.8840175386	0.02511612463	97.15558205	2.017090873	0.827327079	69.3136528	16.0764872	14.60985999	0	0	0	-800.2542364	0.02511612463	-4739.57660841538	
797.6942364	95	3	2	0.8868403288	0.02458273114	97.14591464	2.017211676	0.8368736846	68.61221659	16.43081288	14.95697053	0	0	0	-797.6942364	0.02458273114	-4859.94227023251	
795.1342364	95	3	2	0.8895354239	0.02406229556	97.13729976	2.016587273	0.8461129655	67.90891455	16.78620376	15.30488169	0	0	0	-795.1342364	0.02406229556	-4978.6085346231	
792.5742364	95	3	2	0.892110099	0.02355404282	97.12970693	2.015253653	0.8550394135	67.20404422	17.14251184	15.65344394	0	0	0	-792.5742364	0.02355404282	-5095.78999213187	
790.0142364	95	3	2	0.8945710948	0.02305728181	97.12310633	2.013246205	0.8636474634	66.49791045	17.49958471	16.00250483	0	0	0	-790.0142364	0.02305728181	-5211.89063851307	
787.4542364	95	3	2	0.8969246711	0.02257143151	97.11746861	2.010600066	0.8719313283	65.79082323	17.85726666	16.35191011	0	0	0	-787.4542364	0.02257143151	-5327.23046593477	
784.8942364	95	3	2	0.8991766492	0.02209595804	97.11276547	2.007348999	0.8798855315	65.08309702	18.21539906	16.70150392	0	0	0	-784.8942364	0.02209595804	-5441.97366592422	
782.3342364	95	3	2	0.9013324505	0.02163038796	97.10896901	2.003526701	0.887504293	64.37504965	18.57382095	17.0511294	0	0	0	-782.3342364	0.02163038796	-5556.71699739681	
779.7742364	95	3	2	0.9033971375	0.02117435337	97.10605223	1.999165711	0.8947820571	63.66699933	18.93237061	17.40063005	0	0	0	-779.7742364	0.02117435337	-5671.93855866872	
777.2142364	95	3	2	0.9053754416	0.02072751119	97.10398891	1.994297752	0.9017133399	62.95926417	19.29088583	17.74984999	0	0	0	-777.2142364	0.02072751119	-5787.94000998517	
774.6542364	95	3	2	0.9072717927	0.02028957608	97.10275359	1.98895361	0.9082928022	62.25216042	19.64920485	18.09863474	0	0	0	-774.6542364	0.02028957608	-5905.20845564097	
772.0942364	95	3	2	0.9090903443	0.01986030681	97.10232163	1.983163078	0.9145152897	61.54600098	20.0071671	18.44683192	0	0	0	-772.0942364	0.01986030681	-6024.18870143412	
769.5342364	95	3	2	0.9108349963	0.01943950061	97.10266921	1.976954919	0.9203758712	60.84109407	20.364614	18.79429192	0	0	0	-769.5342364	0.01943950061	-6145.32245312118	
766.9742364	95	3	2	0.9125094149	0.01902698775	97.1037733	1.970356825	0.9258698768	60.13774185	20.72138968	19.14086847	0	0	0	-766.9742364	0.01902698775	-6269.0437700578	
764.4142364	95	3	2	0.9141170511	0.01862262646	97.10561168	1.963395392	0.9309929326	59.4362392	21.07734156	19.48641924	0	0	0	-764.4142364	0.01862262646	-6399.37951270056	
761.8542364	95	3	2	0.9156611988	0.01822673108	97.10816239	1.956096222	0.9357413885	58.73686317	21.432325	19.83081184	0	0	0	-761.8542364	0.01822673108	-6527.03291957238	
759.2942364	95	3	2	0.9171448593	0.01783806337	97.11140596	1.948483166	0.9401108722	58.03991061	21.78618675	20.17390265	0	0	0	-759.2942364	0.01783806337	-6657.58627418152	
756.7342364	95	3	2	0.9185709519	0.01745751232	97.11532183	1.940579803	0.9440983713	57.34563799	22.13879295	20.51556906	0	0	0	-756.7342364	0.01745751232	-6797.9691121083	
754.1742364	95	3	2	0.9199422139	0.01708473676	97.11989081	1.932408192	0.9477009978	56.65430104	22.49000992	20.85568904	0	0	0	-754.1742364	0.01708473676	-6940.66479226565	
751.6142364	95	3	2	0.9212612337	0.01671966977	97.12509445	1.923989258	0.9509162941	55.96614383	22.83970974	21.19414643	0	0	0	-751.6142364	0.01671966977	-7088.23405864188	
749.0542364	95	3	2	0.9225304608	0.01636225107	97.13091495	1.9153428	0.9537422517	55.28139821	23.18777055	21.53083124	0	0	0	-749.0542364	0.01636225107	-7241.00598149883	
746.4942364	95	3	2	0.923752215	0.01601242279	97.13733516	1.906487514	0.9561773258	54.60028346	23.53407679	21.86563975	0	0	0	-746.4942364	0.01601242279	-7399.27666428473	
743.9342364	95	3	2	0.9249286941	0.01567012758	97.14433855	1.897441008	0.9582204456	53.92300598	23.87851937	22.19847465	0	0	0	-743.9342364	0.01567012758	-7563.3247798118	
741.3742364	95	3	2	0.9260619815	0.01533530683	97.15190914	1.888219836	0.9598710229	53.24975916	24.22099575	22.52924509	0	0	0	-741.3742364	0.01533530683	-7733.41061602738	
738.8142364	95	3	2	0.9271540532	0.01500789928	97.16003152	1.878839521	0.961128956	52.58072331	24.56141003	22.85786666	0	0	0	-738.8142364	0.01500789928	-7909.77596283659	
736.2542364	95	3	2	0.9282067836	0.01468783981	97.16869078	1.869314593	0.9619946323	51.91606572	24.89967293	23.18426135	0	0	0	-736.2542364	0.01468783981	-8092.64569055003	
733.6942364	95	3	2	0.9292219517	0.01437505869	97.17787245	1.85965862	0.9624689267	51.25594076	25.23570175	23.5083575	0	0	0	-733.6942364	0.01437505869	-8282.22777715389	
731.1342364	95	3	2	0.9302012464	0.01406948085	97.18756255	1.849884251	0.9625531988	50.60049012	25.56942027	23.83008961	0	0	0	-731.1342364	0.01406948085	-8478.71447660593	
728.5742364	95	3	2	0.9311462712	0.01377102561	97.19774746	1.840003251	0.9622492864	49.94984311	25.90075864	24.14939825	0	0	0	-728.5742364	0.01377102561	-8682.28368060576	
726.0142364	95	3	2	0.9320585492	0.01347960642	97.20841396	1.83002654	0.9615594984	49.30411691	26.22965323	24.46622986	0	0	0	-726.0142364	0.01347960642	-8893.09868992029	
723.4542364	95	3	2	0.9329395273	0.01319513086	97.21954916	1.819964239	0.9604866044	48.66341706	26.55604643	24.78053651	0	0	0	-723.4542364	0.01319513086	-9111.30982082036	
720.8942364	95	3	2	0.9337905802	0.01291750075	97.23114047	1.809825703	0.9590338233	48.02783783	26.87988644	25.09227573	0	0	0	-720.8942364	0.01291750075	-9337.05484421666	
718.3342364	95	3	2	0.9346130143	0.01264661238	97.24317562	1.799619568	0.9572048111	47.3974627	27.20112705	25.40141025	0	0	0	-718.3342364	0.01264661238	-9570.45973270677	
715.7742364	95	3	2	0.9354080714	0.01238235683	97.25564257	1.789353786	0.955003646	46.77236482	27.51972743	25.70790775	0	0	0	-715.7742364	0.01238235683	-9811.63985081461	
713.2142364	95	3	2	0.9361769318	0.01212462039	97.26852965	1.779035562	0.9524347844	46.15260757	27.83565184	26.01174059	0	0	0	-713.2142364	0.01212462039	-10060.6984854575	
710.6542364	95	3	2	0.9369207176	0.0118732849	97.28182493	1.768671881	0.9495031909	45.53824502	28.14886937	26.31288561	0	0	0	-710.6542364	0.0118732849	-10317.7331894898	
708.0942364	95	3	2	0.937640496	0.01162822853	97.29551724	1.758268704	0.9462140601	44.92932248	28.45935372	26.6113238	0	0	0	-708.0942364	0.01162822853	-10582.8292154436	
705.5342364	95	3	2	0.9383372816	0.01138932586	97.30959536	1.747831635	0.9425730009	44.32587703	28.76708291	26.90704006	0	0	0	-705.5342364	0.01138932586	-10856.0588530127	
702.9742364	95	3	2	0.9390120397	0.01115644861	97.32404825	1.737365786	0.938585962	43.727938	29.072039	27.20002299	0	0	0	-702.9742364	0.01115644861	-11137.4924922044	
700.4142364	95	3	2	0.9396656884	0.01092946625	97.33886531	1.726875608	0.9342590817	43.13552752	29.3742079	27.49026458	0	0	0	-700.4142364	0.01092946625	-11427.1882732909	
697.8542364	95	3	2	0.9402991011	0.01070824624	97.35403519	1.716365649	0.9295991637	42.548661	29.67357901	27.77775998	0	0	0	-697.8542364	0.01070824624	-11725.2039787313	
695.2942364	95	3	2	0.9409131092	0.01049265503	97.36954745	1.705839576	0.9246129712	41.96734761	29.97014509	28.06250729	0	0	0	-695.2942364	0.01049265503	-12031.5836216236	
692.7342364	95	3	2	0.9415085035	0.01028255781	97.38539154	1.695300824	0.9193076331	41.39159077	30.26390194	28.3445073	0	0	0	-692.7342364	0.01028255781	-12346.3607941294	
690.1742364	95	3	2	0.9420860371	0.0100778195	97.401557	1.684752475	0.9136905282	40.82138857	30.55484817	28.62376326	0	0	0	-690.1742364	0.0100778195	-12669.5689692822	
687.6142364	95	3	2	0.9426464268	0.009878304901	97.41803344	1.674197294	0.9077692681	40.25673423	30.84298504	28.90028074	0	0	0	-687.6142364	0.009878304901	-13001.2318529386	
685.0542364	95	3	2	0.943190355	0.009683879208	97.43481058	1.663637741	0.9015516793	39.6976165	31.12831618	29.17406733	0	0	0	-685.0542364	0.009683879208	-13341.3685222759	
682.4942364	95	3	2	0.943718472	0.009494408298	97.45187821	1.653076004	0.8950457864	39.14402006	31.41084742	29.44513252	0	0	0	-682.4942364	0.009494408298	-13689.9902784215	
679.9342364	95	3	2	0.9442313967	0.009309759062	97.46922619	1.642514012	0.8882597953	38.5959259	31.69058661	29.7134875	0	0	0	-679.9342364	0.009309759062	-14047.102821448	
677.3742364	95	3	2	0.9447297192	0.009129799698	97.48684447	1.631953458	0.8812020765	38.05331162	31.96754339	29.97914499	0	0	0	-677.3742364	0.009129799698	-14412.7060144374	
674.8142364	95	3	2	0.9452140016	0.008954399968	97.50472303	1.621395817	0.8738811495	37.51615184	32.24172908	30.24211908	0	0	0	-674.8142364	0.008954399968	-14786.7937206373	
672.2542364	95	3	2	0.9456847798	0.008783431423	97.52285197	1.610842363	0.8663056669	36.98441845	32.51315647	30.50242508	0	0	0	-672.2542364	0.008783431423	-15169.3542132953	
669.6942364	95	3	2	0.9461425646	0.008616767609	97.54122142	1.600294183	0.8584843994	36.45808093	32.78183968	30.76007939	0	0	0	-669.6942364	0.008616767609	-15560.3702328702	
667.1342364	95	3	2	0.946587843	0.008454284236	97.55982158	1.589752196	0.8504262207	35.93710661	33.04779402	31.01509937	0	0	0	-667.1342364	0.008454284236	-15959.8188482129	
664.5742364	95	3	2	0.9470210799	0.008295859326	97.57864275	1.579217161	0.8421400935	35.42146092	33.31103589	31.26750319	0	0	0	-664.5742364	0.008295859326	-16367.6719106922	
662.0142364	95	3	2	0.9474427183	0.008141373341	97.59767525	1.568689695	0.8336350554	34.91110765	33.57158259	31.51730976	0	0	0	-662.0142364	0.008141373341	-16783.895850706	
659.4542364	95	3	2	0.9478531814	0.00799070928	97.61690951	1.558170281	0.8249202056	34.40600913	33.82945226	31.76453861	0	0	0	-659.4542364	0.00799070928	-17208.4519044185	
656.8942364	95	3	2	0.9482528728	0.007843752767	97.63633603	1.547659281	0.8160046916	33.90612646	34.08466375	32.00920978	0	0	0	-656.8942364	0.007843752767	-17641.2961062447	
654.3342364	95	3	2	0.9486421782	0.007700392109	97.65594536	1.537156946	0.8068976967	33.41141971	34.33723654	32.25134376	0	0	0	-654.3342364	0.007700392109	-18082.3794381478	
651.7742364	95	3	2	0.9490214658	0.007560518349	97.67572815	1.526663424	0.7976084278	32.92184803	34.5871906	32.49096137	0	0	0	-651.7742364	0.007560518349	-18531.6478972484	
649.2142364	95	3	2	0.9493910871	0.007424025293	97.69567513	1.51617877	0.7881461038	32.43736988	34.83454638	32.72808373	0	0	0	-649.2142364	0.007424025293	-18989.0424857739	
646.6542364	95	3	2	0.9497513784	0.007290809532	97.7157771	1.505702954	0.7785199437	31.95794315	35.07932467	32.96273218	0	0	0	-646.6542364	0.007290809532	-19454.4994231157	
644.0942364	95	3	2	0.9501026609	0.007160770446	97.73602498	1.495235868	0.7687391561	31.48352527	35.32154655	33.19492818	0	0	0	-644.0942364	0.007160770446	-19927.9501212411	
641.5342364	95	3	2	0.9504452417	0.007033810201	97.75640974	1.484777332	0.7588129285	31.01407335	35.56123333	33.42469331	0	0	0	-641.5342364	0.007033810201	-20409.3213406206	
638.9742364	95	3	2	0.9507794145	0.006909833734	97.77692248	1.474327104	0.7487504168	30.54954431	35.7984065	33.65204919	0	0	0	-638.9742364	0.006909833734	-20898.5351164306	
636.4142364	95	3	2	0.9511054604	0.00678874873	97.79755438	1.463884879	0.7385607359	30.08989495	36.03308764	33.87701741	0	0	0	-636.4142364	0.00678874873	-21395.5090606867	
633.8542364	95	3	2	0.9514236482	0.006670465594	97.81829675	1.453450304	0.7282529496	29.63508204	36.26529841	34.09961955	0	0	0	-633.8542364	0.006670465594	-21900.1563176444	
631.2942364	95	3	2	0.9517342353	0.006554897413	97.83914096	1.443022974	0.7178360622	29.18506243	36.49506048	34.31987709	0	0	0	-631.2942364	0.006554897413	-22412.3855461705	
628.7342364	95	3	2	0.9520374682	0.006441959915	97.86007855	1.432602442	0.7073190091	28.73979312	36.72239549	34.53781138	0	0	0	-628.7342364	0.006441959915	-22932.1012760239	
626.1742364	95	3	2	0.9523335828	0.006331571424	97.88110113	1.422188222	0.6967106489	28.29923131	36.94732503	34.75344366	0	0	0	-626.1742364	0.006331571424	-23459.2038503636	
623.6142364	95	3	2	0.9526228052	0.006223652809	97.90220045	1.411779793	0.6860197547	27.86333445	37.1698706	34.96679495	0	0	0	-623.6142364	0.006223652809	-23993.5896550352	
621.0542364	95	3	2	0.9529053522	0.006118127433	97.92336839	1.401376604	0.6752550068	27.43206034	37.39005355	35.17788611	0	0	0	-621.0542364	0.006118127433	-24535.1510503155	
618.4942364	95	3	2	0.9531814314	0.006014921095	97.94459694	1.390978075	0.6644249851	27.00536713	37.60789511	35.38673776	0	0	0	-618.4942364	0.006014921095	-25083.7761926036	
615.9342364	95	3	2	0.9534512421	0.005913961972	97.96587824	1.380583601	0.6535381616	26.5832134	37.82341631	35.59337029	0	0	0	-615.9342364	0.005913961972	-25639.3501818709	
613.3742364	95	3	2	0.9537149752	0.005815180566	97.98720455	1.370192559	0.6426028944	26.16555816	38.03663801	35.79780384	0	0	0	-613.3742364	0.005815180566	-26201.7542208483	
610.8142364	95	3	2	0.9539728141	0.005718509636	98.00856828	1.359804304	0.6316274201	25.75236091	38.24758083	36.00005826	0	0	0	-610.8142364	0.005718509636	-26770.8658019054	
608.2542364	95	3	2	0.9542249345	0.005623884143	98.02996197	1.349418178	0.6206198486	25.34358167	38.45626516	36.20015316	0	0	0	-608.2542364	0.005623884143	-27346.5593787903	
605.6942364	95	3	2	0.9544715055	0.005531241186	98.05137833	1.33903351	0.6095881563	24.939181	38.66271117	36.39810783	0	0	0	-605.6942364	0.005531241186	-27928.7059560722	
603.1342364	95	3	2	0.9547126892	0.005440519942	98.0728102	1.328649618	0.5985401809	24.53911998	38.86693874	36.59394128	0	0	0	-603.1342364	0.005440519942	-28517.173592886	
600.5742364	95	3	2	0.9549486412	0.005351661605	98.09425057	1.318265811	0.5874836162	24.14336031	39.0689675	36.78767219	0	0	0	-600.5742364	0.005351661605	-29111.827830515	
598.0142364	95	3	2	0.9551795114	0.005264609328	98.1156926	1.307881394	0.5764260065	23.75186425	39.26881678	36.97931897	0	0	0	-598.0142364	0.005264609328	-29712.5308058357	
595.4542364	95	3	2	0.9554054434	0.005179308157	98.13712959	1.297495666	0.5653747421	23.36459468	39.46650565	37.16889968	0	0	0	-595.4542364	0.005179308157	-30319.1420681612	
592.8942364	95	3	2	0.9556265757	0.005095704978	98.15855502	1.287107925	0.5543370548	22.98151506	39.66205286	37.35643208	0	0	0	-592.8942364	0.005095704978	-30931.5193998402	
590.3342364	95	3	2	0.9558430411	0.005013748457	98.17996252	1.276717471	0.5433200136	22.6025895	39.85547688	37.54193361	0	0	0	-590.3342364	0.005013748457	-31549.5172372275	
587.7742364	95	3	2	0.9560549677	0.004933388979	98.20134588	1.266323602	0.5323305206	22.22778272	40.04679588	37.72542139	0	0	0	-587.7742364	0.004933388979	-32172.9889281868	
585.2142364	95	3	2	0.9562624785	0.004854578601	98.22269907	1.255925623	0.5213753075	21.85706007	40.23602771	37.90691223	0	0	0	-585.2142364	0.004854578601	-32801.785305315	
582.6542364	95	3	2	0.9564656919	0.004777270986	98.24401622	1.245522843	0.5104609321	21.4903875	40.4231899	38.08642259	0	0	0	-582.6542364	0.004777270986	-33435.7552066269	
580.0942364	95	3	2	0.9566647221	0.004701421359	98.26529165	1.235114578	0.4995937748	21.12773163	40.60829972	38.26396865	0	0	0	-580.0942364	0.004701421359	-34074.746995889	
577.5342364	95	3	2	0.9568596788	0.004626986451	98.28651981	1.224700153	0.4887800361	20.76905968	40.79137407	38.43956625	0	0	0	-577.5342364	0.004626986451	-34718.606111142	
574.9742364	95	3	2	0.9570506679	0.004553924445	98.30769536	1.214278905	0.4780257339	20.41433949	40.97242959	38.61323092	0	0	0	-574.9742364	0.004553924445	-35367.1775394712	
572.4142364	95	3	2	0.9572377913	0.004482194933	98.32881312	1.203850178	0.4673367006	20.06353952	41.15148257	38.7849779	0	0	0	-572.4142364	0.004482194933	-36020.3057785149	
569.8542364	95	3	2	0.9574211472	0.004411758864	98.34986808	1.193413336	0.4567185815	19.71662887	41.32854904	38.95482209	0	0	0	-569.8542364	0.004411758864	-36677.8334794778	
567.2942364	95	3	2	0.9576008303	0.004342578497	98.37085541	1.182967753	0.4461768328	19.3735772	41.50364468	39.12277812	0	0	0	-567.2942364	0.004342578497	-37339.9706307283	
564.7342364	95	3	2	0.9577769321	0.004274618661	98.39177046	1.172512824	0.4357167187	19.03435482	41.67678489	39.28886029	0	0	0	-564.7342364	0.004274618661	-37998.0165206286	
562.1742364	95	3	2	0.9579495395	0.004207814792	98.41260877	1.162047894	0.4253433386	18.69893454	41.84798377	39.4530817	0	0	0	-562.1742364	0.004207814792	-38675.7326391952	
559.6142364	95	3	2	0.9581187397	0.004142214044	98.43336597	1.151572507	0.4150615248	18.36728377	42.01725818	39.61545805	0	0	0	-559.6142364	0.004142214044	-39349.7371353081	
557.0542364	95	3	2	0.9582846127	0.004077682012	98.454038	1.141085984	0.4048760152	18.03937643	42.18462126	39.77600231	0	0	0	-557.0542364	0.004077682012	-40032.959467375	
554.4942364	95	3	2	0.9584472403	0.004014298794	98.47462076	1.130588035	0.3947912046	17.71518415	42.35008861	39.93472724	0	0	0	-554.4942364	0.004014298794	-40712.8732949837	
551.9342364	95	3	2	0.9586066963	0.003951907615	98.49511059	1.120077928	0.3848114794	17.39468296	42.51367224	40.0916448	0	0	0	-551.9342364	0.003951907615	-41383.8437688112	
549.3742364	95	3	2	0.9587630555	0.003890561368	98.51550383	1.109555255	0.3749409105	17.07784494	42.67538665	40.24676842	0	0	0	-549.3742364	0.003890561368	-42077.2034218884	
546.8142364	95	3	2	0.9589163892	0.003830210251	98.53579704	1.09901956	0.3651834026	16.76464432	42.83524518	40.4001105	0	0	0	-546.8142364	0.003830210251	-42767.2761296249	
544.2542364	95	3	2	0.9590667663	0.003770827988	98.55598691	1.088470424	0.3555426618	16.45505592	42.99326096	40.55168313	0	0	0	-544.2542364	0.003770827988	-43460.4253150548	
541.6942364	95	3	2	0.9592142534	0.003712386889	98.57607035	1.077907453	0.3460222006	16.14905501	43.14944682	40.70149817	0	0	0	-541.6942364	0.003712386889	-44155.9787970034	
539.1342364	95	3	2	0.9593589148	0.003654860957	98.59604438	1.067330286	0.3366253371	15.84661741	43.30381534	40.84956725	0	0	0	-539.1342364	0.003654860957	-44854.0659802678	
536.5742364	95	3	2	0.959500813	0.003598225055	98.61590621	1.056738593	0.327355196	15.54771942	43.45637883	40.99590175	0	0	0	-536.5742364	0.003598225055	-45554.5403005695	
534.0142364	95	3	2	0.959640008	0.003542454874	98.63565321	1.046132078	0.3182147096	15.25233781	43.60714937	41.14051282	0	0	0	-534.0142364	0.003542454874	-46257.2569764811	
531.4542364	95	3	2	0.9597765581	0.003487526905	98.6552829	1.035510481	0.309206619	14.96044984	43.75613878	41.28341138	0	0	0	-531.4542364	0.003487526905	-46962.074333771	
528.8942364	95	3	2	0.9599105198	0.003433418412	98.67479294	1.02487358	0.3003334759	14.67203322	43.90335863	41.42460815	0	0	0	-528.8942364	0.003433418412	-47668.854080412	
526.3342364	95	3	2	0.9600419475	0.003380107406	98.69418117	1.014221188	0.2915976438	14.3870661	44.04882028	41.56411362	0	0	0	-526.3342364	0.003380107406	-48377.4620793391	
523.7742364	95	3	2	0.9601708941	0.003327572621	98.71344554	1.003553162	0.2830013005	14.10552707	44.19253484	41.70193808	0	0	0	-523.7742364	0.003327572621	-49087.7663030544	
521.2142364	95	3	2	0.9602974108	0.003275793485	98.73258416	0.9928693984	0.2745464394	13.82739517	44.33451322	41.83809162	0	0	0	-521.2142364	0.003275793485	-49799.6395846186	
518.6542364	95	3	2	0.960421547	0.003224750103	98.75159529	0.9821698362	0.2662348725	13.5526498	44.47476608	41.97258412	0	0	0	-518.6542364	0.003224750103	-50512.9592873594	
516.0942364	95	3	2	0.9605433508	0.003174423229	98.77047731	0.9714544594	0.2580682324	13.28127081	44.61330389	42.1054253	0	0	0	-516.0942364	0.003174423229	-51227.6080968345	
513.5342364	95	3	2	0.9606628687	0.003124794251	98.78922873	0.9607232973	0.2500479749	13.0132384	44.75013693	42.23662467	0	0	0	-513.5342364	0.003124794251	-51943.4731205007	
510.9742364	95	3	2	0.9607801458	0.003075845163	98.80784819	0.9499764268	0.2421753818	12.74853318	44.88527523	42.36619159	0	0	0	-510.9742364	0.003075845163	-52660.4456068007	
508.4142364	95	3	2	0.9608952256	0.00302755855	98.82633446	0.939213973	0.2344515637	12.48713609	45.01872869	42.49413523	0	0	0	-508.4142364	0.00302755855	-53378.4255194776	
505.8542364	95	3	2	0.9610081507	0.00297991757	98.84468643	0.9284361115	0.2268774633	12.22902844	45.15050696	42.6204646	0	0	0	-505.8542364	0.00297991757	-54097.3168011149	
503.2942364	95	3	2	0.961118962	0.002932905931	98.86290307	0.917643069	0.2194538583	11.97419189	45.28061955	42.74518856	0	0	0	-503.2942364	0.002932905931	-54817.0315113526	
500.7342364	95	3	2	0.9612276995	0.002886507881	98.88098351	0.9068351255	0.2121813648	11.7226084	45.40907578	42.86831582	0	0	0	-500.7342364	0.002886507881	-55537.4823111849	
498.1742364	95	3	2	0.9613344019	0.002840708174	98.89892694	0.8960126149	0.2050604409	11.47426027	45.53588481	42.98985492	0	0	0	-498.1742364	0.002840708174	-56258.5952318551	
495.6142364	95	3	2	0.9614391065	0.002795492081	98.91673268	0.8851759267	0.1980913898	11.22913009	45.66105561	43.1098143	0	0	0	-495.6142364	0.002795492081	-56980.3137449159	
493.0542364	95	3	2	0.96154185	0.002750845364	98.93440013	0.8743255074	0.1912743642	10.98720075	45.78459701	43.22820224	0	0	0	-493.0542364	0.002750845364	-57702.5781119007	
490.4942364	95	3	2	0.9616426677	0.002706754253	98.95192877	0.8634618618	0.1846093695	10.74845541	45.90651769	43.34502689	0	0	0	-490.4942364	0.002706754253	-58425.3349298131	
487.9342364	95	3	2	0.9617415938	0.002663205437	98.96931818	0.8525855541	0.1780962679	10.51287752	46.02682619	43.4602963	0	0	0	-487.9342364	0.002663205437	-59148.5436677615	
485.3742364	95	3	2	0.9618386619	0.002620186052	98.98656801	0.8416972092	0.1717347824	10.28045075	46.14553088	43.57401838	0	0	0	-485.3742364	0.002620186052	-59872.1754502326	
482.8142364	95	3	2	0.9619339043	0.00257768367	99.00367799	0.8307975141	0.1655245007	10.05115904	46.26264002	43.68620094	0	0	0	-482.8142364	0.00257768367	-60596.2099748979	
480.2542364	95	3	2	0.9620273525	0.002535686283	99.0206479	0.8198872186	0.1594648795	9.824986556	46.37816175	43.79685169	0	0	0	-480.2542364	0.002535686283	-61320.6366604639	
477.6942364	95	3	2	0.9621190373	0.002494182294	99.03747761	0.8089671371	0.1535552488	9.601917683	46.49210407	43.90597825	0	0	0	-477.6942364	0.002494182294	-62045.4578254425	
475.1342364	95	3	2	0.9622089883	0.002453160506	99.05416704	0.7980381489	0.1477948157	9.381937013	46.60447486	44.01358813	0	0	0	-475.1342364	0.002453160506	-62770.6886940238	
472.5742364	95	3	2	0.9622972345	0.002412610113	99.07071613	0.7871011996	0.1421826694	9.165029331	46.71528191	44.11968875	0	0	0	-472.5742364	0.002412610113	-63496.3555930806	
470.0142364	95	3	2	0.9623838042	0.002372520687	99.08712491	0.7761573022	0.1367177851	8.951179608	46.82453291	44.22428748	0	0	0	-470.0142364	0.002372520687	-64222.4957313474	
467.4542364	95	3	2	0.9624687247	0.002332882169	99.10339343	0.7652075376	0.1313990284	8.740372986	46.93223542	44.32739159	0	0	0	-467.4542364	0.002332882169	-64949.165052513	
464.8942364	95	3	2	0.9625520228	0.002293684866	99.11952178	0.7542530555	0.1262251601	8.532594763	47.03839695	44.42900829	0	0	0	-464.8942364	0.002293684866	-65676.4298407967	
462.3342364	95	3	2	0.9626337244	0.002254919432	99.13551008	0.7432950753	0.1211948403	8.327830387	47.1430249	44.52914471	0	0	0	-462.3342364	0.002254919432	-66404.3702924157	
459.7742364	95	3	2	0.9627138549	0.002216576869	99.15135848	0.7323348867	0.1163066331	8.126065437	47.2461266	44.62780796	0	0	0	-459.7742364	0.002216576869	-67133.0885472163	
457.2142364	95	3	2	0.9627924388	0.002178648518	99.16706714	0.7213738501	0.1115590111	7.927285616	47.34770931	44.72500507	0	0	0	-457.2142364	0.002178648518	-67862.6959722477	
454.6542364	95	3	2	0.9628695003	0.002141126045	99.18263624	0.7104133973	0.10695036	7.731476733	47.44778022	44.82074304	0	0	0	-454.6542364	0.002141126045	-68593.3238311202	
452.0942364	95	3	2	0.9629450627	0.002104001444	99.19806599	0.6994550316	0.1024789825	7.538624697	47.54634648	44.91502882	0	0	0	-452.0942364	0.002104001444	-69325.1229629311	
449.5342364	95	3	2	0.9630191489	0.002067267023	99.21335657	0.6885003285	0.09814310389	7.348715498	47.64341517	45.00786933	0	0	0	-449.5342364	0.002067267023	-70058.2588830309	
446.9742364	95	3	2	0.9630917811	0.002030915401	99.22850819	0.6775509355	0.09394087545	7.161735197	47.73899333	45.09927148	0	0	0	-446.9742364	0.002030915401	-70792.9200274075	
444.4142364	95	3	2	0.963162981	0.001994939503	99.24352105	0.6666085725	0.08987037961	6.977669916	47.83308795	45.18924213	0	0	0	-444.4142364	0.001994939503	-71529.312278875	
441.8542364	95	3	2	0.9632327699	0.001959332551	99.25839533	0.6556750313	0.08592963408	6.796505818	47.92570603	45.27778815	0	0	0	-441.8542364	0.001959332551	-72267.6642741632	
439.2942364	95	3	2	0.9633011685	0.001924088064	99.27313123	0.6447521759	0.08211659634	6.618229102	48.0168545	45.3649164	0	0	0	-439.2942364	0.001924088064	-73008.2264148648	
436.7342364	95	3	2	0.9633681968	0.001889199848	99.28772889	0.6338419421	0.078429168	6.442825982	48.1065403	45.45063372	0	0	0	-436.7342364	0.001889199848	-73751.2705328078	
434.1742364	95	3	2	0.9634338748	0.001854661995	99.30218846	0.6229463368	0.07486519909	6.27028268	48.19477035	45.53494697	0	0	0	-434.1742364	0.001854661995	-74497.0919483148	
431.6142364	95	3	2	0.9634982217	0.001820468875	99.31651007	0.6120674378	0.07142249234	6.100585411	48.28155156	45.61786303	0	0	0	-431.6142364	0.001820468875	-75246.0135945244	
429.0542364	95	3	2	0.9635612564	0.001786615138	99.3306938	0.601207393	0.06809880737	5.933720366	48.36689086	45.69938877	0	0	0	-429.0542364	0.001786615138	-75998.3817702687	
426.4942364	95	3	2	0.9636229973	0.001753095702	99.34473972	0.5903684192	0.06489186488	5.769673703	48.45079519	45.77953111	0	0	0	-426.4942364	0.001753095702	-76754.5694670223	
423.9342364	95	3	2	0.9636834625	0.001719905757	99.35864785	0.5795528019	0.06179935067	5.60843153	48.5332715	45.85829697	0	0	0	-423.9342364	0.001719905757	-77514.9798602293	
421.3742364	95	3	2	0.9637426696	0.001687040756	99.37241819	0.5687628933	0.0588189197	5.449979892	48.61432676	45.93569335	0	0	0	-421.3742364	0.001687040756	-78280.0405688144	
418.8142364	95	3	2	0.963800636	0.001654496413	99.38605069	0.5580011116	0.0559482	5.29430476	48.69396799	46.01172725	0	0	0	-418.8142364	0.001654496413	-79050.2148750122	
416.2542364	95	3	2	0.9638573787	0.001622268703	99.39954526	0.5472699391	0.05318479652	5.141392013	48.77220225	46.08640574	0	0	0	-416.2542364	0.001622268703	-79825.9954718646	
413.6942364	95	3	2	0.9639129142	0.001590353854	99.41290178	0.536571921	0.05052629488	4.991227423	48.84903663	46.15973595	0	0	0	-413.6942364	0.001590353854	-80607.9069464186	
411.1342364	95	3	2	0.9639672589	0.001558748348	99.42612007	0.5259096631	0.04797026512	4.843796645	48.92447829	46.23172506	0	0	0	-411.1342364	0.001558748348	-81396.5103035772	
408.5742364	95	3	2	0.9640204288	0.001527448916	99.4391999	0.5152858304	0.04551426522	4.699085202	48.99853446	46.30238034	0	0	0	-408.5742364	0.001527448916	-82192.3993409096	
406.0142364	95	3	2	0.9640724396	0.001496452535	99.45214101	0.5047031445	0.04315584461	4.557078466	49.07121243	46.3717091	0	0	0	-406.0142364	0.001496452535	-82996.207090598	
403.4542364	95	3	2	0.9641233068	0.001465756427	99.46494307	0.4941643811	0.04089254758	4.417761648	49.14251958	46.43971877	0	0	0	-403.4542364	0.001465756427	-83808.6087966511	
400.8942364	95	3	2	0.9641730455	0.001435358057	99.47760572	0.4836723683	0.0387219166	4.281119782	49.21246336	46.50641686	0	0	0	-400.8942364	0.001435358057	-84630.3167912919	
398.3342364	95	3	2	0.9642216707	0.001405255127	99.49012852	0.4732299831	0.03664149546	4.147137711	49.28105132	46.57181096	0	0	0	-398.3342364	0.001405255127	-85462.0850459338	
395.7742364	95	3	2	0.964269197	0.001375445576	99.50251102	0.4628401486	0.0346488324	4.015800069	49.34829114	46.63590879	0	0	0	-395.7742364	0.001375445576	-86304.715147696	
393.2142364	95	3	2	0.9643156389	0.001345927577	99.51475269	0.4525058316	0.03274148309	3.887091272	49.41419057	46.69871816	0	0	0	-393.2142364	0.001345927577	-87159.057410363	
390.6542364	95	3	2	0.9643610107	0.001316699536	99.52685295	0.4422300384	0.03091701348	3.760995497	49.4787575	46.760247	0	0	0	-390.6542364	0.001316699536	-88026.0071207442	
388.0942364	95	3	2	0.9644053263	0.001287760085	99.53881119	0.4320158122	0.02917300258	3.637496675	49.54199994	46.82050338	0	0	0	-388.0942364	0.001287760085	-88906.5117722712	
385.5342364	95	3	2	0.9644485998	0.001259108084	99.55062673	0.4218662288	0.02750704512	3.516578466	49.60392605	46.87949548	0	0	0	-385.5342364	0.001259108084	-89801.5749841309	
382.9742364	95	3	2	0.9644908446	0.001230742615	99.56229885	0.4117843933	0.02591675406	3.398224255	49.66454411	46.93723163	0	0	0	-382.9742364	0.001230742615	-90712.256992798	
380.4142364	95	3	2	0.9645320744	0.001202662982	99.5738268	0.4017734358	0.02439976306	3.28241713	49.72386257	46.9937203	0	0	0	-380.4142364	0.001202662982	-91639.6792240239	
377.8542364	95	3	2	0.9645723026	0.001174868706	99.58520976	0.3918365076	0.02295372873	3.169139871	49.78189001	47.04897012	0	0	0	-377.8542364	0.001174868706	-92585.023257727	
375.2942364	95	3	2	0.9646115422	0.001147359522	99.59644689	0.3819767761	0.02157633289	3.058374933	49.8386352	47.10298987	0	0	0	-375.2942364	0.001147359522	-93549.5395506764	
372.7342364	95	3	2	0.9646498065	0.001120135377	99.60753729	0.3721974214	0.02026528458	2.950104435	49.89410708	47.15578848	0	0	0	-372.7342364	0.001120135377	-94534.548335415	
370.1742364	95	3	2	0.9646871083	0.001093196425	99.61848005	0.3625016305	0.01901832212	2.844310144	49.94831476	47.20737509	0	0	0	-370.1742364	0.001093196425	-95541.4426269944	
367.6142364	95	3	2	0.9647234605	0.001066543024	99.62927419	0.3528925934	0.01783321486	2.740973462	50.00126755	47.25775898	0	0	0	-367.6142364	0.001066543024	-96571.6985570548	
365.0542364	95	3	2	0.9647588758	0.001040175734	99.63991874	0.3433734974	0.01670776501	2.64007541	50.05297495	47.30694964	0	0	0	-365.0542364	0.001040175734	-97626.8755934697	
362.4942364	95	3	2	0.964793367	0.001014095311	99.65041267	0.3339475225	0.0156398092	2.541596619	50.10344665	47.35495673	0	0	0	-362.4942364	0.001014095311	-98708.6162374471	
359.9342364	95	3	2	0.9648269465	0.0009883027016	99.66075494	0.3246178359	0.01462722002	2.445517314	50.15269257	47.40179011	0	0	0	-359.9342364	0.0009883027016	-99818.6596298401	
357.3742364	95	3	2	0.9648596268	0.0009627990409	99.67094451	0.3153875863	0.01366790744	2.351817299	50.20072284	47.44745986	0	0	0	-357.3742364	0.0009627990409	-100958.847635555	
354.8142364	95	3	2	0.9648914203	0.0009375856466	99.68098028	0.3062598992	0.01275982007	2.260475952	50.2475478	47.49197625	0	0	0	-354.8142364	0.0009375856466	-102131.126330035	
352.2542364	95	3	2	0.9649223395	0.0009126640136	99.69086118	0.2972378703	0.01190094637	2.171472205	50.29317803	47.53534976	0	0	0	-352.2542364	0.0009126640136	-103337.555541223	
349.6942364	95	3	2	0.9649523966	0.0008880358088	99.70058612	0.2883245607	0.01108931572	2.084784538	50.33762436	47.5775911	0	0	0	-349.6942364	0.0008880358088	-104580.316639517	
347.1342364	95	3	2	0.9649816039	0.0008637028651	99.71015401	0.2795229904	0.01032299938	2.000390966	50.38089782	47.61871121	0	0	0	-347.1342364	0.0008637028651	-105861.720531003	
344.5742364	95	3	2	0.9650099737	0.0008396671753	99.71956376	0.2708361326	0.009600111395	1.91826903	50.42300974	47.65872123	0	0	0	-344.5742364	0.0008396671753	-107184.216346144	
342.0142364	95	3	2	0.965037518	0.0008159308852	99.72881428	0.2622669081	0.008918809338	1.838395784	50.46397166	47.69763256	0	0	0	-342.0142364	0.0008159308852	-108550.401278444	
339.4542364	95	3	2	0.9650642492	0.0007924962867	99.73790453	0.2538181789	0.008277294987	1.760747789	50.50379539	47.73545682	0	0	0	-339.4542364	0.0007924962867	-109963.032753731	
336.8942364	95	3	2	0.9650901795	0.0007693658107	99.74683344	0.2454927426	0.007673814906	1.685301106	50.542493	47.77220589	0	0	0	-336.8942364	0.0007693658107	-111425.03817844	
334.3342364	95	3	2	0.9651153209	0.0007465420185	99.75560001	0.2372933258	0.007106660921	1.612031283	50.58007685	47.80789187	0	0	0	-334.3342364	0.0007465420185	-112939.528499245	
331.7742364	95	3	2	0.9651396858	0.0007240275941	99.76420325	0.2292225788	0.006574170515	1.540913354	50.61655952	47.84252712	0	0	0	-331.7742364	0.0007240275941	-114509.813888559	
329.2142364	95	3	2	0.9651632862	0.0007018253354	99.7726422	0.2212830691	0.006074727126	1.471921829	50.65195392	47.87612426	0	0	0	-329.2142364	0.0007018253354	-116139.415696924	
326.6542364	95	3	2	0.9651861344	0.0006799381442	99.78091596	0.2134772756	0.005606760366	1.40503069	50.68627318	47.90869613	0	0	0	-326.6542364	0.0006799381442	-117832.086320948	
324.0942364	95	3	2	0.9652082426	0.0006583690176	99.78902367	0.2058075826	0.005168746148	1.340213388	50.71953075	47.94025586	0	0	0	-324.0942364	0.0006583690176	-119591.826580252	
321.5342364	95	3	2	0.965229623	0.0006371210367	99.79696452	0.1982762745	0.004759206742	1.27744284	50.75174034	47.97081682	0	0	0	-321.5342364	0.0006371210367	-121422.904819246	
318.9742364	95	3	2	0.965250288	0.0006161973565	99.80473776	0.1908855292	0.004376710747	1.216691424	50.78291595	48.00039263	0	0	0	-318.9742364	0.0006161973565	-123329.881434446	
316.4142364	95	3	2	0.9652702498	0.0005956011945	99.81234271	0.1836374132	0.004019872992	1.157930983	50.81307185	48.02899717	0	0	0	-316.4142364	0.0005956011945	-125317.631169382	
313.8542364	95	3	2	0.9652895208	0.0005753358188	99.81977877	0.1765338759	0.003687354359	1.10113282	50.8422226	48.05664458	0	0	0	-313.8542364	0.0005753358188	-127391.371878539	
311.2942364	95	3	2	0.9653081135	0.0005554045363	99.82704539	0.1695767442	0.003377861549	1.046267703	50.87038304	48.08334926	0	0	0	-311.2942364	0.0005554045363	-129556.692900471	
308.7342364	95	3	2	0.9653260401	0.0005358106794	99.83414214	0.1627677174	0.003090146766	0.993305869	50.89756829	48.10912585	0	0	0	-308.7342364	0.0005358106794	-131819.587247751	
306.1742364	95	3	2	0.9653433132	0.000516557593	99.84106863	0.1561083624	0.002823007355	0.9422170229	50.92379373	48.13398924	0	0	0	-306.1742364	0.000516557593	-134186.489186723	
303.6142364	95	3	2	0.9653599453	0.0004976486207	99.84782461	0.1496001087	0.002575285368	0.8929703481	50.94907505	48.1579546	0	0	0	-303.6142364	0.0004976486207	-136664.314281216	
301.0542364	95	3	2	0.9653759491	0.0004790870908	99.85440989	0.1432442441	0.002345867075	0.8455345113	50.97342818	48.1810373	0	0	0	-301.0542364	0.0004790870908	-129764.857930038	
300	95	3	2	0.96538236	0.0001920842593	99.85707215	0.1406713908	0.002256459527	0.8265188577	50.98319086	48.19029028	0	0	0	-300	0.0001920842593	122418.335287804	
