T	w(AL)	w(SI)	fs	fw(@FCC_A1)	w(AL@FCC_A1)	w(SI@FCC_A1)	w(AL@LIQUID)	w(SI@LIQUID)	dwdT_L(AL@LIQUID)	dwdT_L(SI@LIQUID)	-T	fw(@FCC_A1)_1	-T//fw(@FCC_A1)	
K	%	%	mole/mole	kg/kg	%	%	%	%	SI	SI				
927.6456036	99	1	0	0	99.88713254	0.1128674564	99	1	0.001701469164	-0.001701469164	-927.6456036	0	2.57100089993827	
927.6356036	99	1	0.001915455963	0.001914787128	99.88693813	0.1130618716	98.99829853	1.001701471	0	0	-927.6356036	0.001914787128	7.87402440210241	
927.6156036	99	1	0.005727646817	0.00381786062	99.88654929	0.1134507089	98.99489574	1.005104257	0	0	-927.6156036	0.00381786062	10.544079394513	
927.5756036	99	1	0.01327432285	0.007586848736	99.88577159	0.1142284134	98.9880908	1.011909201	0	0	-927.5756036	0.007586848736	10.69454062846	
927.4956036	99	1	0.0280382842	0.01495730946	99.88421609	0.1157839095	98.97448357	1.025516432	0	0	-927.4956036	0.01495730946	11.0026165477974	
927.3356036	99	1	0.05636303647	0.02913145876	99.88110464	0.1188953604	98.9472793	1.052720701	0	0	-927.3356036	0.02913145876	11.6078998803731	
927.0156036	99	1	0.108623504	0.05536180244	99.87487997	0.1251200323	98.89291183	1.107088169	0	0	-927.0156036	0.05536180244	12.901196468956	
926.3756036	99	1	0.1984253323	0.1007067197	99.86242353	0.1375764742	98.78434173	1.215658268	0	0	-926.3756036	0.1007067197	15.777409258763	
925.0956036	99	1	0.3351565066	0.1705075723	99.83748158	0.1625184184	98.56786172	1.432138281	0	0	-925.0956036	0.1705075723	-92.1942310282905	
923.8156036	99	1	0.4333683239	0.1476494343	99.81250032	0.1874996807	98.35226853	1.647731475	0	0	-923.8156036	0.1476494343	-65.667475311388	
922.5356036	99	1	0.5071478486	0.1301337399	99.78747835	0.212521651	98.13756346	1.86243654	0	0	-922.5356036	0.1301337399	-83.8968868486599	
921.2556036	99	1	0.5644974262	0.1162883138	99.76241472	0.2375852842	97.92375077	2.076249234	0	0	-921.2556036	0.1162883138	-104.400650194831	
919.9756036	99	1	0.6102877406	0.1050686526	99.73730837	0.2626916318	97.71083315	2.289166849	0	0	-919.9756036	0.1050686526	-127.167588869708	
918.6956036	99	1	0.6476485335	0.09579221064	99.71215827	0.2878417317	97.49881275	2.501187252	0	0	-918.6956036	0.09579221064	-152.19732283512	
917.4156036	99	1	0.6786801288	0.08799424529	99.68696339	0.3130366081	97.28769114	2.712308856	0	0	-917.4156036	0.08799424529	-179.490449527535	
916.1356036	99	1	0.7048430595	0.08134732731	99.66172273	0.3382772716	97.07746941	2.922530594	0	0	-916.1356036	0.08134732731	-209.047762338403	
914.8556036	99	1	0.7271835618	0.07561410352	99.63643528	0.3635647195	96.8681481	3.131851899	0	0	-914.8556036	0.07561410352	-240.870357287968	
913.5756036	99	1	0.7464701954	0.07061830958	99.61110006	0.3888999364	96.65972732	3.340272678	0	0	-913.5756036	0.07061830958	-274.959695401582	
912.2956036	99	1	0.7632798734	0.06622630175	99.58571611	0.4142838944	96.45220671	3.54779329	0	0	-912.2956036	0.06622630175	-311.317639901933	
911.0156036	99	1	0.7780538533	0.06233490734	99.56028245	0.439717553	96.24558547	3.754414526	0	0	-911.0156036	0.06233490734	-349.946481901518	
909.7356036	99	1	0.7911352316	0.05886320743	99.53479814	0.46520186	96.03986242	3.960137583	0	0	-909.7356036	0.05886320743	-402.241450737487	
907.1756036	99	1	0.8133258607	0.106100149	99.48367384	0.5163261582	95.63110407	4.368895933	0	0	-907.1756036	0.106100149	-344.40681782512	
904.6156036	99	1	0.8313344881	0.09632675024	99.43233589	0.5676641071	95.22591498	4.774085016	0	0	-904.6156036	0.09632675024	-289.723328982989	
902.0556036	99	1	0.8462262236	0.08814729428	99.38077706	0.6192229385	94.82427254	5.175727456	0	0	-902.0556036	0.08814729428	-343.073429802518	
899.4956036	99	1	0.8587352039	0.08120256276	99.32899036	0.6710096395	94.42615006	5.573849937	0	0	-899.4956036	0.08120256276	-401.029661950325	
896.9356036	99	1	0.8693833654	0.07523355138	99.27696893	0.7230310682	94.03151653	5.968483471	0	0	-896.9356036	0.07523355138	-463.611211332654	
894.3756036	99	1	0.8785516536	0.070049018	99.22470607	0.7752939347	93.64033731	6.359662689	0	0	-894.3756036	0.070049018	-530.846939020845	
891.8156036	99	1	0.8865244322	0.06550469222	99.17219519	0.8278048095	93.25257462	6.74742538	0	0	-891.8156036	0.06550469222	-602.769650764089	
889.2556036	99	1	0.8935181424	0.06148967813	99.11942987	0.8805701316	92.86818793	7.131812067	0	0	-889.2556036	0.06148967813	-679.415140626242	
886.6956036	99	1	0.8997003543	0.05791732325	99.06640378	0.9335962164	92.48713438	7.512865617	0	0	-886.6956036	0.05791732325	-760.821994964382	
884.1356036	99	1	0.9052027641	0.05471893074	99.01311074	0.9868892633	92.10936911	7.890630886	0	0	-884.1356036	0.05471893074	-847.031380274111	
881.5756036	99	1	0.910130263	0.05183933276	98.95954464	1.040455363	91.73484561	8.265154394	0	0	-881.5756036	0.05183933276	-938.086829412381	
879.0156036	99	1	0.9145673962	0.04923371244	98.9056995	1.094300504	91.36351596	8.636484036	0	0	-879.0156036	0.04923371244	-1034.03405091664	
876.4556036	99	1	0.9185830442	0.04686528202	98.85156942	1.14843058	90.99533118	9.004668816	0	0	-876.4556036	0.04686528202	-1134.92073084585	
873.8956036	99	1	0.9222338733	0.04470355946	98.7971486	1.202851397	90.63024139	9.369758606	0	0	-873.8956036	0.04470355946	-1240.79635065206	
871.3356036	99	1	0.9255669145	0.04272307103	98.74243132	1.257568679	90.26819606	9.731803936	0	0	-871.3356036	0.04272307103	-1351.71201886457	
868.7756036	99	1	0.9286215177	0.0409023618	98.68741193	1.312588071	89.9091442	10.0908558	0	0	-868.7756036	0.0409023618	-1467.72032367516	
866.2156036	99	1	0.9314308502	0.03922323206	98.63208485	1.367915151	89.55303452	10.44696548	0	0	-866.2156036	0.03922323206	-1588.87519311942	
863.6556036	99	1	0.9340230593	0.03767014161	98.57644457	1.423555431	89.19981559	10.80018441	0	0	-863.6556036	0.03767014161	-1715.23176874682	
861.0956036	99	1	0.9364221816	0.03622974041	98.52048564	1.479514361	88.84943598	11.15056402	0	0	-861.0956036	0.03622974041	-1846.84630781996	
858.5356036	99	1	0.9386488637	0.03489049536	98.46420266	1.535797341	88.50184438	11.49815562	0	0	-858.5356036	0.03489049536	-1983.77608399305	
855.9756036	99	1	0.9407209358	0.03364239097	98.40759028	1.592409718	88.15698967	11.84301033	0	0	-855.9756036	0.03364239097	-2126.07930133813	
853.4156036	99	1	0.9426538736	0.0324766874	98.35064321	1.649356793	87.81482107	12.18517893	0	0	-853.4156036	0.0324766874	-2273.81506563396	
850.8556036	99	1	0.9444611723	0.03138572346	98.29335617	1.70664383	87.47528819	12.52471181	0	0	-850.8556036	0.03138572346	-2427.04325895231	
848.2956036	99	1	0.946154652	0.03036275499	98.23572395	1.764276053	87.13834108	12.86165892	0	0	-848.2956036	0.03036275499	-2587.29451777558	
845.7356036	99	1	0.9477447564	0.02940281904	98.17774018	1.822259819	86.80392488	13.19607512	0	0	-845.7356036	0.02940281904	-2750.56942786301	
843.1756036	99	1	0.9492405825	0.02849805973	98.11940211	1.880597886	86.47200209	13.52799791	0	0	-843.1756036	0.02849805973	-2919.36341962505	
840.6156036	99	1	0.9506502925	0.0276458691	98.06070336	1.939296642	86.14251854	13.85748146	0	0	-840.6156036	0.0276458691	-3095.94850266167	
838.0556036	99	1	0.9519811181	0.02684152393	98.00163879	1.99836121	85.81542664	14.18457336	0	0	-838.0556036	0.02684152393	-3277.56983741862	
835.4956036	99	1	0.9532395102	0.02608125478	97.94220331	2.057796688	85.49067949	14.50932051	0	0	-835.4956036	0.02608125478	-3465.054913248	
832.9356036	99	1	0.9544312406	0.0253616777	97.88239184	2.117608162	85.16823091	14.83176909	0	0	-832.9356036	0.0253616777	-3658.4734136994	
830.3756036	99	1	0.9555614891	0.02467974334	97.82219929	2.177800708	84.84803544	15.15196456	0	0	-830.3756036	0.02467974334	-3857.89048802689	
827.8156036	99	1	0.9566349168	0.02403269705	97.76162061	2.238379391	84.53004835	15.46995165	0	0	-827.8156036	0.02403269705	-4063.37281261943	
825.2556036	99	1	0.9576557288	0.0234180441	97.70065073	2.299349274	84.21422569	15.78577431	0	0	-825.2556036	0.0234180441	-4274.98797942303	
822.6956036	99	1	0.9586277289	0.02283351988	97.63928459	2.360715415	83.90052423	16.09947577	0	0	-822.6956036	0.02283351988	-4492.80455751353	
820.1356036	99	1	0.9595543655	0.02227706398	97.57751713	2.422482873	83.58890154	16.41109846	0	0	-820.1356036	0.02227706398	-4716.89184003071	
817.5756036	99	1	0.9604387723	0.02174679774	97.51534329	2.484656711	83.27931594	16.72068406	0	0	-817.5756036	0.02174679774	-4947.3203904254	
815.0156036	99	1	0.9612838029	0.02124100477	97.452758	2.547241996	82.97172651	17.02827349	0	0	-815.0156036	0.02124100477	-5184.16172424989	
812.4556036	99	1	0.9620920614	0.02075811379	97.3897562	2.610243802	82.66609311	17.33390689	0	0	-812.4556036	0.02075811379	-5427.48850979971	
809.8956036	99	1	0.9628659291	0.02029668374	97.32633278	2.673667215	82.36237635	17.63762365	0	0	-809.8956036	0.02029668374	-5677.37468990595	
807.3356036	99	1	0.9636075872	0.01985539058	97.26248267	2.737517333	82.06053759	17.93946241	0	0	-807.3356036	0.01985539058	-5933.89562536952	
804.7756036	99	1	0.9643190378	0.01943301576	97.19820073	2.801799266	81.76053894	18.23946106	0	0	-804.7756036	0.01943301576	-6197.12782616952	
802.2156036	99	1	0.9650021214	0.0190284359	97.13348186	2.866518144	81.46234325	18.53765675	0	0	-802.2156036	0.0190284359	-6467.14957616361	
799.6556036	99	1	0.9656585331	0.01864061383	97.06832089	2.931679114	81.16591408	18.83408592	0	0	-799.6556036	0.01864061383	-6744.04053107619	
797.0956036	99	1	0.9662898363	0.01826859042	97.00271266	2.997287343	80.87121574	19.12878426	0	0	-797.0956036	0.01826859042	-7027.88227519902	
794.5356036	99	1	0.9668974756	0.01791147754	96.93665198	3.06334802	80.57821321	19.42178679	0	0	-794.5356036	0.01791147754	-7318.75822565935	
791.9756036	99	1	0.9674827874	0.01756845156	96.87013364	3.129866362	80.28687218	19.71312782	0	0	-791.9756036	0.01756845156	-7616.75330182073	
789.4156036	99	1	0.9680470098	0.01723874769	96.80315239	3.196847608	79.99715902	20.00284098	0	0	-789.4156036	0.01723874769	-7921.95507886426	
786.8556036	99	1	0.9685912918	0.01692165487	96.73570297	3.264297026	79.70904077	20.29095923	0	0	-786.8556036	0.01692165487	-8234.45314029811	
784.2956036	99	1	0.9691167008	0.01661651115	96.66778009	3.332219915	79.42248512	20.57751488	0	0	-784.2956036	0.01661651115	-8554.33924288774	
781.7356036	99	1	0.9696242299	0.01632269957	96.5993784	3.400621604	79.13746041	20.86253959	0	0	-781.7356036	0.01632269957	-8881.70793664879	
779.1756036	99	1	0.970114804	0.01603964445	96.53049254	3.469507456	78.85393559	21.14606441	0	0	-779.1756036	0.01603964445	-9216.65591903801	
776.6156036	99	1	0.9705892857	0.01576680799	96.46111713	3.538882868	78.57188024	21.42811976	0	0	-776.6156036	0.01576680799	-9559.28319546091	
774.0556036	99	1	0.9710484802	0.0155036873	96.39124673	3.608753272	78.29126455	21.70873545	0	0	-774.0556036	0.0155036873	-9909.69256233576	
771.4956036	99	1	0.9714931404	0.01524981158	96.32087586	3.679124139	78.01205927	21.98794073	0	0	-771.4956036	0.01524981158	-10267.990066819	
768.9356036	99	1	0.9719239708	0.01500473969	96.24999902	3.750000979	77.73423574	22.26576426	0	0	-768.9356036	0.01500473969	-10634.2849473292	
766.3756036	99	1	0.972341631	0.01476805782	96.17861066	3.821389343	77.45776586	22.54223414	0	0	-766.3756036	0.01476805782	-11008.6898836165	
763.8156036	99	1	0.9727467399	0.01453937748	96.10670518	3.893294822	77.18262208	22.81737792	0	0	-763.8156036	0.01453937748	-11391.3216438273	
761.2556036	99	1	0.9731398782	0.01431833359	96.03427695	3.965723053	76.90877737	23.09122263	0	0	-761.2556036	0.01431833359	-11782.3003648287	
758.6956036	99	1	0.9735215916	0.01410458277	95.96132028	4.038679717	76.63620522	23.36379478	0	0	-758.6956036	0.01410458277	-12181.751514309	
756.1356036	99	1	0.9738923931	0.01389780181	95.88782946	4.11217054	76.36487964	23.63512036	0	0	-756.1356036	0.01389780181	-12589.8037287199	
753.5756036	99	1	0.9742527659	0.01369768616	95.8137987	4.186201297	76.09477512	23.90522488	0	0	-753.5756036	0.01369768616	-13006.5910872001	
751.0156036	99	1	0.9746031648	0.01350394871	95.73922219	4.260777811	75.82586663	24.17413337	0	0	-751.0156036	0.01350394871	-13432.2521626906	
748.4556036	99	1	0.9749440191	0.01331631849	95.66409404	4.335905956	75.55812963	24.44187037	0	0	-748.4556036	0.01331631849	-13866.9311831693	
745.8956036	99	1	0.9752757336	0.01313453966	95.58840834	4.411591657	75.29154001	24.70845999	0	0	-745.8956036	0.01313453966	-14310.7780238699	
743.3356036	99	1	0.9755986908	0.01295837041	95.51215911	4.487840893	75.02607411	24.97392589	0	0	-743.3356036	0.01295837041	-14763.9481633043	
740.7756036	99	1	0.9759132521	0.01278758209	95.43534031	4.564659694	74.7617087	25.2382913	0	0	-740.7756036	0.01278758209	-15226.6028245635	
738.2156036	99	1	0.9762197595	0.01262195828	95.35794585	4.64205415	74.49842099	25.50157901	0	0	-738.2156036	0.01262195828	-15698.9099714528	
735.6556036	99	1	0.9765185368	0.01246129406	95.2799696	4.720030403	74.23618856	25.76381144	0	0	-735.6556036	0.01246129406	-16181.0456718897	
733.0956036	99	1	0.9768098906	0.01230539524	95.20140534	4.798594656	73.97498942	26.02501058	0	0	-733.0956036	0.01230539524	-16673.191713359	
730.5356036	99	1	0.9770941117	0.01215407768	95.12224683	4.877753169	73.71480196	26.28519804	0	0	-730.5356036	0.01215407768	-17175.5385300469	
727.9756036	99	1	0.9773714759	0.01200716668	95.04248774	4.957512263	73.45560492	26.54439508	0	0	-727.9756036	0.01200716668	-17688.3817754302	
725.4156036	99	1	0.9776422451	0.01186449788	94.96212168	5.037878321	73.19737744	26.80262256	0	0	-725.4156036	0.01186449788	-18211.7245501433	
722.8556036	99	1	0.9779066681	0.01172591067	94.88114221	5.118857789	72.940099	27.059901	0	0	-722.8556036	0.01172591067	-18745.8041013957	
720.2956036	99	1	0.9781649813	0.01159125687	94.79954283	5.200457175	72.68374941	27.31625059	0	0	-720.2956036	0.01159125687	-19291.0270563383	
717.7356036	99	1	0.9784174096	0.01146039407	94.71731695	5.282683053	72.42830883	27.57169117	0	0	-717.7356036	0.01146039407	-19838.6185120557	
715.1756036	99	1	0.9786641648	0.01133307701	94.63445794	5.365542064	72.17375872	27.82624128	0	0	-715.1756036	0.01133307701	-20416.6849483052	
712.6156036	99	1	0.9789054556	0.01120950689	94.55095908	5.449040915	71.92007789	28.07992211	0	0	-712.6156036	0.01120950689	-21004.408828267	
710.0556036	99	1	0.9791414739	0.01108922974	94.46681362	5.533186383	71.66724845	28.33275155	0	0	-710.0556036	0.01108922974	-21587.2828047231	
707.4956036	99	1	0.9793724048	0.01097223918	94.38201469	5.617985314	71.4152518	28.5847482	0	0	-707.4956036	0.01097223918	-22191.5166732922	
704.9356036	99	1	0.979598425	0.01085842361	94.29655538	5.703444624	71.16406962	28.83593038	0	0	-704.9356036	0.01085842361	-22808.3912387572	
702.3756036	99	1	0.9798197034	0.01074767655	94.2104287	5.789571303	70.91368389	29.08631611	0	0	-702.3756036	0.01074767655	-23438.2191414435	
699.8156036	99	1	0.980036401	0.01063989643	94.12362759	5.876372412	70.66407684	29.33592316	0	0	-699.8156036	0.01063989643	-24081.3311621108	
697.2556036	99	1	0.9802486717	0.01053498628	94.03614491	5.963855088	70.41523096	29.58476904	0	0	-697.2556036	0.01053498628	-24738.0636075559	
694.6956036	99	1	0.9804566627	0.01043285343	93.94797346	6.052026544	70.16712902	29.83287098	0	0	-694.6956036	0.01043285343	-25408.7824996999	
692.1356036	99	1	0.9806605147	0.01033340943	93.85910593	6.140894066	69.91975401	30.08024599	0	0	-692.1356036	0.01033340943	-26093.8698743855	
689.5756036	99	1	0.9808603626	0.01023656967	93.76953498	6.230465022	69.67308917	30.32691083	0	0	-689.5756036	0.01023656967	-26793.7187369854	
687.0156036	99	1	0.9810563353	0.01014225326	93.67925314	6.320746857	69.42711797	30.57288203	0	0	-687.0156036	0.01014225326	-27508.8204048933	
684.4556036	99	1	0.9812485563	0.01005038327	93.5882529	6.4117471	69.1818241	30.8181759	0	0	-684.4556036	0.01005038327	-28239.5104128631	
681.8956036	99	1	0.9814371441	0.009960884983	93.49652665	6.503473354	68.93719148	31.06280852	0	0	-681.8956036	0.009960884983	-28986.226453805	
679.3356036	99	1	0.9816222123	0.009873687732	93.40406669	6.595933307	68.69320424	31.30679576	0	0	-679.3356036	0.009873687732	-29749.5626626286	
676.7756036	99	1	0.9818038696	0.009788723686	93.31086527	6.689134732	68.44984669	31.55015331	0	0	-676.7756036	0.009788723686	-30530.0082056022	
674.2156036	99	1	0.9819822207	0.009705927843	93.21691452	6.783085485	68.20710335	31.79289665	0	0	-674.2156036	0.009705927843	-31328.1061665382	
671.6556036	99	1	0.9821573659	0.009625237921	93.12220649	6.877793509	67.96495895	32.03504105	0	0	-671.6556036	0.009625237921	-32144.4348272425	
669.0956036	99	1	0.9823294015	0.009546594224	93.02673317	6.973266833	67.72339837	32.27660163	0	0	-669.0956036	0.009546594224	-32979.6060337073	
666.5356036	99	1	0.9824984202	0.009469939523	92.93048642	7.069513575	67.48240667	32.51759333	0	0	-666.5356036	0.009469939523	-33834.2668293232	
663.9756036	99	1	0.982664511	0.009395218934	92.83345806	7.166541942	67.24196912	32.75803088	0	0	-663.9756036	0.009395218934	-34709.1019545321	
661.4156036	99	1	0.9828277595	0.009322379812	92.73563977	7.26436023	67.0020711	32.9979289	0	0	-661.4156036	0.009322379812	-35604.8370854261	
658.8556036	99	1	0.982988248	0.009251371645	92.63702317	7.362976827	66.76269818	33.23730182	0	0	-658.8556036	0.009251371645	-36522.2414757763	
656.2956036	99	1	0.9831460558	0.009182145958	92.53759979	7.462400213	66.52383608	33.47616392	0	0	-656.2956036	0.009182145958	-37462.1306760714	
653.7356036	99	1	0.9833012592	0.009114656217	92.43736104	7.562638964	66.28547067	33.71452933	0	0	-653.7356036	0.009114656217	-38425.3707915807	
651.1756036	99	1	0.9834539317	0.009048857746	92.33629825	7.663701748	66.04758795	33.95241205	0	0	-651.1756036	0.009048857746	-39412.882794099	
648.6156036	99	1	0.9836041441	0.008984707643	92.23440267	7.76559733	65.81017405	34.18982595	0	0	-648.6156036	0.008984707643	-40425.6449566265	
646.0556036	99	1	0.9837519647	0.0089221647	92.13166543	7.868334572	65.57321526	34.42678474	0	0	-646.0556036	0.0089221647	-41464.6997131703	
643.4956036	99	1	0.9838974592	0.008861189335	92.02807757	7.971922433	65.33669796	34.66330204	0	0	-643.4956036	0.008861189335	-42531.1560419082	
640.9356036	99	1	0.9840406912	0.008801743513	91.92363003	8.076369972	65.10060868	34.89939132	0	0	-640.9356036	0.008801743513	-43626.1971988826	
638.3756036	99	1	0.9841817218	0.008743790691	91.81831365	8.181686349	64.86493404	35.13506596	0	0	-638.3756036	0.008743790691	-44751.086484732	
635.8156036	99	1	0.9843206103	0.008687295747	91.71211917	8.287880825	64.62966078	35.37033922	0	0	-635.8156036	0.008687295747	-45907.1714488464	
633.2556036	99	1	0.9844574136	0.008632224924	91.60503724	8.394962762	64.39477575	35.60522425	0	0	-633.2556036	0.008632224924	-47095.8949849611	
630.6956036	99	1	0.9845921869	0.008578545776	91.49705837	8.502941628	64.16026589	35.83973411	0	0	-630.6956036	0.008578545776	-48318.8005943216	
628.1356036	99	1	0.9847249835	0.008526227111	91.38817301	8.611826994	63.92611824	36.07388176	0	0	-628.1356036	0.008526227111	-49577.54248627	
625.5756036	99	1	0.9848558547	0.008475238945	91.27837146	8.721628536	63.69231992	36.30768008	0	0	-625.5756036	0.008475238945	-50873.8948905476	
623.0156036	99	1	0.9849848505	0.00842555245	91.16764396	8.83235604	63.45885815	36.54114185	0	0	-623.0156036	0.00842555245	-52209.7627853776	
620.4556036	99	1	0.9851120188	0.008377139912	91.0559806	8.944019396	63.22572023	36.77427977	0	0	-620.4556036	0.008377139912	-53587.1953763721	
617.8956036	99	1	0.9852374062	0.008329974687	90.94337139	9.056628606	62.99289351	37.00710649	0	0	-617.8956036	0.008329974687	-55008.3979288815	
615.3356036	99	1	0.9853610579	0.00828403116	90.82980622	9.17019378	62.76036544	37.23963456	0	0	-615.3356036	0.00828403116	-56475.7476839181	
612.7756036	99	1	0.9854830173	0.008239284707	90.71527486	9.28472514	62.52812353	37.47187647	0	0	-612.7756036	0.008239284707	-57991.8120025191	
610.2156036	99	1	0.9856033267	0.00819571166	90.59976698	9.400233021	62.29615534	37.70384466	0	0	-610.2156036	0.00819571166	-59559.3625304249	
607.6556036	99	1	0.985722027	0.008153289266	90.48327213	9.516727869	62.0644485	37.9355515	0	0	-607.6556036	0.008153289266	-61181.4016902897	
605.0956036	99	1	0.9858391578	0.008111995663	90.36577976	9.634220245	61.83299069	38.16700931	0	0	-605.0956036	0.008111995663	-62861.1846619964	
602.5356036	99	1	0.9859547575	0.008071809841	90.24727917	9.752720825	61.60176963	38.39823037	0	0	-602.5356036	0.008071809841	-64602.2431923634	
599.9756036	99	1	0.9860688633	0.008032711616	90.1277596	9.872240403	61.3707731	38.6292269	0	0	-599.9756036	0.008032711616	-66408.42122263	
597.4156036	99	1	0.9861815113	0.007994681602	90.00721011	9.992789887	61.1399889	38.8600111	0	0	-597.4156036	0.007994681602	-68283.9056108901	
594.8556036	99	1	0.9862927365	0.007957701183	89.8856197	10.1143803	60.90940488	39.09059512	0	0	-594.8556036	0.007957701183	-70233.2631415003	
592.2956036	99	1	0.9864025728	0.007921752486	89.7629772	10.2370228	60.67900892	39.32099108	0	0	-592.2956036	0.007921752486	-72261.4888020939	
589.7356036	99	1	0.9865110531	0.00788681836	89.63927135	10.36072865	60.44878893	39.55121107	0	0	-589.7356036	0.00788681836	-74374.0568444975	
587.1756036	99	1	0.9866182096	0.007852882352	89.51449078	10.48550922	60.21873282	39.78126718	0	0	-587.1756036	0.007852882352	-76576.9745580377	
584.6156036	99	1	0.9867240731	0.007819928684	89.38862396	10.61137604	59.98882855	40.01117145	0	0	-584.6156036	0.007819928684	-78876.84910005	
582.0556036	99	1	0.986828674	0.007787942232	89.26165926	10.73834074	59.75906408	40.24093592	0	0	-582.0556036	0.007787942232	-81280.9688013431	
579.4956036	99	1	0.9869320414	0.007756908509	89.13358494	10.86641506	59.52942737	40.47057263	0	0	-579.4956036	0.007756908509	-83797.3908583626	
576.9356036	99	1	0.9870342039	0.007726813645	89.00438911	10.99561089	59.29990639	40.70009361	0	0	-576.9356036	0.007726813645	-86435.0379444046	
574.3756036	99	1	0.9871351891	0.007697644367	88.87405977	11.12594023	59.07048913	40.92951087	0	0	-574.3756036	0.007697644367	-89203.8254032632	
571.8156036	99	1	0.9872350239	0.007669387986	88.74258479	11.25741521	58.84116355	41.15883645	0	0	-571.8156036	0.007669387986	-92114.8035998016	
569.2556036	99	1	0.9873337345	0.00764203238	88.60995192	11.39004808	58.61191762	41.38808238	0	0	-569.2556036	0.00764203238	-95180.3167695796	
566.6956036	99	1	0.9874313464	0.007615565978	88.47614876	11.52385124	58.38273929	41.61726071	0	0	-566.6956036	0.007615565978	-98414.1978983152	
564.1356036	99	1	0.9875278842	0.007589977745	88.34116281	11.65883719	58.15361651	41.84638349	0	0	-564.1356036	0.007589977745	-101832.006614446	
561.5756036	99	1	0.9876233722	0.007565257171	88.20498143	11.79501857	57.92453717	42.07546283	0	0	-561.5756036	0.007565257171	-105451.306820133	
559.0156036	99	1	0.9877178338	0.007541394258	88.06759185	11.93240815	57.69548918	42.30451082	0	0	-559.0156036	0.007541394258	-109291.989196505	
556.4556036	99	1	0.9878112917	0.007518379506	87.92898118	12.07101882	57.4664604	42.5335396	0	0	-556.4556036	0.007518379506	-113376.670878042	
553.8956036	99	1	0.9879037684	0.007496203902	87.78913637	12.21086363	57.23743865	42.76256135	0	0	-553.8956036	0.007496203902	-117731.193787964	
551.3356036	99	1	0.9879952853	0.007474858913	87.64804429	12.35195571	57.00841172	42.99158828	0	0	-551.3356036	0.007474858913	-122385.201947027	
548.7756036	99	1	0.9880858637	0.007454336471	87.50569162	12.49430838	56.77936736	43.22063264	0	0	-548.7756036	0.007454336471	-127372.869661173	
546.2156036	99	1	0.9881755242	0.007434628967	87.36206497	12.63793503	56.55029326	43.44970674	0	0	-546.2156036	0.007434628967	-132733.80638424	
543.6556036	99	1	0.9882642867	0.00741572924	87.21715076	12.78284924	56.32117708	43.67882292	0	0	-543.6556036	0.00741572924	-138623.240115074	
541.0956036	99	1	0.9883521712	0.007397657276	87.07093532	12.92906468	56.09200557	43.90799443	0	0	-541.0956036	0.007397657276	-144630.605583083	
538.5356036	99	1	0.9884391958	0.007380299897	86.92340482	13.07659518	55.86276875	44.13723125	0	0	-538.5356036	0.007380299897	-151474.930545248	
535.9756036	99	1	0.9885253801	0.007363811691	86.77454533	13.22545467	55.63345158	44.36654842	0	0	-535.9756036	0.007363811691	-159084.284945076	
533.4156036	99	1	0.9886107419	0.007348080177	86.62434275	13.37565725	55.40404229	44.59595771	0	0	-533.4156036	0.007348080177	-167073.956942397	
530.8556036	99	1	0.988695299	0.007333127108	86.47278287	13.52721713	55.17452819	44.82547181	0	0	-530.8556036	0.007333127108	-175998.042541943	
528.2956036	99	1	0.9887790687	0.007318947864	86.31985135	13.68014865	54.9448965	45.0551035	0	0	-528.2956036	0.007318947864	-185871.068435774	
525.7356036	99	1	0.9888620678	0.007305538228	86.16553371	13.83446629	54.71513438	45.28486562	0	0	-525.7356036	0.007305538228	-196858.695586881	
523.1756036	99	1	0.9889443129	0.007292894382	86.00981534	13.99018466	54.48522887	45.51477113	0	0	-523.1756036	0.007292894382	-209167.623348949	
520.6156036	99	1	0.9890258201	0.007281012902	85.85268149	14.14731851	54.25516692	45.74483308	0	0	-520.6156036	0.007281012902	-223059.152589384	
518.0556036	99	1	0.9891066053	0.007269890754	85.69411729	14.30588271	54.02493538	45.97506462	0	0	-518.0556036	0.007269890754	-238868.516554422	
515.4956036	99	1	0.9891866837	0.007259525289	85.53410774	14.46589226	53.79452101	46.20547899	0	0	-515.4956036	0.007259525289	-257033.154090425	
512.9356036	99	1	0.9892660704	0.007249914244	85.37263771	14.62736229	53.56391041	46.43608959	0	0	-512.9356036	0.007249914244	-278134.993799996	
510.3756036	99	1	0.9893447803	0.007241055739	85.20969193	14.79030807	53.33309011	46.66690989	0	0	-510.3756036	0.007241055739	-302965.543863138	
507.8156036	99	1	0.9894228276	0.00723294827	85.045255	14.954745	53.10204648	46.89795352	0	0	-507.8156036	0.00723294827	-332630.225486768	
505.2556036	99	1	0.9895002266	0.007225590714	84.87931142	15.12068858	52.87076576	47.12923424	0	0	-505.2556036	0.007225590714	-347235.208140079	
503.9756036	99	1	0.9895386665	0.003612722237	84.79576954	15.20423046	52.75503205	47.24496795	0	0	-503.9756036	0.003612722237	-354.25723032212	
503.3356036	99	1	0.9895578063	0.001806044044	84.75385536	15.24614464	52.69714117	47.30285883	0	0	-503.3356036	0.001806044044	-1183202.66954327	
502.6956036	99	1	0.9895769015	0.001805503301	84.71184532	15.28815468	52.63923396	47.36076604	0	0	-502.6956036	0.001805503301	-1182848.38552445	
502.3756036	99	1	0.9895864321	0.0009027597102	84.69080425	15.30919575	52.61027415	47.38972585	0	0	-502.3756036	0.0009027597102	-354.453958483493	
502.2156036	99	1	0.9895911923	0.0004513477928	84.6802747	15.3197253	52.59579319	47.40420681	0	0	-502.2156036	0.0004513477928	-9596229.1989387	
502.0556036	99	1	0.9895959504	0.0004513311202	84.66973913	15.33026087	52.58131068	47.41868932	0	0	-502.0556036	0.0004513311202	-9595874.64419836	
501.9756036	99	1	0.9895983283	0.0002256772645	84.66446839	15.33553161	52.57406868	47.42593132	0	0	-501.9756036	0.0002256772645	-4219544.46768878	
501.8956036	99	1	0.9896007057	0.0002256583067	84.65919684	15.34080316	52.56682677	47.43317323	0	0	-501.8956036	0.0002256583067	-4219190.26832146	
501.8556036	99	1	0.9896018939	0.0001127984434	84.65656088	15.34343912	52.56320562	47.43679438	0	0	-501.8556036	0.0001127984434	-354.547050434809	
501.8356036	99	1	0.9896024879	5.639839493E-05	84.65524274	15.34475726	52.56139504	47.43860496	0	0	-501.8356036	5.639839493E-05	-354.614807349586	
501.8256036	99	1	0.9896027849	2.819898894E-05	84.65458362	15.34541638	52.56048974	47.43951026	0	0	-501.8256036	2.819898894E-05	-354.61739880397	
501.8156036	99	1	0.989603082	2.820703529E-05	84.65392441	15.34607559	52.55958446	47.44041554	0	0	-501.8156036	2.820703529E-05	-354.538752519171	
501.7756036	99	1	0.9896042701	0.0001128368735	84.65128721	15.34871279	52.55596319	47.44403681	0	0	-501.7756036	0.0001128368735	-2009.98797679819	
501.7556036	99	1	0.9896048639	5.639904984E-05	84.64996836	15.35003164	52.5541525	47.4458475	0	0	-501.7556036	5.639904984E-05	32294880.4734812	
501.7156036	99	1	0.9896060519	0.0001128350156	84.64733073	15.35266927	52.55053141	47.44946859	0	0	-501.7156036	0.0001128350156	708.842057661047	
501.6356036	99	1	0.9896084276	0.0002256715287	84.6420539	15.3579461	52.54328875	47.45671125	0	0	-501.6356036	0.0002256715287	709.027706630847	
501.4756036	99	1	0.9896131776	0.0004513089014	84.63149717	15.36850283	52.52880277	47.47119723	0	0	-501.4756036	0.0004513089014	709.196910807897	
501.1556036	99	1	0.9896226724	0.0009024033049	84.6103642	15.3896358	52.49982642	47.50017358	0	0	-501.1556036	0.0009024033049	709.458408300674	
500.5156036	99	1	0.9896416401	0.001804315528	84.5680257	15.4319743	52.44186189	47.55813811	0	0	-500.5156036	0.001804315528	709.773268477895	
499.2356036	99	1	0.9896794906	0.003606846265	84.48305754	15.51694246	52.32588066	47.67411934	0	0	-499.2356036	0.003606846265	710.437454980825	
496.6756036	99	1	0.989754857	0.007206973187	84.31194965	15.68805035	52.09370333	47.90629667	0	0	-496.6756036	0.007206973187	-547853.943329978	
494.1156036	99	1	0.9898295929	0.00720229432	84.13926597	15.86073403	51.86122731	48.13877269	0	0	-494.1156036	0.00720229432	-674061.942126685	
491.5556036	99	1	0.989903751	0.007198947281	83.96499044	16.03500956	51.62843808	48.37156192	0	0	-491.5556036	0.007198947281	-889424.82451068	
488.9956036	99	1	0.9899773435	0.007196351065	83.78910678	16.21089322	51.39532093	48.60467907	0	0	-488.9956036	0.007196351065	-1221728.82284877	
486.4356036	99	1	0.9900503825	0.007194508056	83.61159859	16.38840141	51.16186094	48.83813906	0	0	-486.4356036	0.007194508056	-1995487.87137012	
483.8756036	99	1	0.99012288	0.007193420281	83.43244932	16.56755068	50.92804298	49.07195702	0	0	-483.8756036	0.007193420281	-6496966.63046322	
481.3156036	99	1	0.9901948476	0.00719309015	83.25164234	16.74835766	50.69385174	49.30614826	0	0	-481.3156036	0.00719309015	-52914310.1513401	
478.7556036	99	1	0.9902662966	0.007193520459	83.06916091	16.93083909	50.45927172	49.54072828	0	0	-478.7556036	0.007193520459	4941147.67464193	
476.1956036	99	1	0.9903372382	0.007194714393	82.88498817	17.11501183	50.22428718	49.77571282	0	0	-476.1956036	0.007194714393	1826753.22983014	
473.6356036	99	1	0.9904076834	0.007196675528	82.69910716	17.30089284	49.98888218	50.01111782	0	0	-473.6356036	0.007196675528	1151419.54485289	
471.0756036	99	1	0.9904776431	0.007199407838	82.51150082	17.48849918	49.75304053	50.24695947	0	0	-471.0756036	0.007199407838	846235.580211376	
468.5156036	99	1	0.9905471277	0.007202915695	82.32215201	17.67784799	49.51674581	50.48325419	0	0	-468.5156036	0.007202915695	670036.063855881	
465.9556036	99	1	0.9906161476	0.007207203878	82.13104347	17.86895653	49.27998136	50.72001864	0	0	-465.9556036	0.007207203878	554653.750125932	
463.3956036	99	1	0.9906847131	0.007212277576	81.93815788	18.06184212	49.04273024	50.95726976	0	0	-463.3956036	0.007212277576	472993.321920674	
460.8356036	99	1	0.9907528342	0.007218142394	81.74347781	18.25652219	48.80497528	51.19502472	0	0	-460.8356036	0.007218142394	412048.240536518	
458.2756036	99	1	0.9908205208	0.007224804347	81.54698578	18.45301422	48.56669899	51.43330101	0	0	-458.2756036	0.007224804347	364766.226870346	
455.7156036	99	1	0.9908877825	0.007232269909	81.34866421	18.65133579	48.32788361	51.67211639	0	0	-455.7156036	0.007232269909	326981.464874849	
453.1556036	99	1	0.9909546288	0.007240545967	81.14849547	18.85150453	48.08851109	51.91148891	0	0	-453.1556036	0.007240545967	296071.8088525	
450.5956036	99	1	0.9910210692	0.007249639852	80.94646185	19.05353815	47.84856304	52.15143696	0	0	-450.5956036	0.007249639852	270301.403596386	
448.0356036	99	1	0.9910871128	0.007259559351	80.74254561	19.25745439	47.60802079	52.39197921	0	0	-448.0356036	0.007259559351	248474.969051076	
445.4756036	99	1	0.9911527687	0.007270312709	80.53672893	19.46327107	47.36686529	52.63313471	0	0	-445.4756036	0.007270312709	229742.203028047	
442.9156036	99	1	0.9912180459	0.00728190864	80.32899398	19.67100602	47.12507718	52.87492282	0	0	-442.9156036	0.00728190864	213481.387730317	
440.3556036	99	1	0.9912829532	0.007294356338	80.11932285	19.88067715	46.88263672	53.11736328	0	0	-440.3556036	0.007294356338	199227.322478247	
437.7956036	99	1	0.9913474991	0.007307665485	79.90769765	20.09230235	46.63952379	53.36047621	0	0	-437.7956036	0.007307665485	186624.936011804	
435.2356036	99	1	0.9914116923	0.007321846261	79.69410045	20.30589955	46.3957179	53.6042821	0	0	-435.2356036	0.007321846261	175398.442838831	
432.6756036	99	1	0.991475541	0.007336909359	79.47851331	20.52148669	46.15119814	53.84880186	0	0	-432.6756036	0.007336909359	165330.358666055	
430.1156036	99	1	0.9915390537	0.007352865995	79.26091828	20.73908172	45.90594321	54.09405679	0	0	-430.1156036	0.007352865995	156246.886293253	
427.5556036	99	1	0.9916022385	0.007369727918	79.04129744	20.95870256	45.65993133	54.34006867	0	0	-427.5556036	0.007369727918	148007.435119698	
424.9956036	99	1	0.9916651034	0.007387507428	78.81963289	21.18036711	45.41314032	54.58685968	0	0	-424.9956036	0.007387507428	140497.034207925	
422.4356036	99	1	0.9917276564	0.007406217389	78.59590675	21.40409325	45.16554751	54.83445249	0	0	-422.4356036	0.007406217389	133620.781881541	
419.8756036	99	1	0.9917899053	0.007425871239	78.37010118	21.62989882	44.91712973	55.08287027	0	0	-419.8756036	0.007425871239	127306.62027272	
417.3156036	99	1	0.9918518579	0.007446480574	78.14219842	21.85780158	44.66786332	55.33213668	0	0	-417.3156036	0.007446480574	121475.224930776	
414.7556036	99	1	0.9919135217	0.007468064775	77.91218077	22.08781923	44.41772411	55.58227589	0	0	-414.7556036	0.007468064775	116068.047169615	
412.1956036	99	1	0.9919749043	0.007490636804	77.68003061	22.31996939	44.16668738	55.83331262	0	0	-412.1956036	0.007490636804	111052.893462384	
409.6356036	99	1	0.9920360133	0.007514212575	77.44573042	22.55426958	43.91472782	56.08527218	0	0	-409.6356036	0.007514212575	106316.926425246	
407.0756036	99	1	0.9920968561	0.007538840625	77.20926281	22.79073719	43.66181868	56.33818132	0	0	-407.0756036	0.007538840625	101994.151283688	
404.5156036	99	1	0.9921574396	0.007564449843	76.97061053	23.02938947	43.4079352	56.5920648	0	0	-404.5156036	0.007564449843	97987.8756299632	
401.9556036	99	1	0.9922177712	0.007591136353	76.72975646	23.27024354	43.15304941	56.84695059	0	0	-401.9556036	0.007591136353	94104.477678767	
399.3956036	99	1	0.992277858	0.00761890006	76.48668367	23.51331633	42.89713354	57.10286646	0	0	-399.3956036	0.00761890006	90493.1568620919	
396.8356036	99	1	0.992337707	0.007647757452	76.24137542	23.75862458	42.64015912	57.35984088	0	0	-396.8356036	0.007647757452	87094.8085627334	
394.2756036	99	1	0.9923973252	0.007677728739	75.99381519	24.00618481	42.38209698	57.61790302	0	0	-394.2756036	0.007677728739	83885.8560920193	
391.7156036	99	1	0.9924567195	0.007708834933	75.74398669	24.25601331	42.12291721	57.87708279	0	0	-391.7156036	0.007708834933	80850.3028815486	
389.1556036	99	1	0.9925158967	0.007741097867	75.49187392	24.50812608	41.8625891	58.1374109	0	0	-389.1556036	0.007741097867	77973.9355777808	
386.5956036	99	1	0.9925748635	0.007774540229	75.23746112	24.76253888	41.60108117	58.39891883	0	0	-386.5956036	0.007774540229	75244.0744991162	
384.0356036	99	1	0.9926336266	0.007809185589	74.9807329	25.0192671	41.33836108	58.66163892	0	0	-384.0356036	0.007809185589	72649.3824268032	
381.4756036	99	1	0.9926921926	0.007845058427	74.72167418	25.27832582	41.07439563	58.92560437	0	0	-381.4756036	0.007845058427	70179.6822715634	
378.9156036	99	1	0.992750568	0.007882184173	74.46027029	25.53972971	40.80915069	59.19084931	0	0	-378.9156036	0.007882184173	67825.8157792443	
376.3556036	99	1	0.9928087595	0.007920589233	74.19650694	25.80349306	40.54259121	59.45740879	0	0	-376.3556036	0.007920589233	65579.5213286872	
373.7956036	99	1	0.9928667733	0.007960301032	73.9303703	26.0696297	40.27468113	59.72531887	0	0	-373.7956036	0.007960301032	63433.3217988901	
371.2356036	99	1	0.992924616	0.008001348048	73.66184704	26.33815296	40.00538337	59.99461663	0	0	-371.2356036	0.008001348048	61380.4382583632	
368.6756036	99	1	0.9929822937	0.008043759854	73.39092431	26.60907569	39.73465974	60.26534026	0	0	-368.6756036	0.008043759854	59414.7077011867	
366.1156036	99	1	0.9930398129	0.008087567159	73.11758987	26.88241013	39.46247096	60.53752904	0	0	-366.1156036	0.008087567159	57530.513920896	
363.5556036	99	1	0.9930971797	0.008132801856	72.84183206	27.15816794	39.18877655	60.81122345	0	0	-363.5556036	0.008132801856	55722.7270839031	
360.9956036	99	1	0.9931544003	0.008179497069	72.56363987	27.43636013	38.9135348	61.0864652	0	0	-360.9956036	0.008179497069	55462.8712312504	
359.7156036	99	1	0.9931829053	0.004105250342	72.42362609	27.57637391	38.77531986	61.22468014	0	0	-359.7156036	0.004105250342	88098.0707370726	
358.4356036	99	1	0.9932113696	0.004119831978	72.28300188	27.71699812	38.63670256	61.36329744	0	0	-358.4356036	0.004119831978	88410.9115378648	
357.7956036	99	1	0.993225575	0.002063921479	72.21245919	27.78754081	38.56724037	61.43275963	0	0	-357.7956036	0.002063921479	-310.755348568711	
357.4756036	99	1	0.9932326702	0.00103327094	72.17713047	27.82286953	38.53247098	61.46752902	0	0	-357.4756036	0.00103327094	340060.337770395	
357.1556036	99	1	0.9932397638	0.001034212811	72.14176337	27.85823663	38.49767582	61.50232418	0	0	-357.1556036	0.001034212811	340370.113556558	
356.9956036	99	1	0.9932433086	0.0005173600362	72.12406537	27.87593463	38.4802685	61.5197315	0	0	-356.9956036	0.0005173600362	676012.348014915	
356.8356036	99	1	0.9932468532	0.0005175968268	72.1063578	27.8936422	38.46285473	61.53714527	0	0	-356.8356036	0.0005175968268	676321.74186946	
356.7556036	99	1	0.9932486248	0.0002588620406	72.09749949	27.90250051	38.4541454	61.5458546	0	0	-356.7556036	0.0002588620406	-309.019981673298	
356.7156036	99	1	0.9932495103	0.0001293834718	72.09307042	27.90692958	38.44979085	61.55020915	0	0	-356.7156036	0.0001293834718	-309.17306603814	
356.6956036	99	1	0.9932499531	6.47200228E-05	72.0908556	27.9091444	38.44761265	61.55238735	0	0	-356.6956036	6.47200228E-05	-309.114199070853	
356.6856036	99	1	0.9932501745	3.236011332E-05	72.08974813	27.91025187	38.44652355	61.55347645	0	0	-356.6856036	3.236011332E-05	-668.861301808874	
356.6456036	99	1	0.9932510606	0.0001295298742	72.08531653	27.91468347	38.44216699	61.55783301	0	0	-356.6456036	0.0001295298742	-1751.06203833214	
356.6256036	99	1	0.9932515033	6.472056385E-05	72.08310184	27.91689816	38.43998959	61.56001041	0	0	-356.6256036	6.472056385E-05	2430619.66959446	
356.5856036	99	1	0.9932523891	0.000129505186	72.07867008	27.92132992	38.43563341	61.56436659	0	0	-356.5856036	0.000129505186	617.401366854233	
356.5056036	99	1	0.993254161	0.0002590927596	72.06980465	27.93019535	38.42691828	61.57308172	0	0	-356.5056036	0.0002590927596	617.327638029255	
356.3456036	99	1	0.9932577046	0.0005182874375	72.05206855	27.94793145	38.40948458	61.59051542	0	0	-356.3456036	0.0005182874375	617.181259892556	
356.0256036	99	1	0.9932647918	0.001036967708	72.01656569	27.98343431	38.37459757	61.62540243	0	0	-356.0256036	0.001036967708	616.566673728458	
355.3856036	99	1	0.9932789679	0.002076269918	71.94544455	28.05455545	38.30474488	61.69525512	0	0	-355.3856036	0.002076269918	188261.780323574	
354.7456036	99	1	0.9932931344	0.002079658428	71.87416922	28.12583078	38.23478648	61.76521352	0	0	-354.7456036	0.002079658428	193343.032685033	
354.1056036	99	1	0.993307293	0.002082897052	71.80273995	28.19726005	38.16472189	61.83527811	0	0	-354.1056036	0.002082897052	196611.599235452	
353.4656036	99	1	0.9933214439	0.002086169068	71.73115627	28.26884373	38.09455019	61.90544981	0	0	-353.4656036	0.002086169068	194908.31472732	
352.8256036	99	1	0.9933355873	0.002089464408	71.6594182	28.3405818	38.02427069	61.97572931	0	0	-352.8256036	0.002089464408	193471.060681671	
352.1856036	99	1	0.9933497231	0.002092785241	71.5875256	28.4124744	37.95388264	62.04611736	0	0	-352.1856036	0.002092785241	191986.927187516	
351.5456036	99	1	0.9933638514	0.002096131726	71.51547839	28.48452161	37.88338528	62.11661472	0	0	-351.5456036	0.002096131726	190516.288347723	
350.9056036	99	1	0.9933779724	0.002099504025	71.44327643	28.55672357	37.81277786	62.18722214	0	0	-350.9056036	0.002099504025	189059.01550697	
350.2656036	99	1	0.9933920862	0.002102902298	71.37091964	28.62908036	37.74205959	62.25794041	0	0	-350.2656036	0.002102902298	187614.931111039	
349.6256036	99	1	0.9934061929	0.00210632671	71.29840791	28.70159209	37.6712297	62.3287703	0	0	-349.6256036	0.00210632671	186183.802520045	
348.9856036	99	1	0.9934202924	0.002109777426	71.22574114	28.77425886	37.60028742	62.39971258	0	0	-348.9856036	0.002109777426	184765.487506058	
348.3456036	99	1	0.993434385	0.002113254613	71.15291925	28.84708075	37.52923194	62.47076806	0	0	-348.3456036	0.002113254613	183359.844472292	
347.7056036	99	1	0.9934484708	0.002116758438	71.07994215	28.92005785	37.45806248	62.54193752	0	0	-347.7056036	0.002116758438	182358.0779514	
346.4256036	99	1	0.9934766566	0.004243490066	70.93352218	29.06647782	37.3153789	62.6846211	0	0	-346.4256036	0.004243490066	600.219328607826	
343.8656036	99	1	0.9935330631	0.008532274643	70.63881593	29.36118407	37.02860647	62.97139353	0	0	-343.8656036	0.008532274643	42666.9091885087	
341.3056036	99	1	0.9935893696	0.008591468731	70.34161844	29.65838156	36.73991852	63.26008148	0	0	-341.3056036	0.008591468731	42618.6613249275	
338.7456036	99	1	0.9936455819	0.00865246377	70.04192689	29.95807311	36.44925918	63.55074082	0	0	-338.7456036	0.00865246377	41359.8211695705	
336.1856036	99	1	0.993701706	0.00871531606	69.73973966	30.26026034	36.15657125	63.84342875	0	0	-336.1856036	0.00871531606	40139.5278929477	
333.6256036	99	1	0.9937577475	0.008780075845	69.43505653	30.56494347	35.86179547	64.13820453	0	0	-333.6256036	0.008780075845	38958.7642226961	
331.0656036	99	1	0.9938137122	0.008846795481	69.1278787	30.8721213	35.5648704	64.4351296	0	0	-331.0656036	0.008846795481	37815.6181848105	
328.5056036	99	1	0.9938696059	0.008915529541	68.81820897	31.18179103	35.26573231	64.73426769	0	0	-328.5056036	0.008915529541	36708.3045681419	
325.9456036	99	1	0.9939254342	0.008986334937	68.50605177	31.49394823	34.96431503	65.03568497	0	0	-325.9456036	0.008986334937	35635.1498734748	
323.3856036	99	1	0.993981203	0.009059271059	68.1914133	31.8085867	34.66054985	65.33945015	0	0	-323.3856036	0.009059271059	34594.5819260776	
320.8256036	99	1	0.9940369178	0.009134399923	67.87430165	32.12569835	34.35436534	65.64563466	0	0	-320.8256036	0.009134399923	33585.1218780456	
318.2656036	99	1	0.9940925843	0.009211786334	67.55472693	32.44527307	34.04568723	65.95431277	0	0	-318.2656036	0.009211786334	32605.3765135145	
315.7056036	99	1	0.9941482081	0.009291498062	67.23270136	32.76729864	33.73443818	66.26556182	0	0	-315.7056036	0.009291498062	31654.0300892002	
313.1456036	99	1	0.9942037949	0.009373606043	66.90823946	33.09176054	33.42053766	66.57946234	0	0	-313.1456036	0.009373606043	30729.8376143053	
310.5856036	99	1	0.9942593503	0.009458184593	66.58135817	33.41864183	33.1039017	66.8960983	0	0	-310.5856036	0.009458184593	29831.6201651213	
308.0256036	99	1	0.9943148798	0.009545311645	66.25207702	33.74792298	32.7844427	67.2155573	0	0	-308.0256036	0.009545311645	28958.2581989529	
305.4656036	99	1	0.9943703892	0.009635069017	65.92041826	34.07958174	32.4620692	67.5379308	0	0	-305.4656036	0.009635069017	28108.6865126852	
302.9056036	99	1	0.9944258839	0.009727542703	65.58640709	34.41359291	32.13668561	67.86331439	0	0	-302.9056036	0.009727542703	27281.8902621781	
300.3456036	99	1	0.9944813697	0.009822823199	65.25007181	34.74992819	31.80819193	68.19180807	0	0	-300.3456036	0.009822823199	27173.4759360579	
300	99	1	0.9944888277	0.001333431493	65.20448935	34.79551065	31.7636009	68.2363991	0	0	-300	0.001333431493	-27254.896045288	
