T	w(AL)	w(SI)	fs	fw(@FCC_A1)	w(AL@FCC_A1)	w(SI@FCC_A1)	w(AL@LIQUID)	w(SI@LIQUID)	dwdT_L(AL@LIQUID)	dwdT_L(SI@LIQUID)	-T	fw(@FCC_A1)_1	-T//fw(@FCC_A1)	
K	%	%	mole/mole	kg/kg	%	%	%	%	SI	SI				
883.3902994	92	8	0	0	98.99754424	1.002455764	92	8	0.001465579654	-0.001465579654	-883.3902994	0	23.6822072939031	
883.3802994	92	8	0.0002102098793	0.0002096197923	98.99733521	1.002664786	91.99853406	8.001465945	0	0	-883.3802994	0.0002096197923	71.7286304926289	
883.3602994	92	8	0.0006299186491	0.0004186424476	98.99691716	1.003082841	91.99560341	8.004396592	0	0	-883.3602994	0.0004186424476	95.685492379342	
883.3202994	92	8	0.001468431911	0.0008366604404	98.996081	1.003919003	91.98974198	8.010258025	0	0	-883.3202994	0.0008366604404	95.7650632085424	
883.2402994	92	8	0.003141468423	0.001670727817	98.99440847	1.005591535	91.97802147	8.02197853	0	0	-883.2402994	0.001670727817	96.0649069699565	
883.0802994	92	8	0.006471665143	0.003331128025	98.99106269	1.008937306	91.9545899	8.045410101	0	0	-883.0802994	0.003331128025	96.6631753414393	
882.7602994	92	8	0.01306921665	0.006621299937	98.98436782	1.015632178	91.90776448	8.09223552	0	0	-882.7602994	0.006621299937	97.9586192519474	
882.1202994	92	8	0.0259989794	0.01306459761	98.97096516	1.029034844	91.81426466	8.185735339	0	0	-882.1202994	0.01306459761	100.624155583207	
880.8402994	92	8	0.05088353548	0.02547719108	98.94410761	1.055892388	91.62786443	8.372135567	0	0	-880.8402994	0.02547719108	105.899425010959	
878.2802994	92	8	0.09707402939	0.04852801021	98.89018121	1.109818795	91.25744299	8.742557014	0	0	-878.2802994	0.04852801021	-1247.01856409254	
875.7202994	92	8	0.1389359992	0.04622439622	98.83596824	1.16403176	90.89015249	9.109847512	0	0	-875.7202994	0.04622439622	-1165.38667068621	
873.1602994	92	8	0.1770419604	0.04411716604	98.78146285	1.218537148	90.52594235	9.474057651	0	0	-873.1602994	0.04411716604	-1272.14207673694	
870.6002994	92	8	0.2118704521	0.04218461122	98.72665937	1.273340629	90.16476206	9.835237936	0	0	-870.6002994	0.04218461122	-1384.50923014665	
868.0402994	92	8	0.2438227531	0.04040630382	98.67155217	1.32844783	89.80656054	10.19343946	0	0	-868.0402994	0.04040630382	-1501.99019529813	
865.4802994	92	8	0.2732377757	0.03876486278	98.61613569	1.383864308	89.45128643	10.54871357	0	0	-865.4802994	0.03876486278	-1624.63344432305	
862.9202994	92	8	0.3004036654	0.03724542031	98.56040444	1.439595558	89.09888829	10.90111171	0	0	-862.9202994	0.03724542031	-1752.49445265041	
860.3602994	92	8	0.3255669133	0.03583518285	98.50435299	1.495647015	88.74931472	11.25068528	0	0	-860.3602994	0.03583518285	-1885.6297790214	
857.8002994	92	8	0.3489395803	0.03452308105	98.44797594	1.552024061	88.40251445	11.59748555	0	0	-857.8002994	0.03452308105	-2024.09695812488	
855.2402994	92	8	0.3707050725	0.0332994884	98.39126797	1.608732032	88.05843646	11.94156354	0	0	-855.2402994	0.0332994884	-2167.95446407258	
852.6802994	92	8	0.3910227969	0.03215599334	98.33422378	1.665776217	87.71703005	12.28296995	0	0	-852.6802994	0.03215599334	-2317.26163517967	
850.1202994	92	8	0.4100319404	0.03108521325	98.27683813	1.723161867	87.37824496	12.62175504	0	0	-850.1202994	0.03108521325	-2473.54417332821	
847.5602994	92	8	0.4278551383	0.03008172717	98.21910457	1.780895426	87.04202558	12.95797442	0	0	-847.5602994	0.03008172717	-2632.80641057485	
845.0002994	92	8	0.444598888	0.02913698143	98.16102046	1.838979537	86.70833479	13.29166521	0	0	-845.0002994	0.02913698143	-2797.55557116117	
842.4402994	92	8	0.4603585263	0.02824815087	98.10257932	1.897420677	86.37711754	13.62288246	0	0	-842.4402994	0.02824815087	-2970.04197095443	
839.8802994	92	8	0.4752183098	0.02741011452	98.04377602	1.956223982	86.04832577	13.95167423	0	0	-839.8802994	0.02741011452	-3147.5205981983	
837.3202994	92	8	0.4892532241	0.02661879674	97.98460544	2.015394564	85.72191212	14.27808788	0	0	-837.3202994	0.02661879674	-3330.81680702872	
834.7602994	92	8	0.5025302193	0.0258705464	97.92506248	2.074937519	85.39782988	14.60217012	0	0	-834.7602994	0.0258705464	-3519.99998352636	
832.2002994	92	8	0.5151092518	0.02516207986	97.86514207	2.134857929	85.07603307	14.92396693	0	0	-832.2002994	0.02516207986	-3715.13465745344	
829.6402994	92	8	0.5270441688	0.02449043629	97.80483913	2.195160866	84.75647646	15.24352354	0	0	-829.6402994	0.02449043629	-3916.2869907071	
827.0802994	92	8	0.5383834623	0.02385293902	97.74414861	2.255851395	84.43911552	15.56088448	0	0	-827.0802994	0.02385293902	-4123.52391102455	
824.5202994	92	8	0.5491709154	0.02324716229	97.68306542	2.316934576	84.12390652	15.87609348	0	0	-824.5202994	0.02324716229	-4336.91321402811	
821.9602994	92	8	0.5594461564	0.02267090261	97.62158453	2.378415469	83.81080645	16.18919355	0	0	-821.9602994	0.02267090261	-4556.52377147025	
819.4002994	92	8	0.5692451376	0.02212215396	97.55970087	2.440299133	83.4997731	16.5002269	0	0	-819.4002994	0.02212215396	-4782.42517961174	
816.8402994	92	8	0.5786005494	0.02159908615	97.49740937	2.502590631	83.19076501	16.80923499	0	0	-816.8402994	0.02159908615	-5014.68823985953	
814.2802994	92	8	0.5875421796	0.02110002613	97.43470497	2.565295032	82.88374149	17.11625851	0	0	-814.2802994	0.02110002613	-5253.38494270488	
811.7202994	92	8	0.5960972271	0.02062344148	97.37158259	2.628417415	82.5786626	17.4213374	0	0	-811.7202994	0.02062344148	-5498.58818069612	
809.1602994	92	8	0.6042905755	0.02016792601	97.30803713	2.691962867	82.27548918	17.72451082	0	0	-809.1602994	0.02016792601	-5750.37229157163	
806.6002994	92	8	0.6121450325	0.01973218711	97.24406351	2.75593649	81.9741828	18.0258172	0	0	-806.6002994	0.01973218711	-6008.81289076255	
804.0402994	92	8	0.6196815413	0.01931503454	97.1796566	2.820343401	81.67470578	18.32529422	0	0	-804.0402994	0.01931503454	-6273.98724222176	
801.4802994	92	8	0.6269193659	0.0189153706	97.11481127	2.885188732	81.37702118	18.62297882	0	0	-801.4802994	0.0189153706	-6545.97380551456	
798.9202994	92	8	0.6338762551	0.01853218128	97.04952236	2.950477637	81.08109278	18.91890722	0	0	-798.9202994	0.01853218128	-6824.85270067574	
796.3602994	92	8	0.6405685882	0.01816452856	96.98378471	3.01621529	80.78688507	19.21311493	0	0	-796.3602994	0.01816452856	-7110.7063180107	
793.8002994	92	8	0.6470115034	0.01781154346	96.91759311	3.082406887	80.49436326	19.50563674	0	0	-793.8002994	0.01781154346	-7403.6182656074	
791.2402994	92	8	0.6532190127	0.0174724198	96.85094235	3.14905765	80.20349321	19.79650679	0	0	-791.2402994	0.0174724198	-7703.6742834857	
788.6802994	92	8	0.6592041045	0.01714640873	96.78382717	3.216172827	79.9142415	20.0857585	0	0	-788.6802994	0.01714640873	-8010.96252834101	
786.1202994	92	8	0.6649788342	0.01683281374	96.7162423	3.283757696	79.62657535	20.37342465	0	0	-786.1202994	0.01683281374	-8325.57302477874	
783.5602994	92	8	0.670554407	0.0165309862	96.64818244	3.351817563	79.34046264	20.65953736	0	0	-783.5602994	0.0165309862	-8647.59865165929	
781.0002994	92	8	0.6759412502	0.01624032139	96.57964223	3.420357767	79.05587189	20.94412811	0	0	-781.0002994	0.01624032139	-8977.13416803286	
778.4402994	92	8	0.6811490801	0.01596025481	96.51061632	3.489383681	78.77277223	21.22722777	0	0	-778.4402994	0.01596025481	-9314.27756565936	
775.8802994	92	8	0.6861869607	0.01569025902	96.44109929	3.55890071	78.49113342	21.50886658	0	0	-775.8802994	0.01569025902	-9659.1295474994	
773.3202994	92	8	0.6910633574	0.01542984059	96.3710857	3.6289143	78.21092581	21.78907419	0	0	-773.3202994	0.01542984059	-10011.7936128531	
770.7602994	92	8	0.6957861858	0.0151785375	96.30057007	3.699429931	77.93212032	22.06787968	0	0	-770.7602994	0.0151785375	-10372.3768694748	
768.2002994	92	8	0.7003628548	0.01493591667	96.22954687	3.770453125	77.65468845	22.34531155	0	0	-768.2002994	0.01493591667	-10740.9893513664	
765.6402994	92	8	0.7048003069	0.01470157177	96.15801056	3.841989445	77.37860226	22.62139774	0	0	-765.6402994	0.01470157177	-11117.7448926506	
763.0802994	92	8	0.7091050537	0.01447512121	96.08595551	3.914044494	77.10383435	22.89616565	0	0	-763.0802994	0.01447512121	-11502.7618903599	
760.5202994	92	8	0.713283209	0.01425620634	96.01337608	3.986623922	76.83035784	23.16964216	0	0	-760.5202994	0.01425620634	-11896.1613935549	
757.9602994	92	8	0.7173405186	0.0140444897	95.94026658	4.059733423	76.55814638	23.44185362	0	0	-757.9602994	0.0140444897	-12298.0693720647	
755.4002994	92	8	0.7212823873	0.01383965359	95.86662126	4.133378737	76.28717411	23.71282589	0	0	-755.4002994	0.01383965359	-12708.6167146924	
752.8402994	92	8	0.7251139038	0.0136413986	95.79243435	4.207565653	76.01741567	23.98258433	0	0	-752.8402994	0.0136413986	-13127.9380114764	
750.2802994	92	8	0.7288398636	0.01344944236	95.71769999	4.282300007	75.74884616	24.25115384	0	0	-750.2802994	0.01344944236	-13556.1746949686	
747.7202994	92	8	0.7324647894	0.01326351839	95.64241231	4.357587689	75.48144117	24.51855883	0	0	-747.7202994	0.01326351839	-13993.471460223	
745.1602994	92	8	0.7359929505	0.01308337494	95.56656536	4.433434639	75.21517671	24.78482329	0	0	-745.1602994	0.01308337494	-14439.979759096	
742.6002994	92	8	0.7394283799	0.0129087741	95.49015315	4.509846851	74.95002926	25.04997074	0	0	-742.6002994	0.0129087741	-14895.8572767221	
740.0402994	92	8	0.7427748908	0.0127394908	95.41316963	4.586830371	74.68597572	25.31402428	0	0	-740.0402994	0.0127394908	-15361.2669869622	
737.4802994	92	8	0.7460360911	0.01257531202	95.3356087	4.664391303	74.42299339	25.57700661	0	0	-737.4802994	0.01257531202	-15836.3791062919	
734.9202994	92	8	0.7492153968	0.01241603598	95.25746419	4.742535809	74.16105998	25.83894002	0	0	-734.9202994	0.01241603598	-16321.3708817804	
732.3602994	92	8	0.7523160451	0.01226147145	95.17872989	4.821270107	73.90015362	26.09984638	0	0	-732.3602994	0.01226147145	-16816.427551513	
729.8002994	92	8	0.7553411055	0.01211143707	95.09939953	4.900600474	73.64025279	26.35974721	0	0	-729.8002994	0.01211143707	-17321.7405460049	
727.2402994	92	8	0.7582934904	0.01196576072	95.01946675	4.980533249	73.38133637	26.61866363	0	0	-727.2402994	0.01196576072	-17837.6090911353	
724.6802994	92	8	0.7611759659	0.01182428048	94.93892517	5.061074833	73.12338356	26.87661644	0	0	-724.6802994	0.01182428048	-18364.0376811254	
722.1202994	92	8	0.7639911593	0.01168683805	94.85776831	5.14223169	72.86637396	27.13362604	0	0	-722.1202994	0.01168683805	-18901.2662927598	
719.5602994	92	8	0.766741569	0.0115532874	94.77598965	5.224010346	72.61028748	27.38971252	0	0	-719.5602994	0.0115532874	-19449.7058690157	
717.0002994	92	8	0.7694295719	0.01142348814	94.6935826	5.306417395	72.35510537	27.64489463	0	0	-717.0002994	0.01142348814	-20009.5760286354	
714.4402994	92	8	0.7720574309	0.01129730762	94.6105405	5.389459497	72.10080618	27.89919382	0	0	-714.4402994	0.01129730762	-20580.9655452376	
711.8802994	92	8	0.7746273008	0.01117461674	94.52685662	5.473143378	71.84737181	28.15262819	0	0	-711.8802994	0.01117461674	-21164.1538082211	
709.3202994	92	8	0.7771412359	0.01105529533	94.44252416	5.557475835	71.59478346	28.40521654	0	0	-709.3202994	0.01105529533	-21759.5594413298	
706.7602994	92	8	0.7796011949	0.01093922791	94.35753627	5.642463734	71.34302261	28.65697739	0	0	-706.7602994	0.01093922791	-22367.391849439	
704.2002994	92	8	0.7820090467	0.01082630437	94.27188599	5.728114013	71.09207103	28.90792897	0	0	-704.2002994	0.01082630437	-22987.9554661144	
701.6402994	92	8	0.7843665757	0.0107164197	94.18556632	5.814433681	70.84191077	29.15808923	0	0	-701.6402994	0.0107164197	-23621.5648201622	
699.0802994	92	8	0.7866754862	0.01060947364	94.09857018	5.901429822	70.59252413	29.40747587	0	0	-699.0802994	0.01060947364	-24268.552840035	
696.5202994	92	8	0.788937407	0.01050537051	94.01089041	5.989109593	70.34389368	29.65610632	0	0	-696.5202994	0.01050537051	-24929.2660338034	
693.9602994	92	8	0.7911538956	0.01040401886	93.92251977	6.077480229	70.09600226	29.90399774	0	0	-693.9602994	0.01040401886	-25604.0711083093	
691.4002994	92	8	0.7933264417	0.01030533136	93.83345096	6.16654904	69.84883294	30.15116706	0	0	-691.4002994	0.01030533136	-26293.3564340494	
688.8402994	92	8	0.7954564715	0.0102092245	93.74367659	6.256323415	69.60236901	30.39763099	0	0	-688.8402994	0.0102092245	-26997.5359433033	
686.2802994	92	8	0.7975453506	0.0101156185	93.65318918	6.346810823	69.35659403	30.64340597	0	0	-686.2802994	0.0101156185	-27717.0793567255	
683.7202994	92	8	0.7995943873	0.01002443723	93.56198119	6.438018815	69.11149172	30.88850828	0	0	-683.7202994	0.01002443723	-28452.3257366378	
681.1602994	92	8	0.8016048356	0.009935606961	93.47004498	6.529955017	68.86704609	31.13295391	0	0	-681.1602994	0.009935606961	-29203.7544127043	
678.6002994	92	8	0.8035778979	0.009849057968	93.37737286	6.622627142	68.62324131	31.37675869	0	0	-678.6002994	0.009849057968	-29971.9543010273	
676.0402994	92	8	0.8055147278	0.009764723223	93.28395701	6.716042987	68.38006175	31.61993825	0	0	-676.0402994	0.009764723223	-30757.4128165872	
673.4802994	92	8	0.8074164324	0.00968253852	93.18978957	6.810210433	68.13749201	31.86250799	0	0	-673.4802994	0.00968253852	-31560.6863690335	
670.9202994	92	8	0.8092840749	0.009602442331	93.09486255	6.905137447	67.89551683	32.10448317	0	0	-670.9202994	0.009602442331	-32382.3629368536	
668.3602994	92	8	0.8111186764	0.009524375683	92.99916792	7.000832084	67.65412117	32.34587883	0	0	-668.3602994	0.009524375683	-33223.0645393634	
665.8002994	92	8	0.8129212183	0.009448282032	92.90269751	7.097302487	67.41329014	32.58670986	0	0	-665.8002994	0.009448282032	-34083.447907414	
663.2402994	92	8	0.8146926441	0.009374107146	92.80544311	7.194556888	67.17300904	32.82699096	0	0	-663.2402994	0.009374107146	-34964.2100085853	
660.6802994	92	8	0.8164338612	0.009301799006	92.70739639	7.29260361	66.93326332	33.06673668	0	0	-660.6802994	0.009301799006	-35866.0884283634	
658.1202994	92	8	0.8181457425	0.009231307692	92.60854893	7.391451067	66.69403858	33.30596142	0	0	-658.1202994	0.009231307692	-36789.8653309315	
655.5602994	92	8	0.8198291284	0.009162585298	92.50889223	7.491107768	66.45532059	33.54467941	0	0	-655.5602994	0.009162585298	-37736.370683375	
653.0002994	92	8	0.821484828	0.009095585831	92.40841769	7.591582313	66.21709524	33.78290476	0	0	-653.0002994	0.009095585831	-38706.48575317	
650.4402994	92	8	0.8231136207	0.009030265134	92.3071166	7.692883398	65.97934859	34.02065141	0	0	-650.4402994	0.009030265134	-39701.1474658876	
647.8802994	92	8	0.8247162574	0.008966580798	92.20498018	7.795019817	65.74206682	34.25793318	0	0	-647.8802994	0.008966580798	-40721.3518866162	
645.3202994	92	8	0.826293462	0.00890449209	92.10199954	7.898000459	65.50523622	34.49476378	0	0	-645.3202994	0.00890449209	-41768.1606753398	
642.7602994	92	8	0.8278459327	0.00884395988	91.99816569	8.001834312	65.26884324	34.73115676	0	0	-642.7602994	0.00884395988	-42842.7029597767	
640.2002994	92	8	0.8293743428	0.008784946567	91.89346954	8.106530465	65.03287441	34.96712559	0	0	-640.2002994	0.008784946567	-43946.1843470037	
637.6402994	92	8	0.8308793419	0.008727416023	91.7879019	8.212098104	64.79731641	35.20268359	0	0	-637.6402994	0.008727416023	-45079.8916191039	
635.0802994	92	8	0.8323615575	0.008671333523	91.68145348	8.318546521	64.56215601	35.43784399	0	0	-635.0802994	0.008671333523	-46245.1994935395	
632.5202994	92	8	0.8338215949	0.008616665694	91.57411489	8.425885108	64.32738007	35.67261993	0	0	-632.5202994	0.008616665694	-47443.5786108183	
629.9602994	92	8	0.8352600393	0.008563380454	91.46587664	8.534123361	64.09297557	35.90702443	0	0	-629.9602994	0.008563380454	-48676.602589745	
627.4002994	92	8	0.8366774559	0.008511446963	91.35672912	8.643270883	63.85892957	36.14107043	0	0	-627.4002994	0.008511446963	-49945.9602622439	
624.8402994	92	8	0.8380743911	0.008460835575	91.24666262	8.753337382	63.62522922	36.37477078	0	0	-624.8402994	0.008460835575	-51253.4614727272	
622.2802994	92	8	0.8394513729	0.008411517785	91.13566733	8.864332671	63.39186177	36.60813823	0	0	-622.2802994	0.008411517785	-52601.0515355279	
619.7202994	92	8	0.8408089124	0.008363466192	91.02373333	8.976266675	63.15881452	36.84118548	0	0	-619.7202994	0.008363466192	-53990.8233944686	
617.1602994	92	8	0.8421475038	0.008316654451	90.91085058	9.089149425	62.92607487	37.07392513	0	0	-617.1602994	0.008316654451	-55425.0297234679	
614.6002994	92	8	0.8434676253	0.008271057236	90.79700894	9.202991064	62.69363027	37.30636973	0	0	-614.6002994	0.008271057236	-56906.1007207558	
612.0402994	92	8	0.8447697401	0.008226650201	90.68219815	9.317801845	62.46146825	37.53853175	0	0	-612.0402994	0.008226650201	-58436.6585541618	
609.4802994	92	8	0.8460542963	0.008183409942	90.56640786	9.433592136	62.22957639	37.77042361	0	0	-609.4802994	0.008183409942	-60019.5417152809	
606.9202994	92	8	0.8473217284	0.008141313969	90.44962758	9.550372416	61.99794234	38.00205766	0	0	-606.9202994	0.008141313969	-61657.8227268258	
604.3602994	92	8	0.8485724571	0.008100340666	90.33184672	9.668153279	61.76655378	38.23344622	0	0	-604.3602994	0.008100340666	-63354.8307151762	
601.8002994	92	8	0.8498068902	0.008060469263	90.21305457	9.786945435	61.53539846	38.46460154	0	0	-601.8002994	0.008060469263	-65114.1858714965	
599.2402994	92	8	0.851025423	0.008021679809	90.09324029	9.906759708	61.30446416	38.69553584	0	0	-599.2402994	0.008021679809	-66939.8254387696	
596.6802994	92	8	0.8522284389	0.00798395314	89.97239296	10.02760704	61.07373871	38.92626129	0	0	-596.6802994	0.00798395314	-68836.0424120367	
594.1202994	92	8	0.8534163097	0.007947270858	89.8505015	10.1494985	60.84320994	39.15679006	0	0	-594.1202994	0.007947270858	-70807.5224795233	
591.5602994	92	8	0.8545893963	0.007911615299	89.72755474	10.27244526	60.61286576	39.38713424	0	0	-591.5602994	0.007911615299	-72859.3923981219	
589.0002994	92	8	0.8557480487	0.007876969516	89.60354137	10.39645863	60.38269408	39.61730592	0	0	-589.0002994	0.007876969516	-74997.2704892121	
586.4402994	92	8	0.856892607	0.007843317249	89.47844998	10.52155002	60.15268282	39.84731718	0	0	-586.4402994	0.007843317249	-77227.3303779249	
583.8802994	92	8	0.8580234011	0.007810642912	89.35226901	10.64773099	59.92281993	40.07718007	0	0	-583.8802994	0.007810642912	-79556.3710053603	
581.3202994	92	8	0.8591407517	0.007778931567	89.22498681	10.77501319	59.69309339	40.30690661	0	0	-581.3202994	0.007778931567	-81991.8868932334	
578.7602994	92	8	0.8602449703	0.007748168904	89.09659158	10.90340842	59.46349115	40.53650885	0	0	-578.7602994	0.007748168904	-84542.1709500315	
576.2002994	92	8	0.8613363595	0.007718341226	88.96707141	11.03292859	59.23400119	40.76599881	0	0	-576.2002994	0.007718341226	-87216.4242570322	
573.6402994	92	8	0.8624152135	0.007689435432	88.83641426	11.16358574	59.0046115	40.9953885	0	0	-573.6402994	0.007689435432	-90024.8708315828	
571.0802994	92	8	0.8634818185	0.007661438996	88.70460796	11.29539204	58.77531003	41.22468997	0	0	-571.0802994	0.007661438996	-92978.9097083491	
568.5202994	92	8	0.8645364527	0.007634339955	88.57164021	11.42835979	58.54608475	41.45391525	0	0	-568.5202994	0.007634339955	-96091.2944405978	
565.9602994	92	8	0.8655793867	0.007608126894	88.43749861	11.56250139	58.31692361	41.68307639	0	0	-565.9602994	0.007608126894	-99376.3293107219	
563.4002994	92	8	0.8666108839	0.00758278893	88.3021706	11.6978294	58.08781454	41.91218546	0	0	-563.4002994	0.00758278893	-102850.119565751	
560.8402994	92	8	0.8676312006	0.007558315702	88.16564351	11.83435649	57.85874545	42.14125455	0	0	-560.8402994	0.007558315702	-106530.858270051	
558.2802994	92	8	0.8686405864	0.007534697355	88.02790452	11.97209548	57.62970422	42.37029578	0	0	-558.2802994	0.007534697355	-110439.178710283	
555.7202994	92	8	0.8696392841	0.007511924532	87.88894071	12.11105929	57.4006787	42.5993213	0	0	-555.7202994	0.007511924532	-114598.567724802	
553.1602994	92	8	0.8706275306	0.007489988357	87.748739	12.251261	57.17165672	42.82834328	0	0	-553.1602994	0.007489988357	-119035.890381045	
550.6002994	92	8	0.8716055563	0.007468880432	87.60728621	12.39271379	56.94262604	43.05737396	0	0	-550.6002994	0.007468880432	-123782.019013418	
548.0402994	92	8	0.8725735859	0.007448592823	87.464569	12.535431	56.7135744	43.2864256	0	0	-548.0402994	0.007448592823	-128872.578468781	
545.4802994	92	8	0.8735318385	0.007429118048	87.32057391	12.67942609	56.48448948	43.51551052	0	0	-545.4802994	0.007429118048	-134348.94405452	
542.9202994	92	8	0.8744805276	0.007410449077	87.17528736	12.82471264	56.25535892	43.74464108	0	0	-542.9202994	0.007410449077	-140266.502781751	
540.3602994	92	8	0.8754198615	0.007392581009	87.02869562	12.97130438	56.02617028	43.97382972	0	0	-540.3602994	0.007392581009	-146659.432153283	
537.8002994	92	8	0.8763500429	0.007375502596	86.88078483	13.11921517	55.79691108	44.20308892	0	0	-537.8002994	0.007375502596	-153612.909585328	
535.2402994	92	8	0.8772712703	0.007359213185	86.73154101	13.26845899	55.56756875	44.43243125	0	0	-535.2402994	0.007359213185	-161217.203641022	
532.6802994	92	8	0.8781837369	0.007343705759	86.58095004	13.41904996	55.33813065	44.66186935	0	0	-532.6802994	0.007343705759	-169548.430673547	
530.1202994	92	8	0.8790876316	0.00732897541	86.42899767	13.57100233	55.10858409	44.89141591	0	0	-530.1202994	0.00732897541	-178730.102739648	
527.5602994	92	8	0.8799831386	0.007315017633	86.2756695	13.7243305	54.87891626	45.12108374	0	0	-527.5602994	0.007315017633	-188904.721266754	
525.0002994	92	8	0.8808704378	0.007301828327	86.12095103	13.87904897	54.64911428	45.35088572	0	0	-525.0002994	0.007301828327	-200248.60929455	
522.4402994	92	8	0.8817497052	0.007289403788	85.96482761	14.03517239	54.41916517	45.58083483	0	0	-522.4402994	0.007289403788	-212982.532077661	
519.8802994	92	8	0.8826211124	0.007277740703	85.80728445	14.19271555	54.18905586	45.81094414	0	0	-519.8802994	0.007277740703	-227386.724532947	
517.3202994	92	8	0.8834848272	0.007266836149	85.64830665	14.35169335	53.95877318	46.04122682	0	0	-517.3202994	0.007266836149	-243822.423652054	
514.7602994	92	8	0.8843410139	0.00725668759	85.48787916	14.51212084	53.72830381	46.27169619	0	0	-514.7602994	0.00725668759	-262763.429209744	
512.2002994	92	8	0.8851898328	0.007247292872	85.32598682	14.67401318	53.49763437	46.50236563	0	0	-512.2002994	0.007247292872	-284843.828828841	
509.6402994	92	8	0.8860314408	0.007238650222	85.16261432	14.83738568	53.26675132	46.73324868	0	0	-509.6402994	0.007238650222	-310932.386579072	
507.0802994	92	8	0.8868659914	0.007230758248	84.99774623	15.00225377	53.035641	46.964359	0	0	-507.0802994	0.007230758248	-342252.571258144	
504.5202994	92	8	0.8876936347	0.007223615934	84.83136701	15.16863299	52.80428963	47.19571037	0	0	-504.5202994	0.007223615934	-357720.569781336	
503.2402994	92	8	0.8881046886	0.003611792619	84.74760562	15.25239438	52.68851908	47.31148092	0	0	-503.2402994	0.003611792619	-354.35479513695	
502.6002994	92	8	0.8883093606	0.001805599246	84.70558126	15.29441874	52.63060942	47.36939058	0	0	-502.6002994	0.001805599246	-354.396340150879	
502.2802994	92	8	0.8884114845	0.0009027317577	84.68453304	15.31546696	52.60164837	47.39835163	0	0	-502.2802994	0.0009027317577	-354.445184570904	
502.1202994	92	8	0.8884624918	0.0004513340543	84.6739999	15.3260001	52.58716679	47.41283321	0	0	-502.1202994	0.0004513340543	-9691152.78240124	
501.9602994	92	8	0.8885134774	0.000451317545	84.66346074	15.33653926	52.57268366	47.42731634	0	0	-501.9602994	0.000451317545	-9690798.21681695	
501.8802994	92	8	0.8885389571	0.0002256705298	84.65818821	15.34181179	52.56544134	47.43455866	0	0	-501.8802994	0.0002256705298	-354.433189164676	
501.8402994	92	8	0.8885516924	0.0001127978969	84.65555211	15.34444789	52.56182016	47.43817984	0	0	-501.8402994	0.0001127978969	-354.534856753541	
501.8202994	92	8	0.8885580591	5.63981254E-05	84.65423389	15.34576611	52.56000957	47.43999043	0	0	-501.8202994	5.63981254E-05	-354.616518019669	
501.8102994	92	8	0.8885612423	2.819885422E-05	84.65357474	15.34642526	52.55910427	47.44089573	0	0	-501.8102994	2.819885422E-05	-767.936301286451	
501.7702994	92	8	0.8885739773	0.0001128366875	84.65093749	15.34906251	52.55548299	47.44451701	0	0	-501.7702994	0.0001128366875	-2009.42278732329	
501.7502994	92	8	0.8885803416	5.639895704E-05	84.64961861	15.35038139	52.5536723	47.4463277	0	0	-501.7502994	5.639895704E-05	32286191.6754223	
501.7102994	92	8	0.8885930749	0.0001128348291	84.64698093	15.35301907	52.5500512	47.4499488	0	0	-501.7102994	0.0001128348291	708.843227335737	
501.6302994	92	8	0.8886185389	0.0002256711583	84.641704	15.358296	52.54280852	47.45719148	0	0	-501.6302994	0.0002256711583	709.028860584561	
501.4702994	92	8	0.8886694519	0.0004513081648	84.63114707	15.36885293	52.52832251	47.47167749	0	0	-501.4702994	0.0004513081648	709.198051470595	
501.1502994	92	8	0.8887712206	0.0009024018559	84.6100137	15.3899863	52.49934609	47.50065391	0	0	-501.1502994	0.0009024018559	709.459514990677	
500.5102994	92	8	0.8889745247	0.001804312707	84.5676744	15.4323256	52.44138141	47.55861859	0	0	-500.5102994	0.001804312707	709.774316118917	
499.2302994	92	8	0.8893802223	0.003606840946	84.48270463	15.51729537	52.3253999	47.6746001	0	0	-499.2302994	0.003606840946	710.438376129652	
496.6702994	92	8	0.8901880321	0.00720696384	84.31159349	15.68840651	52.09322196	47.90677804	0	0	-496.6702994	0.00720696384	-548045.08820519	
494.1102994	92	8	0.8909890837	0.007202286607	84.13890653	15.86109347	51.86074531	48.13925469	0	0	-494.1102994	0.007202286607	-674355.317774798	
491.5502994	92	8	0.8917839417	0.007198941125	83.96462768	16.03537232	51.62795542	48.37204458	0	0	-491.5502994	0.007198941125	-889921.120127427	
488.9902994	92	8	0.8925727384	0.007196346467	83.78874068	16.21125932	51.39483757	48.60516243	0	0	-488.9902994	0.007196346467	-1222688.47051221	
486.4302994	92	8	0.8933556032	0.007194505021	83.6112291	16.3887709	51.16137685	48.83862315	0	0	-486.4302994	0.007194505021	-1998194.28604126	
483.8702994	92	8	0.8941326633	0.007193418813	83.43207641	16.56792359	50.92755813	49.07244187	0	0	-483.8702994	0.007193418813	-6529451.60254162	
481.3102994	92	8	0.8949040433	0.007193090254	83.25126599	16.74873401	50.69336611	49.30663389	0	0	-481.3102994	0.007193090254	-51414601.41733	
478.7502994	92	8	0.8956698653	0.007193522142	83.06878107	16.93121893	50.45878526	49.54121474	0	0	-478.7502994	0.007193522142	4922683.11469195	
476.1902994	92	8	0.8964302494	0.007194717662	82.8846048	17.1153952	50.22379987	49.77620013	0	0	-476.1902994	0.007194717662	1824482.55792261	
473.6302994	92	8	0.8971853131	0.007196680391	82.69872023	17.30127977	49.98839398	50.01160602	0	0	-473.6302994	0.007196680391	1150552.83331255	
471.0702994	92	8	0.897935172	0.007199414302	82.5111103	17.4888897	49.75255141	50.24744859	0	0	-471.0702994	0.007199414302	845773.934483006	
468.5102994	92	8	0.8986799394	0.007202923771	82.32175786	17.67824214	49.51625573	50.48374427	0	0	-468.5102994	0.007202923771	669747.391480648	
465.9502994	92	8	0.8994197267	0.007207213577	82.13064566	17.86935434	49.27949029	50.72050971	0	0	-465.9502994	0.007207213577	554455.68310036	
463.3902994	92	8	0.9001546434	0.007212288908	81.93775637	18.06224363	49.04223815	50.95776185	0	0	-463.3902994	0.007212288908	472848.806492015	
460.8302994	92	8	0.9008847968	0.007218155371	81.74307257	18.25692743	48.80448212	51.19551788	0	0	-460.8302994	0.007218155371	411937.972332484	
458.2702994	92	8	0.9016102926	0.007224818982	81.54657676	18.45342324	48.56620473	51.43379527	0	0	-458.2702994	0.007224818982	364679.238045968	
455.7102994	92	8	0.9023312346	0.007232286216	81.34825138	18.65174862	48.32738822	51.67261178	0	0	-455.7102994	0.007232286216	326911.03201565	
453.1502994	92	8	0.903047725	0.007240563961	81.1480788	18.8519212	48.08801452	51.91198548	0	0	-453.1502994	0.007240563961	296013.576566351	
450.5902994	92	8	0.9037598642	0.007249659549	80.9460413	19.0539587	47.84806527	52.15193473	0	0	-450.5902994	0.007249659549	270252.43665143	
448.0302994	92	8	0.904467751	0.007259580767	80.74212114	19.25787886	47.60752176	52.39247824	0	0	-448.0302994	0.007259580767	248433.211832827	
445.4702994	92	8	0.9051714825	0.007270335861	80.5363005	19.4636995	47.36636498	52.63363502	0	0	-445.4702994	0.007270335861	229706.139191527	
442.9102994	92	8	0.9058711546	0.007281933548	80.32856155	19.67143845	47.12457553	52.87542447	0	0	-442.9102994	0.007281933548	213449.907446815	
440.3502994	92	8	0.9065668614	0.007294383021	80.1188864	19.8811136	46.8821337	53.1178663	0	0	-440.3502994	0.007294383021	199199.616523524	
437.7902994	92	8	0.9072586958	0.007307693962	79.90725713	20.09274287	46.63901935	53.36098065	0	0	-437.7902994	0.007307693962	186600.345943591	
435.2302994	92	8	0.9079467491	0.007321876555	79.69365583	20.30634417	46.39521201	53.60478799	0	0	-435.2302994	0.007321876555	175376.448486421	
432.6702994	92	8	0.9086311114	0.007336941493	79.47806454	20.52193546	46.15069075	53.84930925	0	0	-432.6702994	0.007336941493	165310.573241354	
430.1102994	92	8	0.9093118715	0.007352899992	79.26046533	20.73953467	45.90543427	54.09456573	0	0	-430.1102994	0.007352899992	156228.988872842	
427.5502994	92	8	0.909989117	0.007369763803	79.04084028	20.95915972	45.65942081	54.34057919	0	0	-427.5502994	0.007369763803	147991.155005799	
424.9902994	92	8	0.9106629341	0.007387545228	78.81917148	21.18082852	45.41262816	54.58737184	0	0	-424.9902994	0.007387545228	140482.16045183	
422.4302994	92	8	0.9113334081	0.00740625713	78.59544104	21.40455896	45.16503365	54.83496635	0	0	-422.4302994	0.00740625713	133607.135109381	
419.8702994	92	8	0.9120006228	0.007425912951	78.36963115	21.63036885	44.91661414	55.08338586	0	0	-419.8702994	0.007425912951	127294.049051549	
417.3102994	92	8	0.9126646611	0.007446524285	78.14172403	21.85827597	44.66734595	55.33265405	0	0	-417.3102994	0.007446524285	121463.607408967	
414.7502994	92	8	0.9133256049	0.007468110517	77.91170197	22.08829803	44.41720491	55.58279509	0	0	-414.7502994	0.007468110517	116057.272760292	
412.1902994	92	8	0.9139835351	0.007490684609	77.67954737	22.32045263	44.16616629	55.83383371	0	0	-412.1902994	0.007490684609	111042.873863961	
409.6302994	92	8	0.9146385315	0.007514262476	77.44524271	22.55475729	43.91420479	56.08579521	0	0	-409.6302994	0.007514262476	106307.581166901	
407.0702994	92	8	0.9152906757	0.007538892663	77.2087706	22.7912294	43.66129366	56.33870634	0	0	-407.0702994	0.007538892663	101985.410892167	
404.5102994	92	8	0.9159400408	0.007564504045	76.97011377	23.02988623	43.40740813	56.59259187	0	0	-404.5102994	0.007564504045	97979.6807176921	
401.9502994	92	8	0.9165867058	0.007591192761	76.72925512	23.27074488	43.15252023	56.84747977	0	0	-401.9502994	0.007591192761	94096.7774924691	
399.3902994	92	8	0.917230747	0.007618958714	76.48617771	23.51382229	42.8966022	57.1033978	0	0	-399.3902994	0.007618958714	90485.9084247184	
396.8302994	92	8	0.9178722398	0.007647818392	76.24086482	23.75913518	42.63962556	57.36037444	0	0	-396.8302994	0.007647818392	87087.9689573324	
394.2702994	92	8	0.9185112588	0.00767779201	75.9932999	24.0067001	42.38156114	57.61843886	0	0	-394.2702994	0.00767779201	83879.3913241493	
391.7102994	92	8	0.9191478778	0.007708900577	75.74346669	24.25653331	42.12237901	57.87762099	0	0	-391.7102994	0.007708900577	80844.1843629379	
389.1502994	92	8	0.9197821696	0.007741165931	75.49134916	24.50865084	41.8620485	58.1379515	0	0	-389.1502994	0.007741165931	77968.1319253223	
386.5902994	92	8	0.9204142066	0.007774610761	75.23693159	24.76306841	41.60053809	58.39946191	0	0	-386.5902994	0.007774610761	75238.5629030881	
384.0302994	92	8	0.9210440605	0.007809258638	74.98019855	25.01980145	41.33781545	58.66218455	0	0	-384.0302994	0.007809258638	72644.1395173068	
381.4702994	92	8	0.921671802	0.007845134046	74.72113499	25.27886501	41.07384738	58.92615262	0	0	-381.4702994	0.007845134046	70174.6877744642	
378.9102994	92	8	0.9222975014	0.007882262415	74.45972623	25.54027377	40.80859976	59.19140024	0	0	-378.9102994	0.007882262415	67821.0529207066	
376.3502994	92	8	0.9229212284	0.007920670154	74.19595797	25.80404203	40.54203752	59.45796248	0	0	-376.3502994	0.007920670154	65574.9730520075	
373.7902994	92	8	0.923543052	0.00796038469	73.92981641	26.07018359	40.27412461	59.72587539	0	0	-373.7902994	0.00796038469	63428.9736908001	
371.2302994	92	8	0.9241630406	0.008001434503	73.66128818	26.33871182	40.00482392	59.99517608	0	0	-371.2302994	0.008001434503	61376.278012546	
368.6702994	92	8	0.9247812621	0.008043849167	73.39036047	26.60963953	39.7340973	60.2659027	0	0	-368.6702994	0.008043849167	59410.7222866816	
366.1102994	92	8	0.9253977838	0.008087659396	73.11702102	26.88297898	39.46190544	60.53809456	0	0	-366.1102994	0.008087659396	57526.6907039053	
363.5502994	92	8	0.9260126725	0.008132897085	72.84125817	27.15874183	39.18820787	60.81179213	0	0	-363.5502994	0.008132897085	55719.0567237902	
360.9902994	92	8	0.9266259945	0.00817959536	72.56306093	27.43693907	38.91296287	61.08703713	0	0	-360.9902994	0.00817959536	55459.2694805593	
359.7102994	92	8	0.9269315266	0.004105300401	72.42304462	27.57695538	38.77474628	61.22525372	0	0	-359.7102994	0.004105300401	88092.0715951719	
358.4302994	92	8	0.9272366234	0.004119883033	72.28241787	27.71758213	38.63612729	61.36387271	0	0	-358.4302994	0.004119883033	88404.9086490123	
357.7902994	92	8	0.9273888844	0.002063947242	72.2118739	27.7881261	38.56666425	61.43333575	0	0	-357.7902994	0.002063947242	-310.751502250644	
357.4702994	92	8	0.9274649347	0.001033283907	72.17654455	27.82345545	38.53189443	61.46810557	0	0	-357.4702994	0.001033283907	340037.610261447	
357.1502994	92	8	0.9275409679	0.001034225841	72.14117681	27.85882319	38.49709884	61.50290116	0	0	-357.1502994	0.001034225841	340347.382163556	
356.9902994	92	8	0.9275789623	0.0005173665665	72.1234785	27.8765215	38.47969132	61.52030868	0	0	-356.9902994	0.0005173665665	675966.689832723	
356.8302994	92	8	0.9276169554	0.0005176033731	72.1057706	27.8942294	38.46227733	61.53772267	0	0	-356.8302994	0.0005176033731	676276.079790602	
356.7502994	92	8	0.9276359449	0.0002588653177	72.09691213	27.90308787	38.45356789	61.54643211	0	0	-356.7502994	0.0002588653177	-309.016070483528	
356.7102994	92	8	0.9276454356	0.0001293851087	72.09248298	27.90751702	38.44921329	61.55078671	0	0	-356.7102994	0.0001293851087	-309.169159552129	
356.6902994	92	8	0.9276501823	6.472084369E-05	72.09026813	27.90973187	38.44703506	61.55296494	0	0	-356.6902994	6.472084369E-05	-309.110285008549	
356.6802994	92	8	0.9276525555	3.236052376E-05	72.08916063	27.91083937	38.44594595	61.55405405	0	0	-356.6802994	3.236052376E-05	-668.852806885468	
356.6402994	92	8	0.9276620526	0.0001295315186	72.08472895	27.91527105	38.44158933	61.55841067	0	0	-356.6402994	0.0001295315186	-1751.039885159	
356.6202994	92	8	0.9276667979	6.472138365E-05	72.08251423	27.91748577	38.4394119	61.5605881	0	0	-356.6202994	6.472138365E-05	2430373.59015676	
356.5802994	92	8	0.9276762922	0.0001295068279	72.07808238	27.92191762	38.43505567	61.56494433	0	0	-356.5802994	0.0001295068279	617.39352567508	
356.5002994	92	8	0.9276952845	0.0002590960501	72.0692168	27.9307832	38.42634043	61.57365957	0	0	-356.5002994	0.0002590960501	617.319785619562	
356.3402994	92	8	0.9277332669	0.0005182940241	72.05148038	27.94851962	38.40890651	61.59109349	0	0	-356.3402994	0.0005182940241	617.173401383054	
356.0202994	92	8	0.9278092314	0.001036980916	72.01597688	27.98402312	38.37401907	61.62598093	0	0	-356.0202994	0.001036980916	616.558784421848	
355.3802994	92	8	0.9279611787	0.002076296487	71.94485446	28.05514554	38.30416551	61.69583449	0	0	-355.3802994	0.002076296487	615.09381765781	
354.1002994	92	8	0.9282651514	0.004162016428	71.80214749	28.19785251	38.16414119	61.83585881	0	0	-354.1002994	0.004162016428	92312.4850956086	
352.8202994	92	8	0.9285687433	0.004175791996	71.6588228	28.3411772	38.02368798	61.97631202	0	0	-352.8202994	0.004175791996	94740.6955915084	
351.5402994	92	8	0.928872011	0.004189056837	71.51488089	28.48511911	37.88280105	62.11719895	0	0	-351.5402994	0.004189056837	95648.1277463134	
350.2602994	92	8	0.9291749644	0.004202561045	71.37031958	28.62968042	37.74147354	62.25852646	0	0	-350.2602994	0.004202561045	94486.5613891989	
347.7002994	92	8	0.9297812534	0.00844690297	71.07933691	28.92066309	37.45747205	62.54252795	0	0	-347.7002994	0.00844690297	44711.0675053081	
345.1402994	92	8	0.9303863742	0.008503417142	70.78587096	29.21412904	37.17163514	62.82836486	0	0	-345.1402994	0.008503417142	44585.5670494314	
342.5802994	92	8	0.9309903956	0.008561799045	70.48991301	29.51008699	36.88390727	63.11609273	0	0	-342.5802994	0.008561799045	43243.7564038553	
340.0202994	92	8	0.9315933751	0.008621863531	70.1914636	29.8085364	36.59423656	63.40576344	0	0	-340.0202994	0.008621863531	41991.536858235	
337.4602994	92	8	0.9321953769	0.008683784894	69.89051916	30.10948084	36.302566	63.697434	0	0	-337.4602994	0.008683784894	40742.0795214365	
334.9002994	92	8	0.9327964633	0.008747588473	69.58707874	30.41292126	36.00883737	63.99116263	0	0	-334.9002994	0.008747588473	39541.8813505302	
332.3402994	92	8	0.9333966961	0.008813325564	69.28114285	30.71885715	35.71299031	64.28700969	0	0	-332.3402994	0.008813325564	38380.2349511402	
329.7802994	92	8	0.933996137	0.008881049621	68.97271346	31.02728654	35.41496226	64.58503774	0	0	-329.7802994	0.008881049621	37255.295082496	
327.2202994	92	8	0.9345948473	0.008950816376	68.66179418	31.33820582	35.11468827	64.88531173	0	0	-327.2202994	0.008950816376	36165.3344363023	
324.6602994	92	8	0.9351928883	0.009022683965	68.34839031	31.65160969	34.81210093	65.18789907	0	0	-324.6602994	0.009022683965	35108.7313318002	
322.1002994	92	8	0.9357903206	0.009096713079	68.03250899	31.96749101	34.50713018	65.49286982	0	0	-322.1002994	0.009096713079	34083.961064786	
319.5402994	92	8	0.9363872052	0.009172967112	67.71415931	32.28584069	34.19970318	65.80029682	0	0	-319.5402994	0.009172967112	33089.5891154944	
316.9802994	92	8	0.9369836024	0.009251512335	67.39335241	32.60664759	33.88974413	66.11025587	0	0	-316.9802994	0.009251512335	32124.2617504441	
314.4202994	92	8	0.9375795726	0.009332418082	67.07010167	32.92989833	33.57717413	66.42282587	0	0	-314.4202994	0.009332418082	31186.6999992038	
311.8602994	92	8	0.9381751761	0.009415756956	66.74442279	33.25557721	33.26191094	66.73808906	0	0	-311.8602994	0.009415756956	30275.6923964056	
309.3002994	92	8	0.938770473	0.00950160506	66.41633399	33.58366601	32.9438688	67.0561312	0	0	-309.3002994	0.00950160506	29390.0904526157	
306.7402994	92	8	0.9393655235	0.009590042241	66.08585614	33.91414386	32.62295819	67.37704181	0	0	-306.7402994	0.009590042241	28528.8029775887	
304.1802994	92	8	0.9399603875	0.009681152375	65.75301297	34.24698703	32.29908562	67.70091438	0	0	-304.1802994	0.009681152375	27690.790330002	
301.6202994	92	8	0.9405551253	0.009775023673	65.41783119	34.58216881	31.97215333	68.02784667	0	0	-301.6202994	0.009775023673	28027.024483296	
300	92	8	0.9409308256	0.006236425414	65.20449078	34.79550922	31.76360167	68.23639833	0	0	-300	0.006236425414	-28942.8104987777	
