T	w(AL)	w(MG)	w(SI)	fs	fw(@FCC_A1)	w(AL@FCC_A1)	w(MG@FCC_A1)	w(SI@FCC_A1)	w(AL@LIQUID)	w(MG@LIQUID)	w(SI@LIQUID)	dwdT_L(AL@LIQUID)	dwdT_L(MG@LIQUID)	dwdT_L(SI@LIQUID)	-T	fw(@FCC_A1)_1	-T//fw(@FCC_A1)	
K	%	%	%	mole/mole	kg/kg	%	%	%	%	%	%	SI	SI	SI				
922.782001	98	1	1	0	0	99.58801813	0.3056516816	0.1063301906	98	1	1	0.001879678588	-0.0008217767371	-0.001057901851	-922.782001	0	4.19033031484453	
922.772001	98	1	1	0.001182134858	0.001182621217	99.58767821	0.3058829025	0.1064388864	97.99812031	1.000821792	1.001057897	0	0	0	-922.772001	0.001182621217	12.7212553327701	
922.752001	98	1	1	0.003539622757	0.002361058578	99.58699851	0.3063451869	0.1066563056	97.99436087	1.002465045	1.00317408	0	0	0	-922.752001	0.002361058578	17.0024559585565	
922.712001	98	1	1	0.008226638874	0.0047052051	99.58563985	0.3072689143	0.1070912309	97.98684168	1.005750246	1.007408078	0	0	0	-922.712001	0.0047052051	17.1366207873841	
922.632001	98	1	1	0.0174807249	0.00933470721	99.58292564	0.3091128286	0.107961529	97.97180228	1.012314439	1.015883281	0	0	0	-922.632001	0.00933470721	17.4115706695036	
922.472001	98	1	1	0.03554238409	0.01839062283	99.57750905	0.3127872282	0.1097037265	97.94171886	1.025420289	1.032860854	0	0	0	-922.472001	0.01839062283	17.9443271831412	
922.152001	98	1	1	0.0699720474	0.03571330999	99.56672268	0.320082987	0.1131943305	97.88153359	1.051543768	1.066922645	0	0	0	-922.152001	0.03571330999	19.0591192089431	
921.512001	98	1	1	0.132721768	0.06749905364	99.54533324	0.3344677807	0.1201989758	97.76108788	1.103453574	1.135458545	0	0	0	-921.512001	0.06749905364	21.4374107863702	
920.232001	98	1	1	0.2381472904	0.1216104069	99.50325703	0.3624517714	0.134291194	97.51988968	1.206043099	1.274067221	0	0	0	-920.232001	0.1216104069	-152.717019620696	
918.952001	98	1	1	0.3224291963	0.1106780749	99.46196716	0.3896019415	0.1484308988	97.27819535	1.307650455	1.414154191	0	0	0	-918.952001	0.1106780749	-129.54475321507	
917.672001	98	1	1	0.3911914003	0.101533147	99.42142573	0.4159681627	0.1626061072	97.03599603	1.408416551	1.555587418	0	0	0	-917.672001	0.101533147	-153.468579731945	
916.392001	98	1	1	0.4482508279	0.09377208649	99.38160051	0.4415923862	0.1768070989	96.79328485	1.508458616	1.698256538	0	0	0	-916.392001	0.09377208649	-179.460225446692	
915.112001	98	1	1	0.4962835277	0.08710362758	99.3424637	0.4665104045	0.1910258974	96.55005645	1.607875514	1.842068041	0	0	0	-915.112001	0.08710362758	-207.518402315794	
913.832001	98	1	1	0.537218106	0.08131280078	99.30399096	0.4907531544	0.2052558894	96.30630662	1.706751656	1.986941722	0	0	0	-913.832001	0.08131280078	-237.64673313434	
912.552001	98	1	1	0.5724776429	0.07623750691	99.26616077	0.5143476813	0.2194915474	96.06203205	1.805159886	2.132808068	0	0	0	-912.552001	0.07623750691	-269.848885152288	
911.272001	98	1	1	0.603133831	0.07175321335	99.22895391	0.5373178669	0.2337282208	95.81723005	1.903163655	2.279606292	0	0	0	-911.272001	0.07175321335	-304.128497828757	
909.992001	98	1	1	0.6300082478	0.06776267355	99.19235304	0.5596849876	0.2479619767	95.57189849	2.000818685	2.427282822	0	0	0	-909.992001	0.06776267355	-340.489215588669	
908.712001	98	1	1	0.6537406971	0.06418884631	99.15634237	0.5814681506	0.2621894755	95.32603561	2.098174268	2.575790117	0	0	0	-908.712001	0.06418884631	-378.934717396422	
907.432001	98	1	1	0.6748364235	0.06096991044	99.12090749	0.6026846395	0.2764078738	95.07963997	2.195274291	2.72508574	0	0	0	-907.432001	0.06096991044	-419.46873421038	
906.152001	98	1	1	0.6936994184	0.05805568542	99.08603506	0.6233501909	0.2906147457	94.83271035	2.292158055	2.875131599	0	0	0	-906.152001	0.05805568542	-462.095071741742	
904.872001	98	1	1	0.7106563555	0.05540501651	99.05171276	0.6434792193	0.3048080203	94.58524571	2.388860942	3.025893345	0	0	0	-904.872001	0.05540501651	-515.831842423159	
902.312001	98	1	1	0.7399716748	0.1013997883	98.98474709	0.6820662832	0.3331866221	94.08879724	2.581459048	3.329743709	0	0	0	-902.312001	0.1013997883	-404.754860521106	
899.752001	98	1	1	0.7642762751	0.09355171387	98.91984373	0.7186661801	0.3614900854	93.5902014	2.773711604	3.636086997	0	0	0	-899.752001	0.09355171387	-355.410207618463	
897.192001	98	1	1	0.7847231201	0.08682299568	98.85692873	0.7533605958	0.3897106755	93.08945278	2.965802078	3.944745137	0	0	0	-897.192001	0.08682299568	-411.815034732273	
894.632001	98	1	1	0.8021410487	0.08099143403	98.79593493	0.786222061	0.4178430118	92.58654614	3.15788634	4.255567517	0	0	0	-894.632001	0.08099143403	-472.485613659321	
892.072001	98	1	1	0.8171403082	0.07588968676	98.73680071	0.8173156873	0.4458835979	92.08147613	3.350098248	4.568425622	0	0	0	-892.072001	0.07588968676	-537.436040079748	
889.512001	98	1	1	0.8301796348	0.07138961003	98.6794688	0.8467008635	0.4738303393	91.57423675	3.542554029	4.883209222	0	0	0	-889.512001	0.07138961003	-606.688310477706	
886.952001	98	1	1	0.8416101672	0.06739136608	98.62388549	0.8744322091	0.5016823009	91.06482137	3.735355459	5.19982317	0	0	0	-886.952001	0.06739136608	-680.264940006186	
884.392001	98	1	1	0.8517050031	0.06381604406	98.57000006	0.9005604752	0.5294394611	90.55322256	3.928592404	5.518185033	0	0	0	-884.392001	0.06381604406	-758.191100834257	
881.832001	98	1	1	0.8606795686	0.06060044739	98.51776425	0.9251332198	0.5571025298	90.03943201	4.122344796	5.838223196	0	0	0	-881.832001	0.06060044739	-840.493243929719	
879.272001	98	1	1	0.8687059572	0.05769336947	98.46713185	0.9481953461	0.5846728036	89.52344045	4.316684222	6.159875323	0	0	0	-879.272001	0.05769336947	-927.199234843982	
876.712001	98	1	1	0.8759232145	0.05505287859	98.41805842	0.9697895304	0.61215205	89.00523769	4.511675185	6.483087123	0	0	0	-876.712001	0.05505287859	-1018.33838274522	
874.152001	98	1	1	0.8824448432	0.05264430991	98.37050102	0.989956571	0.639542413	88.48481254	4.707376142	6.80781132	0	0	0	-874.152001	0.05264430991	-1113.94147738521	
871.592001	98	1	1	0.8883643617	0.05043875656	98.32441799	1.008735672	0.6668463344	87.96215285	4.903840352	7.1340068	0	0	0	-871.592001	0.05043875656	-1214.04055901622	
869.032001	98	1	1	0.8937594804	0.0484119215	98.27976883	1.026164676	0.694066489	87.43724553	5.101116583	7.46163789	0	0	0	-869.032001	0.0484119215	-1318.66880635871	
866.472001	98	1	1	0.8986952776	0.04654323354	98.23651401	1.042280257	0.7212057304	86.91007656	5.299249687	7.790673753	0	0	0	-866.472001	0.04654323354	-1427.86043980239	
863.912001	98	1	1	0.9032266439	0.04481515922	98.19461488	1.057118076	0.7482670439	86.38063104	5.498281099	8.121087858	0	0	0	-863.912001	0.04481515922	-1541.65050773157	
861.352001	98	1	1	0.9074001838	0.04321266155	98.15403358	1.070712918	0.7752535071	85.84889322	5.698249247	8.452857532	0	0	0	-861.352001	0.04321266155	-1660.07465849951	
858.792001	98	1	1	0.911255708	0.0417227705	98.11473295	1.083098799	0.8021682544	85.31484654	5.899189899	8.785963565	0	0	0	-858.792001	0.0417227705	-1783.16896941776	
856.232001	98	1	1	0.9148274173	0.04033423922	98.07667649	1.094309061	0.8290144476	84.77847368	6.101136463	9.120389861	0	0	0	-856.232001	0.04033423922	-1910.96961717493	
853.672001	98	1	1	0.9181448483	0.03903726649	98.03982831	1.104376445	0.8557952479	84.23975663	6.304120239	9.456123131	0	0	0	-853.672001	0.03903726649	-2043.5125994803	
851.112001	98	1	1	0.9212336344	0.03782327124	98.00415305	1.113333159	0.8825137921	83.69867675	6.508170632	9.793152621	0	0	0	-851.112001	0.03782327124	-2180.83345640625	
848.552001	98	1	1	0.924116125	0.03668470792	97.9696159	1.12121093	0.9091731704	83.15521479	6.713315342	10.13146986	0	0	0	-848.552001	0.03668470792	-2322.96681659682	
845.992001	98	1	1	0.9268118892	0.03561491434	97.93618255	1.128041048	0.9357764059	82.60935102	6.919580518	10.47106846	0	0	0	-845.992001	0.03561491434	-2469.94607369563	
843.432001	98	1	1	0.9293381318	0.03460798566	97.90381916	1.133854405	0.962326436	82.06106525	7.126990894	10.81194386	0	0	0	-843.432001	0.03460798566	-2621.80296617287	
840.872001	98	1	1	0.9317100362	0.03365866926	97.87249238	1.138681525	0.9888260945	81.51033688	7.335569906	11.15409321	0	0	0	-840.872001	0.03365866926	-2778.56705434398	
838.312001	98	1	1	0.9339410497	0.03276227666	97.84216932	1.142552587	1.015278095	80.95714507	7.545339787	11.49751515	0	0	0	-838.312001	0.03276227666	-2940.26528333599	
835.752001	98	1	1	0.9360431226	0.03191460935	97.81281754	1.145497447	1.041685013	80.40146869	7.756321655	11.84220966	0	0	0	-835.752001	0.03191460935	-3106.92135362428	
833.192001	98	1	1	0.9380269089	0.03111189595	97.78440507	1.147545654	1.068049273	79.84328649	7.96853558	12.18817793	0	0	0	-833.192001	0.03111189595	-3278.55521380006	
830.632001	98	1	1	0.9399019352	0.03035073888	97.75690041	1.14872646	1.094373132	79.28257714	8.182000645	12.53542221	0	0	0	-830.632001	0.03035073888	-3455.18244939815	
828.072001	98	1	1	0.9416767449	0.02962806875	97.73027251	1.149068832	1.12065866	78.71931933	8.396734993	12.88394568	0	0	0	-828.072001	0.02962806875	-3636.81357320115	
825.512001	98	1	1	0.9433590203	0.0289411053	97.70449081	1.148601455	1.146907732	78.15349182	8.612755869	13.23375231	0	0	0	-825.512001	0.0289411053	-3823.45327425323	
822.952001	98	1	1	0.9449556873	0.02828732374	97.67952525	1.14735274	1.173122008	77.58507358	8.83007965	13.58484677	0	0	0	-822.952001	0.02828732374	-4015.09974164224	
820.392001	98	1	1	0.9464730052	0.02766442574	97.65534626	1.145350823	1.199302919	77.01404381	9.048721869	13.93723432	0	0	0	-820.392001	0.02766442574	-4211.74383513226	
817.832001	98	1	1	0.9479166442	0.02707031422	97.63192479	1.142623565	1.225451649	76.4403821	9.268697234	14.29092066	0	0	0	-817.832001	0.02707031422	-4413.368209073	
815.272001	98	1	1	0.9492917525	0.02650307147	97.60923233	1.139198551	1.251569123	75.86406848	9.49001964	14.64591188	0	0	0	-815.272001	0.02650307147	-4619.94635419129	
812.712001	98	1	1	0.950603014	0.02596094001	97.58724092	1.135103088	1.27765599	75.28508353	9.712702174	15.0022143	0	0	0	-812.712001	0.02596094001	-4831.44182556541	
810.152001	98	1	1	0.9518546989	0.02544230592	97.5659232	1.130364198	1.303712603	74.70340844	9.936757114	15.35983444	0	0	0	-810.152001	0.02544230592	-5047.80717680219	
807.592001	98	1	1	0.953050708	0.02494568412	97.54525238	1.125008617	1.329739007	74.11902519	10.16219593	15.71877888	0	0	0	-807.592001	0.02494568412	-5268.98277348345	
805.032001	98	1	1	0.9541946115	0.02446970546	97.5252023	1.119062784	1.355734919	73.53191657	10.38902928	16.07905415	0	0	0	-805.032001	0.02446970546	-5494.89588940991	
802.472001	98	1	1	0.9552896822	0.02401310532	97.50574745	1.112552837	1.381699711	72.94206632	10.61726698	16.4406667	0	0	0	-802.472001	0.02401310532	-5725.4594221892	
799.912001	98	1	1	0.9563389261	0.0235747135	97.48686301	1.105504604	1.407632389	72.34945923	10.84691801	16.80362276	0	0	0	-799.912001	0.0235747135	-5960.57100738215	
797.352001	98	1	1	0.9573451083	0.02315344531	97.46852482	1.097943596	1.433531581	71.75408128	11.07799048	17.16792824	0	0	0	-797.352001	0.02315344531	-6200.1115066679	
794.792001	98	1	1	0.9583107766	0.02274829355	97.45070949	1.089894994	1.459395511	71.1559197	11.31049161	17.53358869	0	0	0	-794.792001	0.02274829355	-6443.94380397252	
792.232001	98	1	1	0.9592382816	0.02235832145	97.43339437	1.081383645	1.485221985	70.5549631	11.54442771	17.90060919	0	0	0	-792.232001	0.02235832145	-6691.91203679051	
789.672001	98	1	1	0.9601297958	0.02198265634	97.41655758	1.07243405	1.511008367	69.95120163	11.77980415	18.26899422	0	0	0	-789.672001	0.02198265634	-6943.83952043852	
787.112001	98	1	1	0.9609873295	0.02162048391	97.40017809	1.063070353	1.53675156	69.34462705	12.01662531	18.63874764	0	0	0	-787.112001	0.02162048391	-7199.52832108035	
784.552001	98	1	1	0.9618127455	0.02127104321	97.38423568	1.053316332	1.562447988	68.73523288	12.25489456	19.00987256	0	0	0	-784.552001	0.02127104321	-7458.75759956947	
781.992001	98	1	1	0.9626077722	0.02093362198	97.36871104	1.043195389	1.588093569	68.12301454	12.49461424	19.38237123	0	0	0	-781.992001	0.02093362198	-7721.28233453783	
779.432001	98	1	1	0.9633740151	0.02060755259	97.35358576	1.032730538	1.613683702	67.50796944	12.73578556	19.75624501	0	0	0	-779.432001	0.02060755259	-7986.8321585077	
776.872001	98	1	1	0.9641129678	0.02029220825	97.33884237	1.021944397	1.639213237	66.89009717	12.97840862	20.13149421	0	0	0	-776.872001	0.02029220825	-8255.11077318492	
774.312001	98	1	1	0.9648260209	0.01998699973	97.32446436	1.010859177	1.664676459	66.2693996	13.22248233	20.50811807	0	0	0	-774.312001	0.01998699973	-8525.79443373631	
771.752001	98	1	1	0.9655144707	0.01969137222	97.31043626	0.9994966701	1.690067065	65.64588107	13.46800436	20.88611457	0	0	0	-771.752001	0.01969137222	-8798.53120705176	
769.192001	98	1	1	0.9661795271	0.01940480264	97.29674362	0.9878782411	1.715378141	65.01954848	13.71497108	21.26548044	0	0	0	-769.192001	0.01940480264	-9072.94014295646	
766.632001	98	1	1	0.9668223204	0.01912679705	97.28337304	0.9760248172	1.740602142	64.39041148	13.96337755	21.64621097	0	0	0	-766.632001	0.01912679705	-9348.61122558423	
764.072001	98	1	1	0.9674439073	0.01885688845	97.27031225	0.9639568784	1.765730869	63.75848266	14.21321738	22.02829997	0	0	0	-764.072001	0.01885688845	-9625.10424476594	
761.512001	98	1	1	0.9680452773	0.01859463459	97.2575501	0.9516944478	1.790755449	63.12377764	14.46448274	22.41173962	0	0	0	-761.512001	0.01859463459	-9901.94932100752	
758.952001	98	1	1	0.9686273571	0.01833961617	97.2450766	0.9392570832	1.815666314	62.4863153	14.71716427	22.79652043	0	0	0	-758.952001	0.01833961617	-10178.3522567209	
756.392001	98	1	1	0.9691910156	0.0180914212	97.23288293	0.9266638329	1.840453233	61.84611844	14.97125081	23.18263074	0	0	0	-756.392001	0.0180914212	-10455.1427594894	
753.832001	98	1	1	0.9697370698	0.01784973224	97.22096157	0.9139334219	1.865105012	61.20321125	15.22673041	23.57005834	0	0	0	-753.832001	0.01784973224	-10729.5762268838	
751.272001	98	1	1	0.9702662843	0.01761408273	97.20930608	0.9010837949	1.889610121	60.55762552	15.48358785	23.95878663	0	0	0	-751.272001	0.01761408273	-11002.0145952063	
748.712001	98	1	1	0.9707793804	0.01738421912	97.19791145	0.8881326602	1.913955885	59.90939376	15.74180739	24.34879885	0	0	0	-748.712001	0.01738421912	-11273.1251924284	
746.152001	98	1	1	0.9712770355	0.01715977589	97.18677388	0.8750971034	1.938129017	59.25855401	16.00137086	24.74007513	0	0	0	-746.152001	0.01715977589	-11540.4763215664	
743.592001	98	1	1	0.9717598877	0.01694044546	97.17589088	0.8619937196	1.962115399	58.60514845	16.26225821	25.13259334	0	0	0	-743.592001	0.01694044546	-11809.942392994	
741.032001	98	1	1	0.9722285469	0.01672612703	97.16526035	0.8488383301	1.985901316	57.94921829	16.52444698	25.52633473	0	0	0	-741.032001	0.01672612703	-12062.3977819679	
738.472001	98	1	1	0.9726835645	0.01651590679	97.15488418	0.8356467019	2.009469116	57.29082987	16.78790954	25.9212606	0	0	0	-738.472001	0.01651590679	-12311.8031557102	
735.912001	98	1	1	0.973125482	0.01631016932	97.14476314	0.8224339185	2.032802938	56.6300305	17.05262309	26.31734641	0	0	0	-735.912001	0.01631016932	-12567.0920928167	
733.352001	98	1	1	0.9735548043	0.01610841564	97.13490014	0.8092144767	2.055885379	55.96688192	17.31855885	26.71455923	0	0	0	-733.352001	0.01610841564	-12809.3012408927	
730.792001	98	1	1	0.9739720081	0.01591039024	97.12529946	0.7960023379	2.078698206	55.30145132	17.58568562	27.11286306	0	0	0	-730.792001	0.01591039024	-13044.3824506131	
728.232001	98	1	1	0.9743775444	0.01571584772	97.11596672	0.7828109252	2.101222354	54.63381153	17.8539697	27.51221877	0	0	0	-728.232001	0.01571584772	-13271.6705844777	
725.672001	98	1	1	0.9747718394	0.01552455148	97.10690894	0.7696531206	2.123437935	53.96404127	18.1233748	27.91258392	0	0	0	-725.672001	0.01552455148	-13490.5002740166	
723.112001	98	1	1	0.9751552965	0.0153362734	97.09813449	0.7565412639	2.145324249	53.29222539	18.39386196	28.31391265	0	0	0	-723.112001	0.0153362734	-13700.2338225332	
720.552001	98	1	1	0.9755282976	0.01515079334	97.08965305	0.7434871508	2.166859795	52.61845505	18.66538944	28.71615552	0	0	0	-720.552001	0.01515079334	-13900.2628253687	
717.992001	98	1	1	0.9758912047	0.01496789875	97.08147567	0.730502033	2.188022292	51.94282798	18.93791262	29.11925941	0	0	0	-717.992001	0.01496789875	-14090.0170227842	
715.432001	98	1	1	0.9762443606	0.01478738432	97.07361468	0.7175966177	2.208788705	51.26544868	19.21138394	29.52316738	0	0	0	-715.432001	0.01478738432	-14268.9729488094	
712.872001	98	1	1	0.9765880906	0.01460905172	97.06608366	0.704781069	2.229135272	50.58642865	19.48575281	29.92781854	0	0	0	-712.872001	0.01460905172	-14436.6601473988	
710.312001	98	1	1	0.976922703	0.01443270932	97.05889745	0.6920650087	2.249037544	49.90588658	19.76096551	30.33314791	0	0	0	-710.312001	0.01443270932	-14592.6689845305	
707.752001	98	1	1	0.9772484909	0.01425817204	97.05207206	0.6794575187	2.268470422	49.22394853	20.03696512	30.73908636	0	0	0	-707.752001	0.01425817204	-14736.6583562595	
705.192001	98	1	1	0.9775657323	0.01408526119	97.04562465	0.6669671433	2.287408209	48.54074815	20.31369144	31.1455604	0	0	0	-705.192001	0.01408526119	-14868.3624038654	
702.632001	98	1	1	0.9778746913	0.01391380442	97.03957344	0.6546018927	2.305824665	47.85642684	20.59108096	31.5524922	0	0	0	-702.632001	0.01391380442	-14987.594609991	
700.072001	98	1	1	0.9781756193	0.01374363562	97.03393768	0.6423692467	2.32369307	47.17113388	20.86906673	31.95979939	0	0	0	-700.072001	0.01374363562	-15094.2530250383	
697.512001	98	1	1	0.9784687549	0.01357459497	97.02873755	0.6302761594	2.34098629	46.48502657	21.14757841	32.36739503	0	0	0	-697.512001	0.01357459497	-15188.3293542048	
694.952001	98	1	1	0.9787543256	0.01340652905	97.02399408	0.6183290636	2.35767686	45.79827033	21.42654211	32.77518756	0	0	0	-694.952001	0.01340652905	-15269.8995827414	
692.392001	98	1	1	0.9790325478	0.01323929071	97.01972906	0.6065338775	2.373737061	45.11103882	21.7058805	33.18308069	0	0	0	-692.392001	0.01323929071	-15339.1413711866	
689.832001	98	1	1	0.9793036276	0.01307273961	97.01596497	0.5948960103	2.389139019	44.42351393	21.98551266	33.59097341	0	0	0	-689.832001	0.01307273961	-15396.325584301	
687.272001	98	1	1	0.9795677614	0.01290674199	97.01272483	0.5834203691	2.403854798	43.73588582	22.2653542	33.99875998	0	0	0	-687.272001	0.01290674199	-15441.8094089295	
684.712001	98	1	1	0.9798251369	0.01274117115	97.01003212	0.5721113665	2.417856511	43.04835291	22.5453172	34.40632989	0	0	0	-684.712001	0.01274117115	-15476.0478025765	
682.152001	98	1	1	0.9800759327	0.0125759076	97.00791064	0.5609729288	2.431116429	42.36112179	22.82531029	34.81356792	0	0	0	-682.152001	0.0125759076	-15499.5796512324	
679.592001	98	1	1	0.9803203198	0.01241083938	97.00638439	0.5500085045	2.443607104	41.67440712	23.10523867	35.22035421	0	0	0	-679.592001	0.01241083938	-15513.027660046	
677.032001	98	1	1	0.9805584616	0.01224586237	97.00547744	0.5392210736	2.455301491	40.98843145	23.38500424	35.62656431	0	0	0	-677.032001	0.01224586237	-15517.0906876762	
674.472001	98	1	1	0.9807905143	0.01208088062	97.00521376	0.5286131574	2.466173079	40.30342503	23.66450565	36.03206932	0	0	0	-674.472001	0.01208088062	-15512.536547555	
671.912001	98	1	1	0.9810166275	0.01191580669	97.00561714	0.5181868291	2.476196031	39.61962552	23.94363845	36.43673603	0	0	0	-671.912001	0.01191580669	-15500.1946037728	
669.352001	98	1	1	0.9812369448	0.01175056201	97.00671096	0.507943725	2.485345315	38.93727769	24.22229524	36.84042707	0	0	0	-669.352001	0.01175056201	-15480.9484028142	
666.792001	98	1	1	0.9814516038	0.01158507725	97.00851809	0.4978850559	2.493596851	38.25663297	24.50036584	37.24300119	0	0	0	-666.792001	0.01158507725	-15455.7271796115	
664.232001	98	1	1	0.9816607368	0.01141929268	97.01106073	0.4880116198	2.500927651	37.57794906	24.7777375	37.64431344	0	0	0	-664.232001	0.01141929268	-15425.4955680579	
661.672001	98	1	1	0.9818644711	0.01125315849	97.01436022	0.4783238145	2.507315961	36.90148938	25.05429512	38.0442155	0	0	0	-661.672001	0.01125315849	-15391.2445646763	
659.112001	98	1	1	0.9820629293	0.01108663511	97.01843694	0.4688216515	2.512741408	36.22752246	25.32992152	38.44255601	0	0	0	-659.112001	0.01108663511	-15353.9830434585	
656.552001	98	1	1	0.9822562296	0.01091969348	97.0233101	0.4595047701	2.517185129	35.55632137	25.60449773	38.8391809	0	0	0	-656.552001	0.01091969348	-15314.7304214662	
653.992001	98	1	1	0.9824444864	0.01075231532	97.02899763	0.4503724522	2.520629917	34.88816293	25.87790326	39.23393381	0	0	0	-653.992001	0.01075231532	-15274.5079164783	
651.432001	98	1	1	0.9826278103	0.01058449329	97.03551602	0.4414236378	2.523060341	34.22332699	26.15001649	39.62665653	0	0	0	-651.432001	0.01058449329	-15234.3294059872	
648.872001	98	1	1	0.9828063085	0.01041623111	97.04288019	0.4326569413	2.524462872	33.56209556	26.42071499	40.01718945	0	0	0	-648.872001	0.01041623111	-15195.1970072325	
646.312001	98	1	1	0.9829800851	0.01024754364	97.05110334	0.4240706677	2.524825994	32.904752	26.68987593	40.40537207	0	0	0	-646.312001	0.01024754364	-15158.093630495	
643.752001	98	1	1	0.9831492414	0.01007845682	97.06019686	0.4156628303	2.524140305	32.25158	26.95737646	40.79104354	0	0	0	-643.752001	0.01007845682	-15123.9778901313	
641.192001	98	1	1	0.9833138761	0.00990900759	97.07017022	0.407431168	2.522398612	31.60286271	27.22309413	41.17404317	0	0	0	-641.192001	0.00990900759	-15093.7806748647	
638.632001	98	1	1	0.9834740856	0.009739243675	97.08103083	0.3993731639	2.519596002	30.95888164	27.48690732	41.55421104	0	0	0	-638.632001	0.009739243675	-15068.3998607283	
636.072001	98	1	1	0.9836299641	0.009569223281	97.09278403	0.3914860639	2.515729905	30.31991574	27.74869568	41.93138858	0	0	0	-636.072001	0.009569223281	-15048.6986389512	
633.512001	98	1	1	0.9837816039	0.009399014712	97.10543296	0.3837668957	2.510800146	29.68624029	28.00834058	42.30541913	0	0	0	-633.512001	0.009399014712	-15035.5036143475	
630.952001	98	1	1	0.9839290955	0.009228695873	97.11897854	0.3762124882	2.504808968	29.05812585	28.26572554	42.6761486	0	0	0	-630.952001	0.009228695873	-15029.6032047442	
628.392001	98	1	1	0.9840725279	0.009058353686	97.13341946	0.3688194911	2.49776105	28.43583729	28.52073669	43.04342602	0	0	0	-628.392001	0.009058353686	-15031.7469478914	
625.832001	98	1	1	0.9842119887	0.008888083403	97.1487521	0.361584395	2.4896635	27.81963271	28.77326317	43.40710412	0	0	0	-625.832001	0.008888083403	-15042.6491224552	
623.272001	98	1	1	0.9843475643	0.008717987926	97.16497061	0.3545035506	2.480525837	27.20976244	29.02319758	43.76703997	0	0	0	-623.272001	0.008717987926	-15062.9930792235	
620.712001	98	1	1	0.9844793396	0.008548177041	97.18206686	0.3475731894	2.470359948	26.60646812	29.27043639	44.12309549	0	0	0	-620.712001	0.008548177041	-15093.3784298123	
618.152001	98	1	1	0.984607399	0.008378765385	97.20003053	0.3407894426	2.459180031	26.0099818	29.51488027	44.47513793	0	0	0	-618.152001	0.008378765385	-15134.4109837501	
615.592001	98	1	1	0.9847318254	0.008209873543	97.21884911	0.3341483612	2.447002525	25.42052503	29.75643449	44.82304048	0	0	0	-615.592001	0.008209873543	-15186.6869491111	
613.032001	98	1	1	0.984852701	0.008041625536	97.23850805	0.327645935	2.433846019	24.83830814	29.99500925	45.1666826	0	0	0	-613.032001	0.008041625536	-15250.7207878444	
610.472001	98	1	1	0.9849701074	0.007874148168	97.25899073	0.3212781114	2.419731154	24.26352949	30.23051995	45.50595057	0	0	0	-610.472001	0.007874148168	-15327.0137015107	
607.912001	98	1	1	0.985084125	0.007707569973	97.28027868	0.3150408134	2.404680507	23.69637484	30.46288743	45.84073773	0	0	0	-607.912001	0.007707569973	-15416.0383632202	
605.352001	98	1	1	0.9851948338	0.007542020156	97.30235158	0.3089299573	2.38871846	23.13701684	30.69203825	46.1709449	0	0	0	-605.352001	0.007542020156	-15518.2409785595	
602.792001	98	1	1	0.9853023126	0.007377627554	97.32518746	0.3029414693	2.371871069	22.58561458	30.91790482	46.4964806	0	0	0	-602.792001	0.007377627554	-15634.0437550196	
600.232001	98	1	1	0.98540664	0.007214519629	97.34876278	0.2970713018	2.354165918	22.04231321	31.14042553	46.81726126	0	0	0	-600.232001	0.007214519629	-15763.8465864244	
597.672001	98	1	1	0.9855078935	0.007052821493	97.37305258	0.2913154483	2.335631968	21.50724371	31.3595449	47.13321139	0	0	0	-597.672001	0.007052821493	-15908.0295143511	
595.112001	98	1	1	0.9856061497	0.006892655008	97.39803064	0.2856699574	2.3162994	20.98052271	31.57521359	47.4442637	0	0	0	-595.112001	0.006892655008	-16066.9547289375	
592.552001	98	1	1	0.9857014849	0.006734137934	97.42366959	0.2801309461	2.296199464	20.46225245	31.78738843	47.75035912	0	0	0	-592.552001	0.006734137934	-16240.968275418	
589.992001	98	1	1	0.985793974	0.006577383167	97.44994107	0.2746946121	2.275364316	19.95252077	31.99603243	48.0514468	0	0	0	-589.992001	0.006577383167	-16430.402124913	
587.432001	98	1	1	0.9858836914	0.006422498052	97.4768159	0.2693572439	2.253826859	19.45140125	32.20111466	48.3474841	0	0	0	-587.432001	0.006422498052	-16635.5757331858	
584.872001	98	1	1	0.9859707106	0.00626958379	97.50426417	0.2641152314	2.231620596	18.9589534	32.4026102	48.6384364	0	0	0	-584.872001	0.00626958379	-16856.7975508631	
582.312001	98	1	1	0.9860551039	0.006118734931	97.53225546	0.2589650741	2.20877947	18.47522293	32.60050003	48.92427704	0	0	0	-582.312001	0.006118734931	-17094.3666134186	
579.752001	98	1	1	0.9861369427	0.005970038969	97.56075889	0.253903389	2.185337723	18.0002421	32.79477081	49.20498709	0	0	0	-579.752001	0.005970038969	-17348.5738598345	
577.192001	98	1	1	0.9862162976	0.005823576022	97.58974333	0.2489269165	2.161329758	17.53403012	32.98541475	49.48055512	0	0	0	-577.192001	0.005823576022	-17619.7030956268	
574.632001	98	1	1	0.9862932378	0.005679418607	97.61917747	0.2440325262	2.136790002	17.07659362	33.17242942	49.75097696	0	0	0	-574.632001	0.005679418607	-17908.032495913	
572.072001	98	1	1	0.9863678314	0.005537631506	97.64903	0.2392172208	2.111752784	16.62792715	33.35581747	50.01625539	0	0	0	-572.072001	0.005537631506	-18213.8352333156	
569.512001	98	1	1	0.9864401456	0.005398271706	97.67926964	0.2344781396	2.086252219	16.18801373	33.53558641	50.27639986	0	0	0	-569.512001	0.005398271706	-18537.380092845	
566.952001	98	1	1	0.986510246	0.005261388421	97.70986534	0.2298125605	2.0603221	15.75682547	33.7117484	50.53142613	0	0	0	-566.952001	0.005261388421	-18878.9330584434	
564.392001	98	1	1	0.9865781971	0.005127023192	97.7407863	0.2252179016	2.033995803	15.33432412	33.88431992	50.78135596	0	0	0	-564.392001	0.005127023192	-19238.7573232501	
561.832001	98	1	1	0.9866440622	0.004995210033	97.77200208	0.2206917216	2.007306194	14.92046174	34.05332154	51.02621671	0	0	0	-561.832001	0.004995210033	-19617.1140340775	
559.272001	98	1	1	0.9867079031	0.004865975651	97.80348273	0.2162317192	1.980285553	14.51518135	34.21877764	51.26604101	0	0	0	-559.272001	0.004865975651	-20014.2628161336	
556.712001	98	1	1	0.9867697805	0.004739339697	97.83519876	0.2118357327	1.952965503	14.11841751	34.38071613	51.50086636	0	0	0	-556.712001	0.004739339697	-20430.4624024516	
554.152001	98	1	1	0.9868297533	0.004615315075	97.86712131	0.2075017377	1.925376949	13.73009704	34.53916815	51.73073481	0	0	0	-554.152001	0.004615315075	-20865.9712107963	
551.592001	98	1	1	0.9868878794	0.004493908269	97.89922213	0.203227845	1.897550027	13.3501396	34.69416785	51.95569255	0	0	0	-551.592001	0.004493908269	-21321.0469136451	
549.032001	98	1	1	0.9869442151	0.0043751197	97.93147365	0.1990122979	1.869514056	12.97845835	34.84575208	52.17578958	0	0	0	-549.032001	0.0043751197	-21795.9478227858	
546.472001	98	1	1	0.9869988153	0.00425894411	97.96384902	0.1948534687	1.841297507	12.61496053	34.99396013	52.39107934	0	0	0	-546.472001	0.00425894411	-22290.9327838041	
543.912001	98	1	1	0.9870517336	0.004145370946	97.99632217	0.1907498551	1.812927971	12.2595481	35.13883353	52.60161837	0	0	0	-543.912001	0.004145370946	-22806.2610977925	
541.352001	98	1	1	0.9871030219	0.004034384759	98.02886779	0.1867000762	1.784432135	11.91211828	35.28041572	52.80746601	0	0	0	-541.352001	0.004034384759	-23342.1936596933	
538.792001	98	1	1	0.9871527308	0.003925965606	98.06146136	0.1827028679	1.755835772	11.5725641	35.41875189	53.00868402	0	0	0	-538.792001	0.003925965606	-23898.9924935844	
536.232001	98	1	1	0.9872009097	0.003820089441	98.0940792	0.1787570786	1.727163726	11.24077493	35.55388872	53.20533634	0	0	0	-536.232001	0.003820089441	-24476.9213069881	
533.672001	98	1	1	0.9872476062	0.00371672851	98.12669843	0.1748616642	1.698439908	10.91663702	35.6858742	53.39748878	0	0	0	-533.672001	0.00371672851	-25076.2460719082	
531.112001	98	1	1	0.9872928669	0.003615851729	98.15929702	0.1710156834	1.6696873	10.60003388	35.81475738	53.58520873	0	0	0	-531.112001	0.003615851729	-25697.2352468132	
528.552001	98	1	1	0.9873367366	0.003517425055	98.19185376	0.1672182924	1.640927952	10.29084684	35.94058824	53.76856492	0	0	0	-528.552001	0.003517425055	-26340.1596642728	
525.992001	98	1	1	0.987379259	0.003421411834	98.22434826	0.1634687399	1.612182999	9.988955359	36.06341748	53.94762716	0	0	0	-525.992001	0.003421411834	-27005.2933777601	
523.432001	98	1	1	0.9874204765	0.003327773144	98.25676098	0.1597663621	1.583472662	9.694237489	36.18329635	54.12246616	0	0	0	-523.432001	0.003327773144	-27692.9139349119	
520.872001	98	1	1	0.98746043	0.003236468109	98.28907315	0.1561105774	1.554816273	9.406570201	36.30027654	54.29315325	0	0	0	-520.872001	0.003236468109	-28403.3026921105	
518.312001	98	1	1	0.9874991591	0.003147454204	98.32126684	0.1525008813	1.526232281	9.125829728	36.41441001	54.45976027	0	0	0	-518.312001	0.003147454204	-29136.7457282695	
515.752001	98	1	1	0.9875367023	0.003060687535	98.35332488	0.1489368414	1.497738279	8.851891872	36.52574883	54.62235929	0	0	0	-515.752001	0.003060687535	-29893.533338172	
513.192001	98	1	1	0.9875730968	0.002976123099	98.38523089	0.1454180924	1.469351017	8.584632286	36.63434515	54.78102256	0	0	0	-513.192001	0.002976123099	-30673.9618836837	
510.632001	98	1	1	0.9876083785	0.002893715033	98.41696924	0.1419443312	1.441086431	8.32392673	36.74025102	54.93582225	0	0	0	-510.632001	0.002893715033	-31478.333659105	
508.072001	98	1	1	0.9876425821	0.002813416832	98.44852503	0.138515312	1.412959658	8.069651309	36.84351829	55.0868304	0	0	0	-508.072001	0.002813416832	-32306.9568259895	
505.512001	98	1	1	0.9876757413	0.002735181556	98.47988409	0.1351308418	1.384985065	7.821682682	36.94419858	55.23411874	0	0	0	-505.512001	0.002735181556	-33160.1479065383	
502.952001	98	1	1	0.9877078886	0.002658962021	98.51103295	0.1317907756	1.357176271	7.579898252	37.04234315	55.3777586	0	0	0	-502.952001	0.002658962021	-34038.2309610041	
500.392001	98	1	1	0.9877390552	0.002584710963	98.54195882	0.1284950123	1.329546171	7.344176339	37.13800285	55.51782081	0	0	0	-500.392001	0.002584710963	-34941.5387040125	
497.832001	98	1	1	0.9877692717	0.002512381196	98.57264955	0.12524349	1.302106961	7.114396332	37.23122805	55.65437562	0	0	0	-497.832001	0.002512381196	-35870.4146987605	
495.272001	98	1	1	0.9877985671	0.00244192575	98.60309366	0.1220361824	1.274870162	6.890438821	37.3220686	55.78749258	0	0	0	-495.272001	0.00244192575	-36825.2118005879	
492.712001	98	1	1	0.98782697	0.002373297988	98.63328026	0.1188730943	1.247846646	6.672185719	37.41057375	55.91724053	0	0	0	-492.712001	0.002373297988	-37806.2955152887	
490.152001	98	1	1	0.9878545075	0.002306451724	98.66319908	0.115754258	1.221046658	6.459520359	37.49679214	56.0436875	0	0	0	-490.152001	0.002306451724	-38814.0439397562	
487.592001	98	1	1	0.9878812062	0.00224134131	98.69284043	0.1126797297	1.194479841	6.252327592	37.58077176	56.16690065	0	0	0	-487.592001	0.00224134131	-39848.8488219759	
485.032001	98	1	1	0.9879070914	0.002177921727	98.72219515	0.109649586	1.168155262	6.050493851	37.6625599	56.28694625	0	0	0	-485.032001	0.002177921727	-40911.1179832648	
482.472001	98	1	1	0.9879321879	0.002116148654	98.75125465	0.1066639203	1.142081428	5.853907224	37.74220313	56.40388964	0	0	0	-482.472001	0.002116148654	-42001.2742012735	
479.912001	98	1	1	0.9879565193	0.002055978529	98.78001085	0.1037228399	1.116266315	5.662457505	37.81974731	56.51779519	0	0	0	-479.912001	0.002055978529	-43119.7590772285	
477.352001	98	1	1	0.9879801087	0.001997368606	98.80845615	0.1008264627	1.090717388	5.476036232	37.89523752	56.62872625	0	0	0	-477.352001	0.001997368606	-44267.0346521958	
474.792001	98	1	1	0.9880029782	0.001940276998	98.83658347	0.09797491459	1.06544162	5.294536724	37.96871809	56.73674519	0	0	0	-474.792001	0.001940276998	-45443.5827807178	
472.232001	98	1	1	0.9880251492	0.001884662711	98.86438616	0.09516832638	1.040445515	5.117854108	38.04023257	56.84191332	0	0	0	-472.232001	0.001884662711	-46649.9074597962	
469.672001	98	1	1	0.9880466425	0.001830485674	98.89185804	0.09240683149	1.015735126	4.945885331	38.10982375	56.94429092	0	0	0	-469.672001	0.001830485674	-47886.539015768	
467.112001	98	1	1	0.988067478	0.001777706765	98.91899336	0.08969056335	0.9913160738	4.778529175	38.1775336	57.04393723	0	0	0	-467.112001	0.001777706765	-49154.0326101364	
464.552001	98	1	1	0.988087675	0.001726287821	98.94578678	0.08701965312	0.9671935675	4.61568626	38.24340333	57.14091041	0	0	0	-464.552001	0.001726287821	-50452.9730201215	
461.992001	98	1	1	0.9881072521	0.001676191658	98.97223335	0.08439422754	0.94337242	4.457259042	38.30747337	57.23526759	0	0	0	-461.992001	0.001676191658	-51783.9757167997	
459.432001	98	1	1	0.9881262275	0.00162738207	98.99832853	0.08181440686	0.9198570654	4.303151808	38.36978335	57.32706484	0	0	0	-459.432001	0.00162738207	-53147.6882920305	
456.872001	98	1	1	0.9881446185	0.001579823837	99.02406812	0.07928030295	0.8966515753	4.153270665	38.43037214	57.41635719	0	0	0	-456.872001	0.001579823837	-54544.7948609735	
454.312001	98	1	1	0.9881624419	0.001533482721	99.04944831	0.07679201754	0.8737596743	4.007523526	38.48927785	57.50319862	0	0	0	-454.312001	0.001533482721	-55976.0169093719	
451.752001	98	1	1	0.988179714	0.001488325463	99.0744656	0.07434964051	0.8511847547	3.865820092	38.54653781	57.5876421	0	0	0	-451.752001	0.001488325463	-57442.1177114766	
449.192001	98	1	1	0.9881964507	0.001444319776	99.09911686	0.0719532484	0.8289298903	3.728071829	38.6021886	57.66973957	0	0	0	-449.192001	0.001444319776	-58943.9037429904	
446.632001	98	1	1	0.988212667	0.001401434334	99.12339925	0.06960290298	0.8069978503	3.594191948	38.65626609	57.74954196	0	0	0	-446.632001	0.001401434334	-60482.2290126765	
444.072001	98	1	1	0.9882283777	0.001359638762	99.14731024	0.06729864991	0.7853911119	3.464095378	38.70880539	57.82709923	0	0	0	-444.072001	0.001359638762	-62057.9967637808	
441.512001	98	1	1	0.9882435971	0.001318903619	99.17084761	0.0650405176	0.7641118726	3.337698735	38.75984091	57.90246036	0	0	0	-441.512001	0.001318903619	-63672.1652106116	
438.952001	98	1	1	0.988258339	0.001279200387	99.19400942	0.06282851605	0.7431620615	3.214920298	38.80940635	57.97567335	0	0	0	-438.952001	0.001279200387	-65325.7500659154	
436.392001	98	1	1	0.9882726167	0.00124050145	99.21679401	0.0606626359	0.7225433509	3.095679975	38.85753472	58.0467853	0	0	0	-436.392001	0.00124050145	-67019.8288259354	
433.832001	98	1	1	0.9882864432	0.00120278008	99.23919999	0.05854284754	0.7022571664	2.979899271	38.90425837	58.11584236	0	0	0	-433.832001	0.00120278008	-68755.5453537607	
431.272001	98	1	1	0.9882998309	0.001166010415	99.2612262	0.05646910028	0.6823046967	2.867501257	38.94960897	58.18288978	0	0	0	-431.272001	0.001166010415	-70534.1118784526	
428.712001	98	1	1	0.988312792	0.00113016744	99.28287177	0.05444132167	0.6626869035	2.758410534	38.99361754	58.24797192	0	0	0	-428.712001	0.00113016744	-72356.8186584163	
426.152001	98	1	1	0.9883253383	0.001095226969	99.30413605	0.05245941689	0.6434045303	2.652553201	39.0363145	58.3111323	0	0	0	-426.152001	0.001095226969	-74225.0341576838	
423.592001	98	1	1	0.9883374812	0.00106116562	99.32501862	0.05052326822	0.6244581108	2.54985682	39.07772961	58.37241357	0	0	0	-423.592001	0.00106116562	-76140.2152260247	
421.032001	98	1	1	0.9883492317	0.0010279608	99.34551929	0.04863273457	0.6058479769	2.450250383	39.11789205	58.43185757	0	0	0	-421.032001	0.0010279608	-78103.9104851294	
418.472001	98	1	1	0.9883606005	0.0009955906779	99.36563808	0.04678765117	0.5875742667	2.353664274	39.15683042	58.48950531	0	0	0	-418.472001	0.0009955906779	-80117.7640880572	
415.912001	98	1	1	0.9883715981	0.0009640341661	99.38537524	0.04498782923	0.5696369314	2.260030238	39.19457272	58.54539704	0	0	0	-415.912001	0.0009640341661	-82183.5281655336	
413.352001	98	1	1	0.9883822346	0.0009332708987	99.4047312	0.04323305576	0.5520357421	2.169281343	39.23114643	58.59957223	0	0	0	-413.352001	0.0009332708987	-84303.0658657423	
410.792001	98	1	1	0.9883925197	0.0009032812093	99.42370661	0.04152309346	0.5347702967	2.081351951	39.26657844	58.6520696	0	0	0	-410.792001	0.0009032812093	-86478.360200102	
408.232001	98	1	1	0.988402463	0.0008740461102	99.44230229	0.03985768059	0.5178400256	1.996177679	39.30089516	58.70292716	0	0	0	-408.232001	0.0008740461102	-88711.5227439906	
405.672001	98	1	1	0.9884120737	0.0008455472708	99.46051927	0.03823653105	0.5012441977	1.913695368	39.33412245	58.75218219	0	0	0	-405.672001	0.0008455472708	-91004.8019190319	
403.112001	98	1	1	0.9884213608	0.0008177669966	99.47835874	0.03665933438	0.4849819258	1.833843052	39.36628567	58.79987128	0	0	0	-403.112001	0.0008177669966	-93360.5929542766	
400.552001	98	1	1	0.9884303331	0.0007906882083	99.49582207	0.03512575597	0.4690521722	1.756559922	39.39740971	58.84603037	0	0	0	-400.552001	0.0007906882083	-95781.4479177872	
397.992001	98	1	1	0.9884389992	0.0007642944211	99.51291081	0.03363543719	0.4534537529	1.681786296	39.42751898	58.89069472	0	0	0	-397.992001	0.0007642944211	-98270.0867174635	
395.432001	98	1	1	0.9884473671	0.0007385697243	99.52962666	0.03218799566	0.4381853429	1.609463591	39.45663743	58.93389898	0	0	0	-395.432001	0.0007385697243	-100829.409455457	
392.872001	98	1	1	0.9884554451	0.0007134987614	99.54597149	0.03078302559	0.4232454806	1.539534288	39.48478856	58.97567716	0	0	0	-392.872001	0.0007134987614	-103462.508201503	
390.312001	98	1	1	0.988463241	0.0006890667098	99.56194733	0.02942009813	0.4086325714	1.471941904	39.51199542	59.01606267	0	0	0	-390.312001	0.0006890667098	-106172.681425317	
387.752001	98	1	1	0.9884707623	0.0006652592618	99.57755635	0.02809876178	0.3943448924	1.406630964	39.53828067	59.05508836	0	0	0	-387.752001	0.0006652592618	-108963.449301441	
385.192001	98	1	1	0.9884780166	0.0006420626052	99.59280086	0.02681854286	0.3803805956	1.343546975	39.56366654	59.09278649	0	0	0	-385.192001	0.0006420626052	-111838.56919561	
382.632001	98	1	1	0.9884850111	0.0006194634046	99.60768334	0.02557894603	0.3667377118	1.282636394	39.58817485	59.12918876	0	0	0	-382.632001	0.0006194634046	-114802.053289856	
380.072001	98	1	1	0.9884917529	0.0005974487828	99.62220639	0.02437945489	0.3534141541	1.223846605	39.61182705	59.16432635	0	0	0	-380.072001	0.0005974487828	-117858.187882667	
377.512001	98	1	1	0.9884982489	0.0005760063029	99.63637275	0.02321953252	0.3404077206	1.167125894	39.6346442	59.1982299	0	0	0	-377.512001	0.0005760063029	-121011.554534899	
374.952001	98	1	1	0.9885045058	0.0005551239506	99.65018528	0.02209862218	0.3277160982	1.112423422	39.65664701	59.23092956	0	0	0	-374.952001	0.0005551239506	-124267.048883225	
372.392001	98	1	1	0.9885105301	0.0005347901158	99.66364699	0.021016148	0.315336865	1.059689204	39.67785582	59.26245498	0	0	0	-372.392001	0.0005347901158	-127629.895163828	
369.832001	98	1	1	0.9885163284	0.0005149935728	99.67676099	0.01997151567	0.3032674933	1.008874084	39.69829062	59.2928353	0	0	0	-369.832001	0.0005149935728	-131105.684100983	
367.272001	98	1	1	0.9885219069	0.0004957234666	99.68953053	0.01896411326	0.2915053524	0.9599297148	39.71797107	59.32209922	0	0	0	-367.272001	0.0004957234666	-134700.437862126	
364.712001	98	1	1	0.9885272718	0.000476969304	99.70195898	0.01799331195	0.280047711	0.9128085369	39.73691649	59.35027498	0	0	0	-364.712001	0.000476969304	-138420.599541865	
362.152001	98	1	1	0.9885324289	0.0004587209278	99.71404979	0.01705846693	0.2688917398	0.8674637571	39.75514589	59.37739035	0	0	0	-362.152001	0.0004587209278	-142273.034170063	
359.592001	98	1	1	0.9885373842	0.0004409684994	99.72580657	0.01615891821	0.258034514	0.8238493305	39.77267798	59.40347269	0	0	0	-359.592001	0.0004409684994	-146265.108402358	
357.032001	98	1	1	0.9885421434	0.0004237024867	99.73723299	0.01529399152	0.2474730153	0.7819199426	39.78953113	59.42854893	0	0	0	-357.032001	0.0004237024867	-150404.74021054	
354.472001	98	1	1	0.9885467121	0.0004069136494	99.74833287	0.01446299923	0.2372041347	0.7416309917	39.80572344	59.45264557	0	0	0	-354.472001	0.0004069136494	-154700.431319452	
351.912001	98	1	1	0.9885510958	0.0003905930239	99.75911008	0.01366524127	0.2272246742	0.7029385727	39.82127272	59.4757887	0	0	0	-351.912001	0.0003905930239	-159161.309969336	
349.352001	98	1	1	0.9885552998	0.0003747319079	99.76956864	0.01290000609	0.217531349	0.6657994618	39.83619649	59.49800405	0	0	0	-349.352001	0.0003747319079	-163797.185115044	
346.792001	98	1	1	0.9885593295	0.0003593218462	99.77971264	0.01216657164	0.2081207901	0.6301711021	39.85051198	59.51931692	0	0	0	-346.792001	0.0003593218462	-168618.607239731	
344.232001	98	1	1	0.98856319	0.0003443546165	99.78954625	0.01146420637	0.1989895458	0.5960115902	39.86423616	59.53975225	0	0	0	-344.232001	0.0003443546165	-173637.622398876	
341.672001	98	1	1	0.9885668863	0.0003298223263	99.79907375	0.01079217018	0.1901340844	0.5632796633	39.87738574	59.55933459	0	0	0	-341.672001	0.0003298223263	-178861.154894312	
339.112001	98	1	1	0.9885704233	0.0003157163698	99.80829949	0.0101497157	0.1815507931	0.5319347327	39.88997716	59.5780881	0	0	0	-339.112001	0.0003157163698	-184523.536667897	
336.552001	98	1	1	0.988573806	0.0003020605923	99.81722792	0.009536088516	0.1732359876	0.501936696	39.90202663	59.59603667	0	0	0	-336.552001	0.0003020605923	-190209.586798917	
333.992001	98	1	1	0.9885770391	0.0002887878022	99.82586356	0.008950529486	0.1651859088	0.4732461857	39.91355007	59.61320375	0	0	0	-333.992001	0.0002887878022	-195956.332813537	
331.432001	98	1	1	0.9885801272	0.0002759197896	99.834211	0.008392274662	0.1573967218	0.445824401	39.92456315	59.62961245	0	0	0	-331.432001	0.0002759197896	-202165.535367069	
328.872001	98	1	1	0.9885830749	0.0002634495366	99.84227492	0.007860556847	0.1498645238	0.4196331276	39.93508133	59.64528555	0	0	0	-328.872001	0.0002634495366	-208662.271608837	
326.312001	98	1	1	0.9885858866	0.0002513700921	99.85006005	0.007354606532	0.1425853436	0.3946347361	39.94511979	59.66024547	0	0	0	-326.312001	0.0002513700921	-215465.524871891	
323.752001	98	1	1	0.9885885669	0.0002396746342	99.8575712	0.006873652944	0.1355551442	0.3707921754	39.95469351	59.67451431	0	0	0	-323.752001	0.0002396746342	-222596.509613181	
321.192001	98	1	1	0.98859112	0.0002283564656	99.86481325	0.006416925077	0.1287698253	0.3480689676	39.96381721	59.68811383	0	0	0	-321.192001	0.0002283564656	-230078.219524949	
318.632001	98	1	1	0.98859355	0.0002174089928	99.87179112	0.005983652725	0.1222252248	0.3264292031	39.97250537	59.70106543	0	0	0	-318.632001	0.0002174089928	-237935.615454921	
316.072001	98	1	1	0.9885958613	0.0002068257216	99.87850981	0.005573067501	0.1159171216	0.3058375374	39.98077226	59.71339021	0	0	0	-316.072001	0.0002068257216	-246195.903609586	
313.512001	98	1	1	0.9885980578	0.0001966002455	99.88497436	0.005184403848	0.1098412381	0.2862591875	39.9886319	59.72510892	0	0	0	-313.512001	0.0001966002455	-254888.707346674	
310.952001	98	1	1	0.9886001435	0.0001867262354	99.89118986	0.004816900037	0.1039932419	0.2676599304	39.99609809	59.73624198	0	0	0	-310.952001	0.0001867262354	-264046.33410901	
308.392001	98	1	1	0.9886021223	0.0001771974298	99.89716145	0.004469799143	0.09836874914	0.250006101	40.0031844	59.7468095	0	0	0	-308.392001	0.0001771974298	-273704.082314251	
305.832001	98	1	1	0.9886039982	0.0001680076264	99.90289432	0.004142350014	0.09296332648	0.2332645922	40.00990417	59.75683124	0	0	0	-305.832001	0.0001680076264	-283900.565274013	
303.272001	98	1	1	0.9886057748	0.0001591506727	99.9083937	0.003833808205	0.08777249408	0.2174028542	40.01627051	59.76632664	0	0	0	-303.272001	0.0001591506727	-294678.091405346	
300.712001	98	1	1	0.9886074558	0.0001506204586	99.91366483	0.003543436905	0.08279172825	0.202388896	40.02229631	59.7753148	0	0	0	-300.712001	0.0001506204586	-279014.055055152	
300	98	1	1	0.9886079069	4.041094869E-05	99.91509102	0.003465808418	0.08144317189	0.1983595558	40.02391345	59.777727	0	0	0	-300	4.041094869E-05	266093.191863193	
