T	w(AL)	w(MG)	w(SI)	fs	fw(@FCC_A1)	w(AL@FCC_A1)	w(MG@FCC_A1)	w(SI@FCC_A1)	w(AL@LIQUID)	w(MG@LIQUID)	w(SI@LIQUID)	dwdT_L(AL@LIQUID)	dwdT_L(MG@LIQUID)	dwdT_L(SI@LIQUID)	-T	fw(@FCC_A1)_1	-T//fw(@FCC_A1)	
K	%	%	%	mole/mole	kg/kg	%	%	%	%	%	%	SI	SI	SI				
871.0326213	87	8	5	0	0	97.76408837	1.869952809	0.3659588235	87	8	5	0.002313187288	-0.001317327043	-0.0009958602448	-871.0326213	0	23.151450749238	
871.0226213	87	8	5	0.0002139704669	0.0002150063516	97.76385085	1.870141067	0.3660080839	86.99768676	8.001317443	5.000995801	0	0	0	-871.0226213	0.0002150063516	69.8690570225046	
871.0026213	87	8	5	0.00064140403	0.0004296301725	97.76337591	1.870517477	0.3661066123	86.99306015	8.003952178	5.002987672	0	0	0	-871.0026213	0.0004296301725	93.2031554082414	
870.9626213	87	8	5	0.001495372184	0.0008586451149	97.76242615	1.87127021	0.3663036367	86.98380584	8.009222149	5.006972015	0	0	0	-870.9626213	0.0008586451149	93.2920727942936	
870.8826213	87	8	5	0.0031997418	0.001715154786	97.76052845	1.872774085	0.3666974616	86.96529311	8.019763786	5.014943104	0	0	0	-870.8826213	0.001715154786	93.5189755699886	
870.7226213	87	8	5	0.006594276002	0.003421796046	97.7567393	1.875776402	0.3674842957	86.92825127	8.040853847	5.030894879	0	0	0	-870.7226213	0.003421796046	93.9860387473832	
870.4026213	87	8	5	0.01332701808	0.006809765872	97.74918596	1.881759342	0.3690546978	86.85410203	8.083061194	5.062836772	0	0	0	-870.4026213	0.006809765872	95.0044621373579	
869.7626213	87	8	5	0.02655198113	0.01347012981	97.73418203	1.893634424	0.3721835489	86.70554422	8.167572276	5.126883503	0	0	0	-869.7626213	0.01347012981	97.0985126265789	
868.4826213	87	8	5	0.05211557926	0.02639243057	97.7045766	1.917032389	0.3783910163	86.40737912	8.337013551	5.255607331	0	0	0	-868.4826213	0.02639243057	101.199960528327	
865.9226213	87	8	5	0.09994599063	0.05071769357	97.64695915	1.96243753	0.3906033191	85.8068424	8.677608647	5.515548951	0	0	0	-865.9226213	0.05071769357	-1549.14500229138	
863.3626213	87	8	5	0.1437468044	0.04892390588	97.59137846	2.006101657	0.4025198818	85.2006391	9.020794802	5.778566099	0	0	0	-863.3626213	0.04892390588	-1481.80841427394	
860.8026213	87	8	5	0.1839841928	0.04725365584	97.53780331	2.048056773	0.414139917	84.588749	9.366623822	6.044627178	0	0	0	-860.8026213	0.04725365584	-1590.00015516047	
858.2426213	87	8	5	0.2210579503	0.0456959431	97.48620233	2.088335115	0.4254625592	83.97116675	9.715137736	6.31369551	0	0	0	-858.2426213	0.0456959431	-1702.13555371414	
855.6826213	87	8	5	0.2553108292	0.04423894764	97.43654399	2.126968926	0.4364870815	83.34790002	10.06636839	6.585731594	0	0	0	-855.6826213	0.04423894764	-1816.9653099677	
853.1226213	87	8	5	0.2870382001	0.042872284	97.38879666	2.163990494	0.4472128472	82.71897113	10.42033679	6.860692076	0	0	0	-853.1226213	0.042872284	-1934.15164189126	
850.5626213	87	8	5	0.3164958607	0.04158682421	97.34292849	2.199432231	0.4576392826	82.08441818	10.77705277	7.138529045	0	0	0	-850.5626213	0.04158682421	-2053.34535864051	
848.0026213	87	8	5	0.3439063638	0.04037451156	97.29890739	2.233326752	0.4677658539	81.44429603	11.13651462	7.419189355	0	0	0	-848.0026213	0.04037451156	-2174.16727080009	
845.4426213	87	8	5	0.3694641802	0.03922820781	97.25670102	2.265706929	0.4775920475	80.79867728	11.49870872	7.702614002	0	0	0	-845.4426213	0.03922820781	-2296.21279978689	
842.8826213	87	8	5	0.3933399387	0.03814156702	97.21627671	2.296605937	0.487117354	80.14765327	11.8636092	7.988737535	0	0	0	-842.8826213	0.03814156702	-2419.05825351762	
840.3226213	87	8	5	0.415683929	0.03710893109	97.17760145	2.326057291	0.4963412553	79.49133484	12.23117761	8.277487542	0	0	0	-840.3226213	0.03710893109	-2542.26873418066	
837.7626213	87	8	5	0.4366290117	0.03612524278	97.14064192	2.354094868	0.5052632152	78.82985318	12.60136264	8.568784181	0	0	0	-837.7626213	0.03612524278	-2665.4074933528	
835.2026213	87	8	5	0.456293051	0.03518597309	97.10536441	2.380752914	0.5138826721	78.16336036	12.97409985	8.862539794	0	0	0	-835.2026213	0.03518597309	-2788.04656040892	
832.6426213	87	8	5	0.4747809555	0.03428706035	97.07173491	2.40606605	0.522199036	77.49202985	13.34931156	9.158658592	0	0	0	-832.6426213	0.03428706035	-2909.7782987943	
830.0826213	87	8	5	0.4921864018	0.03342485899	97.03971906	2.430069258	0.5302116868	76.81605681	13.72690675	9.457036439	0	0	0	-830.0826213	0.03342485899	-3030.22724444742	
827.5226213	87	8	5	0.5085932939	0.03259609613	97.00928216	2.45279786	0.537919977	76.13565818	14.1067811	9.757560724	0	0	0	-827.5226213	0.03259609613	-3149.06185077019	
824.9626213	87	8	5	0.5240770067	0.03179783473	96.98038928	2.474287488	0.5453232364	75.45107254	14.48881711	10.06011034	0	0	0	-824.9626213	0.03179783473	-3266.00555681944	
822.4026213	87	8	5	0.538705448	0.03102744201	96.95300518	2.494574043	0.5524207788	74.7625598	14.87288441	10.36455578	0	0	0	-822.4026213	0.03102744201	-3380.84648173919	
819.8426213	87	8	5	0.5525399695	0.03028256221	96.92709445	2.513693642	0.559211913	74.07040057	15.2588401	10.67075934	0	0	0	-819.8426213	0.03028256221	-3493.44506865341	
817.2826213	87	8	5	0.5656361513	0.02956109273	96.90262149	2.53168256	0.5656959547	73.37489529	15.64652929	10.97857542	0	0	0	-817.2826213	0.02956109273	-3603.73982652514	
814.7226213	87	8	5	0.5780444788	0.02886116323	96.87955059	2.548577167	0.5718722409	72.67636316	16.03578581	11.28785103	0	0	0	-814.7226213	0.02886116323	-3711.75025683433	
812.1626213	87	8	5	0.58981093	0.02818111674	96.85784601	2.564413847	0.5777401471	71.97514075	16.42643299	11.59842626	0	0	0	-812.1626213	0.02818111674	-3817.57697836194	
809.6026213	87	8	5	0.6009774841	0.02751949258	96.83747197	2.579228925	0.5832991052	71.2715804	16.81828457	11.91013503	0	0	0	-809.6026213	0.02751949258	-3921.36692897455	
807.0426213	87	8	5	0.6115825615	0.02687500024	96.81839284	2.593058521	0.5885486413	70.56604865	17.21114566	12.22280569	0	0	0	-807.0426213	0.02687500024	-4023.49926723806	
804.4826213	87	8	5	0.6216614292	0.02624656347	96.80057291	2.605938797	0.593488294	69.85892294	17.6048146	12.53626246	0	0	0	-804.4826213	0.02624656347	-4124.15495005446	
801.9226213	87	8	5	0.6312465044	0.02563316941	96.78397704	2.617905083	0.5981178764	69.1505917	17.99908293	12.85032537	0	0	0	-801.9226213	0.02563316941	-4223.68184298351	
799.3626213	87	8	5	0.6403676797	0.02503401648	96.76857004	2.628992766	0.6024371976	68.44145012	18.39373781	13.16481206	0	0	0	-799.3626213	0.02503401648	-4322.66959216075	
796.8026213	87	8	5	0.6490525731	0.02444840659	96.75431719	2.63923652	0.606446293	67.73189823	18.78856311	13.47953866	0	0	0	-796.8026213	0.02444840659	-4421.50125097831	
794.2426213	87	8	5	0.6573267548	0.0238757491	96.74118416	2.648670473	0.6101453677	67.02233854	19.18334075	13.79432071	0	0	0	-794.2426213	0.0238757491	-4520.66894792061	
791.6826213	87	8	5	0.6652139482	0.02331555657	96.72913709	2.657328084	0.6135348286	66.31317343	19.57785218	14.10897439	0	0	0	-791.6826213	0.02331555657	-4620.70036235251	
789.1226213	87	8	5	0.6727362062	0.02276742931	96.71814263	2.665242067	0.6166153019	65.60480267	19.97187983	14.42331751	0	0	0	-789.1226213	0.02276742931	-4722.12302844747	
786.5626213	87	8	5	0.6799140662	0.02223104426	96.70816803	2.67244432	0.6193876504	64.89762099	20.36520845	14.73717056	0	0	0	-786.5626213	0.02223104426	-4825.4670542871	
784.0026213	87	8	5	0.6867666875	0.0217061436	96.69918115	2.678965863	0.6218529874	64.1920158	20.75762645	15.05035775	0	0	0	-784.0026213	0.0217061436	-4931.25688187917	
781.4426213	87	8	5	0.6933119717	0.02119252434	96.69115053	2.684836778	0.6240126895	63.48836497	21.14892713	15.36270791	0	0	0	-781.4426213	0.02119252434	-5040.00633484023	
778.8826213	87	8	5	0.69956667	0.02069002836	96.68404543	2.690086166	0.6258684064	62.78703486	21.53890982	15.67405532	0	0	0	-778.8826213	0.02069002836	-5152.21355158904	
776.3226213	87	8	5	0.7055464782	0.02019853324	96.67783583	2.694742105	0.6274220684	62.08837857	21.92738091	15.98424052	0	0	0	-776.3226213	0.02019853324	-5268.35734552658	
773.7626213	87	8	5	0.7112661204	0.01971794377	96.67249249	2.698831617	0.6286758914	61.39273428	22.31415475	16.29311097	0	0	0	-773.7626213	0.01971794377	-5388.89447823653	
771.2026213	87	8	5	0.7167394247	0.01924818433	96.66798697	2.702380653	0.629632379	60.70042401	22.69905441	16.60052159	0	0	0	-771.2026213	0.01924818433	-5514.25815038479	
768.6426213	87	8	5	0.7219793897	0.0187891921	96.6642916	2.705414073	0.6302943228	60.01175241	23.08191234	16.90633525	0	0	0	-768.6426213	0.0187891921	-5644.85705528241	
766.0826213	87	8	5	0.7269982448	0.01834091114	96.66137956	2.707955643	0.6306647996	59.32700599	23.4625709	17.21042312	0	0	0	-766.0826213	0.01834091114	-5781.07497437553	
763.5226213	87	8	5	0.7318075041	0.0179032873	96.65922479	2.710028039	0.630747167	58.6464524	23.84088265	17.51266494	0	0	0	-763.5226213	0.0179032873	-5926.47796510659	
760.9626213	87	8	5	0.736418147	0.0174767093	96.65780145	2.711653333	0.630545213	57.97033087	24.21671567	17.81295347	0	0	0	-760.9626213	0.0174767093	-6072.88461418864	
758.4026213	87	8	5	0.740840195	0.01705996602	96.6570864	2.712851054	0.6300625421	57.29888933	24.58993335	18.11117731	0	0	0	-758.4026213	0.01705996602	-6224.99860035805	
755.8426213	87	8	5	0.7450833587	0.01665394	96.65705543	2.713641136	0.6293034331	56.63232768	24.96042551	18.40724681	0	0	0	-755.8426213	0.01665394	-6388.84898076032	
753.2826213	87	8	5	0.749156736	0.01625830061	96.65768562	2.714042092	0.628272293	55.97083619	25.32808714	18.70107667	0	0	0	-753.2826213	0.01625830061	-6558.0867483244	
750.7226213	87	8	5	0.7530689133	0.01587295328	96.65895487	2.714071377	0.6269737516	55.31458629	25.69282363	18.99259009	0	0	0	-750.7226213	0.01587295328	-6734.75376939089	
748.1626213	87	8	5	0.7568279958	0.01549779213	96.66084185	2.713745488	0.6254126574	54.66373088	26.05455054	19.28171857	0	0	0	-748.1626213	0.01549779213	-6919.09210393596	
745.6026213	87	8	5	0.7604416371	0.01513269804	96.66332594	2.713079992	0.6235940639	54.01840503	26.41319332	19.56840165	0	0	0	-745.6026213	0.01513269804	-7111.31568654082	
743.0426213	87	8	5	0.7639170656	0.01477753882	96.66638722	2.712089567	0.621523215	53.37872658	26.76868688	19.85258654	0	0	0	-743.0426213	0.01477753882	-7311.62509328826	
740.4826213	87	8	5	0.7672611092	0.01443216973	96.67000643	2.710788038	0.6192055308	52.74479689	27.12097525	20.13422786	0	0	0	-740.4826213	0.01443216973	-7520.20646474803	
737.9226213	87	8	5	0.7704802186	0.014096434	96.67416499	2.709188418	0.6166465924	52.11670171	27.4700111	20.41328719	0	0	0	-737.9226213	0.014096434	-7737.23252445243	
735.3626213	87	8	5	0.7735804889	0.01377016379	96.67884493	2.707302944	0.6138521278	51.49451197	27.8157553	20.68973274	0	0	0	-735.3626213	0.01377016379	-7962.86444502115	
732.8026213	87	8	5	0.7765676802	0.01345318116	96.68402888	2.705143118	0.610827997	50.87828469	28.15817639	20.96353892	0	0	0	-732.8026213	0.01345318116	-8197.25190257965	
730.2426213	87	8	5	0.7794472367	0.01314529919	96.68970008	2.702719747	0.6075801781	50.26806387	28.49725017	21.23468596	0	0	0	-730.2426213	0.01314529919	-8440.53431816207	
727.6826213	87	8	5	0.7822243044	0.01284632315	96.69584227	2.700042976	0.6041147534	49.66388135	28.83295915	21.5031595	0	0	0	-727.6826213	0.01284632315	-8692.84144494033	
725.1226213	87	8	5	0.7849037486	0.01255605169	96.70243977	2.69712233	0.6004378961	49.06575775	29.16529208	21.76895017	0	0	0	-725.1226213	0.01255605169	-8954.29453534305	
722.5626213	87	8	5	0.7874901692	0.01227427806	96.7094774	2.693966747	0.5965558576	48.47370327	29.49424347	22.03205326	0	0	0	-722.5626213	0.01227427806	-9225.00670562512	
720.0026213	87	8	5	0.7899879165	0.01200079125	96.71694043	2.690584613	0.5924749549	47.8877186	29.81981314	22.29246826	0	0	0	-720.0026213	0.01200079125	-9505.08296060634	
717.4426213	87	8	5	0.7924011051	0.0117353771	96.72481464	2.686983797	0.5882015593	47.30779568	30.14200575	22.55019857	0	0	0	-717.4426213	0.0117353771	-9794.62143708746	
714.8826213	87	8	5	0.7947336272	0.01147781938	96.73308624	2.683171677	0.5837420849	46.73391851	30.46083039	22.8052511	0	0	0	-714.8826213	0.01147781938	-10093.7132511128	
712.3226213	87	8	5	0.7969891656	0.01122790074	96.74174184	2.679155177	0.5791029782	46.16606387	30.77630014	23.05763599	0	0	0	-712.3226213	0.01122790074	-10402.4433230315	
709.7626213	87	8	5	0.7991712055	0.01098540366	96.7507685	2.674940791	0.5742907081	45.60420208	31.0884317	23.30736622	0	0	0	-709.7626213	0.01098540366	-10720.8907325314	
707.2026213	87	8	5	0.8012830456	0.01075011125	96.76015363	2.670534611	0.5693117565	45.04829759	31.39724503	23.55445738	0	0	0	-707.2026213	0.01075011125	-11049.1288130667	
704.6426213	87	8	5	0.8033278094	0.01052180802	96.76988504	2.665942351	0.5641726097	44.49830966	31.70276297	23.79892737	0	0	0	-704.6426213	0.01052180802	-11387.2250401092	
702.0826213	87	8	5	0.8053084545	0.01030028051	96.77995088	2.661169374	0.5588797497	43.95419294	32.00501094	24.04079612	0	0	0	-702.0826213	0.01030028051	-11735.2413177238	
699.5226213	87	8	5	0.8072277825	0.0100853179	96.79033964	2.656220713	0.5534396467	43.41589798	32.30401665	24.28008537	0	0	0	-699.5226213	0.0100853179	-12093.2365038563	
696.9626213	87	8	5	0.8090884479	0.009876712572	96.80104016	2.65110109	0.5478587521	42.88337177	32.59980978	24.51681845	0	0	0	-696.9626213	0.009876712572	-12461.2604126845	
694.4026213	87	8	5	0.8108929664	0.009674260364	96.81204157	2.645814939	0.542143491	42.35655822	32.89242176	24.75102003	0	0	0	-694.4026213	0.009674260364	-12839.3623028321	
691.8426213	87	8	5	0.8126437231	0.00947776125	96.82333332	2.640366423	0.5363002568	41.83539854	33.18188548	24.98271598	0	0	0	-691.8426213	0.00947776125	-13227.5859752693	
689.2826213	87	8	5	0.8143429796	0.009287019343	96.83490515	2.634759448	0.5303354045	41.31983169	33.46823513	25.21193317	0	0	0	-689.2826213	0.009287019343	-13625.9674405418	
686.7226213	87	8	5	0.8159928813	0.009101843331	96.84674707	2.628997686	0.5242552457	40.80979473	33.75150596	25.43869931	0	0	0	-686.7226213	0.009101843331	-14034.5417831237	
684.1626213	87	8	5	0.817595464	0.008922046617	96.85884937	2.623084583	0.5180660431	40.30522312	34.0317341	25.66304278	0	0	0	-684.1626213	0.008922046617	-14453.3381655007	
681.6026213	87	8	5	0.8191526601	0.008747447484	96.87120262	2.617023378	0.5117740062	39.80605108	34.30895639	25.88499253	0	0	0	-681.6026213	0.008747447484	-14882.3815529388	
679.0426213	87	8	5	0.8206663043	0.008577869201	96.8837976	2.610817111	0.5053852863	39.31221182	34.58321021	26.10457797	0	0	0	-679.0426213	0.008577869201	-15321.6924747285	
676.4826213	87	8	5	0.8221381395	0.008413140099	96.89662539	2.60446864	0.4989059728	38.82363781	34.85453341	26.32182878	0	0	0	-676.4826213	0.008413140099	-15771.2871430067	
673.9226213	87	8	5	0.8235698216	0.008253093609	96.90967726	2.59798065	0.4923420889	38.34026101	35.12296407	26.53677491	0	0	0	-673.9226213	0.008253093609	-16231.1776504581	
671.3626213	87	8	5	0.8249629248	0.008097568278	96.92294475	2.591355662	0.4856995886	37.86201307	35.3885405	26.74944642	0	0	0	-671.3626213	0.008097568278	-16701.3716375218	
668.8026213	87	8	5	0.8263189456	0.007946407746	96.9364196	2.584596044	0.4789843526	37.38882551	35.65130106	26.95987343	0	0	0	-668.8026213	0.007946407746	-17181.8724322939	
666.2426213	87	8	5	0.8276393078	0.007799460716	96.95009379	2.577704022	0.4722021857	36.92062988	35.91128409	27.16808603	0	0	0	-666.2426213	0.007799460716	-17672.6791944589	
663.6826213	87	8	5	0.8289253661	0.007656580894	96.9639595	2.570681684	0.4653588136	36.45735793	36.16852784	27.37411423	0	0	0	-663.6826213	0.007656580894	-18173.7865455273	
661.1226213	87	8	5	0.8301784101	0.007517626917	96.97800913	2.563530991	0.4584598803	35.99894172	36.42307039	27.57798788	0	0	0	-661.1226213	0.007517626917	-18685.1849212735	
658.5626213	87	8	5	0.8313996677	0.00738246227	96.99223527	2.556253785	0.4515109454	35.54531373	36.67494959	27.77973668	0	0	0	-658.5626213	0.00738246227	-19206.8604687952	
656.0026213	87	8	5	0.8325903087	0.007250955188	97.00663073	2.548851791	0.444517482	35.096407	36.92420297	27.97939003	0	0	0	-656.0026213	0.007250955188	-19738.7948447975	
653.4426213	87	8	5	0.8337514481	0.00712297855	97.0211885	2.541326627	0.4374848739	34.65215518	37.17086773	28.17697709	0	0	0	-653.4426213	0.00712297855	-20280.9649962611	
650.8826213	87	8	5	0.8348841486	0.006998409763	97.03590177	2.533679812	0.4304184141	34.21249261	37.41498069	28.3725267	0	0	0	-650.8826213	0.006998409763	-20833.3438580686	
648.3226213	87	8	5	0.8359894238	0.006877130652	97.05076393	2.525912765	0.4233233026	33.77735445	37.65657822	28.56606733	0	0	0	-648.3226213	0.006877130652	-21395.899745535	
645.7626213	87	8	5	0.8370682408	0.006759027328	97.06576854	2.518026816	0.4162046442	33.34667665	37.89569624	28.75762711	0	0	0	-645.7626213	0.006759027328	-21968.596064406	
643.2026213	87	8	5	0.8381215227	0.006643990067	97.08090935	2.510023207	0.4090674477	32.92039606	38.13237018	28.94723376	0	0	0	-643.2026213	0.006643990067	-22551.3918273622	
640.6426213	87	8	5	0.8391501505	0.006531913181	97.09618028	2.501903097	0.4019166232	32.49845047	38.36663495	29.13491458	0	0	0	-640.6426213	0.006531913181	-23144.2414859624	
638.0826213	87	8	5	0.8401549661	0.006422694892	97.11157545	2.493667569	0.3947569816	32.08077863	38.59852491	29.32069646	0	0	0	-638.0826213	0.006422694892	-23747.0945083883	
635.5226213	87	8	5	0.8411367737	0.006316237199	97.12708914	2.485317631	0.3875932325	31.66732028	38.82807388	29.50460584	0	0	0	-635.5226213	0.006316237199	-24359.895513745	
632.9626213	87	8	5	0.8420963422	0.006212445754	97.1427158	2.476854218	0.3804299833	31.25801619	39.05531511	29.6866687	0	0	0	-632.9626213	0.006212445754	-24982.5843772373	
630.4026213	87	8	5	0.8430344065	0.006111229733	97.15845006	2.468278201	0.3732717377	30.85280817	39.28028128	29.86691055	0	0	0	-630.4026213	0.006111229733	-25615.0961644996	
627.8426213	87	8	5	0.8439516699	0.006012501714	97.17428672	2.459590386	0.3661228949	30.45163908	39.50300445	30.04535647	0	0	0	-627.8426213	0.006012501714	-26257.3607737143	
625.2826213	87	8	5	0.8448488054	0.00591617755	97.19022074	2.450791515	0.3589877484	30.05445286	39.72351611	30.22203103	0	0	0	-625.2826213	0.00591617755	-26909.302400762	
622.7226213	87	8	5	0.8457264569	0.005822176248	97.20624724	2.441882275	0.3518704851	29.66119453	39.94184714	30.39695833	0	0	0	-622.7226213	0.005822176248	-27570.8409555707	
620.1626213	87	8	5	0.8465852414	0.005730419858	97.22236152	2.432863296	0.3447751845	29.27181017	40.15802782	30.57016201	0	0	0	-620.1626213	0.005730419858	-28241.8907060376	
617.6026213	87	8	5	0.8474257497	0.005640833349	97.23855903	2.423735154	0.3377058176	28.88624697	40.37208781	30.74166522	0	0	0	-617.6026213	0.005640833349	-28922.3600089421	
615.0426213	87	8	5	0.8482485481	0.005553344502	97.25483538	2.414498377	0.3306662466	28.50445317	40.5840562	30.91149062	0	0	0	-615.0426213	0.005553344502	-29612.1526092743	
612.4826213	87	8	5	0.8490541793	0.005467883802	97.27118634	2.40515344	0.3236602242	28.12637812	40.79396145	31.07966043	0	0	0	-612.4826213	0.005467883802	-30311.4686554798	
609.9226213	87	8	5	0.8498431643	0.005384385939	97.28760783	2.39570078	0.3166913921	27.75197224	41.00183143	31.24619633	0	0	0	-609.9226213	0.005384385939	-31019.5642622684	
607.3626213	87	8	5	0.8506160019	0.00530278318	97.30409594	2.386140778	0.3097632827	27.381187	41.20769339	31.41111961	0	0	0	-607.3626213	0.00530278318	-31736.3845296192	
604.8026213	87	8	5	0.8513731715	0.005223015196	97.3206469	2.376473779	0.3028793169	27.01397493	41.41157402	31.57445104	0	0	0	-604.8026213	0.005223015196	-32462.3902115286	
602.2426213	87	8	5	0.852115133	0.005145022261	97.33725711	2.366700087	0.296042804	26.65028963	41.61349941	31.73621096	0	0	0	-602.2426213	0.005145022261	-33197.1508921639	
599.6826213	87	8	5	0.852842328	0.005068746854	97.35392309	2.356819965	0.2892569417	26.29008571	41.81349505	31.89641923	0	0	0	-599.6826213	0.005068746854	-33940.5341444155	
597.1226213	87	8	5	0.8535551809	0.004994133572	97.37064154	2.346833642	0.2825248161	25.93331884	42.01158589	32.05509527	0	0	0	-597.1226213	0.004994133572	-34692.4029871958	
594.5626213	87	8	5	0.8542540993	0.00492112905	97.38740929	2.336741308	0.275849401	25.57994567	42.20779628	32.21225805	0	0	0	-594.5626213	0.00492112905	-35452.6133980119	
592.0026213	87	8	5	0.854939475	0.00484968187	97.40422332	2.326543123	0.2692335584	25.22992388	42.40215002	32.3679261	0	0	0	-592.0026213	0.00484968187	-36221.0147813441	
589.4426213	87	8	5	0.8556116849	0.004779742489	97.42108075	2.316239212	0.2626800382	24.88321212	42.59467037	32.52211751	0	0	0	-589.4426213	0.004779742489	-36997.450232201	
586.8826213	87	8	5	0.8562710912	0.004711263157	97.43797885	2.305829671	0.2561914785	24.53977002	42.78538001	32.67484997	0	0	0	-586.8826213	0.004711263157	-37781.7567692031	
584.3226213	87	8	5	0.8569180424	0.004644197851	97.45491503	2.295314563	0.2497704056	24.19955817	42.97430112	32.82614071	0	0	0	-584.3226213	0.004644197851	-38573.7641418324	
581.7626213	87	8	5	0.8575528742	0.004578502196	97.47188684	2.284693928	0.2434192344	23.8625381	43.16145533	32.97600657	0	0	0	-581.7626213	0.004578502196	-39373.0810674564	
579.2026213	87	8	5	0.8581759093	0.004514132726	97.48889196	2.27396777	0.2371402693	23.52867226	43.34686372	33.12446402	0	0	0	-579.2026213	0.004514132726	-40179.9817030743	
576.6426213	87	8	5	0.8587874588	0.004451049595	97.50592822	2.26313608	0.2309357023	23.19792404	43.53054692	33.27152904	0	0	0	-576.6426213	0.004451049595	-40994.227891473	
574.0826213	87	8	5	0.8593878222	0.004389212249	97.52299356	2.252198823	0.2248076158	22.87025771	43.712525	33.41721729	0	0	0	-574.0826213	0.004389212249	-41815.1990964754	
571.5226213	87	8	5	0.8599772881	0.004328582275	97.54008608	2.241155938	0.2187579824	22.54563843	43.89281757	33.561544	0	0	0	-571.5226213	0.004328582275	-42642.9158602289	
568.9626213	87	8	5	0.8605561345	0.004269122605	97.55720399	2.230007343	0.2127886654	22.22403222	44.07144372	33.70452406	0	0	0	-568.9626213	0.004269122605	-43477.1660854652	
566.4026213	87	8	5	0.8611246295	0.004210797456	97.57434564	2.218752938	0.2069014194	21.90540597	44.24842209	33.84617195	0	0	0	-566.4026213	0.004210797456	-44317.7293346038	
563.8426213	87	8	5	0.8616830317	0.00415357228	97.5915095	2.207392604	0.2010978915	21.58972738	44.42377082	33.9865018	0	0	0	-563.8426213	0.00415357228	-45164.3777681249	
561.2826213	87	8	5	0.8622315902	0.004097413712	97.60869417	2.195926205	0.1953796213	21.27696499	44.5975076	34.1255274	0	0	0	-561.2826213	0.004097413712	-46016.8765170349	
558.7226213	87	8	5	0.8627705457	0.004042289525	97.62589837	2.184353589	0.1897480425	20.96708817	44.76964967	34.26326217	0	0	0	-558.7226213	0.004042289525	-46874.9830482543	
556.1626213	87	8	5	0.8633001301	0.003988168581	97.64312093	2.172674589	0.1842044834	20.66006703	44.9402138	34.39971917	0	0	0	-556.1626213	0.003988168581	-47738.4463761562	
553.6026213	87	8	5	0.8638205676	0.003935020788	97.66036081	2.160889026	0.1787501681	20.35587251	45.10921635	34.53491114	0	0	0	-553.6026213	0.003935020788	-48607.0077668026	
551.0426213	87	8	5	0.8643320743	0.003882817057	97.67761707	2.148996709	0.1733862175	20.0544763	45.27667322	34.66885048	0	0	0	-551.0426213	0.003882817057	-49480.40142694	
548.4826213	87	8	5	0.8648348592	0.003831529264	97.69488891	2.136997438	0.1681136506	19.75585082	45.4425999	34.80154928	0	0	0	-548.4826213	0.003831529264	-50358.3526909775	
545.9226213	87	8	5	0.8653291239	0.003781130207	97.71217561	2.124891	0.1629333856	19.45996925	45.60701147	34.93301928	0	0	0	-545.9226213	0.003781130207	-51240.578917119	
543.3626213	87	8	5	0.8658150632	0.003731593573	97.72947658	2.11267718	0.1578462411	19.16680549	45.76992258	35.06327193	0	0	0	-543.3626213	0.003731593573	-52126.7901260196	
540.8026213	87	8	5	0.8662928655	0.0036828939	97.74679131	2.100355753	0.1528529375	18.87633415	45.9313475	35.19231835	0	0	0	-540.8026213	0.0036828939	-53016.6881684675	
538.2426213	87	8	5	0.8667627128	0.003635006545	97.76411941	2.087926489	0.1479540987	18.58853055	46.09130008	35.32016938	0	0	0	-538.2426213	0.003635006545	-53909.9659524094	
535.6826213	87	8	5	0.8672247811	0.003587907648	97.78146059	2.075389159	0.1431502532	18.30337067	46.2497938	35.44683554	0	0	0	-535.6826213	0.003587907648	-54806.3094306661	
533.1226213	87	8	5	0.8676792403	0.003541574106	97.79881464	2.062743527	0.1384418356	18.02083118	46.40684175	35.57232707	0	0	0	-533.1226213	0.003541574106	-55705.3951399732	
530.5626213	87	8	5	0.868126255	0.003495983536	97.81618145	2.049989361	0.1338291887	17.74088943	46.56245665	35.69665392	0	0	0	-530.5626213	0.003495983536	-56606.8933561588	
528.0026213	87	8	5	0.8685659844	0.003451114256	97.83356101	2.037126427	0.1293125647	17.46352338	46.71665085	35.81982577	0	0	0	-528.0026213	0.003451114256	-57510.4660798854	
525.4426213	87	8	5	0.8689985824	0.003406945248	97.85095338	2.024154498	0.124892127	17.18871167	46.86943633	35.94185201	0	0	0	-525.4426213	0.003406945248	-58415.7648549657	
522.8826213	87	8	5	0.8694241979	0.003363456137	97.8683587	2.011073347	0.1205679522	16.91643354	47.02082472	36.06274175	0	0	0	-522.8826213	0.003363456137	-59322.4366892631	
520.3226213	87	8	5	0.8698429751	0.003320627166	97.88577721	1.997882757	0.1163400317	16.64666885	47.17082729	36.18250385	0	0	0	-520.3226213	0.003320627166	-60230.1196811101	
517.7626213	87	8	5	0.8702550535	0.00327843917	97.90320921	1.984582517	0.1122082738	16.3793981	47.31945499	36.30114691	0	0	0	-517.7626213	0.00327843917	-61138.4444781166	
515.2026213	87	8	5	0.8706605682	0.003236873555	97.92065507	1.971172425	0.1081725053	16.11460234	47.4667184	36.41867926	0	0	0	-515.2026213	0.003236873555	-62047.0334928285	
512.6426213	87	8	5	0.8710596499	0.003195912273	97.93811523	1.957652293	0.1042324739	15.85226324	47.61262779	36.53510897	0	0	0	-512.6426213	0.003195912273	-62955.5036462982	
510.0826213	87	8	5	0.8714524254	0.003155537806	97.95559021	1.944021945	0.10038785	15.59236304	47.75719307	36.65044389	0	0	0	-510.0826213	0.003155537806	-63863.4649529336	
507.5226213	87	8	5	0.8718390173	0.003115733141	97.97308055	1.930281218	0.09663822885	15.33488454	47.90042387	36.7646916	0	0	0	-507.5226213	0.003115733141	-64770.5172200101	
504.9626213	87	8	5	0.8722195444	0.003076481751	97.9905869	1.91642997	0.09298313265	15.0798111	48.04232946	36.87785944	0	0	0	-504.9626213	0.003076481751	-65676.2576307219	
502.4026213	87	8	5	0.8725941218	0.003037767581	98.00810991	1.902468074	0.08942201274	14.82712666	48.18291882	36.98995452	0	0	0	-502.4026213	0.003037767581	-66580.2772970003	
499.8426213	87	8	5	0.872962861	0.002999575026	98.02565032	1.888395427	0.08595425182	14.57681566	48.32220061	37.10098373	0	0	0	-499.8426213	0.002999575026	-67482.1587780605	
497.2826213	87	8	5	0.8733258701	0.002961888915	98.04320889	1.874211949	0.08257916619	14.3288631	48.4601832	37.2109537	0	0	0	-497.2826213	0.002961888915	-68381.4819050459	
494.7226213	87	8	5	0.8736832538	0.002924694497	98.06078641	1.859917582	0.07929600802	14.0832545	48.59687464	37.31987086	0	0	0	-494.7226213	0.002924694497	-69277.8192717983	
492.1626213	87	8	5	0.8740351136	0.002887977421	98.07838373	1.845512298	0.07610396767	13.8399759	48.7322827	37.4277414	0	0	0	-492.1626213	0.002887977421	-70170.7422625158	
489.6026213	87	8	5	0.8743815479	0.002851723729	98.09600173	1.830996098	0.07300217602	13.59901385	48.86641485	37.53457131	0	0	0	-489.6026213	0.002851723729	-71059.8149462379	
487.0426213	87	8	5	0.874722652	0.002815919831	98.11364128	1.816369015	0.06998970685	13.36035539	48.99927827	37.64036634	0	0	0	-487.0426213	0.002815919831	-71944.5989921303	
484.4826213	87	8	5	0.8750585184	0.002780552503	98.1313033	1.801631116	0.06706557924	13.12398808	49.13087987	37.74513205	0	0	0	-484.4826213	0.002780552503	-72824.6561579475	
481.9226213	87	8	5	0.8753892368	0.002745608866	98.14898874	1.786782503	0.06422875994	12.88989996	49.26122627	37.84887377	0	0	0	-481.9226213	0.002745608866	-73699.5403192819	
479.3626213	87	8	5	0.875714894	0.002711076376	98.16669852	1.771823318	0.06147816583	12.65807955	49.39032381	37.95159665	0	0	0	-479.3626213	0.002711076376	-74568.8089469904	
476.8026213	87	8	5	0.8760355742	0.002676942815	98.18443359	1.756753745	0.05881266634	12.42851583	49.51817856	38.05330561	0	0	0	-476.8026213	0.002676942815	-75432.0174802071	
474.2426213	87	8	5	0.8763513593	0.002643196276	98.2021949	1.74157401	0.05623108592	12.20119828	49.64479633	38.15400538	0	0	0	-474.2426213	0.002643196276	-76288.720188992	
471.6826213	87	8	5	0.8766623285	0.002609825155	98.21998341	1.726284388	0.0537322065	11.97611683	49.77018267	38.2537005	0	0	0	-471.6826213	0.002609825155	-77138.4728284356	
469.1226213	87	8	5	0.8769685585	0.002576818139	98.23780003	1.7108852	0.05131476991	11.75326186	49.89434284	38.3523953	0	0	0	-469.1226213	0.002576818139	-77980.8338054144	
466.5626213	87	8	5	0.877270124	0.002544164199	98.2556457	1.695376822	0.04897748042	11.53262419	50.01728187	38.45009394	0	0	0	-466.5626213	0.002544164199	-78815.3624912728	
464.0026213	87	8	5	0.8775670972	0.002511852577	98.27352131	1.679759682	0.04671900716	11.31419512	50.13900452	38.54680036	0	0	0	-464.0026213	0.002511852577	-79641.6241941693	
461.4426213	87	8	5	0.8778595482	0.002479872783	98.29142775	1.664034266	0.04453798657	11.09796636	50.2595153	38.64251833	0	0	0	-461.4426213	0.002479872783	-80459.1871190405	
458.8826213	87	8	5	0.878147545	0.00244821458	98.30936585	1.648201121	0.04243302489	10.88393006	50.37881849	38.73725145	0	0	0	-458.8826213	0.00244821458	-81267.6253409353	
456.3226213	87	8	5	0.8784311535	0.002416867983	98.32733644	1.632260856	0.04040270058	10.67207878	50.4969181	38.83100311	0	0	0	-456.3226213	0.002416867983	-82066.5220308656	
453.7626213	87	8	5	0.8787104378	0.002385823247	98.34534029	1.616214146	0.03844556675	10.46240554	50.61381791	38.92377654	0	0	0	-453.7626213	0.002385823247	-82855.4661536563	
451.2026213	87	8	5	0.8789854597	0.002355070863	98.36337811	1.600061738	0.03656015357	10.25490374	50.72952147	39.01557479	0	0	0	-451.2026213	0.002355070863	-83634.0560233756	
448.6426213	87	8	5	0.8792562795	0.002324601549	98.38145058	1.583804446	0.0347449707	10.0495672	50.84403207	39.10640074	0	0	0	-448.6426213	0.002324601549	-84401.9024948422	
446.0826213	87	8	5	0.8795229556	0.002294406248	98.39955833	1.567443163	0.03299850957	9.846390136	50.95735278	39.19625708	0	0	0	-446.0826213	0.002294406248	-85158.6274571765	
443.5226213	87	8	5	0.8797855444	0.002264476118	98.41770189	1.550978861	0.03131924583	9.645367178	51.06948647	39.28514635	0	0	0	-443.5226213	0.002264476118	-85903.8643322624	
440.9626213	87	8	5	0.8800441009	0.00223480253	98.43588177	1.534412589	0.02970564158	9.446493332	51.18043574	39.37307093	0	0	0	-440.9626213	0.00223480253	-86637.2636651531	
438.4026213	87	8	5	0.8802986783	0.002205377062	98.45409837	1.517745487	0.02815614768	9.249763996	51.29020299	39.46003302	0	0	0	-438.4026213	0.002205377062	-87358.4937754241	
435.8426213	87	8	5	0.8805493281	0.002176191497	98.47235202	1.500978778	0.026669206	9.055174943	51.3987904	39.54603465	0	0	0	-435.8426213	0.002176191497	-88067.2378556505	
433.2826213	87	8	5	0.8807961005	0.002147237815	98.49064297	1.484113778	0.02524325163	8.862722321	51.50619994	39.63107774	0	0	0	-433.2826213	0.002147237815	-88763.1943203719	
430.7226213	87	8	5	0.881039044	0.002118508191	98.50897139	1.4671519	0.02387671502	8.672402643	51.61243336	39.715164	0	0	0	-430.7226213	0.002118508191	-89446.0907748698	
428.1626213	87	8	5	0.8812782055	0.002089994996	98.52733732	1.450094651	0.02256802412	8.484212783	51.71749221	39.79829501	0	0	0	-428.1626213	0.002089994996	-90115.6719642066	
425.6026213	87	8	5	0.8815136308	0.002061690787	98.54574075	1.432943643	0.02131560647	8.298149966	51.82137782	39.88047222	0	0	0	-425.6026213	0.002061690787	-90771.7083909234	
423.0426213	87	8	5	0.881745364	0.002033588313	98.56418152	1.415700591	0.02011789119	8.114211765	51.92409133	39.9616969	0	0	0	-423.0426213	0.002033588313	-91413.9943389273	
420.4826213	87	8	5	0.881973448	0.002005680504	98.58265937	1.398367318	0.01897331097	7.932396089	52.0256337	40.04197021	0	0	0	-420.4826213	0.002005680504	-92042.3522352444	
417.9226213	87	8	5	0.8821979243	0.001977960479	98.60117394	1.38094576	0.01788030401	7.752701179	52.12600568	40.12129314	0	0	0	-417.9226213	0.001977960479	-92656.6338295765	
415.3626213	87	8	5	0.8824188333	0.001950421536	98.61972472	1.363437967	0.01683731586	7.5751256	52.22520784	40.19966656	0	0	0	-415.3626213	0.001950421536	-93256.7161991148	
412.8026213	87	8	5	0.8826362141	0.001923057157	98.63831109	1.345846108	0.01584280124	7.399668232	52.32324055	40.27709122	0	0	0	-412.8026213	0.001923057157	-93842.5114580363	
410.2426213	87	8	5	0.8828501044	0.001895861004	98.6569323	1.328172472	0.01489522576	7.22632826	52.42010402	40.35356772	0	0	0	-410.2426213	0.001895861004	-94413.9676170118	
407.6826213	87	8	5	0.883060541	0.001868826924	98.67558746	1.310419475	0.01399306764	7.055105168	52.51579829	40.42909654	0	0	0	-407.6826213	0.001868826924	-94971.0774528353	
405.1226213	87	8	5	0.8832675594	0.00184194895	98.69427552	1.292589661	0.0131348193	6.88599873	52.61032323	40.50367804	0	0	0	-405.1226213	0.00184194895	-95513.8595839976	
402.5626213	87	8	5	0.8834711942	0.001815221295	98.71299531	1.274685704	0.01231898893	6.719008994	52.70367852	40.57731248	0	0	0	-402.5626213	0.001815221295	-96042.3637125809	
400.0026213	87	8	5	0.8836714788	0.001788638356	98.73174548	1.256710414	0.01154410198	6.554136281	52.79586373	40.64999999	0	0	0	-400.0026213	0.001788638356	-96556.6883231694	
397.4426213	87	8	5	0.8838684455	0.001762194718	98.75052456	1.238666738	0.01080870253	6.391381167	52.88687825	40.72174058	0	0	0	-397.4426213	0.001762194718	-97056.9756623161	
394.8826213	87	8	5	0.8840621258	0.001735885155	98.76933088	1.220557765	0.01011135471	6.230744475	52.97672132	40.7925342	0	0	0	-394.8826213	0.001735885155	-97543.4025979519	
392.3226213	87	8	5	0.8842525502	0.001709704629	98.78816263	1.202386727	0.009450643902	6.072227263	53.06539207	40.86238067	0	0	0	-392.3226213	0.001709704629	-98016.1972922248	
389.7626213	87	8	5	0.8844397481	0.0016836483	98.80701782	1.184157001	0.008825177996	5.915830811	53.15288947	40.93127972	0	0	0	-389.7626213	0.0016836483	-98475.6371383627	
387.2026213	87	8	5	0.8846237483	0.001657711524	98.8258943	1.165872116	0.008233588492	5.761556607	53.23921239	40.999231	0	0	0	-387.2026213	0.001657711524	-98922.0376572918	
384.6426213	87	8	5	0.8848045785	0.001631889857	98.84478972	1.14753575	0.007674531562	5.609406336	53.32435957	41.06623409	0	0	0	-384.6426213	0.001631889857	-99355.7691967397	
382.0826213	87	8	5	0.8849822657	0.001606179062	98.86370157	1.129151737	0.007146689032	5.459381862	53.40832965	41.13228848	0	0	0	-382.0826213	0.001606179062	-99777.2529816802	
379.5226213	87	8	5	0.8851568361	0.001580575111	98.88262717	1.110724066	0.006648769291	5.311485215	53.49112117	41.19739361	0	0	0	-379.5226213	0.001580575111	-100186.961083211	
376.9626213	87	8	5	0.885328315	0.001555074192	98.90156361	1.092256885	0.006179508118	5.165718576	53.57273259	41.26154884	0	0	0	-376.9626213	0.001555074192	-100585.413976643	
374.4026213	87	8	5	0.8854967273	0.00152967271	98.92050783	1.073754502	0.005737669445	5.022084255	53.65316226	41.32475348	0	0	0	-374.4026213	0.00152967271	-100973.192338213	
371.8426213	87	8	5	0.8856620968	0.0015043673	98.93945657	1.055221387	0.005322046039	4.88058468	53.7324085	41.38700682	0	0	0	-371.8426213	0.0015043673	-101350.934614548	
369.2826213	87	8	5	0.8858244469	0.001479154827	98.95840637	1.036662172	0.004931460109	4.741222374	53.81046954	41.44830809	0	0	0	-369.2826213	0.001479154827	-101719.327076567	
366.7226213	87	8	5	0.8859838004	0.001454032394	98.97735358	1.018081654	0.004564763843	4.603999936	53.88734358	41.50865649	0	0	0	-366.7226213	0.001454032394	-102079.119419597	
364.1626213	87	8	5	0.8861401793	0.00142899735	98.99629437	0.9994847947	0.00422083987	4.468920023	53.96302877	41.5680512	0	0	0	-364.1626213	0.00142899735	-102431.120658535	
361.6026213	87	8	5	0.8862936052	0.001404047296	99.01522468	0.9808767212	0.003898601651	4.335985326	54.03752326	41.62649142	0	0	0	-361.6026213	0.001404047296	-102776.201152888	
359.0426213	87	8	5	0.8864440991	0.001379180094	99.03414028	0.962262726	0.0035969938	4.205198547	54.11082515	41.6839763	0	0	0	-359.0426213	0.001379180094	-103115.292526961	
356.4826213	87	8	5	0.8865916816	0.001354393873	99.05303674	0.9436482667	0.003314992329	4.076562378	54.18293258	41.74050504	0	0	0	-356.4826213	0.001354393873	-103449.385728322	
353.9226213	87	8	5	0.8867363727	0.001329687037	99.07190943	0.925038966	0.003051604834	3.950079475	54.25384368	41.79607685	0	0	0	-353.9226213	0.001329687037	-103779.543795307	
351.3626213	87	8	5	0.8868781921	0.001305058277	99.09075352	0.9064406101	0.002805870606	3.825752432	54.32355662	41.85069095	0	0	0	-351.3626213	0.001305058277	-104106.889635751	
348.8026213	87	8	5	0.8870171592	0.001280506573	99.10956399	0.8878591474	0.00257686068	3.703583757	54.39206962	41.90434662	0	0	0	-348.8026213	0.001280506573	-104432.61317458	
346.2426213	87	8	5	0.8871532927	0.001256031209	99.12833564	0.8693006871	0.002363677817	3.583575838	54.45938096	41.9570432	0	0	0	-346.2426213	0.001256031209	-104757.980513452	
343.6826213	87	8	5	0.8872866115	0.001231631779	99.14706305	0.8507714963	0.002165456431	3.465730922	54.52548898	42.0087801	0	0	0	-343.6826213	0.001231631779	-105084.320400919	
341.1226213	87	8	5	0.8874171337	0.001207308195	99.16574064	0.8322779975	0.001981362448	3.350051079	54.59039215	42.05955678	0	0	0	-341.1226213	0.001207308195	-105413.040748259	
338.5626213	87	8	5	0.8875448776	0.0011830607	99.18436264	0.8138267651	0.001810593115	3.236538171	54.65408901	42.10937282	0	0	0	-338.5626213	0.0011830607	-105745.619646448	
336.0026213	87	8	5	0.887669861	0.001158889871	99.2029231	0.7954245215	0.001652376743	3.125193826	54.71657827	42.1582279	0	0	0	-336.0026213	0.001158889871	-106083.61230755	
333.4426213	87	8	5	0.8877921018	0.001134796634	99.22141589	0.7770781331	0.00150597241	3.016019394	54.77785878	42.20612183	0	0	0	-333.4426213	0.001134796634	-106428.66031082	
330.8826213	87	8	5	0.8879116177	0.00111078227	99.23983473	0.7587946046	0.001370669602	2.909015922	54.83792954	42.25305453	0	0	0	-330.8826213	0.00111078227	-106782.479864253	
328.3226213	87	8	5	0.8880284261	0.001086848423	99.25817314	0.7405810738	0.001245787812	2.804184115	54.89678977	42.29902611	0	0	0	-328.3226213	0.001086848423	-107146.876891478	
325.7626213	87	8	5	0.8881425448	0.001062997111	99.27642452	0.7224448052	0.001130676096	2.701524298	54.95443888	42.34403682	0	0	0	-325.7626213	0.001062997111	-107523.747371301	
323.2026213	87	8	5	0.8882539913	0.001039230732	99.2945821	0.7043931833	0.001024712573	2.601036377	55.01087652	42.3880871	0	0	0	-323.2026213	0.001039230732	-107915.073996222	
320.6426213	87	8	5	0.8883627832	0.001015552071	99.31263899	0.6864337045	0.0009273039031	2.502719808	55.06610261	42.43117759	0	0	0	-320.6426213	0.001015552071	-108322.94073006	
318.0826213	87	8	5	0.8884689383	0.0009919643096	99.33058815	0.6685739696	0.000837884716	2.406573549	55.12011731	42.47330914	0	0	0	-318.0826213	0.0009919643096	-108749.538946849	
315.5226213	87	8	5	0.8885724745	0.0009684710324	99.34842241	0.6508216743	0.0007559170072	2.312596024	55.17292113	42.51448285	0	0	0	-315.5226213	0.0009684710324	-109197.162677398	
312.9626213	87	8	5	0.88867341	0.0009450762308	99.36613451	0.6331845998	0.0006808895061	2.220785082	55.22451486	42.55470006	0	0	0	-312.9626213	0.0009450762308	-109668.218446861	
310.4026213	87	8	5	0.8887717629	0.0009217843095	99.38371708	0.6156706025	0.0006123170124	2.131137954	55.27489967	42.59396238	0	0	0	-310.4026213	0.0009217843095	-110165.235614245	
307.8426213	87	8	5	0.888867552	0.0008986000901	99.40116266	0.598287603	0.0005497397082	2.043651212	55.32407708	42.63227171	0	0	0	-307.8426213	0.0008986000901	-110690.872684345	
305.2826213	87	8	5	0.8889607962	0.000875528815	99.4184637	0.5810435742	0.0004927224465	1.958320727	55.37204902	42.66963025	0	0	0	-305.2826213	0.000875528815	-111247.924639011	
302.7226213	87	8	5	0.8890515147	0.0008525761483	99.43561262	0.5639465288	0.0004408540207	1.875141625	55.41881784	42.70604054	0	0	0	-302.7226213	0.0008525761483	-111839.332433587	
300.1626213	87	8	5	0.8891397275	0.0008297481772	99.45260175	0.5470045064	0.0003937464157	1.794108245	55.46438633	42.74150543	0	0	0	-300.1626213	0.0008297481772	-108951.526171526	
300	87	8	5	0.8891452475	5.196561671E-05	99.4536754	0.5459336905	0.0003909061886	1.78903297	55.46724039	42.74372664	0	0	0	-300	5.196561671E-05	108533.359685773	
