T	w(AL)	fs	fw(@FCC_A1)	w(AL@FCC_A1)	w(AL@LIQUID)	dwdT_L(AL@LIQUID)	-T	fw(@FCC_A1)_1	-T//fw(@FCC_A1)	
K	%	mole/mole	kg/kg	%	%	SI				
933.471	100	0	0	100	100	0	-933.471	0	0.0201672000000599	
933.4508328	100	1	1	100			-933.4508328	1	0.0201672000000599	
933.4308328	100	1	1	100			-933.4308328	1	NaN	
933.3908328	100	1	1	100			-933.3908328	1	NaN	
933.3108328	100	1	1	100			-933.3108328	1	NaN	
933.1508328	100	1	1	100			-933.1508328	1	NaN	
932.8308328	100	1	1	100			-932.8308328	1	NaN	
932.1908328	100	1	1	100			-932.1908328	1	NaN	
930.9108328	100	1	1	100			-930.9108328	1	NaN	
928.3508328	100	1	1	100			-928.3508328	1	NaN	
923.2308328	100	1	1	100			-923.2308328	1	NaN	
918.1108328	100	1	1	100			-918.1108328	1	NaN	
912.9908328	100	1	1	100			-912.9908328	1	NaN	
907.8708328	100	1	1	100			-907.8708328	1	NaN	
902.7508328	100	1	1	100			-902.7508328	1	NaN	
897.6308328	100	1	1	100			-897.6308328	1	NaN	
892.5108328	100	1	1	100			-892.5108328	1	NaN	
887.3908328	100	1	1	100			-887.3908328	1	NaN	
882.2708328	100	1	1	100			-882.2708328	1	NaN	
877.1508328	100	1	1	100			-877.1508328	1	NaN	
872.0308328	100	1	1	100			-872.0308328	1	NaN	
866.9108328	100	1	1	100			-866.9108328	1	NaN	
861.7908328	100	1	1	100			-861.7908328	1	NaN	
856.6708328	100	1	1	100			-856.6708328	1	NaN	
851.5508328	100	1	1	100			-851.5508328	1	NaN	
846.4308328	100	1	1	100			-846.4308328	1	NaN	
841.3108328	100	1	1	100			-841.3108328	1	NaN	
836.1908328	100	1	1	100			-836.1908328	1	NaN	
831.0708328	100	1	1	100			-831.0708328	1	NaN	
825.9508328	100	1	1	100			-825.9508328	1	NaN	
820.8308328	100	1	1	100			-820.8308328	1	NaN	
815.7108328	100	1	1	100			-815.7108328	1	NaN	
810.5908328	100	1	1	100			-810.5908328	1	NaN	
805.4708328	100	1	1	100			-805.4708328	1	NaN	
800.3508328	100	1	1	100			-800.3508328	1	NaN	
795.2308328	100	1	1	100			-795.2308328	1	NaN	
790.1108328	100	1	1	100			-790.1108328	1	NaN	
784.9908328	100	1	1	100			-784.9908328	1	NaN	
779.8708328	100	1	1	100			-779.8708328	1	NaN	
774.7508328	100	1	1	100			-774.7508328	1	NaN	
769.6308328	100	1	1	100			-769.6308328	1	NaN	
764.5108328	100	1	1	100			-764.5108328	1	NaN	
759.3908328	100	1	1	100			-759.3908328	1	NaN	
754.2708328	100	1	1	100			-754.2708328	1	NaN	
749.1508328	100	1	1	100			-749.1508328	1	NaN	
744.0308328	100	1	1	100			-744.0308328	1	NaN	
738.9108328	100	1	1	100			-738.9108328	1	NaN	
733.7908328	100	1	1	100			-733.7908328	1	NaN	
728.6708328	100	1	1	100			-728.6708328	1	NaN	
723.5508328	100	1	1	100			-723.5508328	1	NaN	
718.4308328	100	1	1	100			-718.4308328	1	NaN	
713.3108328	100	1	1	100			-713.3108328	1	NaN	
708.1908328	100	1	1	100			-708.1908328	1	NaN	
703.0708328	100	1	1	100			-703.0708328	1	NaN	
697.9508328	100	1	1	100			-697.9508328	1	NaN	
692.8308328	100	1	1	100			-692.8308328	1	NaN	
687.7108328	100	1	1	100			-687.7108328	1	NaN	
682.5908328	100	1	1	100			-682.5908328	1	NaN	
677.4708328	100	1	1	100			-677.4708328	1	NaN	
672.3508328	100	1	1	100			-672.3508328	1	NaN	
667.2308328	100	1	1	100			-667.2308328	1	NaN	
662.1108328	100	1	1	100			-662.1108328	1	NaN	
656.9908328	100	1	1	100			-656.9908328	1	NaN	
651.8708328	100	1	1	100			-651.8708328	1	NaN	
646.7508328	100	1	1	100			-646.7508328	1	NaN	
641.6308328	100	1	1	100			-641.6308328	1	NaN	
636.5108328	100	1	1	100			-636.5108328	1	NaN	
631.3908328	100	1	1	100			-631.3908328	1	NaN	
626.2708328	100	1	1	100			-626.2708328	1	NaN	
621.1508328	100	1	1	100			-621.1508328	1	NaN	
616.0308328	100	1	1	100			-616.0308328	1	NaN	
610.9108328	100	1	1	100			-610.9108328	1	NaN	
605.7908328	100	1	1	100			-605.7908328	1	NaN	
600.6708328	100	1	1	100			-600.6708328	1	NaN	
595.5508328	100	1	1	100			-595.5508328	1	NaN	
590.4308328	100	1	1	100			-590.4308328	1	NaN	
585.3108328	100	1	1	100			-585.3108328	1	NaN	
580.1908328	100	1	1	100			-580.1908328	1	NaN	
575.0708328	100	1	1	100			-575.0708328	1	NaN	
569.9508328	100	1	1	100			-569.9508328	1	NaN	
564.8308328	100	1	1	100			-564.8308328	1	NaN	
559.7108328	100	1	1	100			-559.7108328	1	NaN	
554.5908328	100	1	1	100			-554.5908328	1	NaN	
549.4708328	100	1	1	100			-549.4708328	1	NaN	
544.3508328	100	1	1	100			-544.3508328	1	NaN	
539.2308328	100	1	1	100			-539.2308328	1	NaN	
534.1108328	100	1	1	100			-534.1108328	1	NaN	
528.9908328	100	1	1	100			-528.9908328	1	NaN	
523.8708328	100	1	1	100			-523.8708328	1	NaN	
518.7508328	100	1	1	100			-518.7508328	1	NaN	
513.6308328	100	1	1	100			-513.6308328	1	NaN	
508.5108328	100	1	1	100			-508.5108328	1	NaN	
503.3908328	100	1	1	100			-503.3908328	1	NaN	
498.2708328	100	1	1	100			-498.2708328	1	NaN	
493.1508328	100	1	1	100			-493.1508328	1	NaN	
488.0308328	100	1	1	100			-488.0308328	1	NaN	
482.9108328	100	1	1	100			-482.9108328	1	NaN	
477.7908328	100	1	1	100			-477.7908328	1	NaN	
472.6708328	100	1	1	100			-472.6708328	1	NaN	
467.5508328	100	1	1	100			-467.5508328	1	NaN	
462.4308328	100	1	1	100			-462.4308328	1	NaN	
457.3108328	100	1	1	100			-457.3108328	1	NaN	
452.1908328	100	1	1	100			-452.1908328	1	NaN	
447.0708328	100	1	1	100			-447.0708328	1	NaN	
441.9508328	100	1	1	100			-441.9508328	1	NaN	
436.8308328	100	1	1	100			-436.8308328	1	NaN	
431.7108328	100	1	1	100			-431.7108328	1	NaN	
426.5908328	100	1	1	100			-426.5908328	1	NaN	
421.4708328	100	1	1	100			-421.4708328	1	NaN	
416.3508328	100	1	1	100			-416.3508328	1	NaN	
411.2308328	100	1	1	100			-411.2308328	1	NaN	
406.1108328	100	1	1	100			-406.1108328	1	NaN	
400.9908328	100	1	1	100			-400.9908328	1	NaN	
395.8708328	100	1	1	100			-395.8708328	1	NaN	
390.7508328	100	1	1	100			-390.7508328	1	NaN	
385.6308328	100	1	1	100			-385.6308328	1	NaN	
380.5108328	100	1	1	100			-380.5108328	1	NaN	
375.3908328	100	1	1	100			-375.3908328	1	NaN	
370.2708328	100	1	1	100			-370.2708328	1	NaN	
365.1508328	100	1	1	100			-365.1508328	1	NaN	
360.0308328	100	1	1	100			-360.0308328	1	NaN	
354.9108328	100	1	1	100			-354.9108328	1	NaN	
349.7908328	100	1	1	100			-349.7908328	1	NaN	
344.6708328	100	1	1	100			-344.6708328	1	NaN	
339.5508328	100	1	1	100			-339.5508328	1	NaN	
334.4308328	100	1	1	100			-334.4308328	1	NaN	
329.3108328	100	1	1	100			-329.3108328	1	NaN	
324.1908328	100	1	1	100			-324.1908328	1	NaN	
319.0708328	100	1	1	100			-319.0708328	1	NaN	
313.9508328	100	1	1	100			-313.9508328	1	NaN	
308.8308328	100	1	1	100			-308.8308328	1	NaN	
303.7108328	100	1	1	100			-303.7108328	1	NaN	
300	100	1	1	100			-300	1	NaN	
