T	w(AL)	w(MG)	w(SI)	fs	fw(@FCC_A1)	w(AL@FCC_A1)	w(MG@FCC_A1)	w(SI@FCC_A1)	w(AL@LIQUID)	w(MG@LIQUID)	w(SI@LIQUID)	dwdT_L(AL@LIQUID)	dwdT_L(MG@LIQUID)	dwdT_L(SI@LIQUID)	-T	fw(@FCC_A1)_1	-T//fw(@FCC_A1)	
K	%	%	%	mole/mole	kg/kg	%	%	%	%	%	%	SI	SI	SI				
877.6102671	89	5	6	0	0	98.35012247	1.105345839	0.5445316865	89	5	6	0.002090156158	-0.0008706189183	-0.00121953724	-877.6102671	0	22.3346738747196	
877.6002671	89	5	6	0.0002230942466	0.0002235570629	98.3499249	1.105448097	0.5446270036	88.99791073	5.000870307	6.001218958	0	0	0	-877.6002671	0.0002235570629	67.1279435909968	
877.5802671	89	5	6	0.0006690281509	0.0004469903481	98.34952979	1.105652594	0.5448176173	88.99372937	5.002611962	6.003658668	0	0	0	-877.5802671	0.0004469903481	89.5646924471757	
877.5402671	89	5	6	0.00155967335	0.0008930727228	98.34873978	1.106061358	0.5451988602	88.98536789	5.00609472	6.008537388	0	0	0	-877.5402671	0.0008930727228	89.7228953028066	
877.4602671	89	5	6	0.003336904886	0.001783649532	98.34716117	1.106877605	0.5459612285	88.96864267	5.013060961	6.018296367	0	0	0	-877.4602671	0.001783649532	89.9555393170383	
877.3002671	89	5	6	0.006875210818	0.003557353329	98.34400903	1.108505394	0.5474855748	88.93518318	5.026996357	6.037820467	0	0	0	-877.3002671	0.003557353329	90.4605711941002	
876.9802671	89	5	6	0.01388781826	0.007075226651	98.33772511	1.111742187	0.5505327043	88.86822794	5.054878889	6.076893172	0	0	0	-876.9802671	0.007075226651	91.5620387179311	
876.3402671	89	5	6	0.02764054821	0.01397659914	98.32524003	1.11813834	0.55662163	88.73417684	5.110681308	6.155141849	0	0	0	-876.3402671	0.01397659914	93.8286632551522	
875.0602671	89	5	6	0.05414542056	0.02731791985	98.30059457	1.130629276	0.5687761556	88.46549773	5.222463491	6.312038779	0	0	0	-875.0602671	0.02731791985	98.2812297757242	
872.5002671	89	5	6	0.1034620896	0.0522563338	98.25258175	1.154427445	0.5929908022	87.92582566	5.446778766	6.627395578	0	0	0	-872.5002671	0.0522563338	-1338.18475173859	
869.9402671	89	5	6	0.1483204901	0.05015213083	98.20622486	1.176704028	0.6170711143	87.38301889	5.672239417	6.944741692	0	0	0	-869.9402671	0.05015213083	-1269.91920485005	
867.3802671	89	5	6	0.1892808687	0.04821139111	98.16148447	1.197496359	0.6410191721	86.83705233	5.898900634	7.264047037	0	0	0	-867.3802671	0.04821139111	-1375.56346226419	
864.8202671	89	5	6	0.2268170169	0.04641835247	98.11832207	1.216841001	0.6648369253	86.28790386	6.126813445	7.585282691	0	0	0	-864.8202671	0.04641835247	-1486.4778901544	
862.2602671	89	5	6	0.2613300569	0.04475698442	98.07669976	1.234773775	0.6885264656	85.73555132	6.356025199	7.908423477	0	0	0	-862.2602671	0.04475698442	-1601.86470398282	
859.7002671	89	5	6	0.293161687	0.04321342784	98.03658022	1.251329834	0.7120899446	85.17997331	6.586579615	8.233447071	0	0	0	-859.7002671	0.04321342784	-1721.70385501247	
857.1402671	89	5	6	0.3226046884	0.04177568446	97.99792669	1.266543777	0.7355295347	84.62114932	6.818517088	8.56033359	0	0	0	-857.1402671	0.04177568446	-1845.99086998526	
854.5802671	89	5	6	0.3499112926	0.04043331377	97.96070288	1.28044973	0.7588473945	84.05905986	7.051874922	8.889065215	0	0	0	-854.5802671	0.04043331377	-1974.7153737663	
852.0202671	89	5	6	0.3752998985	0.03917718716	97.92487294	1.293081424	0.7820456369	83.49368661	7.286687541	9.219625853	0	0	0	-852.0202671	0.03917718716	-2107.86027590894	
849.4602671	89	5	6	0.3989605047	0.03799928723	97.89040144	1.304472257	0.8051262999	82.92501252	7.522986647	9.552000831	0	0	0	-849.4602671	0.03799928723	-2245.40097710881	
846.9002671	89	5	6	0.4210591346	0.03689254282	97.85725334	1.314655344	0.8280913195	82.35302203	7.760801357	9.886176612	0	0	0	-846.9002671	0.03689254282	-2387.30449611698	
844.3402671	89	5	6	0.4417414645	0.03585069256	97.82539394	1.323663557	0.8509425033	81.77770116	8.00015831	10.22214053	0	0	0	-844.3402671	0.03585069256	-2533.52864420646	
841.7802671	89	5	6	0.4611358159	0.03486817141	97.79478893	1.331529563	0.873681507	81.19903768	8.241081754	10.55988057	0	0	0	-841.7802671	0.03486817141	-2684.0211311642	
839.2202671	89	5	6	0.479355638	0.03394001571	97.76540434	1.338285847	0.8963098102	80.61702131	8.483593606	10.89938508	0	0	0	-839.2202671	0.03394001571	-2838.71867278116	
836.6602671	89	5	6	0.4965015796	0.03306178339	97.73720657	1.343964734	0.9188286941	80.03164385	8.727713503	11.24064265	0	0	0	-836.6602671	0.03306178339	-2997.54627249962	
834.1002671	89	5	6	0.5126632247	0.03222948662	97.71016237	1.348598407	0.9412392192	79.44289936	8.973458836	11.5836418	0	0	0	-834.1002671	0.03222948662	-3160.41627256436	
831.5402671	89	5	6	0.5279205568	0.03143953454	97.68423888	1.352218912	0.9635422041	78.85078433	9.220844765	11.9283709	0	0	0	-831.5402671	0.03143953454	-3327.22768408373	
828.9802671	89	5	6	0.5423451967	0.0306886846	97.65940362	1.354858171	0.9857382041	78.25529787	9.469884237	12.27481789	0	0	0	-828.9802671	0.0306886846	-3497.86546384148	
826.4202671	89	5	6	0.5560014557	0.02997400079	97.63562453	1.356547979	1.00782749	77.65644185	9.720587975	12.62297018	0	0	0	-826.4202671	0.02997400079	-3672.19996080869	
823.8602671	89	5	6	0.5689472343	0.02929281789	97.61286997	1.357320004	1.029810029	77.05422111	9.972964476	12.97281442	0	0	0	-823.8602671	0.02929281789	-3850.08641118978	
821.3002671	89	5	6	0.5812347928	0.02864271054	97.59110875	1.357205788	1.051685461	76.44864361	10.22701999	13.3243364	0	0	0	-821.3002671	0.02864271054	-4031.36451867255	
818.7402671	89	5	6	0.5929114134	0.02802146656	97.57031019	1.356236731	1.073453083	75.83972064	10.48275852	13.67752085	0	0	0	-818.7402671	0.02802146656	-4215.85839702249	
816.1802671	89	5	6	0.6040199731	0.02742706378	97.55044408	1.35444409	1.095111825	75.22746693	10.74018174	14.03235133	0	0	0	-816.1802671	0.02742706378	-4403.37638170372	
813.6202671	89	5	6	0.6145994382	0.02685764984	97.5314808	1.351858963	1.116660232	74.6119009	10.99928903	14.38881007	0	0	0	-813.6202671	0.02685764984	-4593.71125210093	
811.0602671	89	5	6	0.6246852959	0.0263115246	97.51339128	1.348512274	1.138096447	73.99304473	11.26007742	14.74687785	0	0	0	-811.0602671	0.0263115246	-4786.64068432119	
808.5002671	89	5	6	0.6343099292	0.02578712472	97.49614705	1.344434759	1.159418186	73.37092462	11.52254153	15.10653385	0	0	0	-808.5002671	0.02578712472	-4981.92754431499	
805.9402671	89	5	6	0.6435029451	0.02528301008	97.47972032	1.339656951	1.180622725	72.74557089	11.78667355	15.46775556	0	0	0	-805.9402671	0.02528301008	-5179.32106562281	
803.3802671	89	5	6	0.6522914628	0.02479785194	97.46408397	1.334209153	1.20170688	72.11701811	12.05246323	15.83051866	0	0	0	-803.3802671	0.02479785194	-5378.55777586997	
800.8202671	89	5	6	0.6607003666	0.02433042237	97.44921158	1.328121428	1.222666989	71.48530532	12.31989779	16.19479689	0	0	0	-800.8202671	0.02433042237	-5579.36247947916	
798.2602671	89	5	6	0.6687525289	0.02387958496	97.43507754	1.321423566	1.243498895	70.85047608	12.58896193	16.56056199	0	0	0	-798.2602671	0.02387958496	-5781.45044303963	
795.7002671	89	5	6	0.6764690075	0.02344428664	97.421657	1.314145072	1.264197931	70.21257866	12.85963777	16.92778357	0	0	0	-795.7002671	0.02344428664	-5984.52868053996	
793.1402671	89	5	6	0.6838692202	0.02302355029	97.40892596	1.306315134	1.284758906	69.57166612	13.13190483	17.29642906	0	0	0	-793.1402671	0.02302355029	-6188.29775283966	
790.5802671	89	5	6	0.6909711001	0.02261646825	97.39686131	1.297962604	1.305176088	68.92779642	13.40573999	17.66646358	0	0	0	-790.5802671	0.02261646825	-6392.45461571673	
788.0202671	89	5	6	0.6977912331	0.02222219654	97.38544084	1.28911597	1.325443194	68.28103255	13.68111748	18.03784996	0	0	0	-788.0202671	0.02222219654	-6596.69465095311	
785.4602671	89	5	6	0.7043449819	0.02183994964	97.37464329	1.279803332	1.34555338	67.63144255	13.95800885	18.41054859	0	0	0	-785.4602671	0.02183994964	-6800.71386432637	
782.9002671	89	5	6	0.7106465952	0.02146899583	97.36444839	1.270052378	1.365499229	66.97909964	14.23638295	18.78451741	0	0	0	-782.9002671	0.02146899583	-7004.2116949805	
780.3402671	89	5	6	0.7167093066	0.02110865302	97.3548369	1.259890356	1.385272744	66.32408221	14.51620592	19.15971187	0	0	0	-780.3402671	0.02110865302	-7206.89379446125	
777.7802671	89	5	6	0.7225454232	0.020758285	97.34579061	1.249344049	1.404865344	65.66647393	14.79744118	19.53608488	0	0	0	-777.7802671	0.020758285	-7408.47472485466	
775.2202671	89	5	6	0.7281664044	0.02041729806	97.33729239	1.238439753	1.424267856	65.00636373	15.08004946	19.91358681	0	0	0	-775.2202671	0.02041729806	-7608.68006350367	
772.6602671	89	5	6	0.7335829344	0.02008513789	97.32932623	1.227203248	1.443470522	64.34384581	15.36398874	20.29216544	0	0	0	-772.6602671	0.02008513789	-7807.249202465	
770.1002671	89	5	6	0.7388049858	0.01976128684	97.32187723	1.215659776	1.462462991	63.67901966	15.64921436	20.67176598	0	0	0	-770.1002671	0.01976128684	-8003.88468098624	
767.5402671	89	5	6	0.7438418774	0.01944525733	97.31493165	1.203833999	1.481234347	63.01199014	15.93567888	21.05233098	0	0	0	-767.5402671	0.01944525733	-8198.58777102737	
764.9802671	89	5	6	0.7487023324	0.01913661438	97.30847691	1.191750073	1.499773019	62.34286674	16.22333248	21.43380078	0	0	0	-764.9802671	0.01913661438	-8390.84591506855	
762.4202671	89	5	6	0.753394515	0.01883491078	97.30250158	1.17943143	1.518066986	61.671765	16.51212234	21.81611265	0	0	0	-762.4202671	0.01883491078	-8580.51801792365	
759.8602671	89	5	6	0.7579260849	0.01853976952	97.29699546	1.166900955	1.536103588	60.99880492	16.80199336	22.19920172	0	0	0	-759.8602671	0.01853976952	-8767.70485350639	
757.3002671	89	5	6	0.7623042314	0.01825081833	97.29194948	1.154180869	1.553869648	60.32411163	17.09288781	22.58300057	0	0	0	-757.3002671	0.01825081833	-8952.04580646447	
754.7402671	89	5	6	0.7665357103	0.01796771372	97.2873558	1.14129273	1.571351468	59.64781514	17.38474552	22.96743934	0	0	0	-754.7402671	0.01796771372	-9138.43665178408	
752.1802671	89	5	6	0.7706269647	0.01769042667	97.28320702	1.128257198	1.588535786	58.97004294	17.67750502	23.35245204	0	0	0	-752.1802671	0.01769042667	-9312.28146702498	
749.6202671	89	5	6	0.7745838289	0.01741782241	97.27949901	1.115094571	1.605406424	58.29095152	17.97109609	23.7379524	0	0	0	-749.6202671	0.01741782241	-9483.19658119377	
747.0602671	89	5	6	0.7784120038	0.01715042397	97.27622671	1.101824449	1.621948842	57.61067478	18.26545587	24.12386936	0	0	0	-747.0602671	0.01715042397	-9659.93044267889	
744.5002671	89	5	6	0.7821168109	0.01688771493	97.27338689	1.088465595	1.638147516	56.92936075	18.5605151	24.51012415	0	0	0	-744.5002671	0.01688771493	-9829.23697990363	
741.9402671	89	5	6	0.7857032758	0.01662945309	97.27097741	1.075036043	1.653986546	56.2471616	18.85620244	24.89663596	0	0	0	-741.9402671	0.01662945309	-9995.48828769505	
739.3802671	89	5	6	0.7891761489	0.01637541421	97.26899721	1.061553095	1.669449698	55.56423333	19.1524446	25.28332207	0	0	0	-739.3802671	0.01637541421	-10158.7447198511	
736.8202671	89	5	6	0.792539925	0.01612538987	97.26744624	1.048033312	1.684520448	54.88073563	19.44916642	25.67009795	0	0	0	-736.8202671	0.01612538987	-10319.0729456017	
734.2602671	89	5	6	0.7957988606	0.01587918676	97.26632547	1.034492509	1.699182024	54.19683162	19.74629102	26.05687736	0	0	0	-734.2602671	0.01587918676	-10476.5647546948	
731.7002671	89	5	6	0.7989569904	0.01563662578	97.26563678	1.020945759	1.713417462	53.51268764	20.04373988	26.44357248	0	0	0	-731.7002671	0.01563662578	-10631.3316988109	
729.1402671	89	5	6	0.8020181418	0.01539754122	97.26538296	1.007407385	1.727209653	52.82847294	20.34143298	26.83009408	0	0	0	-729.1402671	0.01539754122	-10783.504741718	
726.5802671	89	5	6	0.8049859491	0.01516178001	97.26556763	0.9938909694	1.740541397	52.14435949	20.63928895	27.21635156	0	0	0	-726.5802671	0.01516178001	-10933.2311321148	
724.0202671	89	5	6	0.8078638657	0.01492920092	97.26619518	0.9804093521	1.753395469	51.46052168	20.93722515	27.60225317	0	0	0	-724.0202671	0.01492920092	-11080.6737656235	
721.4602671	89	5	6	0.8106551762	0.01469967393	97.26727069	0.9669746393	1.765754668	50.77713604	21.23515786	27.98770611	0	0	0	-721.4602671	0.01469967393	-11226.0090466458	
718.9002671	89	5	6	0.8133630069	0.01447307949	97.2687999	0.9535982097	1.777601887	50.09438098	21.53300237	28.37261665	0	0	0	-718.9002671	0.01447307949	-11369.4252057963	
716.3402671	89	5	6	0.8159903356	0.01424930795	97.27078911	0.9402907232	1.788920171	49.41243648	21.83067318	28.75689034	0	0	0	-716.3402671	0.01424930795	-11511.1206575458	
713.7802671	89	5	6	0.8185400012	0.01402825889	97.27324508	0.927062132	1.799692784	48.73148384	22.12808406	29.1404321	0	0	0	-713.7802671	0.01402825889	-11651.3018071529	
711.2202671	89	5	6	0.8210147121	0.01380984058	97.27617503	0.9139216924	1.809903276	48.05170535	22.42514829	29.52314636	0	0	0	-711.2202671	0.01380984058	-11790.1822953737	
708.6602671	89	5	6	0.8234170537	0.0135939694	97.27958648	0.9008779781	1.819535546	47.37328401	22.72177873	29.90493726	0	0	0	-708.6602671	0.0135939694	-11927.9813449413	
706.1002671	89	5	6	0.8257494963	0.01338056934	97.28348719	0.8879388953	1.82857391	46.69640325	23.01788798	30.28570877	0	0	0	-706.1002671	0.01338056934	-12064.9220846786	
703.5402671	89	5	6	0.8280144014	0.01316957146	97.28788513	0.8751116984	1.83700317	46.02124663	23.31338857	30.66536481	0	0	0	-703.5402671	0.01316957146	-12201.2313552136	
700.9802671	89	5	6	0.8302140282	0.01296091347	97.29278832	0.8624030075	1.844808673	45.34799753	23.60819303	31.04380943	0	0	0	-700.9802671	0.01296091347	-12337.1368775116	
698.4202671	89	5	6	0.8323505395	0.01275453918	97.29820479	0.8498188258	1.851976382	44.67683891	23.90221412	31.42094697	0	0	0	-698.4202671	0.01275453918	-12472.8690455603	
695.8602671	89	5	6	0.834426007	0.01255039821	97.3041425	0.8373645595	1.858492936	44.00795297	24.19536487	31.79668216	0	0	0	-695.8602671	0.01255039821	-12608.6547922142	
693.3002671	89	5	6	0.8364424162	0.01234844532	97.31060925	0.8250450369	1.864345712	43.34152091	24.48755882	32.17092027	0	0	0	-693.3002671	0.01234844532	-12744.7247677338	
690.7402671	89	5	6	0.8384016715	0.0121486404	97.31761259	0.812864529	1.869522884	42.67772262	24.77871009	32.54356729	0	0	0	-690.7402671	0.0121486404	-12881.3086818922	
688.1802671	89	5	6	0.8403056003	0.01195094773	97.32515975	0.8008267708	1.874013479	42.01673645	25.06873354	32.91453001	0	0	0	-688.1802671	0.01195094773	-13018.6298552848	
685.6202671	89	5	6	0.8421559572	0.01175533583	97.33325758	0.7889349823	1.877807433	41.35873891	25.35754488	33.28371621	0	0	0	-685.6202671	0.01175533583	-13156.9142849465	
683.0602671	89	5	6	0.8439544278	0.01156177707	97.34191247	0.7771918906	1.880895637	40.70390445	25.64506084	33.65103471	0	0	0	-683.0602671	0.01156177707	-13296.3846867012	
680.5002671	89	5	6	0.8457026322	0.01137024737	97.35113026	0.7655997519	1.883269987	40.05240517	25.93119924	34.01639559	0	0	0	-680.5002671	0.01137024737	-13437.2620558627	
677.9402671	89	5	6	0.8474021282	0.0111807259	97.3609162	0.7541603736	1.884923425	39.40441061	26.21587915	34.37971024	0	0	0	-677.9402671	0.0111807259	-13579.7636758422	
675.3802671	89	5	6	0.8490544148	0.01099319476	97.37127489	0.7428751369	1.885849976	38.76008751	26.49902098	34.74089151	0	0	0	-675.3802671	0.01099319476	-13724.1062885386	
672.8202671	89	5	6	0.850660935	0.0108076388	97.3822102	0.7317450186	1.886044786	38.11959959	26.78054661	35.0998538	0	0	0	-672.8202671	0.0108076388	-13870.5041689447	
670.2602671	89	5	6	0.8522230781	0.01062404528	97.39372524	0.7207706137	1.885504144	37.48310731	27.06037947	35.45651322	0	0	0	-670.2602671	0.01062404528	-14019.1687019154	
667.7002671	89	5	6	0.853742183	0.0104424037	97.40582233	0.709952157	1.884225513	36.8507677	27.33844467	35.81078763	0	0	0	-667.7002671	0.0104424037	-14170.3106466595	
665.1402671	89	5	6	0.85521954	0.01026270555	97.41850291	0.6992895451	1.882207544	36.22273416	27.61466908	36.16259676	0	0	0	-665.1402671	0.01026270555	-14324.1382873993	
662.5802671	89	5	6	0.8566563934	0.01008494411	97.43176755	0.6887823581	1.879450094	35.59915624	27.88898142	36.51186234	0	0	0	-662.5802671	0.01008494411	-14480.8591840225	
660.0202671	89	5	6	0.8580539433	0.009909114266	97.44561589	0.6784298801	1.875954229	34.98017952	28.16131234	36.85850814	0	0	0	-660.0202671	0.009909114266	-14640.6797467477	
657.4602671	89	5	6	0.8594133482	0.009735212317	97.46004665	0.6682311202	1.871722233	34.36594538	28.43159452	37.2024601	0	0	0	-657.4602671	0.009735212317	-14803.8052314805	
654.9002671	89	5	6	0.8607357263	0.009563235807	97.47505756	0.6581848331	1.866757603	33.75659093	28.69976271	37.54364636	0	0	0	-654.9002671	0.009563235807	-14970.440418164	
652.3402671	89	5	6	0.8620221575	0.009393183364	97.49064542	0.6482895383	1.861065041	33.15224877	28.96575385	37.88199738	0	0	0	-652.3402671	0.009393183364	-15140.7898488432	
649.7802671	89	5	6	0.8632736852	0.009225054551	97.50680601	0.6385435397	1.854650447	32.55304694	29.22950708	38.21744598	0	0	0	-649.7802671	0.009225054551	-15315.0585284104	
647.2202671	89	5	6	0.8644913176	0.009058849733	97.52353416	0.6289449442	1.847520892	31.95910875	29.49096382	38.54992743	0	0	0	-647.2202671	0.009058849733	-15493.4512405014	
644.6602671	89	5	6	0.8656760297	0.008894569925	97.54082371	0.6194916797	1.839684607	31.37055268	29.75006783	38.87937948	0	0	0	-644.6602671	0.008894569925	-15676.1731254306	
642.1002671	89	5	6	0.866828764	0.008732216682	97.55866754	0.6101815131	1.831150947	30.78749231	30.00676525	39.20574244	0	0	0	-642.1002671	0.008732216682	-15863.4303593562	
639.5402671	89	5	6	0.8679504326	0.008571791973	97.57705757	0.6010120666	1.821930367	30.21003618	30.26100462	39.52895919	0	0	0	-639.5402671	0.008571791973	-16055.4299856613	
636.9802671	89	5	6	0.8690419178	0.008413298076	97.59598478	0.5919808346	1.812034381	29.63828776	30.51273695	39.84897529	0	0	0	-636.9802671	0.008413298076	-16252.3802601942	
634.4202671	89	5	6	0.8701040738	0.008256737469	97.61543928	0.5830851989	1.801475525	29.07234533	30.76191573	40.16573894	0	0	0	-634.4202671	0.008256737469	-16454.4904546466	
631.8602671	89	5	6	0.8711377277	0.00810211273	97.63541024	0.5743224442	1.790267315	28.512302	31.00849694	40.47920106	0	0	0	-631.8602671	0.00810211273	-16661.9713647193	
629.3002671	89	5	6	0.8721436803	0.007949426447	97.65588603	0.565689772	1.778424201	27.9582456	31.25243909	40.78931531	0	0	0	-629.3002671	0.007949426447	-16875.0354280991	
626.7402671	89	5	6	0.8731227077	0.007798681129	97.67685417	0.5571843151	1.765961514	27.41025867	31.49370323	41.0960381	0	0	0	-626.7402671	0.007798681129	-17093.8965226676	
624.1802671	89	5	6	0.8740755615	0.007649879121	97.69830143	0.5488031501	1.752895419	26.86841846	31.73225294	41.3993286	0	0	0	-624.1802671	0.007649879121	-17318.7702516193	
621.6202671	89	5	6	0.8750029705	0.007503022529	97.72021383	0.5405433101	1.739242857	26.33279688	31.96805436	41.69914877	0	0	0	-621.6202671	0.007503022529	-17549.8739350632	
619.0602671	89	5	6	0.875905641	0.007358113144	97.74257671	0.5324017968	1.725021494	25.80346053	32.20107613	41.99546334	0	0	0	-619.0602671	0.007358113144	-17787.4264955081	
616.5002671	89	5	6	0.8767842581	0.007215152374	97.76537475	0.5243755916	1.710249657	25.28047069	32.43128946	42.28823985	0	0	0	-616.5002671	0.007215152374	-18031.6486083736	
613.9402671	89	5	6	0.877639486	0.00707414118	97.78859205	0.5164616663	1.694946281	24.76388338	32.65866804	42.57744858	0	0	0	-613.9402671	0.00707414118	-18282.7626802233	
611.3802671	89	5	6	0.8784719692	0.006935080017	97.81221216	0.5086569932	1.679130846	24.25374933	32.88318808	42.86306259	0	0	0	-611.3802671	0.006935080017	-18540.992672128	
608.8202671	89	5	6	0.8792823328	0.006797968777	97.83621813	0.5009585545	1.662823318	23.75011407	33.10482823	43.14505769	0	0	0	-608.8202671	0.006797968777	-18806.5641807974	
606.2602671	89	5	6	0.8800711836	0.006662806741	97.86059256	0.4933633511	1.64604409	23.25301798	33.32356962	43.4234124	0	0	0	-606.2602671	0.006662806741	-19079.7042097775	
603.7002671	89	5	6	0.8808391104	0.006529592529	97.88531767	0.4858684112	1.628813919	22.76249631	33.53939576	43.69810793	0	0	0	-603.7002671	0.006529592529	-19360.6411699754	
601.1402671	89	5	6	0.8815866849	0.006398324062	97.91037533	0.4784707978	1.611153871	22.27857931	33.75229252	43.96912817	0	0	0	-601.1402671	0.006398324062	-19649.6048229866	
598.5802671	89	5	6	0.8823144619	0.006268998522	97.93574713	0.471167616	1.593085258	21.80129225	33.96224812	44.23645963	0	0	0	-598.5802671	0.006268998522	-19946.8330895497	
596.0202671	89	5	6	0.8830229804	0.006141612409	97.9614144	0.4639560198	1.574629581	21.33065555	34.16925306	44.5000914	0	0	0	-596.0202671	0.006141612409	-20252.5487820275	
593.4602671	89	5	6	0.8837127636	0.006016161222	97.9873583	0.4568332182	1.555808478	20.86668484	34.37330006	44.7600151	0	0	0	-593.4602671	0.006016161222	-20566.9743798254	
590.9002671	89	5	6	0.8843843198	0.005892639708	98.01355986	0.4497964802	1.536643663	20.40939113	34.57438403	45.01622484	0	0	0	-590.9002671	0.005892639708	-20890.3584555368	
588.3402671	89	5	6	0.8850381427	0.005771041889	98.03999998	0.4428431413	1.517156875	19.95878081	34.77250201	45.26871718	0	0	0	-588.3402671	0.005771041889	-21222.9390440461	
585.7802671	89	5	6	0.8856747117	0.005651360859	98.06665956	0.4359706069	1.497369831	19.51485589	34.96765309	45.51749102	0	0	0	-585.7802671	0.005651360859	-21564.9456487511	
583.2202671	89	5	6	0.8862944927	0.005533588849	98.09351947	0.4291763573	1.477304172	19.077614	35.15983838	45.76254762	0	0	0	-583.2202671	0.005533588849	-21916.6138775179	
580.6602671	89	5	6	0.8868979384	0.005417717217	98.12056063	0.4224579512	1.456981416	18.64704861	35.34906094	46.00389045	0	0	0	-580.6602671	0.005417717217	-22278.1796175345	
578.1002671	89	5	6	0.8874854885	0.00530373645	98.14776405	0.415813029	1.43642292	18.22314912	35.53532569	46.24152519	0	0	0	-578.1002671	0.00530373645	-22649.8793322742	
575.5402671	89	5	6	0.8880575704	0.005191636167	98.17511085	0.409239316	1.415649831	17.80590102	35.71863936	46.47545962	0	0	0	-575.5402671	0.005191636167	-23031.9491582417	
572.9802671	89	5	6	0.8886145993	0.005081405121	98.20258233	0.4027346244	1.394683049	17.39528597	35.89901045	46.70570358	0	0	0	-572.9802671	0.005081405121	-23424.6257718746	
570.4202671	89	5	6	0.8891569788	0.004973031219	98.23015995	0.3962968559	1.373543192	16.99128205	36.0764491	46.93226885	0	0	0	-570.4202671	0.004973031219	-23828.1456499644	
567.8602671	89	5	6	0.889685101	0.004866501526	98.25782544	0.3899240034	1.35225056	16.59386378	36.25096707	47.15516915	0	0	0	-567.8602671	0.004866501526	-24242.7452161586	
565.3002671	89	5	6	0.8901993471	0.004761802293	98.28556074	0.3836141521	1.330825106	16.20300236	36.42257766	47.37441998	0	0	0	-565.3002671	0.004761802293	-24668.6610217486	
562.7402671	89	5	6	0.8907000875	0.004658918971	98.31334812	0.3773654809	1.309286402	15.8186658	36.59129561	47.59003859	0	0	0	-562.7402671	0.004658918971	-25106.1290929682	
560.1802671	89	5	6	0.8911876821	0.004557836239	98.34117012	0.3711762632	1.28765362	15.44081903	36.75713705	47.80204392	0	0	0	-560.1802671	0.004557836239	-25555.3855564065	
557.6202671	89	5	6	0.8916624808	0.00445853803	98.36900963	0.3650448668	1.265945501	15.06942409	36.92011945	48.01045646	0	0	0	-557.6202671	0.00445853803	-26016.6664099062	
555.0602671	89	5	6	0.8921248237	0.004361007562	98.39684991	0.3589697547	1.244180339	14.70444026	37.08026151	48.21529824	0	0	0	-555.0602671	0.004361007562	-26490.20726115	
552.5002671	89	5	6	0.8925750411	0.004265227367	98.42467455	0.3529494845	1.222375961	14.34582422	37.2375831	48.41659268	0	0	0	-552.5002671	0.004265227367	-26976.2436117685	
549.9402671	89	5	6	0.8930134543	0.004171179328	98.45246758	0.3469827084	1.200549712	13.99353019	37.3921052	48.6143646	0	0	0	-549.9402671	0.004171179328	-27475.0111948356	
547.3802671	89	5	6	0.8934403753	0.004078844714	98.48021339	0.341068172	1.178718436	13.64751009	37.54384985	48.80864006	0	0	0	-547.3802671	0.004078844714	-27986.7454796089	
544.8202671	89	5	6	0.8938561075	0.003988204216	98.50789681	0.3352047141	1.156898472	13.30771365	37.69284002	48.99944633	0	0	0	-544.8202671	0.003988204216	-28511.6821020689	
542.2602671	89	5	6	0.8942609458	0.003899237987	98.5355031	0.3293912651	1.135105638	12.9740886	37.8390996	49.18681179	0	0	0	-542.2602671	0.003899237987	-29050.0565947936	
539.7002671	89	5	6	0.8946551766	0.003811925678	98.56301793	0.3236268459	1.113355228	12.64658077	37.98265334	49.3707659	0	0	0	-539.7002671	0.003811925678	-29602.1051272716	
537.1402671	89	5	6	0.8950390783	0.003726246483	98.59042743	0.3179105662	1.091662001	12.32513423	38.12352672	49.55133905	0	0	0	-537.1402671	0.003726246483	-30168.0642240747	
534.5802671	89	5	6	0.8954129215	0.003642179174	98.61771819	0.3122416234	1.070040183	12.00969146	38.26174597	49.72856256	0	0	0	-534.5802671	0.003642179174	-30748.1705580754	
532.0202671	89	5	6	0.8957769692	0.003559702144	98.64487724	0.3066193001	1.048503463	11.70019344	38.39733796	49.9024686	0	0	0	-532.0202671	0.003559702144	-31342.6626980881	
529.4602671	89	5	6	0.8961314768	0.003478793451	98.67189205	0.3010429624	1.027064991	11.39657978	38.53033014	50.07309008	0	0	0	-529.4602671	0.003478793451	-31951.7795107721	
526.9002671	89	5	6	0.8964766926	0.003399430851	98.69875056	0.295512058	1.005737378	11.09878887	38.66075052	50.24046061	0	0	0	-526.9002671	0.003399430851	-32575.7607760161	
524.3402671	89	5	6	0.896812858	0.003321591843	98.72544118	0.2900261136	0.9845327025	10.80675796	38.78862758	50.40461446	0	0	0	-524.3402671	0.003321591843	-33214.8487498183	
521.7802671	89	5	6	0.8971402073	0.003245253708	98.75195276	0.2845847329	0.9634625108	10.52042331	38.91399024	50.56558645	0	0	0	-521.7802671	0.003245253708	-33869.2874290846	
519.2202671	89	5	6	0.8974589685	0.003170393547	98.77827458	0.2791875937	0.9425378226	10.23972027	39.03686779	50.72341194	0	0	0	-519.2202671	0.003170393547	-34539.322525574	
516.6602671	89	5	6	0.8977693627	0.003096988317	98.80439642	0.2738344458	0.9217691365	9.964583397	39.15728986	50.87812674	0	0	0	-516.6602671	0.003096988317	-35225.2027309367	
514.1002671	89	5	6	0.8980716053	0.003025014871	98.83030845	0.2685251083	0.901166437	9.694946568	39.27528637	51.02976706	0	0	0	-514.1002671	0.003025014871	-35927.17961129	
511.5402671	89	5	6	0.8983659051	0.00295444999	98.85600133	0.2632594664	0.8807392018	9.430743057	39.39088749	51.17836946	0	0	0	-511.5402671	0.00295444999	-36645.507978322	
508.9802671	89	5	6	0.8986524653	0.00288527042	98.88146612	0.2580374695	0.8604964104	9.171905633	39.50412357	51.3239708	0	0	0	-508.9802671	0.00288527042	-37380.447471218	
506.4202671	89	5	6	0.8989314833	0.002817452906	98.90669432	0.2528591276	0.8404465526	8.91836665	39.61502513	51.46660822	0	0	0	-506.4202671	0.002817452906	-38132.2608325823	
503.8602671	89	5	6	0.8992031508	0.002750974218	98.93167785	0.2477245089	0.8205976384	8.670058131	39.72362284	51.60631902	0	0	0	-503.8602671	0.002750974218	-38901.2167280705	
501.3002671	89	5	6	0.8994676542	0.00268581119	98.95640906	0.2426337368	0.8009572079	8.426911841	39.82994744	51.74314072	0	0	0	-501.3002671	0.00268581119	-39687.5895100498	
498.7402671	89	5	6	0.8997251746	0.002621940741	98.98088067	0.2375869869	0.7815323416	8.188859365	39.93402971	51.87711092	0	0	0	-498.7402671	0.002621940741	-40491.6586126354	
496.1802671	89	5	6	0.8999758879	0.002559339906	99.00508584	0.232584484	0.7623296718	7.955832179	40.0359005	52.00826733	0	0	0	-496.1802671	0.002559339906	-41313.7111163583	
493.6202671	89	5	6	0.9002199653	0.002497985861	99.02901811	0.2276264996	0.7433553928	7.727761712	40.1355906	52.13664768	0	0	0	-493.6202671	0.002497985861	-42154.0424174696	
491.0602671	89	5	6	0.9004575728	0.00243785595	99.05267138	0.2227133482	0.7246152731	7.504579412	40.23313082	52.26228976	0	0	0	-491.0602671	0.00243785595	-43012.9548039053	
488.5002671	89	5	6	0.9006888721	0.002378927701	99.07603995	0.2178453849	0.7061146665	7.2862168	40.32855189	52.38523131	0	0	0	-488.5002671	0.002378927701	-43890.7606099307	
485.9402671	89	5	6	0.9009140201	0.002321178856	99.09911847	0.2130230024	0.6878585238	7.072605525	40.42188446	52.50551002	0	0	0	-485.9402671	0.002321178856	-44787.7827935763	
483.3802671	89	5	6	0.9011331694	0.002264587384	99.12190197	0.2082466277	0.6698514046	6.863677416	40.51315907	52.62316352	0	0	0	-483.3802671	0.002264587384	-45704.3535066235	
480.8202671	89	5	6	0.9013464685	0.002209131501	99.14438579	0.2035167195	0.6520974889	6.659364527	40.60240615	52.73822932	0	0	0	-480.8202671	0.002209131501	-46640.8187942103	
478.2602671	89	5	6	0.9015540614	0.00215478969	99.16656565	0.198833765	0.6346005892	6.459599179	40.68965599	52.85074483	0	0	0	-478.2602671	0.00215478969	-47597.5367180786	
475.7002671	89	5	6	0.9017560884	0.002101540711	99.18843756	0.1941982774	0.6173641617	6.264314001	40.77493871	52.96074729	0	0	0	-475.7002671	0.002101540711	-48574.8794238654	
473.1402671	89	5	6	0.9019526858	0.00204936362	99.20999789	0.1896107926	0.6003913184	6.073441966	40.85828425	53.06827378	0	0	0	-473.1402671	0.00204936362	-49573.2357611113	
470.5802671	89	5	6	0.9021439862	0.00199823778	99.23124329	0.1850718667	0.5836848385	5.886916424	40.93972239	53.17336119	0	0	0	-470.5802671	0.00199823778	-50593.0097777323	
468.0202671	89	5	6	0.9023301183	0.001948142871	99.25217075	0.1805820731	0.5672471797	5.704671133	41.01928267	53.2760462	0	0	0	-468.0202671	0.001948142871	-51634.6225581356	
465.4602671	89	5	6	0.9025112077	0.0018990589	99.27277751	0.1761419995	0.5510804893	5.526640287	41.09699444	53.37636527	0	0	0	-465.4602671	0.0018990589	-52698.5175963792	
462.9002671	89	5	6	0.9026873761	0.001850966216	99.29306114	0.1717522455	0.535186616	5.352758536	41.17288683	53.47435464	0	0	0	-462.9002671	0.001850966216	-53785.1569809493	
460.3402671	89	5	6	0.9028587422	0.001803845508	99.31301946	0.1674134199	0.5195671198	5.182961015	41.24698871	53.57005027	0	0	0	-460.3402671	0.001803845508	-54895.0246087791	
457.7802671	89	5	6	0.9030254214	0.00175767782	99.33265058	0.163126138	0.5042232834	5.01718336	41.31932874	53.6634879	0	0	0	-457.7802671	0.00175767782	-56028.6320279234	
455.2202671	89	5	6	0.903187526	0.001712444555	99.35195286	0.1588910189	0.4891561227	4.855361725	41.3899353	53.75470297	0	0	0	-455.2202671	0.001712444555	-57186.5122033254	
452.6602671	89	5	6	0.9033451652	0.001668127474	99.37092492	0.1547086832	0.4743663964	4.697432797	41.45883654	53.84373066	0	0	0	-452.6602671	0.001668127474	-58369.228905399	
450.1002671	89	5	6	0.9034984455	0.00162470871	99.38956563	0.1505797505	0.4598546169	4.543333812	41.52606034	53.93060585	0	0	0	-450.1002671	0.00162470871	-59577.3747379288	
447.5402671	89	5	6	0.9036474702	0.00158217076	99.4078741	0.1465048368	0.4456210592	4.393002564	41.59163431	54.01536313	0	0	0	-447.5402671	0.00158217076	-60811.5748347819	
444.9802671	89	5	6	0.9037923402	0.001540496498	99.42584968	0.1424845524	0.4316657712	4.246377413	41.6555858	54.09803679	0	0	0	-444.9802671	0.001540496498	-62072.4875994534	
442.4202671	89	5	6	0.9039331538	0.001499669165	99.44349192	0.1385194997	0.4179885826	4.103397295	41.71794188	54.17866082	0	0	0	-442.4202671	0.001499669165	-63360.8079382702	
439.8602671	89	5	6	0.9040700063	0.00145967238	99.46080062	0.1346102704	0.4045891138	3.964001728	41.77872936	54.25726891	0	0	0	-439.8602671	0.00145967238	-64677.2721059076	
437.3002671	89	5	6	0.9042029911	0.001420490133	99.47777577	0.1307574442	0.3914667851	3.828130815	41.83797477	54.33389442	0	0	0	-437.3002671	0.001420490133	-66022.6544153138	
434.7402671	89	5	6	0.9043321989	0.001382106786	99.49441759	0.1269615859	0.3786208249	3.695725246	41.89570434	54.40857041	0	0	0	-434.7402671	0.001382106786	-67397.7772047579	
432.1802671	89	5	6	0.9044577179	0.001344507074	99.51072648	0.1232232442	0.3660502781	3.566726305	41.95194407	54.48132962	0	0	0	-432.1802671	0.001344507074	-68803.5099312628	
429.6202671	89	5	6	0.9045796346	0.0013076761	99.52670304	0.1195429488	0.353754014	3.441075864	42.00671965	54.55220448	0	0	0	-429.6202671	0.0013076761	-70240.7707786537	
427.0602671	89	5	6	0.9046980329	0.001271599333	99.54234806	0.1159212095	0.3417307344	3.318716386	42.06005651	54.6212271	0	0	0	-427.0602671	0.001271599333	-71710.5345793588	
424.5002671	89	5	6	0.9048129947	0.001236262607	99.55766251	0.1123585137	0.3299789806	3.199590926	42.1119798	54.68842928	0	0	0	-424.5002671	0.001236262607	-73213.8346199251	
421.9402671	89	5	6	0.9049246	0.001201652116	99.57264753	0.1088553251	0.3184971412	3.083643123	42.1625144	54.75384248	0	0	0	-421.9402671	0.001201652116	-74751.7622561361	
419.3802671	89	5	6	0.9050329268	0.001167754408	99.58730446	0.1054120818	0.3072834591	2.970817199	42.21168491	54.81749789	0	0	0	-419.3802671	0.001167754408	-76325.4795526599	
416.8202671	89	5	6	0.9051380511	0.001134556387	99.60163477	0.1020291947	0.2963360378	2.861057958	42.25951569	54.87942635	0	0	0	-416.8202671	0.001134556387	-77936.2186806878	
414.2602671	89	5	6	0.9052400474	0.001102045302	99.6156401	0.09870704641	0.2856528487	2.754310776	42.30603081	54.93965842	0	0	0	-414.2602671	0.001102045302	-79585.2835821553	
411.7002671	89	5	6	0.905338988	0.001070208745	99.62932227	0.09544598932	0.2752317369	2.650521599	42.35125408	54.99822432	0	0	0	-411.7002671	0.001070208745	-81274.0608479306	
409.1402671	89	5	6	0.9054349439	0.001039034645	99.64268323	0.09224634458	0.265070428	2.549636937	42.39520906	55.055154	0	0	0	-409.1402671	0.001039034645	-83004.0213144239	
406.5802671	89	5	6	0.9055279842	0.001008511262	99.65572507	0.08910840077	0.2551665333	2.451603856	42.43791905	55.11047709	0	0	0	-406.5802671	0.001008511262	-84776.7298209577	
404.0202671	89	5	6	0.9056181766	0.0009786271834	99.66845003	0.08603241273	0.2455175561	2.356369972	42.4794071	55.16422292	0	0	0	-404.0202671	0.0009786271834	-86593.8481517113	
401.4602671	89	5	6	0.9057055871	0.0009493713152	99.6808605	0.08301860047	0.2361208969	2.263883446	42.51969601	55.21642054	0	0	0	-401.4602671	0.0009493713152	-88457.1400228608	
398.9002671	89	5	6	0.9057902805	0.0009207328766	99.69295899	0.08006714815	0.2269738592	2.17409297	42.55880833	55.2670987	0	0	0	-398.9002671	0.0009207328766	-90368.4824103323	
396.3402671	89	5	6	0.9058723198	0.0008927013939	99.70474814	0.0771782032	0.2180736542	2.086947767	42.59676637	55.31628586	0	0	0	-396.3402671	0.0008927013939	-92329.8707621953	
393.7802671	89	5	6	0.905951767	0.000865266693	99.71623072	0.07435187542	0.2094174061	2.002397579	42.63359221	55.36401021	0	0	0	-393.7802671	0.000865266693	-94343.4277695116	
391.2202671	89	5	6	0.9060286825	0.0008384188932	99.72740961	0.07158823629	0.2010021569	1.92039266	42.6693077	55.41029964	0	0	0	-391.2202671	0.0008384188932	-96411.4120753499	
388.6602671	89	5	6	0.9061031256	0.0008121483994	99.73828781	0.06888731827	0.1928248708	1.840883765	42.70393444	55.4551818	0	0	0	-388.6602671	0.0008121483994	-98536.2272636912	
386.1002671	89	5	6	0.9061751543	0.0007864458952	99.74886845	0.06624911422	0.1848824391	1.763822146	42.73749382	55.49868404	0	0	0	-386.1002671	0.0007864458952	-100720.433254367	
383.5402671	89	5	6	0.9062448253	0.0007613023355	99.75915474	0.0636735769	0.1771716845	1.689159542	42.770007	55.54083346	0	0	0	-383.5402671	0.0007613023355	-102967.281809041	
380.9802671	89	5	6	0.9063121944	0.0007367091817	99.76915002	0.06116061889	0.1696893641	1.616848173	42.80149496	55.58165686	0	0	0	-380.9802671	0.0007367091817	-105278.568803692	
378.4202671	89	5	6	0.9063773162	0.0007126574068	99.77885771	0.05871011125	0.1624321765	1.546840723	42.83197842	55.62118086	0	0	0	-378.4202671	0.0007126574068	-107652.241120748	
375.8602671	89	5	6	0.9064402438	0.0006891367711	99.78828135	0.05632188196	0.1553967687	1.479090507	42.86147778	55.65943172	0	0	0	-375.8602671	0.0006891367711	-110108.702988131	
373.3002671	89	5	6	0.9065010302	0.0006661458398	99.79742456	0.05399572517	0.1485797168	1.413550788	42.89001357	55.69643564	0	0	0	-373.3002671	0.0006661458398	-112639.308745844	
370.7402671	89	5	6	0.9065597266	0.0006436702652	99.80629105	0.05173138615	0.1419775667	1.350175796	42.91760583	55.73221838	0	0	0	-370.7402671	0.0006436702652	-115238.723568099	
368.1802671	89	5	6	0.9066163835	0.000621704629	99.81488462	0.04952857147	0.1355868127	1.288920024	42.94427445	55.76680552	0	0	0	-368.1802671	0.000621704629	-117925.957655822	
365.6202671	89	5	6	0.9066710506	0.0006002415613	99.82320915	0.04738694656	0.1294039069	1.229738395	42.97003918	55.80022242	0	0	0	-365.6202671	0.0006002415613	-120700.176866697	
363.0602671	89	5	6	0.9067237763	0.000579273903	99.8312686	0.04530613586	0.1234252632	1.17258626	42.99491954	55.8324942	0	0	0	-363.0602671	0.000579273903	-123565.968903369	
360.5002671	89	5	6	0.9067746087	0.0005587946935	99.83906702	0.0432857231	0.11764726	1.117419385	43.01893488	55.86364574	0	0	0	-360.5002671	0.0005587946935	-126528.229802113	
357.9402671	89	5	6	0.9068235946	0.0005387971625	99.8466085	0.04132525167	0.1120662439	1.064193953	43.04210435	55.8937017	0	0	0	-357.9402671	0.0005387971625	-129591.927793007	
355.3802671	89	5	6	0.9068707801	0.0005192746427	99.85389724	0.03942422506	0.1066785325	1.012866551	43.06444693	55.92268651	0	0	0	-355.3802671	0.0005192746427	-132763.242431327	
352.8202671	89	5	6	0.9069162108	0.0005002208808	99.86093747	0.03758210734	0.1014804177	0.963394169	43.08598143	55.9506244	0	0	0	-352.8202671	0.0005002208808	-136048.113652938	
350.2602671	89	5	6	0.9069599311	0.0004816295391	99.86773351	0.0357983238	0.09646816821	0.9157341922	43.10672644	55.97753936	0	0	0	-350.2602671	0.0004816295391	-139455.270269403	
347.7002671	89	5	6	0.9070019851	0.0004634952265	99.8742897	0.03407226086	0.09163803482	0.8698443339	43.12670045	56.00345521	0	0	0	-347.7002671	0.0004634952265	-142983.110694437	
345.1402671	89	5	6	0.9070424158	0.000445809862	99.88061048	0.03240326966	0.08698624606	0.8256828939	43.14592167	56.02839544	0	0	0	-345.1402671	0.000445809862	-146645.608373206	
342.5802671	89	5	6	0.9070812657	0.0004285697707	99.88670032	0.03079066295	0.08250902062	0.7832083513	43.16440821	56.05238343	0	0	0	-342.5802671	0.0004285697707	-150455.478168624	
340.0202671	89	5	6	0.9071185766	0.0004117685474	99.89256372	0.02923371841	0.07820256417	0.7423796369	43.18217802	56.07544234	0	0	0	-340.0202671	0.0004117685474	-154413.015350888	
337.4602671	89	5	6	0.9071543897	0.0003954006252	99.89820525	0.02773167912	0.07406307337	0.7031560601	43.19924886	56.09759508	0	0	0	-337.4602671	0.0003954006252	-158530.264049515	
334.9002671	89	5	6	0.9071887455	0.0003794605455	99.90362951	0.02628375457	0.07008673853	0.6654973069	43.2156383	56.11886439	0	0	0	-334.9002671	0.0003794605455	-162817.094244567	
332.3402671	89	5	6	0.907221684	0.0003639429496	99.90884113	0.02488912181	0.06626974615	0.6293634386	43.23136378	56.13927278	0	0	0	-332.3402671	0.0003639429496	-167284.141746002	
329.7802671	89	5	6	0.9072532444	0.0003488425701	99.91384479	0.02354692665	0.06260828153	0.594714891	43.24644256	56.15884255	0	0	0	-329.7802671	0.0003488425701	-171942.868599383	
327.2202671	89	5	6	0.9072834654	0.0003341542209	99.91864518	0.02225628487	0.05909853123	0.5615124741	43.26089173	56.1775958	0	0	0	-327.2202671	0.0003341542209	-176805.637456042	
324.6602671	89	5	6	0.9073123852	0.0003198727884	99.92324703	0.0210162836	0.0557366856	0.5297173727	43.27472821	56.19555442	0	0	0	-324.6602671	0.0003198727884	-182097.945141349	
322.1002671	89	5	6	0.9073400414	0.0003060241686	99.92765508	0.01982598244	0.0525189408	0.4992911519	43.28796875	56.21274009	0	0	0	-322.1002671	0.0003060241686	-187407.689200248	
319.5402671	89	5	6	0.907366471	0.000292542803	99.93187408	0.01868441575	0.04944150297	0.4701957401	43.30062997	56.22917429	0	0	0	-319.5402671	0.000292542803	-192776.917479996	
316.9802671	89	5	6	0.9073917105	0.00027945341	99.93590882	0.01759059291	0.04650058795	0.4423934601	43.31272828	56.24487826	0	0	0	-316.9802671	0.00027945341	-198603.4098008	
314.4202671	89	5	6	0.9074157959	0.0002667511625	99.93976407	0.01654350064	0.04369242555	0.4158470124	43.32427995	56.25987304	0	0	0	-314.4202671	0.0002667511625	-204713.646348431	
311.8602671	89	5	6	0.9074387625	0.0002544311869	99.94344463	0.01554210441	0.04101326146	0.390519484	43.33530104	56.27417947	0	0	0	-311.8602671	0.0002544311869	-211127.102151715	
309.3002671	89	5	6	0.9074606452	0.0002424886288	99.94695529	0.01458535009	0.03845935957	0.3663743525	43.34580749	56.28781816	0	0	0	-309.3002671	0.0002424886288	-217865.497072614	
306.7402671	89	5	6	0.9074814785	0.0002309186443	99.95030083	0.01367216558	0.03602700439	0.3433754911	43.35581503	56.30080948	0	0	0	-306.7402671	0.0002309186443	-224952.467138604	
304.1802671	89	5	6	0.9075012963	0.0002197163916	99.95348603	0.01280146255	0.03371250332	0.3214871743	43.36533922	56.31317361	0	0	0	-304.1802671	0.0002197163916	-232413.765382125	
301.6202671	89	5	6	0.907520132	0.0002088770226	99.95651567	0.01197213815	0.03151218905	0.3006740842	43.37439544	56.32493047	0	0	0	-301.6202671	0.0002088770226	-210939.56496318	
300	89	5	6	0.9075315608	0.0001267499187	99.95835495	0.01146812191	0.03017692685	0.2880409104	43.37989237	56.33206671	0	0	0	-300	0.0001267499187	171482.016284175	
