T	w(AL)	w(SI)	fs	fw(@FCC_A1)	w(AL@FCC_A1)	w(SI@FCC_A1)	w(AL@LIQUID)	w(SI@LIQUID)	dwdT_L(AL@LIQUID)	dwdT_L(SI@LIQUID)	-T	fw(@FCC_A1)_1	-T//fw(@FCC_A1)	
K	%	%	mole/mole	kg/kg	%	%	%	%	SI	SI				
869.4253964	90	10	0	0	98.70140615	1.298593846	90	10	0.001399667546	-0.001399667546	-869.4253964	0	30.7967282260588	
869.4153964	90	10	0.0001616076664	0.0001610403562	98.70119094	1.298809063	89.99859995	10.00140005	0	0	-869.4153964	0.0001610403562	93.39574421944	
869.3953964	90	10	0.0004842201291	0.0003215613343	98.70076049	1.299239512	89.99580113	10.00419887	0	0	-869.3953964	0.0003215613343	124.574548692532	
869.3553964	90	10	0.001128926858	0.0006427561441	98.69989953	1.300100469	89.99020327	10.00979673	0	0	-869.3553964	0.0006427561441	124.612648965148	
869.2753964	90	10	0.002415950886	0.001283948093	98.69817739	1.301822612	89.97900972	10.02099028	0	0	-869.2753964	0.001283948093	124.920050601191	
869.1153964	90	10	0.004980480576	0.002561660672	98.69473232	1.305267678	89.95663125	10.04336875	0	0	-869.1153964	0.002561660672	125.530274524711	
868.7953964	90	10	0.01007177873	0.005098548304	98.68783847	1.312161527	89.91190884	10.08809116	0	0	-868.7953964	0.005098548304	126.844281793435	
868.1553964	90	10	0.02009418998	0.01008949512	98.67403637	1.325963627	89.8226021	10.1773979	0	0	-868.1553964	0.01008949512	129.539091854521	
866.8753964	90	10	0.03954502063	0.01978082434	98.64637412	1.353625882	89.64453665	10.35546335	0	0	-866.8753964	0.01978082434	134.84526411007	
864.3153964	90	10	0.07622687569	0.03805788139	98.59081508	1.409184924	89.29057754	10.70942246	0	0	-864.3153964	0.03805788139	-1909.54681244125	
861.7553964	90	10	0.1101518756	0.03659086057	98.5349388	1.465061197	88.93947114	11.06052886	0	0	-861.7553964	0.03659086057	-1813.11372817617	
859.1953964	90	10	0.1416162207	0.03522656559	98.47873985	1.521260146	88.59116587	11.40883413	0	0	-859.1953964	0.03522656559	-1947.97775812675	
856.6353964	90	10	0.1708765185	0.03395585476	98.42221288	1.577787118	88.24561065	11.75438935	0	0	-856.6353964	0.03395585476	-2088.88601490958	
854.0753964	90	10	0.1981552158	0.0327696869	98.36535257	1.634647426	87.9027546	12.0972454	0	0	-854.0753964	0.0327696869	-2235.21594251924	
851.5153964	90	10	0.223646064	0.03166013954	98.30815366	1.691846343	87.5625472	12.4374528	0	0	-851.5153964	0.03166013954	-2387.02278152158	
848.9553964	90	10	0.2475185758	0.03062024595	98.2506109	1.749389102	87.2249384	12.7750616	0	0	-848.9553964	0.03062024595	-2545.83539772631	
846.3953964	90	10	0.2699223768	0.02964488338	98.19271791	1.807282091	86.88987307	13.11012693	0	0	-846.3953964	0.02964488338	-2707.65577349364	
843.8353964	90	10	0.2909876561	0.02872595213	98.13447197	1.865528029	86.55731383	13.44268617	0	0	-843.8353964	0.02872595213	-2874.98351313194	
841.2753964	90	10	0.3108311313	0.02786076821	98.07586667	1.924133333	86.22720619	13.77279381	0	0	-841.2753964	0.02786076821	-3050.08282497696	
838.7153964	90	10	0.3295561206	0.02704446918	98.01689687	1.983103131	85.8995024	14.1004976	0	0	-838.7153964	0.02704446918	-3230.20241779471	
836.1553964	90	10	0.3472547101	0.02627317831	97.95755747	2.042442527	85.57415538	14.42584462	0	0	-836.1553964	0.02627317831	-3416.16901008927	
833.5953964	90	10	0.3640092324	0.02554341795	97.89784339	2.102156609	85.25111876	14.74888124	0	0	-833.5953964	0.02554341795	-3608.05223530161	
831.0353964	90	10	0.3798935173	0.02485205654	97.83774954	2.162250456	84.9303469	15.0696531	0	0	-831.0353964	0.02485205654	-3805.91693259011	
828.4753964	90	10	0.3949739548	0.02419626698	97.77727086	2.222729135	84.61179488	15.38820512	0	0	-828.4753964	0.02419626698	-4009.82961857132	
825.9153964	90	10	0.409310404	0.02357349061	97.71640229	2.28359771	84.29541854	15.70458146	0	0	-825.9153964	0.02357349061	-4219.85769384831	
823.3553964	90	10	0.4229569724	0.02298140613	97.65513876	2.344861239	83.98117447	16.01882553	0	0	-823.3553964	0.02298140613	-4436.06934837848	
820.7953964	90	10	0.435962686	0.02241790276	97.59347522	2.406524781	83.66902003	16.33097997	0	0	-820.7953964	0.02241790276	-4658.53371697263	
818.2353964	90	10	0.448372069	0.02188105698	97.5314066	2.468593397	83.35891335	16.64108665	0	0	-818.2353964	0.02188105698	-4887.32115748208	
815.6753964	90	10	0.4602256458	0.02136911232	97.46892785	2.531072154	83.05081332	16.94918668	0	0	-815.6753964	0.02136911232	-5122.50280944741	
813.1153964	90	10	0.4715603777	0.02088046159	97.40603388	2.593966123	82.74467959	17.25532041	0	0	-813.1153964	0.02088046159	-5364.1510636146	
810.5553964	90	10	0.4824100437	0.02041363151	97.34271961	2.657280388	82.44047257	17.55952743	0	0	-810.5553964	0.02041363151	-5612.33957356538	
807.9953964	90	10	0.4928055742	0.01996726904	97.27897996	2.721020042	82.13815345	17.86184655	0	0	-807.9953964	0.01996726904	-5867.14323352035	
805.4353964	90	10	0.5027753428	0.01954012947	97.21480981	2.785190193	81.83768413	18.16231587	0	0	-805.4353964	0.01954012947	-6128.6383434143	
802.8753964	90	10	0.5123454241	0.01913106581	97.15020403	2.849795965	81.53902727	18.46097273	0	0	-802.8753964	0.01913106581	-6396.90256294879	
800.3153964	90	10	0.5215398207	0.01873901946	97.0851575	2.9148425	81.24214626	18.75785374	0	0	-800.3153964	0.01873901946	-6672.01536224812	
797.7553964	90	10	0.5303806633	0.01836301192	97.01966504	2.980334961	80.94700521	19.05299479	0	0	-797.7553964	0.01836301192	-6954.05784251465	
795.1953964	90	10	0.5388883893	0.01800213739	96.95372147	3.04627853	80.65356892	19.34643108	0	0	-795.1953964	0.01800213739	-7243.11276654098	
792.6353964	90	10	0.5470819006	0.01765555619	96.88732158	3.112678417	80.36180291	19.63819709	0	0	-792.6353964	0.01765555619	-7539.26479003789	
790.0753964	90	10	0.5549787043	0.01732248888	96.82046014	3.179539855	80.07167338	19.92832662	0	0	-790.0753964	0.01732248888	-7842.60075429033	
787.5153964	90	10	0.5625950386	0.01700221101	96.75313189	3.246868105	79.78314719	20.21685281	0	0	-787.5153964	0.01700221101	-8153.20961129896	
784.9553964	90	10	0.5699459849	0.01669404838	96.68533154	3.314668457	79.49619186	20.50380814	0	0	-784.9553964	0.01669404838	-8471.18261211132	
782.3953964	90	10	0.5770455685	0.01639737281	96.61705377	3.382946233	79.21077557	20.78922443	0	0	-782.3953964	0.01639737281	-8796.61353565656	
779.8353964	90	10	0.5839068493	0.01611159831	96.54829321	3.451706786	78.92686712	21.07313288	0	0	-779.8353964	0.01611159831	-9129.59864136163	
777.2753964	90	10	0.5905420026	0.01583617763	96.4790445	3.520955505	78.64443592	21.35556408	0	0	-777.2753964	0.01583617763	-9470.23721180202	
774.7153964	90	10	0.5969623928	0.01557059916	96.40930219	3.590697812	78.363452	21.636548	0	0	-774.7153964	0.01557059916	-9818.63081608179	
772.1553964	90	10	0.6031786393	0.01531438406	96.33906083	3.660939168	78.08388598	21.91611402	0	0	-772.1553964	0.01531438406	-10174.8849771411	
769.5953964	90	10	0.6092006764	0.01506708379	96.26831493	3.731685074	77.80570904	22.19429096	0	0	-769.5953964	0.01506708379	-10539.1081476493	
767.0353964	90	10	0.6150378073	0.01482827769	96.19705893	3.802941069	77.52889294	22.47110706	0	0	-767.0353964	0.01482827769	-10911.4117343524	
764.4753964	90	10	0.6206987532	0.01459757093	96.12528727	3.874712734	77.25340999	22.74659001	0	0	-764.4753964	0.01459757093	-11291.9117200761	
761.9153964	90	10	0.6261916982	0.01437459257	96.05299431	3.947005694	76.97923302	23.02076698	0	0	-761.9153964	0.01437459257	-11680.7275903763	
759.3553964	90	10	0.6315243295	0.0141589938	95.98017438	4.019825618	76.7063354	23.2936646	0	0	-759.3553964	0.0141589938	-12077.9826247167	
756.7953964	90	10	0.6367038747	0.01395044633	95.90682178	4.09317822	76.43469099	23.56530901	0	0	-756.7953964	0.01395044633	-12483.8056870159	
754.2353964	90	10	0.6417371355	0.01374864097	95.83293074	4.167069264	76.16427418	23.83572582	0	0	-754.2353964	0.01374864097	-12898.3288931265	
751.6753964	90	10	0.6466305181	0.0135532862	95.75849544	4.24150456	75.89505981	24.10494019	0	0	-751.6753964	0.0135532862	-13321.688905601	
749.1153964	90	10	0.651390062	0.01336410701	95.68351003	4.316489967	75.6270232	24.3729768	0	0	-749.1153964	0.01336410701	-13754.0298079492	
746.5553964	90	10	0.6560214656	0.01318084377	95.6079686	4.392031399	75.36014014	24.63985986	0	0	-746.5553964	0.01318084377	-14195.4994205373	
743.9953964	90	10	0.6605301095	0.01300325114	95.53186518	4.468134819	75.09438686	24.90561314	0	0	-743.9953964	0.01300325114	-14646.2512921785	
741.4353964	90	10	0.6649210789	0.01283109716	95.45519375	4.544806246	74.82974003	25.17025997	0	0	-741.4353964	0.01283109716	-15106.4455170092	
738.8753964	90	10	0.6691991832	0.01266416234	95.37794825	4.622051752	74.56617671	25.43382329	0	0	-738.8753964	0.01266416234	-15576.2484891096	
736.3153964	90	10	0.6733689742	0.01250223887	95.30012253	4.699877466	74.30367442	25.69632558	0	0	-736.3153964	0.01250223887	-16055.8339197319	
733.7553964	90	10	0.6774347638	0.01234512986	95.22171042	4.778289576	74.04221106	25.95778894	0	0	-733.7553964	0.01234512986	-16545.3819376548	
731.1953964	90	10	0.6814006386	0.01219264864	95.14270567	4.857294327	73.7817649	26.2182351	0	0	-731.1953964	0.01219264864	-17045.0816956744	
728.6353964	90	10	0.6852704754	0.01204461815	95.06310198	4.936898025	73.52231461	26.47768539	0	0	-728.6353964	0.01204461815	-17555.2244540766	
726.0753964	90	10	0.6890479539	0.01190087179	94.98289296	5.017107035	73.26383922	26.73616078	0	0	-726.0753964	0.01190087179	-18075.8134895064	
723.5153964	90	10	0.6927365688	0.01176124686	94.90207221	5.097927788	73.00631813	26.99368187	0	0	-723.5153964	0.01176124686	-18607.0830758284	
720.9553964	90	10	0.6963396415	0.0116255932	94.82063322	5.179366775	72.74973105	27.25026895	0	0	-720.9553964	0.0116255932	-19149.4358890495	
718.3953964	90	10	0.6998603312	0.01149376657	94.73856945	5.261430554	72.49405808	27.50594192	0	0	-718.3953964	0.01149376657	-19703.0118027923	
715.8353964	90	10	0.7033016441	0.01136562973	94.65587425	5.344125748	72.23928057	27.76071943	0	0	-715.8353964	0.01136562973	-20268.1310758031	
713.2753964	90	10	0.7066664431	0.01124105296	94.57254095	5.427459047	71.98537726	28.01462274	0	0	-713.2753964	0.01124105296	-20844.8865917499	
710.7153964	90	10	0.7099574551	0.01111990999	94.48856279	5.511437209	71.73233018	28.26766982	0	0	-710.7153964	0.01111990999	-21433.565020784	
708.1553964	90	10	0.7131772803	0.01100208327	94.40393294	5.596067063	71.48012065	28.51987935	0	0	-708.1553964	0.01100208327	-22034.5892860493	
705.5953964	90	10	0.7163283988	0.01088745978	94.31864449	5.681355507	71.2287303	28.7712697	0	0	-705.5953964	0.01088745978	-22648.1764542801	
703.0353964	90	10	0.7194131775	0.01077593178	94.23269049	5.767309512	70.97814101	29.02185899	0	0	-703.0353964	0.01077593178	-23274.6368901513	
700.4753964	90	10	0.7224338768	0.01066739645	94.14606388	5.853936119	70.72833495	29.27166505	0	0	-700.4753964	0.01066739645	-23914.2903022448	
697.9153964	90	10	0.725392656	0.01056175563	94.05875755	5.941242447	70.47929456	29.52070544	0	0	-697.9153964	0.01056175563	-24567.479293796	
695.3553964	90	10	0.7282915795	0.01045891562	93.97076431	6.029235688	70.23100251	29.76899749	0	0	-695.3553964	0.01045891562	-25234.5594999913	
692.7953964	90	10	0.7311326216	0.01035878686	93.88207689	6.117923111	69.98344176	30.01655824	0	0	-692.7953964	0.01035878686	-25915.9039523271	
690.2353964	90	10	0.7339176713	0.01026128378	93.79268794	6.207312061	69.73659548	30.26340452	0	0	-690.2353964	0.01026128378	-26611.9106436749	
687.6753964	90	10	0.7366485372	0.01016632457	93.70259004	6.297409963	69.49044707	30.50955293	0	0	-687.6753964	0.01016632457	-27323.0379908618	
685.1153964	90	10	0.7393269516	0.01007383126	93.61177567	6.388224325	69.24498018	30.75501982	0	0	-685.1153964	0.01007383126	-28049.6692698594	
682.5553964	90	10	0.7419545745	0.009983728633	93.52023727	6.479762731	69.00017867	30.99982133	0	0	-682.5553964	0.009983728633	-28792.2098416366	
679.9953964	90	10	0.7445329971	0.009895944933	93.42796715	6.572032847	68.7560266	31.2439734	0	0	-679.9953964	0.009895944933	-29551.2108020489	
677.4353964	90	10	0.7470637457	0.00981041165	93.33495758	6.665042423	68.51250824	31.48749176	0	0	-677.4353964	0.00981041165	-30327.1968794056	
674.8753964	90	10	0.7495482847	0.009727063057	93.24120071	6.758799294	68.26960808	31.73039192	0	0	-674.8753964	0.009727063057	-31120.6910357076	
672.3153964	90	10	0.7519880201	0.009645836184	93.14668862	6.853311381	68.02731076	31.97268924	0	0	-672.3153964	0.009645836184	-31932.2640720936	
669.7553964	90	10	0.754384302	0.009566670682	93.05141331	6.94858669	67.78560114	32.21439886	0	0	-669.7553964	0.009566670682	-32762.518379665	
667.1953964	90	10	0.7567384276	0.009489508695	92.95536668	7.044633317	67.54446425	32.45553575	0	0	-667.1953964	0.009489508695	-33612.0920316256	
664.6353964	90	10	0.7590516438	0.009414294748	92.85854056	7.141459444	67.30388528	32.69611472	0	0	-664.6353964	0.009414294748	-34481.660054608	
662.0753964	90	10	0.7613251494	0.009340975628	92.76092665	7.239073346	67.06384959	32.93615041	0	0	-662.0753964	0.009340975628	-35371.9368074089	
659.5153964	90	10	0.7635600977	0.009269500283	92.66251661	7.337483386	66.82434271	33.17565729	0	0	-659.5153964	0.009269500283	-36283.6802337543	
656.9553964	90	10	0.7657575985	0.009199819722	92.56330198	7.436698021	66.58535032	33.41464968	0	0	-656.9553964	0.009199819722	-37217.6935164705	
654.3953964	90	10	0.7679187202	0.009131886919	92.4632742	7.536725801	66.34685824	33.65314176	0	0	-654.3953964	0.009131886919	-38174.8296200743	
651.8353964	90	10	0.7700444916	0.009065656728	92.36242463	7.637575371	66.10885244	33.89114756	0	0	-651.8353964	0.009065656728	-39155.994620405	
649.2753964	90	10	0.772135904	0.009001085796	92.26074453	7.739255471	65.87131903	34.12868097	0	0	-649.2753964	0.009001085796	-40162.1521749601	
646.7153964	90	10	0.7741939127	0.008938132488	92.15822506	7.841774937	65.63424425	34.36575575	0	0	-646.7153964	0.008938132488	-41194.3275193584	
644.1553964	90	10	0.7762194387	0.008876756808	92.0548573	7.945142704	65.39761446	34.60238554	0	0	-644.1553964	0.008876756808	-42253.6113797447	
641.5953964	90	10	0.7782133702	0.008816920329	91.95063219	8.049367805	65.16141615	34.83858385	0	0	-641.5953964	0.008816920329	-43341.1676119007	
639.0353964	90	10	0.7801765643	0.008758586129	91.84554063	8.154459374	64.92563591	35.07436409	0	0	-639.0353964	0.008758586129	-44458.2383625904	
636.4753964	90	10	0.7821098479	0.008701718726	91.73957336	8.260426644	64.69026047	35.30973953	0	0	-636.4753964	0.008701718726	-45606.1491507329	
633.9153964	90	10	0.7840140195	0.008646284017	91.63272105	8.367278954	64.45527663	35.54472337	0	0	-633.9153964	0.008646284017	-46786.3172513064	
631.3553964	90	10	0.7858898503	0.008592249223	91.52497426	8.475025741	64.22067132	35.77932868	0	0	-631.3553964	0.008592249223	-48000.2599072289	
628.7953964	90	10	0.7877380852	0.008539582835	91.41632345	8.583676552	63.98643155	36.01356845	0	0	-628.7953964	0.008539582835	-49249.6008818639	
626.2353964	90	10	0.7895594441	0.00848825456	91.30675896	8.693241035	63.75254443	36.24745557	0	0	-626.2353964	0.00848825456	-50536.0826967762	
623.6753964	90	10	0.7913546229	0.008438235278	91.19627105	8.803728947	63.51899714	36.48100286	0	0	-623.6753964	0.008438235278	-51861.5765096444	
621.1153964	90	10	0.7931242946	0.008389496992	91.08484985	8.915150153	63.28577696	36.71422304	0	0	-621.1153964	0.008389496992	-53228.0923112276	
618.5553964	90	10	0.7948691101	0.008342012786	90.97248538	9.027514623	63.05287124	36.94712876	0	0	-618.5553964	0.008342012786	-54637.7934638685	
615.9953964	90	10	0.7965896993	0.008295756783	90.85916756	9.140832442	62.8202674	37.1797326	0	0	-615.9953964	0.008295756783	-56093.0126177018	
613.4353964	90	10	0.7982866718	0.008250704109	90.7448862	9.255113802	62.58795293	37.41204707	0	0	-613.4353964	0.008250704109	-57596.2647121343	
610.8753964	90	10	0.7999606177	0.00820683085	90.62963099	9.370369008	62.35591538	37.64408462	0	0	-610.8753964	0.00820683085	-59150.2676082628	
608.3153964	90	10	0.8016121088	0.008164114023	90.51339152	9.486608477	62.12414236	37.87585764	0	0	-608.3153964	0.008164114023	-60757.9628250647	
605.7553964	90	10	0.8032416986	0.008122531538	90.39615726	9.603842742	61.89262154	38.10737846	0	0	-605.7553964	0.008122531538	-62422.5368634596	
603.1953964	90	10	0.8048499238	0.008082062169	90.27791755	9.722082449	61.66134063	38.33865937	0	0	-603.1953964	0.008082062169	-64147.4485247785	
600.6353964	90	10	0.8064373044	0.008042685522	90.15866164	9.84133836	61.4302874	38.5697126	0	0	-600.6353964	0.008042685522	-65936.4568460337	
598.0753964	90	10	0.8080043448	0.008004382007	90.03837865	9.961621354	61.19944964	38.80055036	0	0	-598.0753964	0.008004382007	-67793.6575672204	
595.5153964	90	10	0.8095515339	0.007967132813	89.91705757	10.08294243	60.96881519	39.03118481	0	0	-595.5153964	0.007967132813	-69723.5164743824	
592.9553964	90	10	0.8110793463	0.007930919878	89.7946873	10.2053127	60.73837192	39.26162808	0	0	-592.9553964	0.007930919878	-71730.9126777592	
590.3953964	90	10	0.8125882422	0.007895725867	89.6712566	10.3287434	60.50810773	39.49189227	0	0	-590.3953964	0.007895725867	-73821.1901587873	
587.8353964	90	10	0.8140786685	0.007861534148	89.54675411	10.45324589	60.27801054	39.72198946	0	0	-587.8353964	0.007861534148	-76000.2152406837	
585.2753964	90	10	0.8155510591	0.007828328773	89.42116836	10.57883164	60.04806829	39.95193171	0	0	-585.2753964	0.007828328773	-78274.4318926264	
582.7153964	90	10	0.8170058353	0.007796094449	89.29448774	10.70551226	59.81826894	40.18173106	0	0	-582.7153964	0.007796094449	-80650.9459274345	
580.1553964	90	10	0.8184434064	0.007764816529	89.16670054	10.83329946	59.58860045	40.41139955	0	0	-580.1553964	0.007764816529	-83137.6087836999	
577.5953964	90	10	0.8198641701	0.007734480985	89.0377949	10.9622051	59.35905079	40.64094921	0	0	-577.5953964	0.007734480985	-85743.1039824369	
575.0353964	90	10	0.8212685129	0.00770507439	88.90775885	11.09224115	59.12960795	40.87039205	0	0	-575.0353964	0.00770507439	-88477.0839111675	
572.4753964	90	10	0.8226568105	0.007676583909	88.77658031	11.22341969	58.90025989	41.09974011	0	0	-572.4753964	0.007676583909	-91350.2918181553	
569.9153964	90	10	0.8240294283	0.007648997274	88.64424704	11.35575296	58.67099459	41.32900541	0	0	-569.9153964	0.007648997274	-94374.7163241307	
567.3553964	90	10	0.8253867218	0.007622302773	88.51074669	11.48925331	58.44179999	41.55820001	0	0	-567.3553964	0.007622302773	-97563.7877104904	
564.7953964	90	10	0.8267290367	0.007596489234	88.37606679	11.62393321	58.21266404	41.78733596	0	0	-564.7953964	0.007596489234	-100932.596756845	
562.2353964	90	10	0.8280567094	0.007571546013	88.24019473	11.75980527	57.98357466	42.01642534	0	0	-562.2353964	0.007571546013	-104498.165805538	
559.6753964	90	10	0.8293700676	0.007547462983	88.10311777	11.89688223	57.75451976	42.24548024	0	0	-559.6753964	0.007547462983	-108279.744129277	
557.1153964	90	10	0.83066943	0.007524230514	87.96482305	12.03517695	57.52548718	42.47451282	0	0	-557.1153964	0.007524230514	-112299.206435667	
554.5553964	90	10	0.8319551073	0.007501839471	87.82529757	12.17470243	57.29646479	42.70353521	0	0	-554.5553964	0.007501839471	-116581.510959676	
551.9953964	90	10	0.833227402	0.007480281196	87.68452821	12.31547179	57.06744036	42.93255964	0	0	-551.9953964	0.007480281196	-121155.258594473	
549.4353964	90	10	0.8344866088	0.007459547504	87.54250172	12.45749828	56.83840167	43.16159833	0	0	-549.4353964	0.007459547504	-126053.381375029	
546.8753964	90	10	0.835733015	0.007439630668	87.3992047	12.6007953	56.60933642	43.39066358	0	0	-546.8753964	0.007439630668	-131313.980734226	
544.3153964	90	10	0.8369669006	0.007420523411	87.25462364	12.74537636	56.38023227	43.61976773	0	0	-544.3153964	0.007420523411	-136981.421558118	
541.7553964	90	10	0.8381885386	0.007402218903	87.10874488	12.89125512	56.15107683	43.84892317	0	0	-541.7553964	0.007402218903	-143107.636057671	
539.1953964	90	10	0.8393981954	0.007384710746	86.96155465	13.03844535	55.92185763	44.07814237	0	0	-539.1953964	0.007384710746	-149753.812528683	
536.6353964	90	10	0.8405961308	0.007367992971	86.81303902	13.18696098	55.69256216	44.30743784	0	0	-536.6353964	0.007367992971	-156992.575370771	
534.0753964	90	10	0.8417825981	0.00735206003	86.66318395	13.33681605	55.46317782	44.53682218	0	0	-534.0753964	0.00735206003	-164910.764799007	
531.5153964	90	10	0.8429578448	0.007336906789	86.51197526	13.48802474	55.23369195	44.76630805	0	0	-531.5153964	0.007336906789	-173613.121452675	
528.9553964	90	10	0.8441221124	0.007322528525	86.35939864	13.64060136	55.0040918	44.9959082	0	0	-528.9553964	0.007322528525	-183227.134438989	
526.3953964	90	10	0.8452756367	0.007308920918	86.20543964	13.79456036	54.77436453	45.22563547	0	0	-526.3953964	0.007308920918	-193909.579092486	
523.8353964	90	10	0.8464186481	0.007296080048	86.05008368	13.94991632	54.54449721	45.45550279	0	0	-523.8353964	0.007296080048	-205855.443074727	
521.2753964	90	10	0.8475513715	0.007284002388	85.89331606	14.10668394	54.31447684	45.68552316	0	0	-521.2753964	0.007284002388	-219310.375915858	
518.7153964	90	10	0.8486740268	0.007272684804	85.73512194	14.26487806	54.08429028	45.91570972	0	0	-518.7153964	0.007272684804	-234588.317136903	
516.1553964	90	10	0.8497868289	0.00726212455	85.57548635	14.42451365	53.8539243	46.1460757	0	0	-516.1553964	0.00726212455	-252096.992164956	
513.5953964	90	10	0.8508899878	0.007252319263	85.41439418	14.58560582	53.62336556	46.37663444	0	0	-513.5953964	0.007252319263	-272375.93726143	
511.0353964	90	10	0.8519837091	0.007243266963	85.25183021	14.74816979	53.3926006	46.6073994	0	0	-511.0353964	0.007243266963	-296154.661462337	
508.4753964	90	10	0.8530681936	0.007234966051	85.08777908	14.91222092	53.16161584	46.83838416	0	0	-508.4753964	0.007234966051	-324444.591915708	
505.9153964	90	10	0.8541436378	0.007227415305	84.9222253	15.0777747	52.93039755	47.06960245	0	0	-505.9153964	0.007227415305	-338333.174227079	
504.6353964	90	10	0.8546777449	0.003613582723	84.83887984	15.16112016	52.8146964	47.1853036	0	0	-504.6353964	0.003613582723	-560031.482676063	
503.3553964	90	10	0.8552092606	0.00361129858	84.75515309	15.24484691	52.69893179	47.30106821	0	0	-503.3553964	0.00361129858	-559677.679392224	
502.7153964	90	10	0.8554741127	0.00180566863	84.71314597	15.28685403	52.64102506	47.35897494	0	0	-502.7153964	0.00180566863	-354.423804859076	
502.3953964	90	10	0.8556062641	0.0009027652742	84.6921064	15.3078936	52.61206551	47.38793449	0	0	-502.3953964	0.0009027652742	-354.431636023426	
502.2353964	90	10	0.8556722691	0.0004513506541	84.68157759	15.31842241	52.59758468	47.40241532	0	0	-502.2353964	0.0004513506541	-9576813.61631563	
502.0753964	90	10	0.8557382459	0.0004513339477	84.67104276	15.32895724	52.5831023	47.4168977	0	0	-502.0753964	0.0004513339477	-9576459.06403507	
501.9953964	90	10	0.8557712174	0.0002256786674	84.6657724	15.3342276	52.57586037	47.42413963	0	0	-501.9953964	0.0002256786674	-4219077.07359909	
501.9153964	90	10	0.8558041823	0.0002256597075	84.66050122	15.33949878	52.56861852	47.43138148	0	0	-501.9153964	0.0002256597075	-4218722.87641811	
501.8753964	90	10	0.855820658	0.0001127991416	84.65786545	15.34213455	52.5649974	47.4350026	0	0	-501.8753964	0.0001127991416	-354.544850808482	
501.8553964	90	10	0.8558288946	5.639874382E-05	84.65654739	15.34345261	52.56318683	47.43681317	0	0	-501.8553964	5.639874382E-05	1286796.47957319	
501.8353964	90	10	0.8558371325	5.641429058E-05	84.65522908	15.34477092	52.56137628	47.43862372	0	0	-501.8353964	5.641429058E-05	1287151.09785222	
501.8253964	90	10	0.8558412503	2.819898257E-05	84.65456997	15.34543003	52.56047099	47.43952901	0	0	-501.8253964	2.819898257E-05	-354.417538041645	
501.8153964	90	10	0.8558453688	2.820703346E-05	84.65391075	15.34608925	52.5595657	47.4404343	0	0	-501.8153964	2.820703346E-05	-354.338866389477	
501.7753964	90	10	0.8558618426	0.0001128368662	84.65127356	15.34872644	52.55594443	47.44405557	0	0	-501.7753964	0.0001128368662	-2009.98810517617	
501.7553964	90	10	0.8558700754	5.639904621E-05	84.6499547	15.3500453	52.55413375	47.44586625	0	0	-501.7553964	5.639904621E-05	32294880.4735043	
501.7153964	90	10	0.8558865469	0.0001128350083	84.64731706	15.35268294	52.55051266	47.44948734	0	0	-501.7153964	0.0001128350083	708.842103259281	
501.6353964	90	10	0.8559194866	0.0002256715143	84.64204023	15.35795977	52.54326999	47.45673001	0	0	-501.6353964	0.0002256715143	709.027751456747	
501.4753964	90	10	0.8559853466	0.0004513088726	84.63148349	15.36851651	52.52878402	47.47121598	0	0	-501.4753964	0.0004513088726	709.19695565462	
501.1553964	90	10	0.8561169923	0.0009024032481	84.61035051	15.38964949	52.49980766	47.50019234	0	0	-501.1553964	0.0009024032481	709.458451869987	
500.5153964	90	10	0.8563799823	0.001804315417	84.56801198	15.43198802	52.44184312	47.55815688	0	0	-500.5153964	0.001804315417	709.77330964315	
499.2353964	90	10	0.8569047841	0.003606846057	84.48304376	15.51695624	52.32586188	47.67413812	0	0	-499.2353964	0.003606846057	710.437490854723	
496.6753964	90	10	0.8579497497	0.007206972821	84.31193574	15.68806426	52.09368452	47.90631548	0	0	-496.6753964	0.007206972821	-547861.42752037	
494.1153964	90	10	0.8589859727	0.007202294018	84.13925193	15.86074807	51.86120848	48.13879152	0	0	-494.1153964	0.007202294018	-674073.579434691	
491.5553964	90	10	0.8600141837	0.007198947041	83.96497627	16.03502373	51.62841923	48.37158077	0	0	-491.5553964	0.007198947041	-889444.332004932	
488.9953964	90	10	0.8610345536	0.007196350886	83.78909248	16.21090752	51.39530206	48.60469794	0	0	-488.9953964	0.007196350886	-1221765.77559194	
486.4353964	90	10	0.86204725	0.007194507937	83.61158415	16.38841585	51.16184203	48.83815797	0	0	-486.4353964	0.007194507937	-1995594.51518889	
483.8753964	90	10	0.8630524373	0.007193420224	83.43243475	16.56756525	50.92802404	49.07197596	0	0	-483.8753964	0.007193420224	-6498220.61042443	
481.3153964	90	10	0.8640502767	0.007193090154	83.25162764	16.74837236	50.69383277	49.30616723	0	0	-481.3153964	0.007193090154	-52853924.8593355	
478.7553964	90	10	0.8650409263	0.007193520525	83.06914608	16.93085392	50.45925272	49.54074728	0	0	-478.7553964	0.007193520525	4940419.91498153	
476.1953964	90	10	0.8660245412	0.007194714521	82.8849732	17.1150268	50.22426815	49.77573185	0	0	-476.1953964	0.007194714521	1826664.39947116	
473.6353964	90	10	0.8670012737	0.007196675718	82.69909205	17.30090795	49.98886311	50.01113689	0	0	-473.6353964	0.007196675718	1151385.83809812	
471.0753964	90	10	0.8679712731	0.00719940809	82.51148557	17.48851443	49.75302142	50.24697858	0	0	-471.0753964	0.00719940809	846217.64905899	
468.5153964	90	10	0.8689346861	0.00720291601	82.32213661	17.67786339	49.51672667	50.48327333	0	0	-468.5153964	0.00720291601	670024.74590332	
465.9553964	90	10	0.8698916568	0.007207204257	82.13102793	17.86897207	49.27996218	50.72003782	0	0	-465.9553964	0.007207204257	554645.953185895	
463.3953964	90	10	0.8708423267	0.007212278019	81.93814219	18.06185781	49.04271102	50.95728898	0	0	-463.3953964	0.007212278019	472987.671319651	
460.8353964	90	10	0.8717868348	0.007218142901	81.74346198	18.25653802	48.80495602	51.19504398	0	0	-460.8353964	0.007218142901	412043.962026582	
458.2753964	90	10	0.8727253178	0.007224804918	81.5469698	18.4530302	48.56667968	51.43332032	0	0	-458.2753964	0.007224804918	364762.838666153	
455.7153964	90	10	0.8736579099	0.007232270546	81.34864809	18.65135191	48.32786426	51.67213574	0	0	-455.7153964	0.007232270546	326978.710662741	
453.1553964	90	10	0.8745847434	0.007240546669	81.14847919	18.85152081	48.08849169	51.91150831	0	0	-453.1553964	0.007240546669	296069.545390712	
450.5953964	90	10	0.875505948	0.007249640621	80.94644543	19.05355457	47.8485436	52.1514564	0	0	-450.5953964	0.007249640621	270299.484247965	
448.0353964	90	10	0.8764216516	0.007259560187	80.74252903	19.25747097	47.6080013	52.3919987	0	0	-448.0353964	0.007259560187	248473.337824538	
445.4753964	90	10	0.8773319799	0.007270313613	80.5367122	19.4632878	47.36684575	52.63315425	0	0	-445.4753964	0.007270313613	229740.788272412	
442.9153964	90	10	0.8782370569	0.007281909613	80.32897709	19.67102291	47.12505759	52.87494241	0	0	-442.9153964	0.007281909613	213480.148630709	
440.3553964	90	10	0.8791370043	0.007294357381	80.11930581	19.88069419	46.88261707	53.11738293	0	0	-440.3553964	0.007294357381	199226.241483781	
437.7953964	90	10	0.8800319422	0.007307666597	79.90768045	20.09231955	46.63950409	53.36049591	0	0	-437.7953964	0.007307666597	186623.98347777	
435.2353964	90	10	0.8809219888	0.007321847444	79.69408309	20.30591691	46.39569814	53.60430186	0	0	-435.2353964	0.007321847444	175397.58276077	
432.6753964	90	10	0.8818072607	0.007336910614	79.47849578	20.52150422	46.15117833	53.84882167	0	0	-432.6753964	0.007336910614	165329.588624696	
430.1153964	90	10	0.8826878728	0.007352867322	79.26090059	20.73909941	45.90592333	54.09407667	0	0	-430.1153964	0.007352867322	156246.19013547	
427.5553964	90	10	0.8835639382	0.007369729319	79.04127959	20.95872041	45.65991139	54.34008861	0	0	-427.5553964	0.007369729319	148006.797177772	
424.9953964	90	10	0.8844355687	0.007387508904	78.81961487	21.18038513	45.41312032	54.58687968	0	0	-424.9953964	0.007387508904	140496.451688917	
422.4353964	90	10	0.8853028743	0.007406218941	78.59588856	21.40411144	45.16552744	54.83447256	0	0	-422.4353964	0.007406218941	133620.248038602	
419.8753964	90	10	0.8861659637	0.007425872868	78.37008283	21.62991717	44.91710959	55.08289041	0	0	-419.8753964	0.007425872868	127306.126513379	
417.3153964	90	10	0.887024944	0.007446482282	78.1421799	21.8578201	44.66784311	55.33215689	0	0	-417.3153964	0.007446482282	121474.76907905	
414.7553964	90	10	0.8878799212	0.007468066562	77.91216207	22.08783793	44.41770384	55.58229616	0	0	-414.7553964	0.007468066562	116067.628625937	
412.1953964	90	10	0.8887309998	0.007490638671	77.68001173	22.31998827	44.16666702	55.83333298	0	0	-412.1953964	0.007490638671	111052.50329804	
409.6353964	90	10	0.8895782833	0.007514214524	77.44571137	22.55428863	43.91470739	56.08529261	0	0	-409.6353964	0.007514214524	106316.559989088	
407.0753964	90	10	0.8904218771	0.007538842658	77.20924359	22.79075641	43.66179818	56.33820182	0	0	-407.0753964	0.007538842658	101993.80968262	
404.5153964	90	10	0.8912618758	0.00756445196	76.97059112	23.02940888	43.40791461	56.59208539	0	0	-404.5153964	0.00756445196	97987.5568656447	
401.9553964	90	10	0.8920983815	0.007591138556	76.72973688	23.27026312	43.15302874	56.84697126	0	0	-401.9553964	0.007591138556	94104.1767641381	
399.3953964	90	10	0.892931493	0.007618902351	76.4866639	23.5133361	42.89711278	57.10288722	0	0	-399.3953964	0.007618902351	90492.8736787669	
396.8353964	90	10	0.8937613078	0.007647759832	76.24135548	23.75864452	42.64013828	57.35986172	0	0	-396.8353964	0.007647759832	87094.541918862	
394.2753964	90	10	0.8945879224	0.00767773121	75.99379506	24.00620494	42.38207605	57.61792395	0	0	-394.2753964	0.00767773121	83885.6032361728	
391.7153964	90	10	0.8954114321	0.007708837497	75.74396639	24.25603361	42.12289619	57.87710381	0	0	-391.7153964	0.007708837497	80850.0628867051	
389.1553964	90	10	0.8962319315	0.007741100526	75.49185342	24.50814658	41.86256799	58.13743201	0	0	-389.1553964	0.007741100526	77973.7087075665	
386.5953964	90	10	0.8970495139	0.007774542984	75.23744044	24.76255956	41.60105996	58.39894004	0	0	-386.5953964	0.007774542984	75243.8599978767	
384.0353964	90	10	0.8978642721	0.007809188442	74.98071203	25.01928797	41.33833977	58.66166023	0	0	-384.0353964	0.007809188442	72649.1773799751	
381.4753964	90	10	0.8986762977	0.007845061381	74.72165312	25.27834688	41.07437421	58.92562579	0	0	-381.4753964	0.007845061381	70179.4869471598	
378.9153964	90	10	0.8994856815	0.007882187229	74.46024904	25.53975096	40.80912917	59.19087083	0	0	-378.9153964	0.007882187229	67825.6298652873	
376.3553964	90	10	0.9002925138	0.007920592394	74.1964855	25.8035145	40.54256959	59.45743041	0	0	-376.3553964	0.007920592394	65579.3432671727	
373.7953964	90	10	0.9010968836	0.0079603043	73.93034867	26.06965133	40.2746594	59.7253406	0	0	-373.7953964	0.0079603043	63433.1520570207	
371.2353964	90	10	0.9018988797	0.008001351425	73.66182521	26.33817479	40.00536152	59.99463848	0	0	-371.2353964	0.008001351425	61380.276381226	
368.6753964	90	10	0.9026985896	0.008043763342	73.39090229	26.60909771	39.73463777	60.26536223	0	0	-368.6753964	0.008043763342	59414.5526225427	
366.1153964	90	10	0.9034961007	0.008087570761	73.11756765	26.88243235	39.46244887	60.53755113	0	0	-366.1153964	0.008087570761	57530.3646418197	
363.5553964	90	10	0.9042914991	0.008132805575	72.84180964	27.15819036	39.18875434	60.81124566	0	0	-363.5553964	0.008132805575	55722.5833987598	
360.9953964	90	10	0.9050848708	0.008179500908	72.56361726	27.43638274	38.91351246	61.08648754	0	0	-360.9953964	0.008179500908	55462.7300704939	
359.7153964	90	10	0.9054800963	0.004105252297	72.42360338	27.57639662	38.77529746	61.22470254	0	0	-359.7153964	0.004105252297	88097.8358158593	
358.4353964	90	10	0.9058747586	0.004119833972	72.28297907	27.71702093	38.63668009	61.36331991	0	0	-358.4353964	0.004119833972	88410.6764702985	
357.7953964	90	10	0.9060717181	0.002063922485	72.21243633	27.78756367	38.56721787	61.43278213	0	0	-357.7953964	0.002063922485	-310.755198287216	
357.4753964	90	10	0.906170094	0.001033271446	72.17710759	27.82289241	38.53244846	61.46755154	0	0	-357.4753964	0.001033271446	340059.61618724	
357.1553964	90	10	0.9062684479	0.001034213319	72.14174046	27.85825954	38.49765328	61.50234672	0	0	-357.1553964	0.001034213319	340369.391822372	
356.9953964	90	10	0.9063175961	0.0005173602913	72.12404245	27.87595755	38.48024596	61.51975404	0	0	-356.9953964	0.0005173602913	676010.921073691	
356.8353964	90	10	0.9063667426	0.0005175970824	72.10633487	27.89366513	38.46283218	61.53716782	0	0	-356.8353964	0.0005175970824	676320.314775851	
356.7553964	90	10	0.9063913068	0.0002588621688	72.09747655	27.90252345	38.45412285	61.54587715	0	0	-356.7553964	0.0002588621688	-309.019828805518	
356.7153964	90	10	0.9064035836	0.0001293835358	72.09304747	27.90695253	38.44976829	61.55023171	0	0	-356.7153964	0.0001293835358	-309.172913130152	
356.6953964	90	10	0.9064097238	6.472005486E-05	72.09083266	27.90916734	38.44759009	61.55240991	0	0	-356.6953964	6.472005486E-05	-309.114046092058	
356.6853964	90	10	0.9064127937	3.236012935E-05	72.08972518	27.91027482	38.44650099	61.55349901	0	0	-356.6853964	3.236012935E-05	-668.860970204092	
356.6453964	90	10	0.9064250788	0.0001295299384	72.08529358	27.91470642	38.44214443	61.55785557	0	0	-356.6453964	0.0001295299384	-1751.0611730113	
356.6253964	90	10	0.9064312171	6.472059587E-05	72.08307889	27.91692111	38.43996703	61.56003297	0	0	-356.6253964	6.472059587E-05	2430609.82546339	
356.5853964	90	10	0.9064434986	0.0001295052501	72.07864713	27.92135287	38.43561085	61.56438915	0	0	-356.5853964	0.0001295052501	617.401060763853	
356.5053964	90	10	0.9064680663	0.0002590928881	72.06978169	27.93021831	38.42689571	61.57310429	0	0	-356.5053964	0.0002590928881	617.327331248917	
356.3453964	90	10	0.9065171991	0.0005182876948	72.05204558	27.94795442	38.409462	61.590538	0	0	-356.3453964	0.0005182876948	617.180952822163	
356.0253964	90	10	0.906615464	0.001036968224	72.01654269	27.98345731	38.37457498	61.62542502	0	0	-356.0253964	0.001036968224	616.566365490833	
355.3853964	90	10	0.9068120176	0.002076270956	71.9454215	28.0545785	38.30472225	61.69527775	0	0	-355.3853964	0.002076270956	188261.334723938	
354.7453964	90	10	0.9070084377	0.002079659474	71.87414613	28.12585387	38.23476382	61.76523618	0	0	-354.7453964	0.002079659474	193342.564939734	
354.1053964	90	10	0.9072047491	0.002082898106	71.8027168	28.1972832	38.1646992	61.8353008	0	0	-354.1053964	0.002082898106	196611.086427727	
353.4653964	90	10	0.9074009538	0.002086170131	71.73113308	28.26886692	38.09452746	61.90547254	0	0	-353.4653964	0.002086170131	194907.809749581	
352.8253964	90	10	0.9075970528	0.002089465479	71.65939495	28.34060505	38.02424792	61.97575208	0	0	-352.8253964	0.002089465479	193470.592780762	
352.1853964	90	10	0.9077930476	0.00209278632	71.58750231	28.41249769	37.95385984	62.04614016	0	0	-352.1853964	0.00209278632	191986.438084077	
351.5453964	90	10	0.9079889393	0.002096132814	71.51545504	28.48454496	37.88336244	62.11663756	0	0	-351.5453964	0.002096132814	190515.8337582	
350.9053964	90	10	0.9081847292	0.00209950512	71.44325303	28.55674697	37.81275498	62.18724502	0	0	-350.9053964	0.00209950512	189058.56956051	
350.2653964	90	10	0.9083804187	0.002102903402	71.37089619	28.62910381	37.74203668	62.25796332	0	0	-350.2653964	0.002102903402	187614.436106775	
349.6253964	90	10	0.9085760091	0.002106327823	71.29838441	28.70161559	37.67120676	62.32879324	0	0	-349.6253964	0.002106327823	186183.341706597	
348.9853964	90	10	0.9087715016	0.002109778547	71.2257176	28.7742824	37.60026444	62.39973556	0	0	-348.9853964	0.002109778547	185167.853646884	
347.7053964	90	10	0.9091626777	0.004229379957	71.0799187	28.9200813	37.45803992	62.54196008	0	0	-347.7053964	0.004229379957	602.258561902449	
345.1453964	90	10	0.909945474	0.008503349952	70.78645639	29.21354361	37.17220531	62.82779469	0	0	-345.1453964	0.008503349952	43322.4192118921	
342.5853964	90	10	0.9107268434	0.008561657302	70.49050474	29.50949526	36.88448206	63.11551794	0	0	-342.5853964	0.008561657302	43265.6151669462	
340.0253964	90	10	0.9115068671	0.008621742087	70.19206031	29.80793969	36.59481528	63.40518472	0	0	-340.0253964	0.008621742087	41985.3178937078	
337.4653964	90	10	0.9122856259	0.008683659753	69.89112083	30.10887917	36.30314876	63.69685124	0	0	-337.4653964	0.008683659753	40744.5086928642	
334.9053964	90	10	0.9130632002	0.008747459534	69.58768538	30.41231462	36.00942428	63.99057572	0	0	-334.9053964	0.008747459534	39544.2320901931	
332.3453964	90	10	0.9138396703	0.008813192723	69.28175446	30.71824554	35.7135815	64.2864185	0	0	-332.3453964	0.008813192723	38382.5105557923	
329.7853964	90	10	0.9146151158	0.00888091277	68.97333003	31.02666997	35.41555785	64.58444215	0	0	-329.7853964	0.00888091277	37257.4996133527	
327.2253964	90	10	0.915389616	0.0089506754	68.6624157	31.3375843	35.11528841	64.88471159	0	0	-327.2253964	0.0089506754	36167.4711248412	
324.6653964	90	10	0.9161632502	0.009022538747	68.34901677	31.65098323	34.81270574	65.18729426	0	0	-324.6653964	0.009022538747	35110.8029422846	
322.1053964	90	10	0.9169360969	0.009096563495	68.03314038	31.96685962	34.50773981	65.49226019	0	0	-322.1053964	0.009096563495	34085.9708723124	
319.5453964	90	10	0.9177082348	0.009172813033	67.7147956	32.2852044	34.20031777	65.79968223	0	0	-319.5453964	0.009172813033	33091.5397735579	
316.9853964	90	10	0.9184797421	0.009251353626	67.39399359	32.60600641	33.89036384	66.10963616	0	0	-316.9853964	0.009251353626	32126.1558406188	
314.4253964	90	10	0.919250697	0.009332254602	67.07074769	32.92925231	33.57779912	66.42220088	0	0	-314.4253964	0.009332254602	31188.5398119998	
311.8653964	90	10	0.9200211772	0.009415588558	66.74507363	33.25492637	33.26254137	66.73745863	0	0	-311.8653964	0.009415588558	30277.4804687765	
309.3053964	90	10	0.9207912608	0.009501431588	66.4169896	33.5830104	32.94450485	67.05549515	0	0	-309.3053964	0.009501431588	29391.8292224145	
306.7453964	90	10	0.9215610253	0.009589863532	66.08651649	33.91348351	32.62360005	67.37639995	0	0	-306.7453964	0.009589863532	28530.494524411	
304.1853964	90	10	0.9223305485	0.009680968257	65.753678	34.246322	32.29973347	67.70026653	0	0	-304.1853964	0.009680968257	27692.4363498248	
301.6253964	90	10	0.9230999083	0.009774833968	65.41850085	34.58149915	31.97280738	68.02719262	0	0	-301.6253964	0.009774833968	28033.1127977179	
300	90	10	0.9235874522	0.006255983755	65.20449077	34.79550923	31.76360166	68.23639834	0	0	-300	0.006255983755	-28956.9352406256	
