T	w(AL)	w(MG)	w(SI)	fs	fw(@FCC_A1)	w(AL@FCC_A1)	w(MG@FCC_A1)	w(SI@FCC_A1)	w(AL@LIQUID)	w(MG@LIQUID)	w(SI@LIQUID)	dwdT_L(AL@LIQUID)	dwdT_L(MG@LIQUID)	dwdT_L(SI@LIQUID)	-T	fw(@FCC_A1)_1	-T//fw(@FCC_A1)	
K	%	%	%	mole/mole	kg/kg	%	%	%	%	%	%	SI	SI	SI				
882.7389083	91	2	7	0	0	98.80282716	0.4244975343	0.7726753063	91	2	7	0.001737397016	-0.0003508060029	-0.001386591013	-882.7389083	0	22.3583950423684	
882.7289083	91	2	7	0.00022292099	0.0002227491674	98.80263388	0.4245334911	0.7728326274	90.99826284	2.000350786	7.001386378	0	0	0	-882.7289083	0.0002227491674	67.4286970202221	
882.7089083	91	2	7	0.0006682865737	0.000445148246	98.80224738	0.4246053144	0.7731473015	90.99478784	2.001052439	7.004159716	0	0	0	-882.7089083	0.000445148246	89.961323541695	
882.6689083	91	2	7	0.001557862804	0.000889459208	98.80147449	0.4247488594	0.7737766521	90.98783854	2.002455637	7.009705823	0	0	0	-882.6689083	0.000889459208	90.0918988673431	
882.5889083	91	2	7	0.003332697694	0.00177616738	98.79992911	0.4250354558	0.7750354308	90.97394069	2.005261952	7.020797357	0	0	0	-882.5889083	0.00177616738	90.3615970474739	
882.4289083	91	2	7	0.0068651873	0.003541376637	98.79684032	0.4256064577	0.777553227	90.94614804	2.010874267	7.042977694	0	0	0	-882.4289083	0.003541376637	90.9232990012686	
882.1089083	91	2	7	0.01386216606	0.007039291534	98.79067026	0.4267399008	0.7825898349	90.89057491	2.022097683	7.087327403	0	0	0	-882.1089083	0.007039291534	92.1439394194831	
881.4689083	91	2	7	0.02756824643	0.0138887517	98.77836062	0.4289718932	0.7926674883	90.7794799	2.044535952	7.175984147	0	0	0	-881.4689083	0.0138887517	94.6571872603384	
880.1889083	91	2	7	0.05392454155	0.02708383355	98.75385995	0.4333001377	0.8128399096	90.55748678	2.089389936	7.353123286	0	0	0	-880.1889083	0.02708383355	99.6231259827503	
877.6289083	91	2	7	0.1027641579	0.05158540606	98.70531799	0.4414283219	0.8532536901	90.11428784	2.179029867	7.706682291	0	0	0	-877.6289083	0.05158540606	-1203.5072489315	
875.0689083	91	2	7	0.1469489856	0.04920746954	98.65736487	0.4488691041	0.8937660238	89.67214813	2.268572872	8.059278998	0	0	0	-875.0689083	0.04920746954	-1128.22367522046	
872.5089083	91	2	7	0.1871000211	0.04702973648	98.60996967	0.4556487806	0.9343815542	89.23106056	2.35804191	8.410897531	0	0	0	-872.5089083	0.04702973648	-1230.33078170468	
869.9489083	91	2	7	0.223736054	0.04503072085	98.56310283	0.4617923714	0.975104801	88.79101651	2.447457849	8.761525638	0	0	0	-869.9489083	0.04503072085	-1337.87292353201	
867.3889083	91	2	7	0.2572916962	0.04318977453	98.51673587	0.4673237189	1.015940415	88.35200408	2.536839774	9.11115615	0	0	0	-867.3889083	0.04318977453	-1450.2979006908	
864.8289083	91	2	7	0.2881336424	0.04148928746	98.47084129	0.4722655952	1.056893111	87.91400864	2.626205186	9.45978617	0	0	0	-864.8289083	0.04148928746	-1567.66221087649	
862.2689083	91	2	7	0.3165733461	0.0399141805	98.42539254	0.4766398039	1.097967656	87.47701308	2.715570256	9.807416669	0	0	0	-862.2689083	0.0399141805	-1690.03857095539	
859.7089083	91	2	7	0.3428769711	0.03845146569	98.38036388	0.4804672671	1.139168855	87.04099785	2.80495002	10.15405213	0	0	0	-859.7089083	0.03845146569	-1817.50401041732	
857.1489083	91	2	7	0.3672732755	0.03708989517	98.33573036	0.4837681005	1.180501544	86.60594122	2.894358564	10.49970021	0	0	0	-857.1489083	0.03708989517	-1950.13990750679	
854.5889083	91	2	7	0.3899599126	0.03581967856	98.29146774	0.4865616777	1.221970579	86.17181933	2.983809163	10.84437151	0	0	0	-854.5889083	0.03581967856	-2088.03213378341	
852.0289083	91	2	7	0.4111085046	0.03463225384	98.24755247	0.4888666877	1.263580837	85.73860635	3.07331441	11.18807924	0	0	0	-852.0289083	0.03463225384	-2231.27113067481	
849.4689083	91	2	7	0.4308687595	0.03352010008	98.20396161	0.490701184	1.305337208	85.3062746	3.162886321	11.53083908	0	0	0	-849.4689083	0.03352010008	-2379.95210420904	
846.9089083	91	2	7	0.4493718344	0.0324765836	98.16067278	0.4920826283	1.347244593	84.87479468	3.252536428	11.87266889	0	0	0	-846.9089083	0.0324765836	-2534.17515884185	
844.3489083	91	2	7	0.4667331004	0.03149583054	98.11766417	0.49302793	1.389307903	84.44413555	3.342275856	12.21358859	0	0	0	-844.3489083	0.03149583054	-2694.04551814514	
841.7889083	91	2	7	0.48305443	0.03057262094	98.07491446	0.4935534801	1.431532059	84.01426465	3.432115394	12.55361996	0	0	0	-841.7889083	0.03057262094	-2859.67378779248	
839.2289083	91	2	7	0.4984260999	0.02970230002	98.03240283	0.4936751823	1.473921988	83.58514795	3.522065552	12.89278649	0	0	0	-839.2289083	0.02970230002	-3031.17619605779	
836.6689083	91	2	7	0.5129283818	0.0288807036	97.99010889	0.4934084809	1.516482629	83.15675012	3.612136613	13.23111326	0	0	0	-836.6689083	0.0288807036	-3208.67502427455	
834.1089083	91	2	7	0.5266328808	0.02810409508	97.94801269	0.4927683855	1.559218929	82.72903452	3.702338681	13.5686268	0	0	0	-834.1089083	0.02810409508	-3392.29885620365	
831.5489083	91	2	7	0.5396036643	0.02736911185	97.90609466	0.4917694941	1.602135847	82.30196331	3.792681716	13.90535497	0	0	0	-831.5489083	0.02736911185	-3582.18301618211	
828.9889083	91	2	7	0.5518982206	0.02667271966	97.86433563	0.4904260128	1.645238353	81.87549752	3.883175573	14.24132691	0	0	0	-828.9889083	0.02667271966	-3778.47018388892	
826.4289083	91	2	7	0.5635682757	0.02601217353	97.82271679	0.4887517753	1.688531433	81.4495971	3.973830032	14.57657287	0	0	0	-826.4289083	0.02601217353	-3981.31077099867	
823.8689083	91	2	7	0.5746604915	0.02538498409	97.78121965	0.4867602591	1.732020087	81.02422095	4.064654828	14.91112422	0	0	0	-823.8689083	0.02538498409	-4190.86356790655	
821.3089083	91	2	7	0.5852170659	0.02478888859	97.73982606	0.4844646017	1.775709334	80.59932704	4.155659673	15.24501329	0	0	0	-821.3089083	0.02478888859	-4407.2964839498	
818.7489083	91	2	7	0.5952762496	0.02422182576	97.69851817	0.4818776143	1.819604211	80.17487235	4.246854281	15.57827337	0	0	0	-818.7489083	0.02422182576	-4630.78728778422	
816.1889083	91	2	7	0.6048727936	0.02368191398	97.65727842	0.4790117949	1.863709781	79.75081298	4.33824839	15.91093863	0	0	0	-816.1889083	0.02368191398	-4861.52434951625	
813.6289083	91	2	7	0.6140383373	0.02316743221	97.61608953	0.4758793407	1.908031129	79.32710415	4.429851777	16.24304407	0	0	0	-813.6289083	0.02316743221	-5099.7075977013	
811.0689083	91	2	7	0.622801746	0.02267680335	97.57493447	0.4724921584	1.952573369	78.90370025	4.521674284	16.57462547	0	0	0	-811.0689083	0.02267680335	-5345.54984164478	
808.5089083	91	2	7	0.6311894065	0.02220857966	97.53379648	0.4688618752	1.997341643	78.48055482	4.613725825	16.90571936	0	0	0	-808.5089083	0.02220857966	-5599.2775450883	
805.9489083	91	2	7	0.6392254852	0.02176142985	97.49265903	0.4649998472	2.042341128	78.05762059	4.706016409	17.236363	0	0	0	-805.9489083	0.02176142985	-5862.98503223607	
803.3889083	91	2	7	0.646932254	0.02133438051	97.45150466	0.4609172172	2.087578124	77.63484229	4.798557757	17.56659995	0	0	0	-803.3889083	0.02133438051	-6130.0236487962	
800.8289083	91	2	7	0.6543298555	0.02092541459	97.41031959	0.4566247246	2.133055688	77.21218568	4.891356869	17.89645745	0	0	0	-800.8289083	0.02092541459	-6407.4233178979	
798.2689083	91	2	7	0.6614371896	0.0205344936	97.36908677	0.4521330139	2.178780217	76.78959373	4.984425736	18.22598053	0	0	0	-798.2689083	0.0205344936	-6698.01399807377	
795.7089083	91	2	7	0.6682715581	0.02016027964	97.32779051	0.4474524389	2.224757048	76.36701599	5.07777489	18.55520912	0	0	0	-795.7089083	0.02016027964	-6995.15393647134	
793.1489083	91	2	7	0.6748489399	0.01980187622	97.28641532	0.44259312	2.270991562	75.94440121	5.171415021	18.88418377	0	0	0	-793.1489083	0.01980187622	-7301.90440507116	
790.5889083	91	2	7	0.6811841147	0.01945845346	97.24494586	0.4375649497	2.317489191	75.52169736	5.265356999	19.21294564	0	0	0	-790.5889083	0.01945845346	-7618.64588884952	
788.0289083	91	2	7	0.6872907727	0.01912924066	97.20336698	0.4323775981	2.364255418	75.09885155	5.359611887	19.54153656	0	0	0	-788.0289083	0.01912924066	-7945.77576813707	
785.4689083	91	2	7	0.6931816125	0.01881352152	97.1616637	0.4270405181	2.411295786	74.67581007	5.454190952	19.86999898	0	0	0	-785.4689083	0.01881352152	-8283.7267260506	
782.9089083	91	2	7	0.6988684291	0.01851062963	97.11982116	0.4215629496	2.458615894	74.25251834	5.549105683	20.19837598	0	0	0	-782.9089083	0.01851062963	-8632.96810559483	
780.3489083	91	2	7	0.704362192	0.0182199444	97.07782467	0.4159539242	2.506221406	73.82892087	5.644367805	20.52671133	0	0	0	-780.3489083	0.0182199444	-8994.01045613311	
777.7889083	91	2	7	0.7096731164	0.01794088743	97.03565968	0.4102222688	2.554118053	73.40496126	5.739989292	20.85504945	0	0	0	-777.7889083	0.01794088743	-9367.40934477051	
775.2289083	91	2	7	0.7148107267	0.01767291915	96.99331176	0.4043766095	2.602311633	72.98058215	5.835982382	21.18343547	0	0	0	-775.2289083	0.01767291915	-9753.77139888898	
772.6689083	91	2	7	0.7197839132	0.0174155359	96.95076661	0.3984253748	2.650808019	72.55572517	5.932359598	21.51191523	0	0	0	-772.6689083	0.0174155359	-10153.7606880394	
770.1089083	91	2	7	0.7246009846	0.0171682672	96.90801004	0.3923767991	2.699613163	72.13033092	6.029133757	21.84053532	0	0	0	-770.1089083	0.0171682672	-10568.1053185749	
767.5489083	91	2	7	0.7292697146	0.01693067333	96.86502798	0.386238925	2.748733094	71.7043389	6.126317994	22.1693431	0	0	0	-767.5489083	0.01693067333	-10997.6054285551	
764.9889083	91	2	7	0.7337973841	0.01670234309	96.82180646	0.3800196066	2.798173929	71.27768747	6.223925778	22.49838675	0	0	0	-764.9889083	0.01670234309	-11443.1414146739	
762.4289083	91	2	7	0.7381908198	0.01648289177	96.77833161	0.3737265113	2.847941874	70.85031378	6.32197093	22.82771529	0	0	0	-762.4289083	0.01648289177	-11905.6865540363	
759.8689083	91	2	7	0.7424564294	0.01627195938	96.73458965	0.367367123	2.898043228	70.42215373	6.420467642	23.15737862	0	0	0	-759.8689083	0.01627195938	-12386.3187726504	
757.3089083	91	2	7	0.7466002331	0.01606920895	96.69056687	0.3609487434	2.948484387	69.99314188	6.519430504	23.48742761	0	0	0	-757.3089083	0.01606920895	-12886.2336480811	
754.7489083	91	2	7	0.7506278931	0.01587432502	96.64624965	0.3544784945	2.999271851	69.56321138	6.618874518	23.8179141	0	0	0	-754.7489083	0.01587432502	-13406.7613794526	
752.1889083	91	2	7	0.7545447395	0.01568701225	96.60162445	0.3479633203	3.050412227	69.13229391	6.718815129	24.14889096	0	0	0	-752.1889083	0.01568701225	-13949.388268109	
749.6289083	91	2	7	0.7583557952	0.01550699422	96.55667778	0.3414099882	3.101912236	68.70031958	6.819268244	24.48041218	0	0	0	-749.6289083	0.01550699422	-14515.7769338387	
747.0689083	91	2	7	0.7620657974	0.01533401221	96.51139619	0.3348250912	3.153778714	68.26721682	6.920250264	24.81253291	0	0	0	-747.0689083	0.01533401221	-15107.7944632383	
744.5089083	91	2	7	0.7656792185	0.01516782423	96.46576633	0.328215049	3.206018625	67.83291235	7.021778106	25.14530954	0	0	0	-744.5089083	0.01516782423	-15727.5466516844	
741.9489083	91	2	7	0.7692002845	0.01500820406	96.41977483	0.3215861095	3.258639058	67.39733099	7.123869238	25.47879977	0	0	0	-741.9489083	0.01500820406	-16377.4127246678	
739.3889083	91	2	7	0.7726329922	0.01485494037	96.37340841	0.3149443498	3.311647243	66.96039561	7.226541707	25.81306268	0	0	0	-739.3889083	0.01485494037	-17060.0925839304	
736.8289083	91	2	7	0.7759811248	0.01470783596	96.32665377	0.3082956781	3.365050549	66.52202698	7.329814177	26.14815884	0	0	0	-736.8289083	0.01470783596	-17778.6640573806	
734.2689083	91	2	7	0.7792482668	0.01456670707	96.27949767	0.3016458342	3.418856496	66.08214366	7.43370596	26.48415038	0	0	0	-734.2689083	0.01456670707	-18536.6484070449	
731.7089083	91	2	7	0.782437817	0.01443138273	96.23192685	0.2950003912	3.473072762	65.64066184	7.538237056	26.82110111	0	0	0	-731.7089083	0.01443138273	-19338.0906846436	
729.1489083	91	2	7	0.7855530014	0.01430170418	96.18392805	0.2883647559	3.527707189	65.19749521	7.643428198	27.15907659	0	0	0	-729.1489083	0.01430170418	-20187.6643386817	
726.5889083	91	2	7	0.788596884	0.0141775244	96.13548803	0.2817441705	3.582767795	64.7525548	7.749300888	27.49814431	0	0	0	-726.5889083	0.0141775244	-21090.7945885894	
724.0289083	91	2	7	0.7915723781	0.01405870763	96.08659351	0.2751437131	3.638262776	64.30574881	7.855877453	27.83837374	0	0	0	-724.0289083	0.01405870763	-22053.8121971306	
721.4689083	91	2	7	0.7944822555	0.01394512898	96.03723118	0.2685682988	3.694200526	63.85698241	7.963181089	28.17983651	0	0	0	-721.4689083	0.01394512898	-23084.1530472616	
718.9089083	91	2	7	0.7973291561	0.0138366741	95.98738768	0.2620226808	3.750589637	63.40615755	8.071235916	28.52260653	0	0	0	-718.9089083	0.0138366741	-24190.6053033035	
716.3489083	91	2	7	0.8001155962	0.01373323887	95.93704963	0.255511451	3.807438916	62.95317278	8.180067041	28.86676018	0	0	0	-716.3489083	0.01373323887	-25383.6284357968	
713.7889083	91	2	7	0.8028439764	0.01363472916	95.88620356	0.2490390414	3.864757397	62.49792298	8.289700612	29.21237641	0	0	0	-713.7889083	0.01363472916	-26675.7751416405	
711.2289083	91	2	7	0.8055165892	0.01354106067	95.83483593	0.2426097244	3.922554348	62.04029912	8.400163894	29.55953699	0	0	0	-711.2289083	0.01354106067	-28082.2256371131	
708.6689083	91	2	7	0.8081356252	0.01345215871	95.78293309	0.2362276142	3.980839291	61.58018802	8.511485337	29.90832665	0	0	0	-708.6689083	0.01345215871	-29621.5236014803	
706.1089083	91	2	7	0.8107031806	0.01336795819	95.73048132	0.2298966676	4.039622013	61.11747203	8.623694654	30.25883332	0	0	0	-706.1089083	0.01336795819	-31316.5529813534	
703.5489083	91	2	7	0.8132212621	0.0132884035	95.67746673	0.2236206848	4.098912581	60.65202876	8.736822909	30.61114833	0	0	0	-703.5489083	0.0132884035	-33245.1510948799	
700.9889083	91	2	7	0.8156918011	0.01321365203	95.6238771	0.21740337	4.158719526	60.18373504	8.85090297	30.96536199	0	0	0	-700.9889083	0.01321365203	-35394.5939176531	
698.4289083	91	2	7	0.8181166712	0.01314346184	95.56969504	0.2112481435	4.219056815	59.71244666	8.965970328	31.32158301	0	0	0	-698.4289083	0.01314346184	-37715.444905098	
695.8689083	91	2	7	0.8204976095	0.01307762081	95.51490767	0.2051583525	4.279933979	59.23803141	9.082059072	31.67990952	0	0	0	-695.8689083	0.01307762081	-40365.515294945	
693.3089083	91	2	7	0.8228363206	0.01301629995	95.45950043	0.1991371814	4.341362388	58.76034417	9.199206678	32.04044915	0	0	0	-693.3089083	0.01301629995	-43469.3676285051	
690.7489083	91	2	7	0.825134445	0.01295949235	95.40345855	0.193187663	4.403353791	58.27923303	9.317452521	32.40331445	0	0	0	-690.7489083	0.01295949235	-47091.2029005517	
688.1889083	91	2	7	0.827393564	0.01290720142	95.34676698	0.1873126796	4.465920341	57.79453884	9.436838011	32.76862315	0	0	0	-688.1889083	0.01290720142	-51384.188498397	
685.6289083	91	2	7	0.8296152032	0.01285944129	95.28941042	0.1815149648	4.529074618	57.30609459	9.557406744	33.13649867	0	0	0	-685.6289083	0.01285944129	-56568.976374786	
683.0689083	91	2	7	0.8318008367	0.0128162372	95.23137323	0.1757971042	4.592829664	56.81372487	9.679204673	33.50707046	0	0	0	-683.0689083	0.0128162372	-62975.6939363988	
680.5089083	91	2	7	0.8339518904	0.01277762603	95.17263946	0.1701615364	4.657199007	56.31724513	9.802280288	33.88047458	0	0	0	-680.5089083	0.01277762603	-71122.029395666	
677.9489083	91	2	7	0.8360697462	0.01274365689	95.11319275	0.1646105553	4.7221967	55.81646102	9.926684817	34.25685416	0	0	0	-677.9489083	0.01274365689	-81870.0400072083	
675.3889083	91	2	7	0.8381557447	0.01271439185	95.05301633	0.1591463105	4.787837355	55.31116754	10.05247245	34.63636001	0	0	0	-675.3889083	0.01271439185	-96774.178828649	
672.8289083	91	2	7	0.840211189	0.01268990674	94.99209301	0.1537708091	4.854136185	54.80114815	10.17970056	35.01915129	0	0	0	-672.8289083	0.01268990674	-118967.504848954	
670.2689083	91	2	7	0.842237348	0.01267029206	94.93040504	0.1484859174	4.921109045	54.28617382	10.30843003	35.40539616	0	0	0	-670.2689083	0.01267029206	-155924.872139135	
667.7089083	91	2	7	0.844235459	0.01265565412	94.86793416	0.1432933622	4.98877248	53.76600193	10.43872546	35.79527261	0	0	0	-667.7089083	0.01265565412	-231509.408692912	
665.1489083	91	2	7	0.8462067317	0.01264611623	94.80466149	0.1381947327	5.057143776	53.2403751	10.57065557	36.18896933	0	0	0	-665.1489083	0.01264611623	-494185.083060975	
662.5889083	91	2	7	0.8481523505	0.01264182009	94.7405675	0.1331914818	5.126241015	52.70901981	10.70429355	36.58668664	0	0	0	-662.5889083	0.01264182009	3321693.23479091	
660.0289083	91	2	7	0.850073478	0.01264292736	94.67563193	0.1282849283	5.19608314	52.171645	10.83971741	36.98863758	0	0	0	-660.0289083	0.01264292736	2038124.96976484	
657.4689083	91	2	7	0.8519712583	0.0126496215	94.60983373	0.1234762585	5.266690016	51.62794037	10.97701051	37.39504912	0	0	0	-657.4689083	0.0126496215	320505.074138692	
654.9089083	91	2	7	0.8538468197	0.01266210982	94.54315097	0.1187665286	5.338082503	51.07757455	11.11626201	37.80616344	0	0	0	-654.9089083	0.01266210982	178111.7272867	
652.3489083	91	2	7	0.8557012782	0.01268062598	94.4755608	0.1141566659	5.410282538	50.52019308	11.25756744	38.22223948	0	0	0	-652.3489083	0.01268062598	123272.981709788	
649.7889083	91	2	7	0.8575357408	0.01270543278	94.40703931	0.1096474719	5.483313214	49.95541612	11.40102934	38.64355454	0	0	0	-649.7889083	0.01270543278	93641.3034749606	
647.2289083	91	2	7	0.8593513091	0.01273682529	94.3375615	0.105239624	5.557198873	49.38283581	11.54675797	39.07040622	0	0	0	-647.2289083	0.01273682529	74916.9200841133	
644.6689083	91	2	7	0.8611490824	0.01277513449	94.26710111	0.1009336781	5.631965209	48.8020134	11.69487211	39.50311449	0	0	0	-644.6689083	0.01277513449	61948.2939519931	
642.1089083	91	2	7	0.8629301622	0.01282073131	94.19563056	0.09673007095	5.707639367	48.21247595	11.84549996	39.94202409	0	0	0	-642.1089083	0.01282073131	52403.1448955512	
639.5489083	91	2	7	0.8646956555	0.01287403134	94.12312081	0.09262912289	5.784250065	47.6137126	11.99878015	40.38750724	0	0	0	-639.5489083	0.01287403134	45065.7060195427	
636.9889083	91	2	7	0.8664466795	0.01293550019	94.04954125	0.08863104068	5.861827706	47.00517038	12.15486294	40.83996668	0	0	0	-636.9889083	0.01293550019	39238.0002637778	
634.4289083	91	2	7	0.8681843661	0.0130056597	93.97485956	0.08473592044	5.940404515	46.38624938	12.31391149	41.29983914	0	0	0	-634.4289083	0.0130056597	34489.9922726876	
631.8689083	91	2	7	0.869909867	0.01308509494	93.89904159	0.08094375083	6.02001466	45.75629727	12.47610339	41.76759934	0	0	0	-631.8689083	0.01308509494	30542.0305086263	
629.3089083	91	2	7	0.8716243583	0.01317446229	93.82205119	0.07725441653	6.100694391	45.11460312	12.6416324	42.24376448	0	0	0	-629.3089083	0.01317446229	27204.3017393098	
626.7489083	91	2	7	0.8733290474	0.01327449862	93.74385013	0.07366770201	6.182482168	44.46039019	12.81071036	42.72889945	0	0	0	-626.7489083	0.01327449862	24343.4431950179	
624.1889083	91	2	7	0.8750251783	0.01338603165	93.66439792	0.0701832956	6.265418782	43.7928078	12.98356948	43.22362271	0	0	0	-624.1889083	0.01338603165	21863.0463929498	
621.6289083	91	2	7	0.8767140389	0.01350999163	93.58365176	0.06680079414	6.34954745	43.11092195	13.16046494	43.72861312	0	0	0	-621.6289083	0.01350999163	19691.7320882763	
619.0689083	91	2	7	0.8783969684	0.01364742441	93.50156641	0.06351970814	6.434913884	42.41370451	13.34167779	44.2446177	0	0	0	-619.0689083	0.01364742441	17775.6019953324	
616.5089083	91	2	7	0.8800753648	0.01379950537	93.41809424	0.06033946767	6.521566292	41.70002096	13.52751845	44.77246059	0	0	0	-616.5089083	0.01379950537	16073.2701700784	
613.9489083	91	2	7	0.8817506935	0.01396755478	93.33318528	0.05725942931	6.609555286	40.96861624	13.71833052	45.31305325	0	0	0	-613.9489083	0.01396755478	14552.5086126619	
611.3889083	91	2	7	0.883424496	0.01415305285	93.24678747	0.05427888425	6.69893365	40.21809862	13.91449528	45.8674061	0	0	0	-611.3889083	0.01415305285	13187.9680299006	
608.8289083	91	2	7	0.8850983982	0.0143576539	93.15884706	0.05139706818	6.789755877	39.44692154	14.11643673	46.43664173	0	0	0	-608.8289083	0.0143576539	11959.5498905448	
606.2689083	91	2	7	0.8867741184	0.01458319695	93.06930945	0.04861317333	6.882077381	38.65336314	14.32462725	47.02200961	0	0	0	-606.2689083	0.01458319695	10851.2680463276	
603.7089083	91	2	7	0.8884534733	0.01483170868	92.97812043	0.04592636359	6.975953202	37.83550384	14.53959385	47.62490231	0	0	0	-603.7089083	0.01483170868	9850.43972399812	
601.1489083	91	2	7	0.8901383808	0.01510539174	92.88522825	0.04333579371	7.071435961	36.99120242	14.76192484	48.24687274	0	0	0	-601.1489083	0.01510539174	8947.129682066	
598.5889083	91	2	7	0.8918308561	0.01540658645	92.79058668	0.04084063409	7.168572684	36.11807189	14.99227659	48.88965152	0	0	0	-598.5889083	0.01540658645	8133.80555693433	
596.0289083	91	2	7	0.8935329973	0.01573768578	92.69415995	0.03844010324	7.267399949	35.21345777	15.23137974	49.55516249	0	0	0	-596.0289083	0.01573768578	7405.17318474439	
593.4689083	91	2	7	0.8952469517	0.01610097263	92.59593	0.03613351088	7.367936486	34.27442343	15.48004346	50.2455331	0	0	0	-593.4689083	0.01610097263	6758.29349807245	
590.9089083	91	2	7	0.8969748521	0.0164983173	92.4959079	0.03392031817	7.47017178	33.29775154	15.73915554	50.96309292	0	0	0	-590.9089083	0.0164983173	6192.88303994182	
588.3489083	91	2	7	0.8987187043	0.0169306785	92.39414977	0.03180020449	7.574050026	32.27997516	16.0096743	51.71035053	0	0	0	-588.3489083	0.0169306785	5712.36134886307	
585.7889083	91	2	7	0.9004801941	0.01739721385	92.2907826	0.02977318065	7.679444216	31.21746626	16.29260514	52.4899286	0	0	0	-585.7889083	0.01739721385	5326.0374870165	
583.2289083	91	2	7	0.9022603732	0.01789387636	92.18604045	0.02783971337	7.786119835	30.10662081	16.58895072	53.30442847	0	0	0	-583.2289083	0.01789387636	5053.67900960096	
580.6689083	91	2	7	0.9040591616	0.01841117694	92.08031729	0.02600088955	7.893681818	28.94420637	16.89961694	54.15617669	0	0	0	-580.6689083	0.01841117694	4937.38844688114	
578.1089083	91	2	7	0.9058745926	0.01893087288	91.9742399	0.02425859995	8.001501504	27.72796426	17.22524937	55.04678637	0	0	0	-578.1089083	0.01893087288	5075.91476811313	
575.5489083	91	2	7	0.9077017391	0.01942152997	91.86876113	0.02261570558	8.108623161	26.4575762	17.56596986	55.97645394	0	0	0	-575.5489083	0.01942152997	5765.53350105069	
572.9889083	91	2	7	0.9095313472	0.01983278268	91.76526032	0.02107607888	8.2136636	25.13608246	17.92098453	56.94293301	0	0	0	-572.9889083	0.01983278268	8330.33676491828	
570.4289083	91	2	7	0.911348413	0.02009714286	91.6656331	0.01964444076	8.314722456	23.77161029	18.28812676	57.94026295	0	0	0	-570.4289083	0.02009714286	81633.4925503508	
567.8689083	91	2	7	0.9131314279	0.02012577024	91.57226038	0.01832553625	8.40941408	22.37904658	18.66337102	58.9575824	0	0	0	-567.8689083	0.02012577024	100164.885910629	
565.3089083	91	2	7	0.9148532779	0.01983529074	91.4878266	0.01712280073	8.495050603	20.98051078	19.04071079	59.97877842	0	0	0	-565.3089083	0.01983529074	-7305.04246926589	
562.7489083	91	2	7	0.9164847663	0.01917526705	91.41490303	0.0160365518	8.569060414	19.60350733	19.41264653	60.98384614	0	0	0	-562.7489083	0.01917526705	-3343.82493177867	
560.1889083	91	2	7	0.9180001884	0.01815978474	91.35542337	0.01506256211	8.629514072	18.2764085	19.7714179	61.9521736	0	0	0	-560.1889083	0.01815978474	-2286.13007435613	
557.6289083	91	2	7	0.9193825758	0.01687231102	91.31029332	0.01419193095	8.675514752	17.0230116	20.11048883	62.86649957	0	0	0	-557.6289083	0.01687231102	-1891.7000094973	
555.0689083	91	2	7	0.9206260301	0.01543727547	91.27933036	0.01341242223	8.707257219	15.85872478	20.4255971	63.71567812	0	0	0	-555.0689083	0.01543727547	-1768.63258671115	
552.5089083	91	2	7	0.9217344704	0.01397697843	91.26151797	0.01271054717	8.725771482	14.7898845	20.71495151	64.49516399	0	0	0	-552.5089083	0.01397697843	-1795.0077856099	
549.9489083	91	2	7	0.922718328	0.01258193885	91.25538432	0.01207338917	8.732542294	13.81554315	20.9787526	65.20570425	0	0	0	-549.9489083	0.01258193885	-1922.61022775405	
547.3889083	91	2	7	0.9235911149	0.01130373829	91.25932982	0.01148966928	8.72918051	12.93013211	21.2184704	65.85139749	0	0	0	-547.3889083	0.01130373829	-2129.84001100232	
544.8289083	91	2	7	0.9243669209	0.01016253681	91.27183389	0.01095009736	8.717216013	12.1258091	21.43620504	66.43798586	0	0	0	-544.8289083	0.01016253681	-2406.3510099832	
542.2689083	91	2	7	0.9250589828	0.009158552652	91.29155236	0.01044728179	8.698000355	11.39406481	21.63424752	66.97168767	0	0	0	-542.2689083	0.009158552652	-2747.03265783374	
539.7089083	91	2	7	0.9256790544	0.00828162109	91.31734422	0.009975448181	8.672680331	10.72664398	21.81482685	67.45852917	0	0	0	-539.7089083	0.00828162109	-3149.36537293408	
537.1489083	91	2	7	0.9262372527	0.007517415291	91.34826174	0.009530118719	8.642208138	10.11598786	21.97998776	67.90402438	0	0	0	-537.1489083	0.007517415291	-3612.12330387388	
534.5889083	91	2	7	0.9267421418	0.006850894859	91.38352602	0.009107822112	8.607366155	9.555392381	22.13154615	68.31306146	0	0	0	-534.5889083	0.006850894859	-4135.00385095609	
532.0289083	91	2	7	0.9272009191	0.006268048307	91.42249858	0.008705853797	8.568795562	9.039009044	22.27108776	68.6899032	0	0	0	-532.0289083	0.006268048307	-4717.70991400254	
529.4689083	91	2	7	0.9276196131	0.005756398816	91.46465632	0.008322092565	8.527021592	8.561787341	22.39998302	69.03822964	0	0	0	-529.4689083	0.005756398816	-5354.66456924324	
526.9089083	91	2	7	0.9280032786	0.005304492512	91.50956704	0.00795485257	8.482478104	8.119377726	22.51941074	69.36121154	0	0	0	-526.9089083	0.005304492512	-6060.23127148185	
524.3489083	91	2	7	0.9283561753	0.004905093874	91.55687631	0.007602792284	8.435520893	7.70803579	22.63039074	69.66157347	0	0	0	-524.3489083	0.004905093874	-6829.14583735873	
521.7889083	91	2	7	0.9286818971	0.004549660562	91.60628799	0.007264818378	8.386447192	7.324535742	22.73379975	69.94166451	0	0	0	-521.7889083	0.004549660562	-7653.45218073823	
519.2289083	91	2	7	0.9289834945	0.004231909321	91.65755397	0.006940032406	8.335506001	6.966089496	22.83039587	70.20351464	0	0	0	-519.2289083	0.004231909321	-8539.04332514236	
516.6689083	91	2	7	0.9292635704	0.003946584744	91.71046515	0.006627685684	8.28290716	6.63027935	22.92083672	70.44888393	0	0	0	-516.6689083	0.003946584744	-9486.20607267364	
514.1089083	91	2	7	0.9295243571	0.003689290104	91.76484418	0.006327145394	8.228828675	6.315000714	23.00569497	70.67930432	0	0	0	-514.1089083	0.003689290104	-10495.3013068882	
511.5489083	91	2	7	0.9297677791	0.003456336292	91.82053961	0.006037868855	8.173422522	6.01841412	23.08547127	70.89611461	0	0	0	-511.5489083	0.003456336292	-11566.697048376	
508.9889083	91	2	7	0.9299955039	0.003244616628	91.87742135	0.005759383873	8.116819268	5.738905196	23.16060516	71.10048964	0	0	0	-508.9889083	0.003244616628	-12700.7701472772	
506.4289083	91	2	7	0.9302089839	0.003051504246	91.93537695	0.005491273653	8.059131774	5.475051294	23.23148406	71.29346465	0	0	0	-506.4289083	0.003051504246	-13897.9086360007	
503.8689083	91	2	7	0.9304094895	0.002874768432	91.99430867	0.005233165149	8.000458163	5.225593678	23.29845083	71.47595549	0	0	0	-503.8689083	0.002874768432	-15158.514853377	
501.3089083	91	2	7	0.9305981376	0.002712506567	92.05413105	0.004984720015	7.94088423	4.989414269	23.36181011	71.64877562	0	0	0	-501.3089083	0.002712506567	-16483.0086543916	
498.7489083	91	2	7	0.9307759141	0.002563088741	92.11476898	0.004745627563	7.880485395	4.765516175	23.42183356	71.81265027	0	0	0	-498.7489083	0.002563088741	-17871.8312970515	
496.1889083	91	2	7	0.9309436929	0.002425112624	92.1761561	0.004515599236	7.819328303	4.553007325	23.47876431	71.96822837	0	0	0	-496.1889083	0.002425112624	-19325.4492277123	
493.6289083	91	2	7	0.9311022517	0.002297366582	92.23823349	0.004294364281	7.757472143	4.351086661	23.53282073	72.11609261	0	0	0	-493.6289083	0.002297366582	-20844.357849633	
491.0689083	91	2	7	0.931252285	0.002178799447	92.3009486	0.004081666335	7.694969734	4.159032451	23.58419962	72.25676793	0	0	0	-491.0689083	0.002178799447	-22429.0859827798	
488.5089083	91	2	7	0.9313944156	0.002068495649	92.36425431	0.003877260732	7.631868429	3.976192369	23.63307886	72.39072878	0	0	0	-488.5089083	0.002068495649	-24080.1998603498	
485.9489083	91	2	7	0.9315292035	0.001965654676	92.42810821	0.003680912385	7.568210875	3.801975014	23.67961973	72.51840526	0	0	0	-485.9489083	0.001965654676	-25798.307761446	
483.3889083	91	2	7	0.931657154	0.001869574049	92.49247196	0.003492394107	7.504035645	3.635842671	23.7239689	72.64018842	0	0	0	-483.3889083	0.001869574049	-27584.0642645548	
480.8289083	91	2	7	0.9317787244	0.001779635144	92.55731074	0.003311485297	7.439377776	3.477305076	23.76626013	72.75643479	0	0	0	-480.8289083	0.001779635144	-29438.1747784449	
478.2689083	91	2	7	0.9318943298	0.001695291346	92.62259281	0.003137970905	7.374269224	3.325914042	23.80661568	72.86747027	0	0	0	-478.2689083	0.001695291346	-31361.4016421324	
475.7089083	91	2	7	0.9320043479	0.001616058112	92.68828911	0.002971640624	7.308739251	3.181258814	23.84514763	72.97359355	0	0	0	-475.7089083	0.001616058112	-33354.5674220998	
473.1489083	91	2	7	0.9321091236	0.001541504588	92.75437296	0.002812288265	7.242814756	3.042962027	23.88195896	73.07507902	0	0	0	-473.1489083	0.001541504588	-35418.5613950412	
470.5889083	91	2	7	0.9322089723	0.001471246535	92.82081973	0.002659711279	7.17652056	2.910676191	23.91714447	73.17217933	0	0	0	-470.5889083	0.001471246535	-37554.3454267582	
468.0289083	91	2	7	0.932304183	0.001404940313	92.88760664	0.002513710393	7.109879654	2.784080614	23.95079171	73.26512768	0	0	0	-468.0289083	0.001404940313	-39762.9587819104	
465.4689083	91	2	7	0.9323950218	0.001342277761	92.9547125	0.002374089348	7.042913408	2.662878707	23.98298161	73.35413969	0	0	0	-465.4689083	0.001342277761	-42045.5245569005	
462.9089083	91	2	7	0.9324817333	0.001282981817	93.02211759	0.002240654703	6.975641756	2.546795613	24.01378918	73.43941521	0	0	0	-462.9089083	0.001282981817	-44403.2566455533	
460.3489083	91	2	7	0.9325645437	0.001226802764	93.08980342	0.002113215709	6.908083361	2.435576114	24.04328409	73.5211398	0	0	0	-460.3489083	0.001226802764	-46837.4666763532	
457.7889083	91	2	7	0.932643662	0.001173514996	93.15775266	0.001991584229	6.840255751	2.328982784	24.07153113	73.59948609	0	0	0	-457.7889083	0.001173514996	-49349.5699186714	
455.2289083	91	2	7	0.932719282	0.001122914225	93.22594898	0.001875574694	6.772175449	2.226794347	24.09859069	73.67461496	0	0	0	-455.2289083	0.001122914225	-51941.0947390891	
452.6689083	91	2	7	0.9327915835	0.001074815066	93.29437692	0.001765004095	6.703858074	2.128804222	24.12451917	73.74667661	0	0	0	-452.6689083	0.001074815066	-54613.6894598208	
450.1089083	91	2	7	0.9328607338	0.001029048933	93.36302186	0.001659691995	6.635318446	2.034819219	24.14936928	73.8158115	0	0	0	-450.1089083	0.001029048933	-51686.871293174	
448.8289083	91	2	7	0.9328941829	0.000498394655	93.39742315	0.00160895339	6.600967897	1.989271792	24.16140795	73.84932025	0	0	0	-448.8289083	0.000498394655	-116715.190477917	
447.5489083	91	2	7	0.9329269013	0.0004876411979	93.43187329	0.001559462769	6.566567244	1.944658648	24.17319509	73.88214626	0	0	0	-447.5489083	0.0004876411979	-114185.893154902	
446.9089083	91	2	7	0.9329429937	0.0002399718761	93.44911666	0.001535178914	6.549348164	1.922695989	24.17899673	73.89830728	0	0	0	-446.9089083	0.0002399718761	-243680.924604853	
446.2689083	91	2	7	0.93295891	0.0002373724832	93.46637162	0.001511198881	6.532117183	1.900959061	24.18473761	73.91430333	0	0	0	-446.2689083	0.0002373724832	-241031.210956194	
445.9489083	91	2	7	0.9329668034	0.0001177652778	93.47500352	0.001499322035	6.523497154	1.890174447	24.18758567	73.92223988	0	0	0	-445.9489083	0.0001177652778	-492552.528220859	
445.6289083	91	2	7	0.9329746534	0.0001171190732	93.48363825	0.001487520126	6.514874235	1.879445392	24.19041877	73.93013584	0	0	0	-445.6289083	0.0001171190732	-489844.528249187	
445.4689083	91	2	7	0.9329785625	5.833282112E-05	93.48795669	0.00148164719	6.51056166	1.87410158	24.19182979	73.93406863	0	0	0	-445.4689083	5.833282112E-05	-992569.476702787	
445.3089083	91	2	7	0.9329824608	5.817206175E-05	93.49227583	0.001475792862	6.506248374	1.868771537	24.1932371	73.93799136	0	0	0	-445.3089083	5.817206175E-05	-989831.173194593	
445.2289083	91	2	7	0.9329844059	2.903009873E-05	93.49443567	0.001472872669	6.504091454	1.866111664	24.19393938	73.93994895	0	0	0	-445.2289083	2.903009873E-05	-1977156.10441065	
445.1489083	91	2	7	0.9329863485	2.898969252E-05	93.49659569	0.001469957112	6.501934358	1.863455218	24.19464074	73.94190404	0	0	0	-445.1489083	2.898969252E-05	-1974447.67707871	
445.1089083	91	2	7	0.9329873181	1.43607256E-05	93.49767562	0.001468500987	6.500855877	1.862128269	24.19499089	73.94288084	0	0	0	-445.1089083	1.43607256E-05	-2768.21908116308	
445.0889083	91	2	7	0.9329878026	7.179062168E-06	93.49821579	0.001467773431	6.500316437	1.861465115	24.19516588	73.943369	0	0	0	-445.0889083	7.179062168E-06	-2785.23151670022	
445.0789083	91	2	7	0.9329880449	3.588929226E-06	93.4984857	0.001467409692	6.500046892	1.861133618	24.19525336	73.94361302	0	0	0	-445.0789083	3.588929226E-06	358136.289177328	
445.0689083	91	2	7	0.9329882872	3.617073912E-06	93.49875573	0.00146704608	6.499777222	1.860802177	24.19534086	73.94385696	0	0	0	-445.0689083	3.617073912E-06	354398.877289095	
445.0289083	91	2	7	0.9329892558	1.448830709E-05	93.49983594	0.001465592365	6.498698468	1.859476958	24.19569078	73.94483226	0	0	0	-445.0289083	1.448830709E-05	-15961.8459198321	
445.0089083	91	2	7	0.9329897389	7.165230655E-06	93.50037607	0.001464865919	6.498159061	1.858814666	24.19586553	73.9453198	0	0	0	-445.0089083	7.165230655E-06	-3978023.94196222	
444.9689083	91	2	7	0.9329907071	1.450337965E-05	93.50145614	0.001463413908	6.497080447	1.857490704	24.19621516	73.94629414	0	0	0	-444.9689083	1.450337965E-05	5477.1617637167	
444.8889083	91	2	7	0.9329926416	2.897302441E-05	93.50361684	0.001460513462	6.49492265	1.85484537	24.1969137	73.94824093	0	0	0	-444.8889083	2.897302441E-05	5548.42011052235	
444.7289083	91	2	7	0.9329965014	5.760981153E-05	93.50793849	0.001454726249	6.490606784	1.8495649	24.19830769	73.95212741	0	0	0	-444.7289083	5.760981153E-05	5591.51462430534	
444.4089083	91	2	7	0.9330041892	0.000114751789	93.5165838	0.001443207005	6.48197299	1.839044686	24.20108466	73.95987066	0	0	0	-444.4089083	0.000114751789	5623.27784188511	
443.7689083	91	2	7	0.9330194386	0.0002276445581	93.53388238	0.001420388089	6.464697235	1.818166131	24.20659483	73.97523904	0	0	0	-443.7689083	0.0002276445581	5716.84064972264	
442.4889083	91	2	7	0.9330494393	0.0004479538756	93.56851067	0.001375619286	6.430113712	1.777048036	24.21744245	74.00550952	0	0	0	-442.4889083	0.0004479538756	5911.71019361473	
439.9289083	91	2	7	0.9331075029	0.0008672638695	93.63788659	0.001289484241	6.36082393	1.697304546	24.23846413	74.06423132	0	0	0	-439.9289083	0.0008672638695	-78058.5037513211	
437.3689083	91	2	7	0.9331630967	0.0008311061569	93.70741591	0.001207749607	6.291376341	1.620767668	24.25862539	74.12060695	0	0	0	-437.3689083	0.0008311061569	-72421.0126404177	
434.8089083	91	2	7	0.9332163327	0.0007964983009	93.77708729	0.001130251333	6.221782454	1.547303811	24.27796258	74.17473361	0	0	0	-434.8089083	0.0007964983009	-75681.0728757057	
432.2489083	91	2	7	0.9332673165	0.0007633876658	93.84688972	0.001056828413	6.152053453	1.476786727	24.29651014	74.22670313	0	0	0	-432.2489083	0.0007633876658	-79076.9157030741	
429.6889083	91	2	7	0.9333161473	0.0007316896604	93.91681251	0.0009873228893	6.082200163	1.409096998	24.31430063	74.27660238	0	0	0	-429.6889083	0.0007316896604	-82575.3993490866	
427.1289083	91	2	7	0.9333629188	0.0007013263459	93.9868453	0.000921579935	6.012233124	1.344121516	24.33136487	74.32451361	0	0	0	-427.1289083	0.0007013263459	-86180.153198513	
424.5689083	91	2	7	0.9334077194	0.0006722256361	94.05697793	0.0008594479213	5.94216262	1.281753016	24.34773211	74.37051487	0	0	0	-424.5689083	0.0006722256361	-89894.8505161087	
422.0089083	91	2	7	0.9334506326	0.0006443207649	94.12720051	0.0008007784811	5.871998707	1.22188966	24.36343009	74.41468025	0	0	0	-422.0089083	0.0006443207649	-93723.4345505394	
419.4489083	91	2	7	0.9334917375	0.0006175498107	94.19750333	0.0007454265692	5.801751247	1.164434644	24.37848516	74.45708019	0	0	0	-419.4489083	0.0006175498107	-97670.1381714055	
416.8889083	91	2	7	0.9335311089	0.0005918552699	94.26787682	0.0006932505172	5.73142993	1.109295855	24.39292242	74.49778172	0	0	0	-416.8889083	0.0005918552699	-101739.503731352	
414.3289083	91	2	7	0.9335688178	0.0005671836738	94.33831159	0.0006441120835	5.661044296	1.056385542	24.40676575	74.53684871	0	0	0	-414.3289083	0.0005671836738	-105936.404903695	
411.7689083	91	2	7	0.9336049316	0.000543485244	94.40879836	0.0005978764971	5.590603759	1.005620027	24.42003792	74.57434206	0	0	0	-411.7689083	0.000543485244	-110266.071395821	
409.2089083	91	2	7	0.9336395145	0.0005207135822	94.47932796	0.0005544124959	5.520117626	0.9569194296	24.43276065	74.61031992	0	0	0	-409.2089083	0.0005207135822	-114734.113921667	
406.6489083	91	2	7	0.9336726274	0.0004988253895	94.54989129	0.0005135923596	5.449595118	0.9102074234	24.44495469	74.64483789	0	0	0	-406.6489083	0.0004988253895	-119346.552270311	
404.0889083	91	2	7	0.9337043284	0.0004777802132	94.62047933	0.0004752919351	5.379045382	0.8654110034	24.45663988	74.67794912	0	0	0	-404.0889083	0.0004777802132	-124109.845216935	
401.5289083	91	2	7	0.9337346727	0.0004575402168	94.6910831	0.000439390657	5.308477513	0.8224602781	24.46783521	74.70970452	0	0	0	-401.5289083	0.0004575402168	-129030.923668662	
398.9689083	91	2	7	0.9337637134	0.000438069972	94.76169366	0.000405771561	5.237900566	0.7812882749	24.47855885	74.74015288	0	0	0	-398.9689083	0.000438069972	-134117.225167689	
396.4089083	91	2	7	0.9337915008	0.0004193362688	94.83230211	0.0003743212916	5.16732357	0.7418307612	24.48882823	74.76934101	0	0	0	-396.4089083	0.0004193362688	-139376.73264571	
393.8489083	91	2	7	0.9338180831	0.0004013079435	94.90289953	0.0003449301034	5.096755542	0.7040260793	24.49866008	74.79731384	0	0	0	-393.8489083	0.0004013079435	-144818.016768593	
391.2889083	91	2	7	0.9338435066	0.0003839557213	94.97347701	0.0003174918562	5.0262055	0.6678149938	24.50807044	74.82411457	0	0	0	-391.2889083	0.0003839557213	-150450.279136567	
388.7289083	91	2	7	0.9338678154	0.0003672520726	95.04402562	0.0002919040046	4.955682475	0.6331405504	24.51707473	74.84978472	0	0	0	-388.7289083	0.0003672520726	-156283.403295655	
386.1689083	91	2	7	0.9338910519	0.000351171082	95.11453641	0.0002680675813	4.88519552	0.5999479449	24.5256878	74.87436425	0	0	0	-386.1689083	0.000351171082	-162328.009740836	
383.6089083	91	2	7	0.9339132568	0.0003356883282	95.18500039	0.0002458871752	4.814753723	0.5681844022	24.53392391	74.89789169	0	0	0	-383.6089083	0.0003356883282	-168595.510938971	
381.0489083	91	2	7	0.9339344691	0.0003207807733	95.25540851	0.0002252709034	4.744366219	0.5377990641	24.54179681	74.92040413	0	0	0	-381.0489083	0.0003207807733	-175098.177702859	
378.4889083	91	2	7	0.9339547263	0.0003064266621	95.32575168	0.0002061303785	4.674042192	0.5087428848	24.54931974	74.94193738	0	0	0	-378.4889083	0.0003064266621	-182049.362113534	
375.9289083	91	2	7	0.9339740645	0.0002926341326	95.39602076	0.000188380672	4.603790862	0.4809685368	24.5565055	74.96252596	0	0	0	-375.9289083	0.0002926341326	-189053.423436862	
373.3689083	91	2	7	0.9339925184	0.0002793269882	95.46620646	0.0001719402677	4.533621598	0.4544303121	24.56336638	74.9822033	0	0	0	-373.3689083	0.0002793269882	-196164.937233297	
370.8089083	91	2	7	0.9340101213	0.0002665148889	95.53629948	0.0001567310165	4.46354379	0.4290840514	24.56991429	75.00100166	0	0	0	-370.8089083	0.0002665148889	-203753.061222606	
368.2489083	91	2	7	0.9340269054	0.0002541803957	95.60629039	0.0001426780854	4.393566932	0.404887059	24.5761607	75.01895224	0	0	0	-368.2489083	0.0002541803957	-211654.045483607	
365.6889083	91	2	7	0.9340429017	0.0002423069174	95.67616968	0.0001297099008	4.323700612	0.3817980322	24.58211672	75.03608524	0	0	0	-365.6889083	0.0002423069174	-219886.873358188	
363.1289083	91	2	7	0.9340581401	0.0002308786859	95.74592772	0.0001177580881	4.253954526	0.3597769944	24.5877931	75.0524299	0	0	0	-363.1289083	0.0002308786859	-228472.326778348	
360.5689083	91	2	7	0.9340726496	0.0002198806989	95.81555476	0.0001067574088	4.184338479	0.338785233	24.59320022	75.06801455	0	0	0	-360.5689083	0.0002198806989	-237432.86255492	
358.0089083	91	2	7	0.934086458	0.0002092986663	95.88504096	9.664569317E-05	4.114862397	0.3187852417	24.59834813	75.08286663	0	0	0	-358.0089083	0.0002092986663	-246792.770152777	
355.4489083	91	2	7	0.9340995921	0.0001991189612	95.95437631	8.736377068E-05	4.04553633	0.2997406661	24.60324658	75.09701276	0	0	0	-355.4489083	0.0001991189612	-256578.339582046	
352.8889083	91	2	7	0.9341120782	0.0001893285735	96.02355068	7.885539701E-05	3.976370461	0.2816162543	24.60790498	75.11047877	0	0	0	-352.8889083	0.0001893285735	-266818.051542109	
350.3289083	91	2	7	0.9341239413	0.0001799150676	96.09255382	7.106717891E-05	3.907375111	0.2643778102	24.61233248	75.12328971	0	0	0	-350.3289083	0.0001799150676	-277542.790453408	
347.7689083	91	2	7	0.9341352058	0.0001708665425	96.1613753	6.394849665E-05	3.838560748	0.24799215	24.61653794	75.13546991	0	0	0	-347.7689083	0.0001708665425	-288786.080703925	
345.2089083	91	2	7	0.9341458953	0.0001621715952	96.23000456	5.74514245E-05	3.769937986	0.2324270625	24.62052994	75.14704299	0	0	0	-345.2089083	0.0001621715952	-300584.357696391	
342.6489083	91	2	7	0.9341560325	0.0001538192866	96.29843087	5.153064949E-05	3.701517599	0.2176512718	24.62431682	75.15803191	0	0	0	-342.6489083	0.0001538192866	-312977.232197425	
340.0889083	91	2	7	0.9341656397	0.0001457991082	96.36664334	4.614338878E-05	3.633310521	0.2036344025	24.62790665	75.16845895	0	0	0	-340.0889083	0.0001457991082	-326003.287728551	
337.5289083	91	2	7	0.9341747381	0.0001381007511	96.43463089	4.124930539E-05	3.565327866	0.1903469677	24.63130726	75.17834577	0	0	0	-337.5289083	0.0001381007511	-339724.918172314	
334.9689083	91	2	7	0.9341833486	0.000130715129	96.50238231	3.681042506E-05	3.49758088	0.1777602566	24.63452628	75.18771346	0	0	0	-334.9689083	0.000130715129	-354180.575209428	
332.4089083	91	2	7	0.9341914913	0.0001236321895	96.56988618	3.27910483E-05	3.430081026	0.1658464354	24.63757109	75.19658248	0	0	0	-332.4089083	0.0001236321895	-369419.756051273	
329.8489083	91	2	7	0.9341991855	0.0001168431116	96.63713091	2.91576663E-05	3.362839934	0.1545784328	24.64044884	75.20497273	0	0	0	-329.8489083	0.0001168431116	-385518.448991969	
327.2889083	91	2	7	0.9342064502	0.0001103391476	96.7041047	2.58788745E-05	3.29586942	0.1439299398	24.64316649	75.21290357	0	0	0	-327.2889083	0.0001103391476	-402539.112000958	
324.7289083	91	2	7	0.9342133037	0.0001041118332	96.77079559	2.292528663E-05	3.229181488	0.1338753878	24.6457308	75.22039381	0	0	0	-324.7289083	0.0001041118332	-420556.16792922	
322.1689083	91	2	7	0.9342197638	9.815297095E-05	96.83719139	2.026944909E-05	3.162788336	0.124389928	24.64814831	75.22746176	0	0	0	-322.1689083	9.815297095E-05	-439651.694178794	
319.6089083	91	2	7	0.9342258475	9.245461363E-05	96.90327976	1.788575585E-05	3.096702356	0.1154494135	24.65042539	75.2341252	0	0	0	-319.6089083	9.245461363E-05	-459916.406696915	
317.0489083	91	2	7	0.9342315717	8.700905005E-05	96.96904811	1.575036409E-05	3.03093614	0.1070303815	24.6525682	75.24040142	0	0	0	-317.0489083	8.700905005E-05	-481450.849339862	
314.4889083	91	2	7	0.9342369525	8.180879203E-05	97.03448368	1.384111074E-05	2.965502483	0.09911003744	24.65458274	75.24630722	0	0	0	-314.4889083	8.180879203E-05	-504366.804981702	
311.9289083	91	2	7	0.9342420054	7.684656359E-05	97.09957348	1.213743018E-05	2.900414383	0.09166624094	24.65647481	75.25185895	0	0	0	-311.9289083	7.684656359E-05	-528789.019720329	
309.3689083	91	2	7	0.9342467457	7.211529213E-05	97.16430434	1.062027327E-05	2.835685043	0.08467749164	24.65825004	75.25707247	0	0	0	-309.3689083	7.211529213E-05	-554857.309257791	
306.8089083	91	2	7	0.9342511882	6.760810203E-05	97.22866285	9.272027811E-06	2.771327875	0.07812291709	24.65991389	75.26196319	0	0	0	-306.8089083	6.760810203E-05	-582729.180972419	
304.2489083	91	2	7	0.9342553469	6.331831089E-05	97.29263542	8.076440644E-06	2.707356499	0.0719822611	24.66147167	75.26654607	0	0	0	-304.2489083	6.331831089E-05	-599303.590844531	
301.6889083	91	2	7	0.9342592355	5.906454883E-05	97.35620819	7.018541212E-06	2.643784796	0.06623587278	24.66292837	75.27083576	0	0	0	-301.6889083	5.906454883E-05	-517370.06290414	
300	91	2	7	0.9342616599	3.683074806E-05	97.39792345	6.389269026E-06	2.602070159	0.06265139108	24.66383665	75.27351196	0	0	0	-300	3.683074806E-05	365447.472837685	
