T	w(AL)	w(MG)	w(SI)	fs	fw(@FCC_A1)	w(AL@FCC_A1)	w(MG@FCC_A1)	w(SI@FCC_A1)	w(AL@LIQUID)	w(MG@LIQUID)	w(SI@LIQUID)	dwdT_L(AL@LIQUID)	dwdT_L(MG@LIQUID)	dwdT_L(SI@LIQUID)	-T	fw(@FCC_A1)_1	-T//fw(@FCC_A1)	
K	%	%	%	mole/mole	kg/kg	%	%	%	%	%	%	SI	SI	SI				
903.1305588	94	4	2	0	0	98.68556075	1.13543516	0.1790040863	94	4	2	0.002065447145	-0.001262696902	-0.0008027502434	-903.1305588	0	11.2934974390347	
903.1205588	94	4	2	0.0004397105015	0.0004407747911	98.68520249	1.135733655	0.1790638527	93.99793453	4.001262748	2.00080272	0	0	0	-903.1205588	0.0004407747911	34.0811483070837	
903.1005588	94	4	2	0.001318028241	0.0008807716918	98.68448593	1.136330671	0.1791833961	93.99380345	4.003788141	2.002408413	0	0	0	-903.1005588	0.0008807716918	45.4800779073559	
903.0605588	94	4	2	0.003070896274	0.001759305232	98.68305344	1.137524112	0.1794224465	93.98554042	4.008838932	2.005620645	0	0	0	-903.0605588	0.001759305232	45.5887477924202	
902.9805588	94	4	2	0.00656160346	0.003509662293	98.68019047	1.139909097	0.1799004326	93.96901109	4.018940463	2.012048443	0	0	0	-902.9805588	0.003509662293	45.8221775536955	
902.8205588	94	4	2	0.01348344201	0.006983782081	98.67447257	1.144671486	0.1808559434	93.93593929	4.039143349	2.024917357	0	0	0	-902.8205588	0.006983782081	46.3330665955209	
902.5005588	94	4	2	0.02707369104	0.01380975767	98.66307049	1.154163867	0.1827656469	93.86974435	4.079542264	2.050713383	0	0	0	-902.5005588	0.01380975767	47.3848243451862	
901.8605588	94	4	2	0.05331956288	0.02704274608	98.64039732	1.17302413	0.1865785539	93.737145	4.160328234	2.102526764	0	0	0	-901.8605588	0.02704274608	49.4410853018979	
900.5805588	94	4	2	0.1023428549	0.05191378893	98.59557122	1.210251685	0.1941770968	93.47110056	4.321871689	2.207027749	0	0	0	-900.5805588	0.05191378893	53.7948183008827	
898.0205588	94	4	2	0.1883897608	0.09610246635	98.50796723	1.28277764	0.2092551318	92.93558026	4.64498856	2.419431184	0	0	0	-898.0205588	0.09610246635	-473.554932672478	
895.4605588	94	4	2	0.2609372742	0.08963375564	98.42286231	1.353046576	0.2240911146	92.39530885	4.969109381	2.635581766	0	0	0	-895.4605588	0.08963375564	-426.900041565017	
892.9005588	94	4	2	0.3228320041	0.08399560372	98.34020728	1.421118952	0.2386737633	91.85017533	5.294451985	2.85537269	0	0	0	-892.9005588	0.08399560372	-487.276075870105	
890.3405588	94	4	2	0.3761858016	0.07903903177	98.25995696	1.487049243	0.2529937935	91.30007333	5.621211944	3.078714723	0	0	0	-890.3405588	0.07903903177	-551.783002323396	
887.7805588	94	4	2	0.4225959697	0.07464833	98.18206948	1.550886995	0.2670435243	90.74490153	5.949565771	3.3055327	0	0	0	-887.7805588	0.07464833	-620.416825371382	
885.2205588	94	4	2	0.4632913879	0.07073241642	98.1065051	1.612678272	0.2808166278	90.18456376	6.279673463	3.535762776	0	0	0	-885.2205588	0.07073241642	-693.171566932121	
882.6605588	94	4	2	0.499231837	0.06721859619	98.03322655	1.672465618	0.2943078328	89.61896944	6.611680426	3.769350137	0	0	0	-882.6605588	0.06721859619	-770.029688494962	
880.1005588	94	4	2	0.531177052	0.06404813876	97.96219803	1.730289191	0.3075127813	89.04803401	6.945718892	4.0062471	0	0	0	-880.1005588	0.06404813876	-850.960128143067	
877.5405588	94	4	2	0.5597356943	0.06117306667	97.89338502	1.786187113	0.320427866	88.47167954	7.28190897	4.246411488	0	0	0	-877.5405588	0.06117306667	-935.915357647225	
874.9805588	94	4	2	0.5854007083	0.05855379204	97.82675403	1.840195869	0.3330501056	87.8898354	7.620359395	4.489805202	0	0	0	-874.9805588	0.05855379204	-1024.82870030274	
872.4205588	94	4	2	0.6085752627	0.05615734939	97.76227231	1.892350651	0.3453770419	87.302439	7.961168037	4.736392967	0	0	0	-872.4205588	0.05615734939	-1117.61140757857	
869.8605588	94	4	2	0.6295920619	0.05395605684	97.69990772	1.94268563	0.357406653	86.7094366	8.304422209	4.986141187	0	0	0	-869.8605588	0.05395605684	-1214.14971515475	
867.3005588	94	4	2	0.6487279146	0.05192648926	97.63962852	1.991234201	0.369137281	86.11078428	8.650198823	5.239016901	0	0	0	-867.3005588	0.05192648926	-1314.30198398173	
864.7405588	94	4	2	0.6662148581	0.05004868206	97.58140325	2.038029179	0.3805675706	85.50644879	8.998564402	5.494986811	0	0	0	-864.7405588	0.05004868206	-1417.89605204782	
862.1805588	94	4	2	0.6822487473	0.04830550744	97.5252006	2.083102981	0.391696416	84.89640864	9.349574988	5.754016368	0	0	0	-862.1805588	0.04830550744	-1524.72694775198	
859.6205588	94	4	2	0.6969959548	0.04668218128	97.47098932	2.126487765	0.4025229167	84.28065513	9.703275961	6.016068914	0	0	0	-859.6205588	0.04668218128	-1634.55524271943	
857.0605588	94	4	2	0.7105986469	0.04516587012	97.4187381	2.168215565	0.4130463392	83.65919336	10.05970178	6.281104859	0	0	0	-857.0605588	0.04516587012	-1747.10614247213	
854.5005588	94	4	2	0.7231789749	0.04374537535	97.36841552	2.208318394	0.4232660838	83.03204343	10.41887567	6.549080907	0	0	0	-854.5005588	0.04374537535	-1862.06960438	
851.9405588	94	4	2	0.7348424327	0.04241087784	97.31999001	2.246828337	0.4331816574	82.39924142	10.78080927	6.81994931	0	0	0	-851.9405588	0.04241087784	-1979.10174853879	
849.3805588	94	4	2	0.7456805653	0.0411537301	97.27342972	2.28377763	0.4427926494	81.76084055	11.14550227	7.093657175	0	0	0	-849.3805588	0.0411537301	-2097.82769409644	
846.8205588	94	4	2	0.7557731721	0.03996628618	97.22870257	2.319198721	0.4520987127	81.11691216	11.51294203	7.370145809	0	0	0	-846.8205588	0.03996628618	-2217.84591821685	
844.2605588	94	4	2	0.7651901082	0.03884176167	97.18577613	2.353124322	0.4610995469	80.4675467	11.88310319	7.649350108	0	0	0	-844.2605588	0.03884176167	-2338.7344125659	
841.7005588	94	4	2	0.7739927684	0.03777411812	97.14461767	2.385587445	0.4697948865	79.81285467	12.25594731	7.931198017	0	0	0	-841.7005588	0.03777411812	-2460.05851279327	
839.1405588	94	4	2	0.7822353167	0.03675796706	97.10519408	2.416621427	0.4781844906	79.15296734	12.63142263	8.215610037	0	0	0	-839.1405588	0.03675796706	-2581.38020667265	
836.5805588	94	4	2	0.7899657099	0.03578849004	97.06747191	2.44625995	0.4862681369	78.48803746	13.00946373	8.502498816	0	0	0	-836.5805588	0.03578849004	-2702.26879375277	
834.0205588	94	4	2	0.7972265548	0.03486137173	97.03141734	2.474537039	0.4940456178	77.81823975	13.38999143	8.791768818	0	0	0	-834.0205588	0.03486137173	-2822.31269550767	
831.4605588	94	4	2	0.8040558298	0.03397274385	96.9969962	2.501487057	0.5015167392	77.14377125	13.77291267	9.083316077	0	0	0	-831.4605588	0.03397274385	-2941.13143655979	
828.9005588	94	4	2	0.8104874945	0.03311913766	96.96417399	2.527144686	0.508681323	76.46485138	14.15812056	9.377028063	0	0	0	-828.9005588	0.03311913766	-3058.38776204035	
826.3405588	94	4	2	0.8165520079	0.03229744386	96.93291589	2.5515449	0.5155392108	75.7817219	14.54549446	9.672783641	0	0	0	-826.3405588	0.03229744386	-3173.79909994891	
823.7805588	94	4	2	0.8222767701	0.03150487821	96.9031868	2.574722926	0.5220902707	75.09464651	14.93490033	9.970453154	0	0	0	-823.7805588	0.03150487821	-3287.14743626551	
821.2205588	94	4	2	0.8276864998	0.03073895194	96.8749514	2.596714197	0.5283344065	74.40391028	15.32619111	10.26989862	0	0	0	-821.2205588	0.03073895194	-3398.28771803697	
818.6605588	94	4	2	0.8328035595	0.02999744608	96.84817414	2.617554296	0.5342715686	73.70981872	15.71920722	10.57097405	0	0	0	-818.6605588	0.02999744608	-3507.15360376837	
816.1005588	94	4	2	0.8376482351	0.02927838872	96.82281934	2.637278891	0.5399017671	73.01269671	16.11377738	10.87352591	0	0	0	-816.1005588	0.02927838872	-3613.62448762725	
813.5405588	94	4	2	0.8422389699	0.02857998436	96.79885132	2.655923566	0.545225115	72.31288828	16.50971862	11.1773931	0	0	0	-813.5405588	0.02857998436	-3718.28400754893	
810.9805588	94	4	2	0.8465926102	0.02790086934	96.77623407	2.67352423	0.5502417042	71.6107494	16.90684051	11.48241009	0	0	0	-810.9805588	0.02790086934	-3820.84356527585	
808.4205588	94	4	2	0.8507245268	0.02723949656	96.75493195	2.690116183	0.5549518676	70.90665537	17.30494097	11.78840366	0	0	0	-808.4205588	0.02723949656	-3921.38513168175	
805.8605588	94	4	2	0.8546488211	0.02659478332	96.73490942	2.705734524	0.5593560543	70.20099159	17.70381158	12.09519684	0	0	0	-805.8605588	0.02659478332	-4020.68635758972	
803.3005588	94	4	2	0.8583784454	0.02596569869	96.71613084	2.720414418	0.5634547472	69.49415395	18.10323731	12.40260874	0	0	0	-803.3005588	0.02596569869	-4118.99239072614	
800.7405588	94	4	2	0.8619253324	0.02535140884	96.69856099	2.734190341	0.5672486719	68.78654503	18.50299882	12.71045615	0	0	0	-800.7405588	0.02535140884	-4216.75069744512	
798.1805588	94	4	2	0.8653004942	0.02475116863	96.68216494	2.747096349	0.5707387117	68.0785727	18.90287317	13.01855412	0	0	0	-798.1805588	0.02475116863	-4314.34325956751	
795.6205588	94	4	2	0.8685141172	0.02416436553	96.66690812	2.759165941	0.5739259398	67.37064716	19.30263562	13.32671723	0	0	0	-795.6205588	0.02416436553	-4412.31838268938	
793.0605588	94	4	2	0.8715756442	0.02359049286	96.6527564	2.77043196	0.5768116396	66.66317823	19.70206109	13.63476068	0	0	0	-793.0605588	0.02359049286	-4511.19866628021	
790.5005588	94	4	2	0.8744938459	0.02302913624	96.63967615	2.780926532	0.5793973152	65.95657288	20.1009257	13.94250142	0	0	0	-790.5005588	0.02302913624	-4611.5154718414	
787.9405588	94	4	2	0.8772768836	0.02247996155	96.62763431	2.79068099	0.5816847036	65.25123258	20.49900821	14.24975921	0	0	0	-787.9405588	0.02247996155	-4713.80281770302	
785.3805588	94	4	2	0.8799323652	0.02194270301	96.6165984	2.799725818	0.5836757847	64.547551	20.89609139	14.55635761	0	0	0	-785.3805588	0.02194270301	-4818.58938687505	
782.8205588	94	4	2	0.882467394	0.02141715202	96.60653662	2.808090594	0.5853727886	63.84591173	21.29196329	14.86212498	0	0	0	-782.8205588	0.02141715202	-4926.39248537095	
780.2605588	94	4	2	0.8848886119	0.02090314653	96.59741785	2.815803944	0.5867782016	63.14668619	21.68641851	15.1668953	0	0	0	-780.2605588	0.02090314653	-5037.713370827	
777.7005588	94	4	2	0.887202238	0.02040056134	96.58921173	2.822893505	0.5878947684	62.45023184	22.07925918	15.47050898	0	0	0	-777.7005588	0.02040056134	-5153.03363232606	
775.1405588	94	4	2	0.8894141024	0.01990929908	96.58188861	2.829385896	0.5887254935	61.75689054	22.47029593	15.77281353	0	0	0	-775.1405588	0.01990929908	-5272.8123185572	
772.5805588	94	4	2	0.8915296768	0.01942928216	96.57541966	2.835306696	0.5892736394	61.06698719	22.85934869	16.07366412	0	0	0	-772.5805588	0.01942928216	-5397.48458079352	
770.0205588	94	4	2	0.893554101	0.01896044562	96.56977684	2.840680433	0.5895427234	60.38082861	23.24624733	16.37292406	0	0	0	-770.0205588	0.01896044562	-5527.46064238523	
767.4605588	94	4	2	0.8954922075	0.0185027309	96.56493291	2.845530579	0.5895365114	59.69870268	23.63083216	16.67046515	0	0	0	-767.4605588	0.0185027309	-5663.12564384425	
764.9005588	94	4	2	0.8973485431	0.01805608056	96.56086144	2.849879548	0.5892590111	59.02087771	24.01295435	16.96616794	0	0	0	-764.9005588	0.01805608056	-5808.02430683834	
762.3405588	94	4	2	0.8991274407	0.01762089389	96.55753621	2.853749199	0.5887145894	58.34759264	24.39248127	17.25992609	0	0	0	-762.3405588	0.01762089389	-5954.02941895035	
759.7805588	94	4	2	0.9008328521	0.0171959164	96.55493326	2.857159238	0.5879074988	57.67909509	24.76927553	17.55162938	0	0	0	-759.7805588	0.0171959164	-6105.83463675856	
757.2205588	94	4	2	0.9024686044	0.01678205702	96.5530291	2.860128473	0.5868424318	57.01558334	25.14322723	17.84118944	0	0	0	-757.2205588	0.01678205702	-6269.41056542198	
754.6605588	94	4	2	0.9040382808	0.01637896873	96.55179948	2.862676175	0.5855243446	56.35724569	25.51423196	18.12852235	0	0	0	-754.6605588	0.01637896873	-6438.45841407765	
752.1005588	94	4	2	0.9055452603	0.01598654948	96.55122226	2.864819464	0.5839582725	55.70425104	25.88219614	18.41355282	0	0	0	-752.1005588	0.01598654948	-6615.01464761058	
749.5405588	94	4	2	0.9069927309	0.01560468429	96.55127577	2.86657479	0.5821494441	55.05674929	26.24703677	18.69621394	0	0	0	-749.5405588	0.01560468429	-6799.3175029129	
746.9805588	94	4	2	0.9083837007	0.01523324423	96.55193904	2.867957711	0.5801032456	54.41487207	26.60868104	18.97644689	0	0	0	-746.9805588	0.01523324423	-6991.58363445809	
744.4205588	94	4	2	0.9097210086	0.01487208665	96.55319187	2.868982922	0.5778252067	53.77873339	26.96706601	19.2542006	0	0	0	-744.4205588	0.01487208665	-7192.01458321661	
741.8605588	94	4	2	0.9110073347	0.01452105564	96.55501472	2.869664298	0.5753209865	53.1484305	27.32213808	19.52943142	0	0	0	-741.8605588	0.01452105564	-7400.7982632547	
739.3005588	94	4	2	0.9122452089	0.01417998288	96.55738871	2.870014927	0.5725963597	52.52404474	27.67385254	19.80210272	0	0	0	-739.3005588	0.01417998288	-7618.10892353807	
736.7405588	94	4	2	0.9134370204	0.01384868848	96.56029565	2.870047147	0.5696572026	51.90564243	28.02217312	20.07218446	0	0	0	-736.7405588	0.01384868848	-7844.1089927594	
734.1805588	94	4	2	0.9145850255	0.01352698224	96.56371793	2.869772586	0.5665094802	51.2932758	28.36707138	20.33965282	0	0	0	-734.1805588	0.01352698224	-8078.95084252532	
731.6205588	94	4	2	0.915691355	0.01321466482	96.56763857	2.869202196	0.5631592332	50.68698393	28.70852628	20.60448979	0	0	0	-731.6205588	0.01321466482	-8322.77567390833	
729.0605588	94	4	2	0.9167580221	0.01291152897	96.57204114	2.868346294	0.5596125655	50.0867937	29.0465236	20.8666827	0	0	0	-729.0605588	0.01291152897	-8575.71564011703	
726.5005588	94	4	2	0.9177869286	0.01261736088	96.57690978	2.867214588	0.5558756326	49.49272066	29.38105545	21.12622388	0	0	0	-726.5005588	0.01261736088	-8837.89443744831	
723.9405588	94	4	2	0.9187798716	0.01233194141	96.58222915	2.865816221	0.5519546304	48.90476999	29.71211977	21.38311024	0	0	0	-723.9405588	0.01233194141	-9109.4278944665	
721.3805588	94	4	2	0.9197385493	0.01205504737	96.58798442	2.864159797	0.5478557843	48.32293731	30.03971984	21.63734285	0	0	0	-721.3805588	0.01205504737	-9390.42411057492	
718.8205588	94	4	2	0.9206645673	0.01178645264	96.59416124	2.862253416	0.5435853396	47.74720958	30.36386378	21.88892664	0	0	0	-718.8205588	0.01178645264	-9680.98402178031	
716.2605588	94	4	2	0.9215594431	0.01152592932	96.60074575	2.860104701	0.5391495515	47.17756587	30.68456416	22.13786997	0	0	0	-716.2605588	0.01152592932	-9981.20215322066	
713.7005588	94	4	2	0.9224246118	0.01127324873	96.60772449	2.85772083	0.5345546771	46.61397811	31.00183753	22.38418437	0	0	0	-713.7005588	0.01127324873	-10291.1673353953	
711.1405588	94	4	2	0.9232614307	0.0110281824	96.61508447	2.855108559	0.5298069663	46.05641184	31.31570401	22.62788415	0	0	0	-711.1405588	0.0110281824	-10610.9619032807	
708.5805588	94	4	2	0.9240711838	0.01079050285	96.62281309	2.852274251	0.5249126545	45.50482689	31.62618693	22.86898618	0	0	0	-708.5805588	0.01079050285	-10940.6630276822	
706.0205588	94	4	2	0.9248550859	0.01055998444	96.63089815	2.849223899	0.5198779559	44.95917799	31.93331249	23.10750951	0	0	0	-706.0205588	0.01055998444	-11280.3425122736	
703.4605588	94	4	2	0.9256142871	0.01033640397	96.6393278	2.845963147	0.5147090558	44.41941538	32.23710938	23.34347523	0	0	0	-703.4605588	0.01033640397	-11630.0667183616	
700.9005588	94	4	2	0.9263498757	0.01011954133	96.64809058	2.842497315	0.5094121056	43.88548537	32.5376085	23.57690612	0	0	0	-700.9005588	0.01011954133	-11989.8977835187	
698.3405588	94	4	2	0.9270628828	0.009909179989	96.65717537	2.838831414	0.5039932162	43.35733082	32.83484268	23.8078265	0	0	0	-698.3405588	0.009909179989	-12359.8940544138	
695.7805588	94	4	2	0.9277542847	0.009705107481	96.66657138	2.83497017	0.4984584535	42.83489165	33.12884638	24.03626196	0	0	0	-695.7805588	0.009705107481	-12740.1049543744	
693.2205588	94	4	2	0.9284250067	0.009507115591	96.67626813	2.830918037	0.4928138328	42.31810525	33.4196555	24.26223925	0	0	0	-693.2205588	0.009507115591	-13130.5804862207	
690.6605588	94	4	2	0.9290759258	0.009315000981	96.68625547	2.826679217	0.4870653148	41.80690687	33.70730711	24.48578602	0	0	0	-690.6605588	0.009315000981	-13531.365666032	
688.1005588	94	4	2	0.9297078734	0.009128565115	96.69652353	2.822257672	0.4812188015	41.30123001	33.99183927	24.70693072	0	0	0	-688.1005588	0.009128565115	-13942.4973718123	
685.5405588	94	4	2	0.9303216382	0.008947614625	96.70706273	2.817657142	0.4752801321	40.80100673	34.27329082	24.92570244	0	0	0	-685.5405588	0.008947614625	-14364.0122040805	
682.9805588	94	4	2	0.9309179683	0.008771961401	96.71786377	2.812881154	0.4692550795	40.30616797	34.55170126	25.14213077	0	0	0	-682.9805588	0.008771961401	-14795.9409905899	
680.4205588	94	4	2	0.9314975738	0.008601422688	96.72891761	2.807933038	0.4631493472	39.8166438	34.82711053	25.35624567	0	0	0	-680.4205588	0.008601422688	-15238.3106404572	
677.8605588	94	4	2	0.9320611291	0.008435821149	96.7402155	2.802815937	0.4569685664	39.33236368	35.09955892	25.5680774	0	0	0	-677.8605588	0.008435821149	-15691.1441311387	
675.3005588	94	4	2	0.9326092745	0.008274984888	96.75174889	2.797532817	0.4507182928	38.85325668	35.36908695	25.77765637	0	0	0	-675.3005588	0.008274984888	-16154.4602552045	
672.7405588	94	4	2	0.9331426183	0.008118747443	96.76350952	2.792086479	0.4444040045	38.3792517	35.63573519	25.98501311	0	0	0	-672.7405588	0.008118747443	-16628.2737716419	
670.1805588	94	4	2	0.933661739	0.007966947757	96.77548933	2.786479566	0.4380310996	37.91027761	35.89954426	26.19017814	0	0	0	-670.1805588	0.007966947757	-17112.5955441287	
667.6205588	94	4	2	0.9341671863	0.007819430126	96.78768053	2.780714573	0.4316048936	37.44626343	36.16055464	26.39318193	0	0	0	-667.6205588	0.007819430126	-17607.4322440613	
665.0605588	94	4	2	0.9346594834	0.007676044124	96.80007553	2.774793856	0.4251306179	36.98713849	36.41880667	26.59405484	0	0	0	-665.0605588	0.007676044124	-18112.7865515255	
662.5005588	94	4	2	0.935139128	0.00753664452	96.81266694	2.768719638	0.4186134177	36.53283254	36.67434043	26.79282704	0	0	0	-662.5005588	0.00753664452	-18628.6571499462	
659.9405588	94	4	2	0.9356065938	0.007401091175	96.82544764	2.762494014	0.4120583501	36.08327584	36.92719569	26.98952847	0	0	0	-659.9405588	0.007401091175	-19155.0385278162	
657.3805588	94	4	2	0.9360623321	0.007269248932	96.83841065	2.756118965	0.4054703831	35.63839931	37.17741186	27.18418883	0	0	0	-657.3805588	0.007269248932	-19691.9212199852	
654.8205588	94	4	2	0.9365067727	0.007140987498	96.85154925	2.749596354	0.3988543935	35.19813457	37.42502795	27.37683748	0	0	0	-654.8205588	0.007140987498	-20239.2913260051	
652.2605588	94	4	2	0.9369403253	0.007016181313	96.86485689	2.74292794	0.3922151657	34.76241402	37.6700825	27.56750347	0	0	0	-652.2605588	0.007016181313	-20797.1309517602	
649.7005588	94	4	2	0.9373633805	0.006894709426	96.87832723	2.736115379	0.3855573907	34.33117095	37.91261358	27.75621548	0	0	0	-649.7005588	0.006894709426	-21365.4182581504	
647.1405588	94	4	2	0.9377763108	0.006776455357	96.89195411	2.729160229	0.3788856649	33.90433952	38.1526587	27.94300177	0	0	0	-647.1405588	0.006776455357	-21944.1264975786	
644.5805588	94	4	2	0.9381794716	0.006661306956	96.90573155	2.722063957	0.3722044885	33.48185489	38.39025488	28.12789023	0	0	0	-644.5805588	0.006661306956	-22533.2249951402	
642.0205588	94	4	2	0.9385732023	0.006549156273	96.91965379	2.714827941	0.3655182653	33.06365319	38.62543851	28.3109083	0	0	0	-642.0205588	0.006549156273	-23132.6786975253	
639.4605588	94	4	2	0.9389578269	0.006439899412	96.93371522	2.707453477	0.3588313012	32.64967159	38.85824544	28.49208297	0	0	0	-639.4605588	0.006439899412	-23742.4478129793	
636.9005588	94	4	2	0.9393336548	0.006333436397	96.94791042	2.699941779	0.3521478037	32.23984832	39.08871089	28.6714408	0	0	0	-636.9005588	0.006333436397	-24362.4883040003	
634.3405588	94	4	2	0.9397009818	0.006229671034	96.96223413	2.692293985	0.345471881	31.83412268	39.31686946	28.84900786	0	0	0	-634.3405588	0.006229671034	-24992.7515943241	
631.7805588	94	4	2	0.9400600907	0.006128510777	96.9766813	2.684511159	0.3388075411	31.4324351	39.54275515	29.02480975	0	0	0	-631.7805588	0.006128510777	-25633.1840851983	
629.2205588	94	4	2	0.9404112519	0.006029866591	96.99124701	2.676594295	0.3321586917	31.03472707	39.76640131	29.19887162	0	0	0	-629.2205588	0.006029866591	-26283.7275138042	
626.6605588	94	4	2	0.9407547241	0.005933652826	97.00592654	2.668544323	0.3255291393	30.64094123	39.98784065	29.37121812	0	0	0	-626.6605588	0.005933652826	-26944.3191586015	
624.1005588	94	4	2	0.9410907548	0.005839787088	97.02071531	2.660362104	0.3189225886	30.25102135	40.20710525	29.5418734	0	0	0	-624.1005588	0.005839787088	-27614.8910004807	
621.5405588	94	4	2	0.9414195812	0.005748190113	97.03560892	2.65204844	0.3123426423	29.86491228	40.42422655	29.71086117	0	0	0	-621.5405588	0.005748190113	-28295.3697881164	
618.9805588	94	4	2	0.9417414303	0.005658785646	97.05060312	2.643604075	0.3057928005	29.48256004	40.63923534	29.87820462	0	0	0	-618.9805588	0.005658785646	-28985.9624545638	
616.4205588	94	4	2	0.9420565197	0.005571501982	97.06569384	2.635029698	0.29927646	29.10391176	40.85216179	30.04392645	0	0	0	-616.4205588	0.005571501982	-29685.9867721384	
613.8605588	94	4	2	0.9423650578	0.005486265136	97.08087715	2.626325936	0.2927969158	28.72891566	41.06303542	30.20804893	0	0	0	-613.8605588	0.005486265136	-30395.4105085703	
611.3005588	94	4	2	0.9426672445	0.00540300894	97.09614927	2.617493369	0.286357359	28.35752108	41.27188511	30.37059381	0	0	0	-611.3005588	0.00540300894	-31114.6843033287	
608.7405588	94	4	2	0.9429632715	0.005321668039	97.1115066	2.608532524	0.2799608772	27.98967847	41.47873913	30.5315824	0	0	0	-608.7405588	0.005321668039	-31843.4217713759	
606.1805588	94	4	2	0.9432533229	0.005242179534	97.12694566	2.599443883	0.2736104545	27.62533934	41.68362514	30.69103552	0	0	0	-606.1805588	0.005242179534	-32581.5175136563	
603.6205588	94	4	2	0.9435375751	0.005164482884	97.14246315	2.590227879	0.2673089715	27.26445631	41.88657015	30.84897353	0	0	0	-603.6205588	0.005164482884	-33328.8611096544	
601.0605588	94	4	2	0.9438161977	0.005088519812	97.15805589	2.580884901	0.2610592053	26.90698305	42.08760061	31.00541635	0	0	0	-601.0605588	0.005088519812	-34085.3352270324	
598.5005588	94	4	2	0.9440893536	0.005014234206	97.17372088	2.571415295	0.2548638292	26.55287426	42.28674232	31.16038341	0	0	0	-598.5005588	0.005014234206	-34850.8169062433	
595.9405588	94	4	2	0.9443571991	0.004941572038	97.18945522	2.561819367	0.2487254136	26.20208571	42.48402054	31.31389375	0	0	0	-595.9405588	0.004941572038	-35625.1777462609	
593.3805588	94	4	2	0.9446198846	0.004870481274	97.20525619	2.552097382	0.2426464254	25.85457417	42.67945991	31.46596592	0	0	0	-593.3805588	0.004870481274	-36408.2818470166	
590.8205588	94	4	2	0.9448775546	0.004800911791	97.2211212	2.542249567	0.2366292288	25.51029743	42.87308451	31.61661806	0	0	0	-590.8205588	0.004800911791	-37199.7660945809	
588.2605588	94	4	2	0.9451303481	0.004732814516	97.23704781	2.532276104	0.230676086	25.16921423	43.06491784	31.76586793	0	0	0	-588.2605588	0.004732814516	-37999.9546168642	
585.7005588	94	4	2	0.9453783987	0.004666144558	97.25303369	2.522177157	0.2247891555	24.83128436	43.25498286	31.91373278	0	0	0	-585.7005588	0.004666144558	-38808.6447226981	
583.1405588	94	4	2	0.9456218353	0.004600856219	97.26907666	2.511952848	0.2189704944	24.4964685	43.44330199	32.06022951	0	0	0	-583.1405588	0.004600856219	-39625.2407821817	
580.5805588	94	4	2	0.9458607815	0.004536906269	97.28517468	2.501603265	0.2132220586	24.16472832	43.62989709	32.20537458	0	0	0	-580.5805588	0.004536906269	-40449.8052743238	
578.0205588	94	4	2	0.9460953567	0.00447425303	97.30132583	2.491128468	0.2075457033	23.8360264	43.81478951	32.34918409	0	0	0	-578.0205588	0.00447425303	-41282.1627523704	
575.4605588	94	4	2	0.9463256757	0.004412856307	97.31752833	2.480528485	0.2019431831	23.51032622	43.99800006	32.49167373	0	0	0	-575.4605588	0.004412856307	-42122.129772319	
572.9005588	94	4	2	0.9465518491	0.004352677329	97.33378053	2.469803317	0.1964161531	23.18759216	44.17954904	32.63285879	0	0	0	-572.9005588	0.004352677329	-42969.5161526218	
570.3405588	94	4	2	0.9467739835	0.00429367869	97.35008089	2.458952937	0.1909661693	22.8677895	44.35945627	32.77275423	0	0	0	-570.3405588	0.00429367869	-43824.1246349456	
567.7805588	94	4	2	0.9469921817	0.004235824294	97.36642802	2.447977295	0.1855946896	22.55088434	44.53774106	32.9113746	0	0	0	-567.7805588	0.004235824294	-44685.7492125683	
565.2205588	94	4	2	0.9472065428	0.004179079297	97.38282061	2.436876313	0.1803030746	22.23684367	44.71442222	33.0487341	0	0	0	-565.2205588	0.004179079297	-45554.175913804	
562.6605588	94	4	2	0.9474171624	0.004123410059	97.39925752	2.425649893	0.1750925882	21.92563529	44.88951812	33.18484658	0	0	0	-562.6605588	0.004123410059	-46429.1847965432	
560.1005588	94	4	2	0.9476241326	0.004068784096	97.41573769	2.414297915	0.1699643986	21.61722782	45.06304664	33.31972554	0	0	0	-560.1005588	0.004068784096	-47310.5465068823	
557.5405588	94	4	2	0.9478275423	0.004015170028	97.43226018	2.402820236	0.1649195796	21.31159067	45.2350252	33.45338412	0	0	0	-557.5405588	0.004015170028	-48198.0220155393	
554.9805588	94	4	2	0.9480274775	0.003962537535	97.44882419	2.391216698	0.1599591114	21.00869406	45.40547078	33.58583516	0	0	0	-554.9805588	0.003962537535	-49091.3664141004	
552.4205588	94	4	2	0.948224021	0.003910857318	97.465429	2.379487122	0.1550838815	20.70850895	45.57439992	33.71709113	0	0	0	-552.4205588	0.003910857318	-49990.3257246035	
549.8605588	94	4	2	0.9484172529	0.003860101052	97.482074	2.367631314	0.1502946864	20.41100709	45.7418287	33.84716421	0	0	0	-549.8605588	0.003860101052	-50894.6356367532	
547.3005588	94	4	2	0.9486072505	0.003810241348	97.4987587	2.355649065	0.1455922321	20.11616095	45.90777281	33.97606624	0	0	0	-547.3005588	0.003810241348	-51804.0254221836	
544.7405588	94	4	2	0.9487940884	0.003761251718	97.51548271	2.343540151	0.1409771361	19.82394373	46.0722475	34.10380877	0	0	0	-544.7405588	0.003761251718	-52718.2146518762	
542.1805588	94	4	2	0.9489778389	0.003713106534	97.53224573	2.331304338	0.1364499282	19.53432937	46.23526762	34.23040302	0	0	0	-542.1805588	0.003713106534	-53636.9125385032	
539.6205588	94	4	2	0.9491585716	0.003665780995	97.54904757	2.318941378	0.1320110519	19.24729248	46.3968476	34.35585993	0	0	0	-539.6205588	0.003665780995	-54559.8215123732	
537.0605588	94	4	2	0.949336354	0.003619251096	97.56588812	2.306451017	0.1276608663	18.96280838	46.55700148	34.48019014	0	0	0	-537.0605588	0.003619251096	-55486.6338474113	
534.5005588	94	4	2	0.9495112513	0.003573493592	97.58276736	2.29383299	0.1233996469	18.68085307	46.71574293	34.603404	0	0	0	-534.5005588	0.003573493592	-56417.0318059011	
531.9405588	94	4	2	0.9496833266	0.00352848597	97.59968539	2.281087026	0.1192275877	18.4014032	46.87308522	34.72551157	0	0	0	-531.9405588	0.00352848597	-57350.6900310747	
529.3805588	94	4	2	0.9498526408	0.00348420642	97.61664235	2.26821285	0.1151448024	18.1244361	47.02904124	34.84652266	0	0	0	-529.3805588	0.00348420642	-58287.2720840394	
526.8205588	94	4	2	0.9500192529	0.003440633804	97.63363849	2.255210183	0.1111513263	17.84992972	47.18362352	34.96644676	0	0	0	-526.8205588	0.003440633804	-59226.4341895947	
524.2605588	94	4	2	0.95018322	0.003397747635	97.65067414	2.242078743	0.1072471178	17.57786265	47.33684421	35.08529313	0	0	0	-524.2605588	0.003397747635	-60167.821994493	
521.7005588	94	4	2	0.9503445974	0.003355528044	97.66774969	2.228818248	0.1034320601	17.3082141	47.48871514	35.20307076	0	0	0	-521.7005588	0.003355528044	-61111.070050066	
519.1405588	94	4	2	0.9505034386	0.00331395576	97.68486562	2.215428418	0.09970596327	17.0409639	47.63924774	35.31978836	0	0	0	-519.1405588	0.00331395576	-62055.8071000323	
516.5805588	94	4	2	0.9506597953	0.003273012087	97.70202246	2.201908976	0.09606856552	16.77609246	47.78845313	35.43545441	0	0	0	-516.5805588	0.003273012087	-63001.6512657635	
514.0205588	94	4	2	0.9508137177	0.003232678879	97.71922082	2.188259647	0.09251953553	16.5135808	47.93634207	35.55007713	0	0	0	-514.0205588	0.003232678879	-63948.2092526133	
511.4605588	94	4	2	0.9509652543	0.003192938518	97.73646136	2.174480165	0.08905847415	16.25341052	48.08292501	35.66366447	0	0	0	-511.4605588	0.003192938518	-64895.0803542863	
508.9005588	94	4	2	0.9511144522	0.003153773896	97.75374481	2.160570271	0.0856849163	15.99556379	48.22821203	35.77622419	0	0	0	-508.9005588	0.003153773896	-65841.856007237	
506.3405588	94	4	2	0.9512613569	0.003115168394	97.77107195	2.146529716	0.08239833301	15.74002333	48.37221291	35.88776375	0	0	0	-506.3405588	0.003115168394	-66788.1169790515	
503.7805588	94	4	2	0.9514060125	0.003077105862	97.7884436	2.132358264	0.07919813334	15.48677245	48.51493712	35.99829043	0	0	0	-503.7805588	0.003077105862	-67733.4363623762	
501.2205588	94	4	2	0.9515484618	0.003039570603	97.80586064	2.11805569	0.07608366648	15.23579496	48.6563938	36.10781124	0	0	0	-501.2205588	0.003039570603	-68677.3773346587	
498.6605588	94	4	2	0.9516887463	0.003002547352	97.82332399	2.103621789	0.07305422374	14.98707526	48.79659176	36.21633298	0	0	0	-498.6605588	0.003002547352	-69619.4959323086	
496.1005588	94	4	2	0.951826906	0.002966021264	97.84083459	2.08905637	0.0701090407	14.74059823	48.93553954	36.32386222	0	0	0	-496.1005588	0.002966021264	-70559.3406047874	
493.5405588	94	4	2	0.95196298	0.002929977894	97.85839344	2.074359263	0.06724729924	14.49634933	49.07324536	36.43040531	0	0	0	-493.5405588	0.002929977894	-71496.4495863818	
490.9805588	94	4	2	0.9520970059	0.002894403183	97.87600155	2.059530321	0.06446812977	14.25431448	49.20971714	36.53596838	0	0	0	-490.9805588	0.002894403183	-72430.3586796489	
488.4205588	94	4	2	0.9522290204	0.002859283447	97.89365997	2.044569421	0.0617706133	14.01448015	49.3449625	36.64055735	0	0	0	-488.4205588	0.002859283447	-73360.5910978835	
485.8605588	94	4	2	0.9523590588	0.002824605354	97.91136975	2.029476466	0.05915378363	13.77683331	49.47898878	36.74417791	0	0	0	-485.8605588	0.002824605354	-74286.6675488333	
483.3005588	94	4	2	0.9524871556	0.002790355923	97.92913198	2.014251389	0.05661662958	13.5413614	49.61180303	36.84683557	0	0	0	-483.3005588	0.002790355923	-75208.1024382434	
480.7405588	94	4	2	0.9526133441	0.002756522499	97.94694775	1.998894152	0.05415809714	13.30805239	49.74341201	36.9485356	0	0	0	-480.7405588	0.002756522499	-76124.3997913688	
478.1805588	94	4	2	0.9527376566	0.002723092748	97.96481816	1.983404753	0.0517770917	13.0768947	49.8738222	37.0492831	0	0	0	-478.1805588	0.002723092748	-77035.0686166887	
475.6205588	94	4	2	0.9528601245	0.002690054647	97.98274429	1.967783226	0.04947248025	12.84787724	50.00303982	37.14908294	0	0	0	-475.6205588	0.002690054647	-77939.604353003	
473.0605588	94	4	2	0.9529807782	0.002657396463	98.00072726	1.952029643	0.04724309363	12.62098941	50.13107078	37.2479398	0	0	0	-473.0605588	0.002657396463	-78837.502707608	
470.5005588	94	4	2	0.9530996471	0.002625106755	98.01876815	1.936144117	0.04508772874	12.39622106	50.25792076	37.34585817	0	0	0	-470.5005588	0.002625106755	-79728.2583039259	
467.9405588	94	4	2	0.9532167598	0.002593174353	98.03686804	1.920126808	0.04300515074	12.17356251	50.38359515	37.44284234	0	0	0	-467.9405588	0.002593174353	-80611.3593022359	
465.3805588	94	4	2	0.9533321441	0.002561588355	98.05502798	1.90397792	0.04099409533	11.95300454	50.50809906	37.5388964	0	0	0	-465.3805588	0.002561588355	-81486.3000631848	
462.8205588	94	4	2	0.9534458269	0.002530338117	98.07324902	1.887697708	0.03905327088	11.73453836	50.63143737	37.63402426	0	0	0	-462.8205588	0.002530338117	-82352.5672021654	
460.2605588	94	4	2	0.9535578342	0.002499413239	98.09153216	1.87128648	0.03718136073	11.51815567	50.75361468	37.72822965	0	0	0	-460.2605588	0.002499413239	-83209.6511939451	
457.7005588	94	4	2	0.9536681913	0.002468803564	98.10987838	1.854744599	0.03537702531	11.30384858	50.87463534	37.82151608	0	0	0	-457.7005588	0.002468803564	-84057.0486188168	
455.1405588	94	4	2	0.9537769228	0.002438499166	98.12828861	1.838072488	0.03363890435	11.09160965	50.99450343	37.91388692	0	0	0	-455.1405588	0.002438499166	-84894.2516615569	
452.5805588	94	4	2	0.9538840524	0.002408490341	98.14676375	1.821270631	0.03196561905	10.88143187	51.11322281	38.00534532	0	0	0	-452.5805588	0.002408490341	-85720.7603239177	
450.0205588	94	4	2	0.9539896032	0.002378767604	98.16530465	1.804339577	0.0303557742	10.67330866	51.23079705	38.09589428	0	0	0	-450.0205588	0.002378767604	-86536.0839857884	
447.4605588	94	4	2	0.9540935975	0.002349321681	98.1839121	1.787279944	0.02880796032	10.46723389	51.34722951	38.18553661	0	0	0	-447.4605588	0.002349321681	-87339.7345775473	
444.9005588	94	4	2	0.9541960572	0.002320143501	98.20258682	1.770092422	0.02732075575	10.2632018	51.46252327	38.27427492	0	0	0	-444.9005588	0.002320143501	-88131.2294147401	
442.3405588	94	4	2	0.9542970031	0.00229122419	98.2213295	1.752777775	0.02589272871	10.0612071	51.5766812	38.3621117	0	0	0	-442.3405588	0.00229122419	-88910.1004838438	
439.7805588	94	4	2	0.9543964556	0.002262555069	98.24014071	1.735336846	0.02452243935	9.861244876	51.68970592	38.44904921	0	0	0	-439.7805588	0.002262555069	-89675.8917530002	
437.2205588	94	4	2	0.9544944346	0.002234127646	98.259021	1.717770561	0.02320844173	9.663310637	51.80159979	38.53508957	0	0	0	-437.2205588	0.002234127646	-90428.155014741	
434.6605588	94	4	2	0.9545909591	0.002205933611	98.27797078	1.70007993	0.02194928581	9.467400293	51.91236497	38.62023474	0	0	0	-434.6605588	0.002205933611	-91166.4579086351	
432.1005588	94	4	2	0.9546860478	0.002177964833	98.29699043	1.682266053	0.02074351938	9.273510155	52.02200336	38.70448648	0	0	0	-432.1005588	0.002177964833	-91890.3876990264	
429.5405588	94	4	2	0.9547797186	0.002150213357	98.31608019	1.664330124	0.01958968993	9.081636927	52.13051665	38.78784642	0	0	0	-429.5405588	0.002150213357	-92599.5451929752	
426.9805588	94	4	2	0.9548719889	0.002122671397	98.33524022	1.646273432	0.0184863465	8.891777702	52.23790628	38.87031601	0	0	0	-426.9805588	0.002122671397	-93293.548530427	
424.4205588	94	4	2	0.9549628757	0.002095331335	98.35447059	1.628097367	0.0174320415	8.703929962	52.3441735	38.95189654	0	0	0	-424.4205588	0.002095331335	-93972.0419442779	
421.8605588	94	4	2	0.9550523953	0.002068185719	98.37377124	1.609803425	0.01642533244	8.518091567	52.44931929	39.03258914	0	0	0	-421.8605588	0.002068185719	-94634.6931207819	
419.3005588	94	4	2	0.9551405636	0.00204122726	98.39314201	1.591393207	0.01546478363	8.334260752	52.55334445	39.1123948	0	0	0	-419.3005588	0.00204122726	-95281.1865745932	
416.7405588	94	4	2	0.9552273958	0.002014448826	98.4125826	1.57286843	0.01454896785	8.152436126	52.65624955	39.19131432	0	0	0	-416.7405588	0.002014448826	-95911.2419446044	
414.1805588	94	4	2	0.9553129069	0.001987843449	98.43209261	1.554230924	0.01367646794	7.97261666	52.75803494	39.2693484	0	0	0	-414.1805588	0.001987843449	-96524.6033497887	
411.6205588	94	4	2	0.9553971112	0.001961404313	98.45167148	1.53548264	0.01284587833	7.794801686	52.85870077	39.34649754	0	0	0	-411.6205588	0.001961404313	-97121.0442326367	
409.0605588	94	4	2	0.9554800227	0.001935124763	98.47131854	1.516625654	0.01205580654	7.618990887	52.95824699	39.42276213	0	0	0	-409.0605588	0.001935124763	-97700.3742809558	
406.5005588	94	4	2	0.9555616548	0.001908998297	98.49103296	1.497662168	0.0113048746	7.445184298	53.05667331	39.49814239	0	0	0	-406.5005588	0.001908998297	-98262.4313232887	
403.9405588	94	4	2	0.9556420207	0.00188301857	98.51081376	1.478594519	0.0105917204	7.27338229	53.15397929	39.57263842	0	0	0	-403.9405588	0.00188301857	-98807.0942902439	
401.3805588	94	4	2	0.9557211328	0.001857179393	98.53065982	1.459425178	0.009914999013	7.103585571	53.25016426	39.64625017	0	0	0	-401.3805588	0.001857179393	-99334.2801439702	
398.8205588	94	4	2	0.9557990034	0.001831474735	98.55056986	1.440156756	0.009273383938	6.935795173	53.34522736	39.71897747	0	0	0	-398.8205588	0.001831474735	-99842.6814966453	
396.2605588	94	4	2	0.9558756446	0.00180589808	98.57054237	1.420792064	0.008665568028	6.770012473	53.43916768	39.79081984	0	0	0	-396.2605588	0.00180589808	-100334.880843091	
393.7005588	94	4	2	0.9559510673	0.001780445023	98.59057586	1.401333878	0.008090265475	6.606239142	53.53198373	39.86177713	0	0	0	-393.7005588	0.001780445023	-100812.011230091	
391.1405588	94	4	2	0.9560252828	0.001755109933	98.61066844	1.381785345	0.007546211687	6.444477055	53.62367429	39.93184866	0	0	0	-391.1405588	0.001755109933	-101269.1870135	
388.5805588	94	4	2	0.9560983018	0.001729886212	98.63081818	1.362149657	0.007032164861	6.284728525	53.71423775	40.00103372	0	0	0	-388.5805588	0.001729886212	-101707.938295001	
386.0205588	94	4	2	0.9561701345	0.00170476926	98.65102291	1.342430187	0.006546906891	6.126996092	53.80367238	40.06933153	0	0	0	-386.0205588	0.00170476926	-102130.837790619	
383.4605588	94	4	2	0.956240791	0.001679754026	98.67128029	1.322630467	0.006089244148	5.971282567	53.89197627	40.13674116	0	0	0	-383.4605588	0.001679754026	-102536.88391901	
380.9005588	94	4	2	0.9563102809	0.001654835633	98.69158779	1.302754198	0.005658008257	5.817591022	53.97914738	40.2032616	0	0	0	-380.9005588	0.001654835633	-102926.362030139	
378.3405588	94	4	2	0.9563786136	0.001630009383	98.71194269	1.282805251	0.005252056804	5.66592478	54.06518349	40.26889173	0	0	0	-378.3405588	0.001630009383	-103299.609096915	
375.7805588	94	4	2	0.9564457981	0.00160527076	98.73234205	1.262787671	0.004870273977	5.516287396	54.15008226	40.33363034	0	0	0	-375.7805588	0.00160527076	-103657.019584338	
373.2205588	94	4	2	0.956511843	0.001580615438	98.75278275	1.242705679	0.004511571131	5.368682653	54.23384123	40.39747612	0	0	0	-373.2205588	0.001580615438	-103999.044834667	
370.6605588	94	4	2	0.9565767568	0.001556039284	98.77326144	1.222563676	0.0041748873	5.22311454	54.31645778	40.46042768	0	0	0	-370.6605588	0.001556039284	-104326.194734636	
368.1005588	94	4	2	0.9566405477	0.001531538367	98.79377457	1.202366245	0.003859189627	5.079587239	54.3979292	40.52248356	0	0	0	-368.1005588	0.001531538367	-104639.03686262	
365.5405588	94	4	2	0.9567032236	0.001507108961	98.81431837	1.182118155	0.003563473739	4.93810511	54.47825267	40.58364222	0	0	0	-365.5405588	0.001507108961	-104938.198002422	
362.9805588	94	4	2	0.956764792	0.001482747555	98.83488887	1.161824362	0.003286764048	4.798672676	54.55742526	40.64390207	0	0	0	-362.9805588	0.001482747555	-105224.371809648	
360.4205588	94	4	2	0.9568252605	0.00145845086	98.85548187	1.141490012	0.003028113996	4.661294597	54.63544397	40.70326143	0	0	0	-360.4205588	0.00145845086	-105498.315990767	
357.8605588	94	4	2	0.9568846361	0.001434215818	98.87609295	1.121120443	0.002786606229	4.525975661	54.71230571	40.76171863	0	0	0	-357.8605588	0.001434215818	-105760.849211336	
355.3005588	94	4	2	0.9569429258	0.001410039608	98.89671746	1.100721185	0.002561352711	4.392720755	54.78800734	40.8192719	0	0	0	-355.3005588	0.001410039608	-106012.856830022	
352.7405588	94	4	2	0.9570001363	0.001385919658	98.91735054	1.080297962	0.002351494782	4.26153485	54.86254566	40.87591949	0	0	0	-352.7405588	0.001385919658	-106255.292175199	
350.1805588	94	4	2	0.9570562743	0.001361853652	98.9379871	1.059856695	0.002156203147	4.132422973	54.93591742	40.9316596	0	0	0	-350.1805588	0.001361853652	-106489.175897815	
347.6205588	94	4	2	0.957111346	0.001337839542	98.95862182	1.039403498	0.001974677819	4.005390188	55.00811937	40.98649044	0	0	0	-347.6205588	0.001337839542	-106715.601861834	
345.0605588	94	4	2	0.9571653577	0.001313875558	98.97924917	1.018944682	0.001806147995	3.880441567	55.07914823	41.0404102	0	0	0	-345.0605588	0.001313875558	-106935.729968455	
342.5005588	94	4	2	0.9572183154	0.001289960217	98.99986337	0.998486754	0.001649871887	3.757582164	55.14900073	41.0934171	0	0	0	-342.5005588	0.001289960217	-107150.792425526	
339.9405588	94	4	2	0.9572702251	0.001266092336	99.02045845	0.9780364134	0.001505136493	3.636816991	55.21767363	41.14550938	0	0	0	-339.9405588	0.001266092336	-107362.100261049	
337.3805588	94	4	2	0.9573210924	0.001242271044	99.04102819	0.9576005533	0.001371257327	3.518150982	55.28516372	41.1966853	0	0	0	-337.3805588	0.001242271044	-107571.032157927	
334.8205588	94	4	2	0.9573709232	0.00121849579	99.06156616	0.937186258	0.001247578094	3.401588968	55.35146783	41.2469432	0	0	0	-334.8205588	0.00121849579	-107779.046130641	
332.2605588	94	4	2	0.9574197229	0.00119476636	99.08206573	0.9168007997	0.001133470321	3.287135643	55.41658289	41.29628147	0	0	0	-332.2605588	0.00119476636	-107987.680146347	
329.7005588	94	4	2	0.9574674971	0.001171082885	99.10252003	0.8964516362	0.001028332948	3.174795529	55.48050592	41.34469855	0	0	0	-329.7005588	0.001171082885	-108198.551174582	
327.1405588	94	4	2	0.9575142511	0.001147445857	99.122922	0.876146407	0.0009315918797	3.064572944	55.54323403	41.39219303	0	0	0	-327.1405588	0.001147445857	-108413.354364937	
324.5805588	94	4	2	0.9575599905	0.001123856136	99.14326437	0.8558929286	0.0008426994895	2.956471962	55.60476449	41.43876354	0	0	0	-324.5805588	0.001123856136	-108633.874600899	
322.0205588	94	4	2	0.9576047204	0.00110031497	99.16353968	0.8356991897	0.0007611341012	2.850496377	55.66509473	41.48440889	0	0	0	-322.0205588	0.00110031497	-108861.982256556	
319.4605588	94	4	2	0.9576484463	0.001076823999	99.18374026	0.8155733452	0.0006863994287	2.746649664	55.72422233	41.52912801	0	0	0	-319.4605588	0.001076823999	-109099.632391822	
316.9005588	94	4	2	0.9576911734	0.001053385273	99.20385827	0.7955237099	0.0006180239898	2.644934938	55.7821451	41.57291997	0	0	0	-316.9005588	0.001053385273	-109348.8828511	
314.3405588	94	4	2	0.9577329071	0.001030001262	99.22388569	0.775558751	0.0005555604915	2.54535491	55.83886106	41.61578403	0	0	0	-314.3405588	0.001030001262	-109611.885836949	
311.7805588	94	4	2	0.9577736529	0.001006674868	99.24381433	0.7556870798	0.0004985851901	2.447911846	55.8943685	41.65771966	0	0	0	-311.7805588	0.001006674868	-109890.892038208	
309.2205588	94	4	2	0.957813416	0.0009834094341	99.26363586	0.7359174431	0.0004466972311	2.352607521	55.94866597	41.69872651	0	0	0	-309.2205588	0.0009834094341	-110188.258125484	
306.6605588	94	4	2	0.957852202	0.0009602087565	99.28334177	0.716258713	0.0003995179679	2.259443173	56.00175235	41.73880448	0	0	0	-306.6605588	0.0009602087565	-110506.457348422	
304.1005588	94	4	2	0.9578900165	0.0009370770944	99.30292343	0.6967198765	0.0003566902654	2.168419456	56.05362683	41.77795372	0	0	0	-304.1005588	0.0009370770944	-110848.080941668	
301.5405588	94	4	2	0.9579268653	0.0009140191783	99.3223721	0.6773100238	0.0003178777893	2.079536391	56.10428896	41.81617465	0	0	0	-301.5405588	0.0009140191783	-104830.188169424	
300	94	4	2	0.9579485782	0.0005391085054	99.33400827	0.6656954025	0.0002963234647	2.027079438	56.13419133	41.83872924	0	0	0	-300	0.0005391085054	96611.9169311933	
